35.4031 0.46875 0.606428 -0.393572 2.08339 -1.0415
35.4053 0.472167 0.606428 -0.393572 2.06504 -1.08009

35.4053 0.472104 0.606383 -0.393617 2.06544 -1.08008
35.4079 0.476074 0.606383 -0.393617 2.04692 -1.12461

35.4078 0.476074 0.599035 -0.400965 2.04674 -1.12419
35.4126 0.483212 0.599035 -0.400965 1.96169 -1.19322

35.4126 0.4832 0.601216 -0.398784 1.96192 -1.19323
35.4127 0.483398 0.601216 -0.398784 1.95809 -1.19472

35.4127 0.483398 0.591476 -0.408524 1.95809 -1.19474
35.4178 0.490723 0.591476 -0.408524 1.86301 -1.25016

35.4178 0.490723 0.587601 -0.412399 1.86301 -1.24982
35.4199 0.493791 0.587601 -0.412399 1.83665 -1.27966

35.4199 0.493694 0.58486 -0.41514 1.83747 -1.27983
35.423 0.498047 0.58486 -0.41514 1.80833 -1.32666

35.423 0.498047 0.576863 -0.423137 1.80817 -1.32598
35.4272 0.503883 0.576863 -0.423137 1.74363 -1.40251

35.4272 0.503838 0.578694 -0.421306 1.7445 -1.40265
35.4284 0.505371 0.578694 -0.421306 1.71329 -1.41802

35.4283 0.505371 0.567104 -0.432896 1.71333 -1.41759
35.4339 0.512695 0.567104 -0.432896 1.59635 -1.47899

35.4339 0.512695 0.563094 -0.436906 1.59646 -1.47767
35.4346 0.513616 0.563094 -0.436906 1.58519 -1.48708

35.4346 0.513469 0.558727 -0.441273 1.58682 -1.48762
35.4397 0.52002 0.558727 -0.441273 1.51756 -1.56157

35.4397 0.52002 0.555916 -0.444084 1.51773 -1.56034
35.4419 0.522781 0.555916 -0.444084 1.48689 -1.5959

35.4419 0.522646 0.551643 -0.448357 1.48807 -1.59655
35.4457 0.527344 0.551643 -0.448357 1.41302 -1.63876

35.4457 0.527344 0.545927 -0.454073 1.41311 -1.63854
35.4492 0.531576 0.545927 -0.454073 1.33557 -1.65204

35.4492 0.53148 0.541148 -0.458852 1.33637 -1.65294
35.4519 0.534668 0.541148 -0.458852 1.29303 -1.66715

35.4519 0.534668 0.531797 -0.468203 1.29303 -1.66715
35.4565 0.539917 0.531797 -0.468203 1.22597 -1.69932

35.4565 0.539874 0.52677 -0.47323 1.22625 -1.69969
35.4584 0.541992 0.52677 -0.47323 1.20433 -1.7154

35.4584 0.541992 0.519643 -0.480357 1.20439 -1.71517
35.4639 0.547871 0.519643 -0.480357 1.12507 -1.7672

35.4639 0.547834 0.513936 -0.486064 1.12559 -1.76753
35.4653 0.549316 0.513936 -0.486064 1.09685 -1.77966

35.4653 0.549316 0.508278 -0.491722 1.09694 -1.77937
35.4712 0.555455 0.508278 -0.491722 0.963412 -1.80358

35.4712 0.555424 0.501122 -0.498878 0.963869 -1.8039
35.4724 0.556641 0.501122 -0.498878 0.936586 -1.80683

35.4724 0.556641 0.493258 -0.506742 0.936887 -1.80632
35.4785 0.56263 0.493258 -0.506742 0.808217 -1.85172

35.4785 0.562614 0.486698 -0.513302 0.808449 -1.85189
35.4799 0.563965 0.486698 -0.513302 0.77867 -1.86596

35.4799 0.563965 0.479759 -0.520241 0.779 -1.86504
35.4858 0.569449 0.479759 -0.520241 0.656181 -1.91584

35.4858 0.56942 0.469827 -0.530173 0.656562 -1.91618
35.4879 0.571289 0.469827 -0.530173 0.613544 -1.9326

35.4879 0.571289 0.464135 -0.535865 0.614041 -1.93149
35.4932 0.575858 0.464135 -0.535865 0.499743 -1.95886

35.4932 0.575835 0.450517 -0.549483 0.50013 -1.95919
35.4966 0.578613 0.450517 -0.549483 0.421656 -1.96812

35.4964 0.578613 0.446197 -0.553803 0.422854 -1.96626
35.5005 0.581887 0.446197 -0.553803 0.32135 -1.95822

35.5005 0.581874 0.436729 -0.563271 0.321579 -1.95839
35.5057 0.585938 0.436729 -0.563271 0.203261 -1.94432

35.5056 0.585938 0.429118 -0.570882 0.204561 -1.94325
35.5078 0.587605 0.429118 -0.570882 0.160405 -1.93869

35.5078 0.587578 0.420579 -0.579421 0.160779 -1.93905
35.5151 0.592894 0.420579 -0.579421 0.00644931 -1.94575

35.5151 0.592884 0.40277 -0.59723 0.006631 -1.94588
35.5157 0.593262 0.40277 -0.59723 -0.00505786 -1.94787

35.5157 0.593262 0.402941 -0.597059 -0.00486222 -1.9476
35.5225 0.597842 0.402941 -0.597059 -0.165799 -1.93098

35.5225 0.597799 0.384916 -0.615084 -0.164845 -1.93167
35.5269 0.600586 0.384916 -0.615084 -0.272313 -1.89188

35.5268 0.600586 0.384543 -0.615457 -0.271055 -1.89169
35.5298 0.60246 0.384543 -0.615457 -0.33901 -1.87211

35.5298 0.602418 0.366398 -0.633602 -0.338156 -1.87264
35.5371 0.606654 0.366398 -0.633602 -0.504596 -1.83302

35.5371 0.606628 0.346642 -0.653358 -0.503928 -1.83337
35.5395 0.60791 0.346642 -0.653358 -0.559302 -1.8208

35.5395 0.60791 0.346642 -0.653358 -0.558721 -1.82068
35.5444 0.610547 0.346642 -0.653358 -0.681721 -1.75111

35.5444 0.61054 0.32553 -0.67447 -0.681549 -1.75119
35.5518 0.614075 0.32553 -0.67447 -0.848181 -1.65613

35.5518 0.61405 0.303324 -0.696676 -0.847488 -1.65641
35.5545 0.615234 0.303324 -0.696676 -0.901667 -1.63468

35.5544 0.615234 0.303324 -0.696676 -0.901131 -1.63489
35.5591 0.617268 0.303324 -0.696676 -1.00377 -1.57884

35.5591 0.617264 0.279611 -0.720389 -1.00366 -1.57888
35.5664 0.620107 0.279611 -0.720389 -1.16952 -1.44614

35.5664 0.6201 0.254212 -0.745788 -1.16929 -1.44624
35.5736 0.622559 0.254212 -0.745788 -1.31989 -1.32773

35.5736 0.622559 0.254212 -0.745788 -1.31973 -1.32785
35.5737 0.622602 0.254212 -0.745788 -1.32249 -1.32656

35.5737 0.622599 0.227753 -0.772247 -1.32236 -1.32659
35.5811 0.624759 0.227753 -0.772247 -1.47283 -1.20344

35.5811 0.624757 0.199261 -0.800739 -1.47278 -1.20345
35.5884 0.62658 0.199261 -0.800739 -1.61381 -1.00623

35.5884 0.626581 0.168727 -0.831273 -1.61383 -1.00622
35.5957 0.628067 0.168727 -0.831273 -1.72648 -0.794574

35.5957 0.628068 0.135443 -0.864557 -1.72652 -0.794563
35.603 0.629216 0.135443 -0.864557 -1.83005 -0.599755

35.603 0.629217 0.099356 -0.900644 -1.8301 -0.599743
35.6091 0.629883 0.099356 -0.900644 -1.91319 -0.452161

35.6092 0.629883 0.099356 -0.900644 -1.9143 -0.449747
35.6104 0.630013 0.099356 -0.900644 -1.9324 -0.422199

35.6104 0.630025 0.059873 -0.940127 -1.93295 -0.422082
35.6177 0.630491 0.059873 -0.940127 -2.02394 -0.226862

35.6177 0.630491 0.0163962 -0.983604 -2.02392 -0.226867
35.625 0.630613 0.0163962 -0.983604 -2.08857 0.00210142

35.8594 0.362484 -0.778058 -0.221942 2.28848 1.65519
35.8583 0.366211 -0.778058 -0.221942 2.27091 1.67658

35.8583 0.366211 -0.77251 -0.22749 2.27092 1.67659
35.8562 0.373535 -0.77251 -0.22749 2.2418 1.71999

35.8562 0.373535 -0.766541 -0.233459 2.24179 1.71999
35.8539 0.380859 -0.766541 -0.233459 2.21511 1.76056

35.8447 0.408747 -0.741865 -0.258135 2.08383 1.93849
35.8442 0.410156 -0.741865 -0.258135 2.07393 1.94737

35.8521 0.386839 -0.760571 -0.239429 2.18969 1.79775
35.8516 0.388184 -0.760571 -0.239429 2.18261 1.80619

35.8516 0.388184 -0.754551 -0.245449 2.18271 1.80621
35.8492 0.395508 -0.754551 -0.245449 2.15043 1.85441

35.8521 0.3868 -0.760571 -0.239429 2.19003 1.79753
35.8539 0.380859 -0.760571 -0.239429 2.21514 1.76057

35.8492 0.395508 -0.7482 -0.2518 2.15042 1.85441
35.8468 0.402832 -0.7482 -0.2518 2.11685 1.90044

35.8447 0.408702 -0.741865 -0.258135 2.08431 1.93824
35.8468 0.402832 -0.741865 -0.258135 2.11689 1.90045

35.8301 0.446801 -0.699612 -0.300388 1.84081 2.17316
35.8269 0.454102 -0.699612 -0.300388 1.78964 2.22515

35.8228 0.463432 -0.683457 -0.316543 1.71731 2.28384
35.8203 0.46875 -0.683457 -0.316543 1.67387 2.32369

35.8269 0.454102 -0.69162 -0.30838 1.78961 2.22514
35.8237 0.461426 -0.69162 -0.30838 1.73318 2.26994

35.8228 0.463411 -0.683457 -0.316543 1.71758 2.28369
35.8237 0.461426 -0.683457 -0.316543 1.73326 2.26993

35.8442 0.410156 -0.735418 -0.264582 2.07404 1.94739
35.8416 0.41748 -0.735418 -0.264582 2.03217 1.99648

35.8416 0.41748 -0.728607 -0.271393 2.03216 1.99648
35.8389 0.424805 -0.728607 -0.271393 1.99227 2.03878

35.8374 0.428611 -0.721745 -0.278255 1.97209 2.06336
35.836 0.432129 -0.721745 -0.278255 1.94688 2.08458

35.836 0.432129 -0.714619 -0.285381 1.94692 2.08459
35.8331 0.439453 -0.714619 -0.285381 1.89641 2.1321

35.8374 0.428582 -0.721745 -0.278255 1.97243 2.06319
35.8389 0.424805 -0.721745 -0.278255 1.99233 2.03878

35.8331 0.439453 -0.707206 -0.292794 1.8964 2.13211
35.8301 0.446777 -0.707206 -0.292794 1.84103 2.17302

35.9046 0 -0.991545 -0.00845519 2.75094 0
35.9043 0.0292969 -0.991545 -0.00845519 2.75101 0.1079

35.9043 0.0292969 -0.974108 -0.0258917 2.7509 0.1079
35.9036 0.0585938 -0.974108 -0.0258917 2.74837 0.218527

35.9036 0.0585938 -0.95671 -0.0432896 2.74841 0.218528
35.9022 0.0878906 -0.95671 -0.0432896 2.73767 0.332974

35.9022 0.0878906 -0.944245 -0.0557554 2.73792 0.332968
35.9013 0.102539 -0.944245 -0.0557554 2.73177 0.394504

35.9013 0.102539 -0.93573 -0.0642701 2.73178 0.394504
35.9003 0.117188 -0.93573 -0.0642701 2.72366 0.454423

35.9003 0.117188 -0.927313 -0.0726868 2.72365 0.454424
35.8992 0.131836 -0.927313 -0.0726868 2.71319 0.511462

35.8992 0.131836 -0.919037 -0.0809626 2.7132 0.511461
35.8979 0.146484 -0.919037 -0.0809626 2.70279 0.569974

35.8979 0.146484 -0.910936 -0.0890636 2.70279 0.569974
35.8965 0.161133 -0.910936 -0.0890636 2.69137 0.631969

35.8965 0.161133 -0.902795 -0.0972052 2.69136 0.631969
35.8949 0.175781 -0.902795 -0.0972052 2.67685 0.69526

35.8887 0.223686 -0.871912 -0.128088 2.61189 0.911735
35.8882 0.227051 -0.871912 -0.128088 2.60672 0.928006

35.8882 0.227051 -0.867652 -0.132348 2.60671 0.928006
35.8871 0.234375 -0.867652 -0.132348 2.59856 0.962146

35.8949 0.175781 -0.894598 -0.105402 2.67684 0.69526
35.8932 0.19043 -0.894598 -0.105402 2.66024 0.759434

35.8932 0.19043 -0.886521 -0.113479 2.66024 0.759434
35.8913 0.205078 -0.886521 -0.113479 2.63932 0.825888

35.8913 0.205078 -0.878213 -0.121787 2.63929 0.82589
35.8893 0.219727 -0.878213 -0.121787 2.61747 0.893429

35.8887 0.223605 -0.869542 -0.130458 2.61211 0.911361
35.8893 0.219727 -0.869542 -0.130458 2.61755 0.89343

35.8871 0.234375 -0.862771 -0.137229 2.59856 0.962146
35.8859 0.241699 -0.862771 -0.137229 2.59408 0.998963

35.8859 0.241699 -0.858142 -0.141858 2.59409 0.998964
35.8847 0.249023 -0.858142 -0.141858 2.58018 1.0342

35.8847 0.249023 -0.851066 -0.148934 2.58006 1.03419
35.8821 0.263672 -0.851066 -0.148934 2.55913 1.11

35.8813 0.26787 -0.84401 -0.15599 2.55329 1.1341
35.8808 0.270996 -0.84401 -0.15599 2.54845 1.15104

35.8808 0.270996 -0.839122 -0.160878 2.54845 1.15104
35.8794 0.27832 -0.839122 -0.160878 2.53511 1.19086

35.8813 0.267866 -0.84401 -0.15599 2.55331 1.13407
35.8821 0.263672 -0.84401 -0.15599 2.55924 1.11002

35.8794 0.27832 -0.834351 -0.165649 2.53512 1.19086
35.8779 0.285645 -0.834351 -0.165649 2.51975 1.22942

35.8779 0.285645 -0.829688 -0.170312 2.51975 1.22942
35.8764 0.292969 -0.829688 -0.170312 2.49912 1.26534

35.874 0.304104 -0.820447 -0.179553 2.46259 1.32195
35.8733 0.307617 -0.820447 -0.179553 2.45404 1.34002

35.8733 0.307617 -0.815439 -0.184561 2.45404 1.34002
35.8716 0.314941 -0.815439 -0.184561 2.44092 1.38106

35.8716 0.314941 -0.81018 -0.18982 2.44092 1.38106
35.8699 0.322266 -0.81018 -0.18982 2.42638 1.42391

35.8764 0.292969 -0.825092 -0.174908 2.49913 1.26534
35.8749 0.300293 -0.825092 -0.174908 2.47419 1.30188

35.874 0.304085 -0.820447 -0.179553 2.46268 1.32186
35.8749 0.300293 -0.820447 -0.179553 2.47421 1.30188

35.8667 0.335237 -0.799884 -0.200116 2.38241 1.49633
35.8663 0.336914 -0.799884 -0.200116 2.37575 1.50568

35.8699 0.322266 -0.804999 -0.195001 2.42639 1.42391
35.8681 0.32959 -0.804999 -0.195001 2.40206 1.4641

35.8667 0.335208 -0.799884 -0.200116 2.3826 1.49617
35.8681 0.32959 -0.799884 -0.200116 2.40207 1.4641

35.8663 0.336914 -0.794567 -0.205433 2.37579 1.50568
35.8644 0.344238 -0.794567 -0.205433 2.35245 1.5468

35.8644 0.344238 -0.788968 -0.211032 2.35244 1.5468
35.8624 0.351562 -0.788968 -0.211032 2.33278 1.5887

35.8624 0.351562 -0.783401 -0.216599 2.33278 1.5887
35.8604 0.358887 -0.783401 -0.216599 2.30333 1.63204

35.8594 0.362458 -0.778058 -0.221942 2.28866 1.65503
35.8604 0.358887 -0.778058 -0.221942 2.30337 1.63205

35.7422 0.580858 -0.468189 -0.531811 -0.214229 2.73332
35.7364 0.585938 -0.468189 -0.531811 -0.361639 2.69461

35.6396 0.629808 -0.0709737 -0.929026 -2.13173 0.482902
35.6387 0.629883 -0.0709737 -0.929026 -2.13272 0.451781

35.625 0.630612 -0.0291565 -0.970843 -2.08854 0.00209631
35.6323 0.630392 -0.0291565 -0.970843 -2.12617 0.243335

35.6323 0.630394 -0.0709737 -0.929026 -2.12626 0.243347
35.639 0.629883 -0.0709737 -0.929026 -2.13314 0.462805

35.6396 0.629836 -0.110023 -0.889977 -2.13252 0.482854
35.647 0.62893 -0.110023 -0.889977 -2.1037 0.721284

35.647 0.628934 -0.147317 -0.852683 -2.10379 0.72126
35.6543 0.627668 -0.147317 -0.852683 -2.05315 0.959043

35.6543 0.627672 -0.182946 -0.817054 -2.05325 0.959007
35.6616 0.626032 -0.182946 -0.817054 -1.99494 1.20238

35.6616 0.626033 -0.216522 -0.783478 -1.99498 1.20238
35.6689 0.624009 -0.216522 -0.783478 -1.88379 1.39068

35.6763 0.621615 -0.247231 -0.752769 -1.78451 1.57693
35.6734 0.622559 -0.247231 -0.752769 -1.82804 1.49849

35.6689 0.623998 -0.247231 -0.752769 -1.88327 1.39066
35.6733 0.622559 -0.247231 -0.752769 -1.82826 1.49678

35.6763 0.621606 -0.27604 -0.72396 -1.78421 1.57699
35.6836 0.618814 -0.27604 -0.72396 -1.66808 1.83766

35.6982 0.612059 -0.328699 -0.671301 -1.33414 2.16485
35.6918 0.615234 -0.328699 -0.671301 -1.46122 1.99524

35.6982 0.612057 -0.35443 -0.64557 -1.33405 2.16488
35.7056 0.608036 -0.35443 -0.64557 -1.14458 2.28022

35.7129 0.60357 -0.379447 -0.620553 -1.00939 2.38631
35.7058 0.60791 -0.379447 -0.620553 -1.14042 2.28084

35.7056 0.608034 -0.369499 -0.630501 -1.14449 2.28022
35.7058 0.60791 -0.369499 -0.630501 -1.14034 2.28076

35.6836 0.618808 -0.3027 -0.6973 -1.66773 1.83763
35.6909 0.615629 -0.3027 -0.6973 -1.4784 1.987

35.6909 0.615634 -0.328699 -0.671301 -1.47866 1.987
35.6917 0.615234 -0.328699 -0.671301 -1.46117 1.995

35.7202 0.598665 -0.403501 -0.596499 -0.799942 2.52441
35.7174 0.600586 -0.403501 -0.596499 -0.874895 2.47797

35.7275 0.593235 -0.431823 -0.568177 -0.600009 2.61645
35.7275 0.593262 -0.431823 -0.568177 -0.600976 2.61606

35.7202 0.598607 -0.425269 -0.574731 -0.797551 2.52462
35.7274 0.593262 -0.425269 -0.574731 -0.600561 2.61524

35.7129 0.603532 -0.403542 -0.596458 -1.00727 2.3861
35.7172 0.600586 -0.403542 -0.596458 -0.874668 2.47617

35.7275 0.593206 -0.446638 -0.553362 -0.598742 2.61639
35.7349 0.587294 -0.446638 -0.553362 -0.4056 2.68564

35.7349 0.587248 -0.45993 -0.54007 -0.403602 2.68533
35.7364 0.585938 -0.45993 -0.54007 -0.361487 2.69442

35.8008 0.505951 -0.626531 -0.373469 1.25065 2.55727
35.7968 0.512695 -0.626531 -0.373469 1.16342 2.60304

35.7935 0.518034 -0.616281 -0.383719 1.1218 2.64855
35.7922 0.52002 -0.616281 -0.383719 1.08736 2.66699

35.7922 0.52002 -0.604185 -0.395815 1.08752 2.66704
35.7874 0.527344 -0.604185 -0.395815 0.943474 2.69533

35.7935 0.517974 -0.615955 -0.384045 1.12333 2.64813
35.7967 0.512695 -0.615955 -0.384045 1.16364 2.60301

35.7715 0.549232 -0.559765 -0.440235 0.565956 2.77981
35.7714 0.549316 -0.559765 -0.440235 0.563958 2.78001

35.7714 0.549316 -0.548937 -0.451063 0.564451 2.77977
35.7654 0.556641 -0.548937 -0.451063 0.394945 2.7838

35.7568 0.566212 -0.514651 -0.485349 0.18394 2.77981
35.752 0.571289 -0.514651 -0.485349 0.0489609 2.7714

35.7495 0.573856 -0.490157 -0.509843 -0.0257967 2.76379
35.7446 0.578613 -0.490157 -0.509843 -0.15185 2.74352

35.7422 0.580789 -0.481492 -0.518508 -0.211388 2.73272
35.7445 0.578613 -0.481492 -0.518508 -0.151445 2.74311

35.7495 0.573794 -0.502278 -0.497722 -0.0231867 2.76322
35.752 0.571289 -0.502278 -0.497722 0.0496711 2.77073

35.7642 0.558021 -0.532205 -0.467795 0.366051 2.78099
35.7589 0.563965 -0.532205 -0.467795 0.233025 2.78181

35.7568 0.566207 -0.521328 -0.478672 0.184133 2.77976
35.7589 0.563965 -0.521328 -0.478672 0.233618 2.78136

35.7642 0.558007 -0.539206 -0.460794 0.366505 2.78089
35.7653 0.556641 -0.539206 -0.460794 0.395342 2.78346

35.7788 0.539541 -0.58137 -0.41863 0.750819 2.73961
35.777 0.541992 -0.58137 -0.41863 0.709936 2.75524

35.7861 0.529202 -0.591148 -0.408852 0.905791 2.6965
35.7824 0.534668 -0.591148 -0.408852 0.809568 2.72213

35.7788 0.539504 -0.57804 -0.42196 0.751764 2.73938
35.7823 0.534668 -0.57804 -0.42196 0.809809 2.72201

35.7715 0.549151 -0.564272 -0.435728 0.568628 2.77926
35.777 0.541992 -0.564272 -0.435728 0.710305 2.75525

35.7861 0.529194 -0.598279 -0.401721 0.906029 2.69644
35.7874 0.527344 -0.598279 -0.401721 0.943883 2.69499

35.8154 0.478739 -0.665907 -0.334093 1.57851 2.38509
35.8131 0.483398 -0.665907 -0.334093 1.5343 2.41919

35.8081 0.492865 -0.647585 -0.352415 1.43245 2.47935
35.8053 0.498047 -0.647585 -0.352415 1.37388 2.52328

35.8131 0.483398 -0.656933 -0.343067 1.5343 2.41919
35.8093 0.490723 -0.656933 -0.343067 1.45414 2.46523

35.8081 0.492839 -0.647585 -0.352415 1.4329 2.47913
35.8093 0.490723 -0.647585 -0.352415 1.45427 2.4652

35.8203 0.46875 -0.674773 -0.325227 1.67384 2.32369
35.8168 0.476074 -0.674773 -0.325227 1.60221 2.36833

35.8154 0.47871 -0.665907 -0.334093 1.57894 2.38487
35.8168 0.476074 -0.665907 -0.334093 1.60235 2.3683

35.8053 0.498047 -0.637448 -0.362552 1.37383 2.52327
35.8011 0.505371 -0.637448 -0.362552 1.26103 2.55507

35.8008 0.505933 -0.631054 -0.368946 1.2511 2.55715
35.8011 0.505371 -0.631054 -0.368946 1.26119 2.555

