36.9287 0 0.991436 -0.00856364 2.79514 0
36.9287 0.00248997 0.991436 -0.00856364 2.85461 -0.0153634

36.9303 0 0.995459 -0.00454123 2.88818 0
36.9303 0.00732422 0.995459 -0.00454123 2.82061 -0.0257661

36.9303 0.00732422 0.986843 -0.0131569 2.82059 -0.0257595
36.9304 0.0146484 0.986843 -0.0131569 2.75692 -0.0192681

36.9304 0.0146484 0.979223 -0.0207773 2.75692 -0.019269
36.9305 0.0219727 0.979223 -0.0207773 2.75773 -0.0181289

36.9305 0.0219727 0.972334 -0.0276663 2.75773 -0.0181287
36.9308 0.0292969 0.972334 -0.0276663 2.75442 -0.019677

36.9307 0.0292969 0.961918 -0.0380825 2.7544 -0.0196841
36.9313 0.0439453 0.961918 -0.0380825 2.75219 -0.0295539

36.9313 0.0439453 0.947456 -0.0525442 2.75218 -0.0295562
36.9321 0.0585938 0.947456 -0.0525442 2.74976 -0.0409292

36.9321 0.0585938 0.932498 -0.0675019 2.74976 -0.0409291
36.9332 0.0732422 0.932498 -0.0675019 2.75087 -0.0507928

36.9332 0.0732422 0.918404 -0.0815956 2.75088 -0.0507951
36.9345 0.0878906 0.918404 -0.0815956 2.74984 -0.0598785

36.9344 0.0878906 0.898259 -0.101741 2.74975 -0.059842
36.9377 0.117188 0.898259 -0.101741 2.74896 -0.0782233

36.9377 0.117188 0.87253 -0.12747 2.74895 -0.0782214
36.942 0.146484 0.87253 -0.12747 2.74595 -0.0949114

36.9421 0.146484 0.854018 -0.145982 2.746 -0.0949687
36.9434 0.153949 0.854018 -0.145982 2.74364 -0.0992176

36.9434 0.153941 0.854018 -0.145982 2.74365 -0.0992155
36.9446 0.161133 0.854018 -0.145982 2.74156 -0.102523

36.9446 0.161133 0.841762 -0.158238 2.74156 -0.102523
36.9473 0.175781 0.841762 -0.158238 2.73465 -0.109197

36.9473 0.175781 0.829909 -0.170091 2.73465 -0.109197
36.9503 0.19043 0.829909 -0.170091 2.72984 -0.117149

36.9503 0.19043 0.818195 -0.181805 2.72984 -0.117146
36.9536 0.205078 0.818195 -0.181805 2.72718 -0.127172

36.9536 0.205078 0.80646 -0.19354 2.72718 -0.127169
36.9571 0.219727 0.80646 -0.19354 2.7329 -0.13841

36.9571 0.219727 0.797776 -0.202224 2.73294 -0.138443
36.958 0.223203 0.797776 -0.202224 2.74205 -0.140756

36.958 0.223197 0.797776 -0.202224 2.74203 -0.140755
36.959 0.227051 0.797776 -0.202224 2.73049 -0.148992

36.959 0.227051 0.791979 -0.208021 2.73049 -0.148988
36.9609 0.234375 0.791979 -0.208021 2.71688 -0.160853

36.9609 0.234375 0.78614 -0.21386 2.71688 -0.160852
36.9629 0.241699 0.78614 -0.21386 2.7196 -0.162587

36.9629 0.241699 0.780686 -0.219314 2.7196 -0.162589
36.965 0.249023 0.780686 -0.219314 2.71953 -0.169001

36.965 0.249023 0.775314 -0.224686 2.71952 -0.168991
36.9653 0.250328 0.775314 -0.224686 2.7196 -0.170934

36.9653 0.250315 0.775314 -0.224686 2.7196 -0.170922
36.9671 0.256348 0.775314 -0.224686 2.71502 -0.178252

36.9671 0.256348 0.769336 -0.230664 2.71502 -0.178248
36.9693 0.263672 0.769336 -0.230664 2.70251 -0.18634

36.9693 0.263672 0.763289 -0.236711 2.70252 -0.186342
36.9715 0.270996 0.763289 -0.236711 2.68855 -0.194821

36.9715 0.270996 0.757792 -0.242208 2.68855 -0.194822
36.9727 0.274468 0.757792 -0.242208 2.68332 -0.197787

36.9727 0.274461 0.757792 -0.242208 2.68334 -0.197783
36.9739 0.27832 0.757792 -0.242208 2.67878 -0.202405

36.9739 0.27832 0.752585 -0.247415 2.67877 -0.202403
36.9763 0.285645 0.752585 -0.247415 2.67757 -0.213239

36.9763 0.285645 0.74734 -0.25266 2.67757 -0.213238
36.9788 0.292969 0.74734 -0.25266 2.67771 -0.233461

36.9788 0.292969 0.742011 -0.257989 2.67771 -0.233452
36.98 0.296451 0.742011 -0.257989 2.67604 -0.241756

36.98 0.296443 0.742011 -0.257989 2.67605 -0.241748
36.9813 0.300293 0.742011 -0.257989 2.6737 -0.249101

36.9813 0.300293 0.736487 -0.263513 2.67369 -0.249093
36.9839 0.307617 0.736487 -0.263513 2.67374 -0.263794

36.9839 0.307617 0.730897 -0.269103 2.67374 -0.263796
36.9866 0.314941 0.730897 -0.269103 2.66336 -0.285093

36.9866 0.314941 0.725564 -0.274436 2.66336 -0.285074
36.9873 0.316728 0.725564 -0.274436 2.65881 -0.289498

36.9873 0.316707 0.725564 -0.274436 2.65887 -0.289477
36.9894 0.322266 0.725564 -0.274436 2.64927 -0.303014

36.9894 0.322266 0.720148 -0.279852 2.64926 -0.303003
36.9922 0.32959 0.720148 -0.279852 2.64098 -0.326874

36.9922 0.32959 0.714516 -0.285484 2.64098 -0.326872
36.9946 0.335546 0.714516 -0.285484 2.62918 -0.347008

36.9946 0.335542 0.714516 -0.285484 2.6292 -0.347003
36.9952 0.336914 0.714516 -0.285484 2.62573 -0.350894

36.9952 0.336914 0.708919 -0.291081 2.62573 -0.350886
36.9982 0.344238 0.708919 -0.291081 2.61824 -0.371452

36.9982 0.344238 0.703322 -0.296678 2.61824 -0.371451
37.0013 0.351562 0.703322 -0.296678 2.60074 -0.400308

37.0013 0.351562 0.698029 -0.301971 2.60072 -0.400264
37.002 0.353157 0.698029 -0.301971 2.59406 -0.405763

37.002 0.353126 0.698029 -0.301971 2.59421 -0.405724
37.0044 0.358887 0.698029 -0.301971 2.58029 -0.42485

37.0044 0.358887 0.692712 -0.307288 2.58028 -0.424827
37.0077 0.366211 0.692712 -0.307288 2.56383 -0.456196

37.0077 0.366211 0.687258 -0.312742 2.56382 -0.456171
37.0093 0.36971 0.687258 -0.312742 2.55172 -0.469643

37.0093 0.36969 0.687258 -0.312742 2.5518 -0.469626
37.011 0.373535 0.687258 -0.312742 2.54302 -0.483275

37.011 0.373535 0.681678 -0.318322 2.543 -0.483241
37.0144 0.380859 0.681678 -0.318322 2.53003 -0.517924

37.0144 0.380859 0.676121 -0.323879 2.53003 -0.517911
37.0166 0.385375 0.676121 -0.323879 2.51542 -0.542653

37.0166 0.385354 0.676121 -0.323879 2.51556 -0.542624
37.018 0.388184 0.676121 -0.323879 2.50037 -0.554962

37.0179 0.388184 0.670672 -0.329328 2.50034 -0.554913
37.0215 0.395508 0.670672 -0.329328 2.4721 -0.586096

37.0215 0.395508 0.665292 -0.334708 2.4721 -0.586085
37.0239 0.400242 0.665292 -0.334708 2.45165 -0.607007

37.0239 0.400223 0.665292 -0.334708 2.45177 -0.606988
37.0252 0.402832 0.665292 -0.334708 2.43881 -0.616588

37.0252 0.402832 0.659703 -0.340297 2.43878 -0.616532
37.029 0.410156 0.659703 -0.340297 2.41594 -0.65416

37.029 0.410156 0.653963 -0.346037 2.41594 -0.654119
37.0312 0.414405 0.653963 -0.346037 2.40201 -0.683421

37.0312 0.414378 0.653963 -0.346037 2.40217 -0.683377
37.0329 0.41748 0.653963 -0.346037 2.3898 -0.701291

37.0329 0.41748 0.648084 -0.351916 2.38975 -0.701193
37.0369 0.424805 0.648084 -0.351916 2.35817 -0.745843

37.0368 0.424805 0.642269 -0.357731 2.35815 -0.745744
37.0386 0.427906 0.642269 -0.357731 2.33948 -0.765225

37.0386 0.427864 0.642269 -0.357731 2.33977 -0.765202
37.0409 0.432129 0.642269 -0.357731 2.32231 -0.791112

37.0409 0.432129 0.636273 -0.363727 2.32223 -0.790995
37.0451 0.439453 0.636273 -0.363727 2.27566 -0.839621

37.0451 0.439453 0.631132 -0.368868 2.27564 -0.839393
37.0459 0.440826 0.631132 -0.368868 2.26299 -0.847057

37.0459 0.440763 0.629916 -0.370084 2.26361 -0.847055
37.0494 0.446777 0.629916 -0.370084 2.24306 -0.883637

37.0494 0.446777 0.623492 -0.376508 2.24299 -0.883559
37.0532 0.453074 0.623492 -0.376508 2.20538 -0.946903

37.0532 0.453055 0.625493 -0.374507 2.20563 -0.946888
37.0538 0.454102 0.625493 -0.374507 2.19359 -0.954647

37.0538 0.454102 0.616624 -0.383376 2.19358 -0.954573
37.0584 0.461426 0.616624 -0.383376 2.13098 -1.00627

37.0584 0.461426 0.610395 -0.389605 2.13096 -1.00608
37.0605 0.464817 0.610395 -0.389605 2.10572 -1.03393

37.0605 0.464758 0.610394 -0.389606 2.10621 -1.03394
37.0631 0.46875 0.610394 -0.389606 1e+30 1e+30

