39.5548 0.46875 0.606627 -0.393373 2.07986 -1.03769
39.5581 0.473811 0.606627 -0.393373 2.05479 -1.10297

39.5581 0.473769 0.60766 -0.39234 2.05532 -1.10293
39.5596 0.476074 0.60766 -0.39234 2.03142 -1.12565

39.5596 0.476074 0.599038 -0.400962 2.03135 -1.12532
39.5645 0.483398 0.599038 -0.400962 1.94897 -1.19038

39.5644 0.483398 0.598993 -0.401007 1.94895 -1.18996
39.5654 0.484869 0.598993 -0.401007 1.9296 -1.20286

39.5654 0.484752 0.591587 -0.408413 1.93118 -1.203
39.5696 0.490723 0.591587 -0.408413 1.8848 -1.2616

39.5695 0.490723 0.585185 -0.414815 1.88478 -1.26099
39.5728 0.495282 0.585185 -0.414815 1.84599 -1.32233

39.5728 0.495207 0.587505 -0.412495 1.84719 -1.32242
39.5747 0.498047 0.587505 -0.412495 1.80414 -1.35194

39.5747 0.498047 0.577013 -0.422987 1.8041 -1.35131
39.5801 0.50537 0.577013 -0.422987 1.68575 -1.40981

39.58 0.505371 0.573243 -0.426757 1.68594 -1.4086
39.5801 0.505475 0.573243 -0.426757 1.68402 -1.40933

39.5801 0.505356 0.575615 -0.424385 1.68597 -1.40988
39.5801 0.505371 0.575615 -0.424385 1.6857 -1.40998

39.5801 0.505371 0.568234 -0.431766 1.6857 -1.41001
39.5857 0.512695 0.568234 -0.431766 1.60623 -1.48121

39.5856 0.512695 0.565729 -0.434271 1.60625 -1.48025
39.5874 0.515024 0.565729 -0.434271 1.5986 -1.51671

39.5874 0.514896 0.560193 -0.439807 1.59897 -1.51702
39.5914 0.52002 0.560193 -0.439807 1.54118 -1.58579

39.5914 0.52002 0.555003 -0.444997 1.54132 -1.5851
39.5947 0.524181 0.555003 -0.444997 1.47216 -1.62389

39.5947 0.524057 0.553253 -0.446747 1.47411 -1.62497
39.5974 0.527344 0.553253 -0.446747 1.40605 -1.64735

39.5974 0.527344 0.541739 -0.458261 1.40622 -1.64683
39.6021 0.532897 0.541739 -0.458261 1.30064 -1.66172

39.6021 0.532863 0.539538 -0.460462 1.30084 -1.66204
39.6036 0.534668 0.539538 -0.460462 1.28009 -1.669

39.6036 0.534668 0.530836 -0.469164 1.28028 -1.66855
39.6094 0.541245 0.530836 -0.469164 1.212 -1.72088

39.6094 0.541244 0.527131 -0.472869 1.21201 -1.72088
39.61 0.541992 0.527131 -0.472869 1.20594 -1.72804

39.61 0.541992 0.519441 -0.480559 1.20606 -1.72749
39.6167 0.549213 0.519441 -0.480559 1.10873 -1.79947

39.6167 0.549214 0.513781 -0.486219 1.10871 -1.79946
39.6168 0.549316 0.513781 -0.486219 1.10676 -1.80044

39.6168 0.549316 0.506904 -0.493096 1.10681 -1.80029
39.6239 0.556641 0.506904 -0.493096 0.944825 -1.84933

39.6238 0.556641 0.500526 -0.499474 0.946043 -1.84718
39.624 0.55689 0.500526 -0.499474 0.939606 -1.84831

39.624 0.55675 0.494148 -0.505852 0.941995 -1.84984
39.6313 0.563905 0.494148 -0.505852 0.762747 -1.88679

39.6312 0.563965 0.48769 -0.51231 0.762799 -1.88416
39.6313 0.564069 0.48769 -0.51231 0.760195 -1.88487

39.6313 0.563896 0.48736 -0.51264 0.762892 -1.88689
39.6314 0.563965 0.48736 -0.51264 0.761161 -1.88737

39.6314 0.563965 0.480817 -0.519183 0.761294 -1.88711
39.6387 0.570694 0.480817 -0.519183 0.60805 -1.93462

39.6387 0.570675 0.471706 -0.528294 0.608261 -1.93486
39.6394 0.571289 0.471706 -0.528294 0.595447 -1.93927

39.6393 0.571289 0.465973 -0.534027 0.595566 -1.93903
39.646 0.577091 0.465973 -0.534027 0.461801 -1.9835

39.646 0.577049 0.452585 -0.547415 0.462427 -1.9841
39.6479 0.578613 0.452585 -0.547415 0.421247 -1.99545

39.6478 0.578613 0.449749 -0.550251 0.421655 -1.99468
39.6533 0.583089 0.449749 -0.550251 0.289005 -1.99871

39.6533 0.58305 0.43367 -0.56633 0.289668 -1.99934
39.6571 0.585938 0.43367 -0.56633 0.199654 -1.98747

39.657 0.585938 0.430604 -0.569396 0.201072 -1.98658
39.6606 0.588726 0.430604 -0.569396 0.112064 -1.97045

39.6606 0.588711 0.419076 -0.580924 0.112333 -1.97066
39.667 0.593262 0.419076 -0.580924 -0.0272415 -1.94648

39.6668 0.593262 0.409878 -0.590122 -0.0260428 -1.94567
39.668 0.59406 0.409878 -0.590122 -0.0478781 -1.94205

39.668 0.594009 0.401232 -0.598768 -0.0471437 -1.94272
39.6753 0.598917 0.401232 -0.598768 -0.20006 -1.93612

39.6753 0.59888 0.382666 -0.617334 -0.199224 -1.93667
39.678 0.600586 0.382666 -0.617334 -0.261953 -1.93352

39.678 0.600586 0.382666 -0.617334 -0.261239 -1.9329
39.6826 0.603468 0.382666 -0.617334 -0.377625 -1.88636

39.6826 0.603451 0.363595 -0.636405 -0.377234 -1.88659
39.6899 0.607636 0.363595 -0.636405 -0.552341 -1.83147

39.6899 0.607623 0.343161 -0.656839 -0.552025 -1.83162
39.6905 0.60791 0.343161 -0.656839 -0.564153 -1.83065

39.6905 0.60791 0.343161 -0.656839 -0.56392 -1.83054
39.6973 0.611463 0.343161 -0.656839 -0.729424 -1.74975

39.6973 0.611456 0.322129 -0.677871 -0.729221 -1.74983
39.7046 0.614937 0.322129 -0.677871 -0.892165 -1.65418

39.7046 0.614932 0.299958 -0.700042 -0.892023 -1.65423
39.7053 0.615234 0.299958 -0.700042 -0.906125 -1.65269

39.7053 0.615234 0.299958 -0.700042 -0.905927 -1.65265
39.7119 0.61808 0.299958 -0.700042 -1.05246 -1.56855

39.7119 0.61808 0.275579 -0.724421 -1.05245 -1.56855
39.7192 0.620866 0.275579 -0.724421 -1.21469 -1.41982

39.7192 0.620851 0.250003 -0.749997 -1.21418 -1.41999
39.7244 0.622559 0.250003 -0.749997 -1.31533 -1.34208

39.7243 0.622559 0.250003 -0.749997 -1.31433 -1.34309
39.7266 0.623328 0.250003 -0.749997 -1.36317 -1.31516

39.7266 0.623306 0.222827 -0.777173 -1.3624 -1.31534
39.7339 0.625406 0.222827 -0.777173 -1.51389 -1.18638

39.7339 0.625405 0.193402 -0.806598 -1.51383 -1.18639
39.7412 0.627161 0.193402 -0.806598 -1.65281 -0.981433

39.7412 0.62716 0.162056 -0.837944 -1.65279 -0.981441
39.7485 0.628577 0.162056 -0.837944 -1.76681 -0.763627

39.7485 0.628576 0.128481 -0.871519 -1.76677 -0.763638
39.7559 0.629655 0.128481 -0.871519 -1.8755 -0.573597

39.7559 0.629664 0.0923952 -0.907605 -1.87588 -0.573519
39.758 0.629883 0.0923952 -0.907605 -1.90686 -0.52442

39.7581 0.629883 0.0923952 -0.907605 -1.90803 -0.521769
39.7632 0.630397 0.0923952 -0.907605 -1.97742 -0.387541

39.7632 0.630405 0.0522077 -0.947792 -1.9778 -0.38747
39.7705 0.630809 0.0522077 -0.947792 -2.05564 -0.172595

39.7705 0.630809 0.00689789 -0.993102 -2.05568 -0.172589
39.7778 0.63086 0.00689789 -0.993102 -2.10734 0.0561219

39.7778 0.630859 -0.0395035 -0.960496 -2.10729 0.0561144
39.7852 0.630558 -0.0395035 -0.960496 -2.13259 0.287236

39.7998 0.628915 -0.119539 -0.880461 -2.11178 0.772799
39.7927 0.629883 -0.119539 -0.880461 -2.13922 0.527919

39.7852 0.630557 -0.0813201 -0.91868 -2.13253 0.287228
39.7925 0.629908 -0.0813201 -0.91868 -2.13924 0.521596

39.7925 0.629916 -0.119539 -0.880461 -2.13949 0.521594
39.7927 0.629883 -0.119539 -0.880461 -2.13943 0.529611

39.7998 0.628918 -0.155553 -0.844447 -2.11187 0.772772
39.8071 0.627569 -0.155553 -0.844447 -2.04706 1.03009

39.8071 0.627573 -0.190141 -0.809859 -2.04718 1.03004
39.8145 0.625854 -0.190141 -0.809859 -1.9683 1.28037

39.8438 0.615117 -0.310039 -0.689961 -1.44644 2.0158
39.8435 0.615234 -0.310039 -0.689961 -1.45186 2.01157

39.8145 0.625855 -0.222896 -0.777104 -1.96835 1.28038
39.8218 0.623754 -0.222896 -0.777104 -1.84867 1.45413

39.8291 0.621279 -0.25337 -0.74663 -1.74995 1.62604
39.8253 0.622559 -0.25337 -0.74663 -1.80632 1.5278

39.8218 0.623744 -0.25337 -0.74663 -1.84822 1.45412
39.8253 0.622559 -0.25337 -0.74663 -1.80612 1.52652

39.8291 0.621278 -0.282851 -0.717149 -1.7499 1.62605
39.8364 0.618389 -0.282851 -0.717149 -1.63081 1.85326

39.8364 0.618379 -0.310039 -0.689961 -1.63017 1.85322
39.8434 0.615234 -0.310039 -0.689961 -1.4518 2.01057

40.0555 0 -0.991547 -0.00845257 2.74632 0
40.0553 0.0292969 -0.991547 -0.00845257 2.7451 0.109511

40.0553 0.0292969 -0.978911 -0.0210891 2.74526 0.109512
40.055 0.0439453 -0.978911 -0.0210891 2.74855 0.163838

40.055 0.0439453 -0.969796 -0.0302036 2.74857 0.163838
40.0545 0.0585938 -0.969796 -0.0302036 2.74798 0.217882

40.0545 0.0585938 -0.961517 -0.0384829 2.748 0.217882
40.0539 0.0732422 -0.961517 -0.0384829 2.74047 0.273457

40.0539 0.0732422 -0.953762 -0.0462383 2.74047 0.273457
40.0532 0.0878906 -0.953762 -0.0462383 2.73409 0.330693

40.0532 0.0878906 -0.945725 -0.054275 2.73406 0.330694
40.0524 0.102539 -0.945725 -0.054275 2.72491 0.38977

40.0524 0.102539 -0.937023 -0.062977 2.72488 0.389771
40.0514 0.117188 -0.937023 -0.062977 2.7168 0.4512

40.0488 0.148186 -0.914964 -0.085036 2.69092 0.581788
40.0483 0.153809 -0.914964 -0.085036 2.68656 0.606376

40.0483 0.153809 -0.910435 -0.0895645 2.68658 0.606379
40.0476 0.161133 -0.910435 -0.0895645 2.68179 0.633205

40.0476 0.161133 -0.904235 -0.0957655 2.68171 0.633203
40.046 0.175781 -0.904235 -0.0957655 2.66973 0.694193

40.0514 0.117188 -0.92862 -0.0713798 2.71684 0.451201
40.0502 0.131836 -0.92862 -0.0713798 2.70797 0.513971

40.0502 0.131836 -0.920885 -0.0791152 2.70797 0.513971
40.049 0.146484 -0.920885 -0.0791152 2.69285 0.574958

40.0488 0.148136 -0.912701 -0.0872991 2.69102 0.58159
40.049 0.146484 -0.912701 -0.0872991 2.69287 0.57496

40.046 0.175781 -0.895735 -0.104265 2.66971 0.694192
40.0443 0.19043 -0.895735 -0.104265 2.64943 0.759539

40.0443 0.19043 -0.889325 -0.110675 2.64953 0.759529
40.0434 0.197754 -0.889325 -0.110675 2.64004 0.791901

40.0434 0.197754 -0.885528 -0.114472 2.64004 0.791901
40.0425 0.205078 -0.885528 -0.114472 2.6341 0.823379

40.0415 0.212164 -0.881131 -0.118869 2.63032 0.855045
40.0415 0.212402 -0.881131 -0.118869 2.63013 0.856128

40.0415 0.212402 -0.876406 -0.123594 2.63004 0.856127
40.0404 0.219727 -0.876406 -0.123594 2.6234 0.889482

40.0415 0.212249 -0.881131 -0.118869 2.63015 0.85543
40.0425 0.205078 -0.881131 -0.118869 2.63408 0.823379

40.0405 0.219727 -0.869589 -0.130411 2.62331 0.889487
40.0383 0.234375 -0.869589 -0.130411 2.60266 0.958291

40.0195 0.32885 -0.805491 -0.194509 2.39516 1.44299
40.0194 0.32959 -0.805491 -0.194509 2.39212 1.44726

40.0193 0.32959 -0.800349 -0.199651 2.39218 1.44727
40.0175 0.336914 -0.800349 -0.199651 2.36956 1.49059

40.0175 0.336914 -0.794833 -0.205167 2.36955 1.49059
40.0156 0.344238 -0.794833 -0.205167 2.35501 1.53453

40.0156 0.344238 -0.789189 -0.210811 2.35501 1.53453
40.0137 0.351562 -0.789189 -0.210811 2.33341 1.57811

40.0342 0.25889 -0.84935 -0.15065 2.56777 1.08226
40.0333 0.263672 -0.84935 -0.15065 2.55934 1.10907

40.0383 0.234375 -0.862862 -0.137138 2.60275 0.958291
40.0371 0.241699 -0.862862 -0.137138 2.58554 0.991928

40.0371 0.241699 -0.858242 -0.141758 2.58554 0.991928
40.0359 0.249023 -0.858242 -0.141758 2.57921 1.02936

40.0342 0.258828 -0.851427 -0.148573 2.56801 1.08194
40.0359 0.249023 -0.851427 -0.148573 2.57911 1.02935

40.0333 0.263672 -0.84445 -0.15555 2.55938 1.10908
40.032 0.270996 -0.84445 -0.15555 2.54717 1.14922

40.032 0.270996 -0.839596 -0.160404 2.54718 1.14922
40.0306 0.27832 -0.839596 -0.160404 2.53347 1.18844

40.0306 0.27832 -0.834977 -0.165023 2.53347 1.18844
40.0291 0.285645 -0.834977 -0.165023 2.51069 1.22362

40.0291 0.285645 -0.830296 -0.169704 2.51068 1.22362
40.0276 0.292969 -0.830296 -0.169704 2.49063 1.25766

40.0269 0.296664 -0.825454 -0.174546 2.48346 1.27564
40.0261 0.300293 -0.825454 -0.174546 2.47617 1.29354

40.0261 0.300293 -0.820467 -0.179533 2.47619 1.29354
40.0245 0.307617 -0.820467 -0.179533 2.46058 1.33061

40.0269 0.296648 -0.825454 -0.174546 2.48352 1.27557
40.0276 0.292969 -0.825454 -0.174546 2.49064 1.25766

40.0245 0.307617 -0.815463 -0.184537 2.46058 1.33061
40.0228 0.314941 -0.815463 -0.184537 2.43992 1.36779

40.0228 0.314941 -0.810459 -0.189541 2.43992 1.36779
40.0211 0.322266 -0.810459 -0.189541 2.41657 1.40604

40.0195 0.328816 -0.805491 -0.194509 2.39537 1.44281
40.0211 0.322266 -0.805491 -0.194509 2.41657 1.40604

40.0122 0.356899 -0.783686 -0.216314 2.31366 1.61202
40.0117 0.358887 -0.783686 -0.216314 2.30417 1.62363

40.0117 0.358887 -0.778131 -0.221869 2.30423 1.62365
40.0096 0.366211 -0.778131 -0.221869 2.27581 1.66657

40.0122 0.356866 -0.783686 -0.216314 2.31391 1.61185
40.0137 0.351562 -0.783686 -0.216314 2.33344 1.57811

40.0096 0.366211 -0.772282 -0.227718 2.2758 1.66656
40.0074 0.373535 -0.772282 -0.227718 2.25376 1.71024

40.0074 0.373535 -0.76649 -0.23351 2.25377 1.71024
40.0052 0.380859 -0.76649 -0.23351 2.21837 1.75554

40.0049 0.381791 -0.760697 -0.239303 2.21291 1.76162
40.0029 0.388184 -0.760697 -0.239303 2.18268 1.80251

40.0029 0.388184 -0.754664 -0.245336 2.18268 1.80251
40.0005 0.395508 -0.754664 -0.245336 2.15032 1.84692

39.9976 0.404195 -0.742102 -0.257898 2.1044 1.89139
39.9955 0.410156 -0.742102 -0.257898 2.07643 1.92737

40.0005 0.395508 -0.748488 -0.251512 2.15031 1.84692
39.998 0.402832 -0.748488 -0.251512 2.11167 1.88354

39.9976 0.404185 -0.742102 -0.257898 2.10449 1.89133
39.998 0.402832 -0.742102 -0.257898 2.11169 1.88354

40.0049 0.381775 -0.760697 -0.239303 2.21305 1.76152
40.0052 0.380859 -0.760697 -0.239303 2.2184 1.75555

39.9902 0.424548 -0.728356 -0.271644 1.99986 2.01846
39.9901 0.424805 -0.728356 -0.271644 1.99808 2.02021

39.9901 0.424805 -0.721419 -0.278581 1.99828 2.02024
39.9873 0.432129 -0.721419 -0.278581 1.9551 2.07295

39.9873 0.432129 -0.714223 -0.285777 1.95509 2.07295
39.9844 0.439453 -0.714223 -0.285777 1.90566 2.11787

39.9756 0.459965 -0.691563 -0.308437 1.74923 2.24789
39.9749 0.461426 -0.691563 -0.308437 1.7355 2.25708

39.9749 0.461426 -0.683467 -0.316533 1.73568 2.25709
39.9715 0.46875 -0.683467 -0.316533 1.67383 2.31133

39.9829 0.442976 -0.706963 -0.293037 1.88214 2.14132
39.9813 0.446777 -0.706963 -0.293037 1.85106 2.16528

39.9813 0.446777 -0.699416 -0.300584 1.8511 2.16529
39.9782 0.454102 -0.699416 -0.300584 1.7926 2.21348

39.9829 0.442944 -0.706963 -0.293037 1.88251 2.14109
39.9844 0.439453 -0.706963 -0.293037 1.90573 2.11787

39.9756 0.459917 -0.691563 -0.308437 1.74995 2.24759
39.9782 0.454102 -0.691563 -0.308437 1.79265 2.21347

39.9955 0.410156 -0.735296 -0.264704 2.07641 1.92737
39.9929 0.41748 -0.735296 -0.264704 2.04113 1.97314

39.9902 0.424495 -0.728356 -0.271644 2.00046 2.01812
39.9929 0.41748 -0.728356 -0.271644 2.04114 1.97314

39.895 0.579445 -0.473435 -0.526565 -0.152692 2.74293
39.8878 0.585938 -0.473435 -0.526565 -0.348287 2.69921

39.9023 0.57231 -0.493877 -0.506123 0.0458654 2.76718
39.8959 0.578613 -0.493877 -0.506123 -0.127506 2.7472

39.895 0.579419 -0.484822 -0.515178 -0.151622 2.74277
39.8959 0.578613 -0.484822 -0.515178 -0.127414 2.7471

39.9609 0.489957 -0.656682 -0.343318 1.46856 2.43901
39.9605 0.490723 -0.656682 -0.343318 1.45894 2.44369

39.9605 0.490723 -0.647138 -0.352862 1.45928 2.44366
39.9565 0.498047 -0.647138 -0.352862 1.38171 2.50141

39.939 0.526874 -0.607354 -0.392646 0.98712 2.69245
39.9387 0.527344 -0.607354 -0.392646 0.976943 2.69541

39.9463 0.515412 -0.615041 -0.384959 1.13735 2.60767
39.9434 0.52002 -0.615041 -0.384959 1.08285 2.6475

39.939 0.526797 -0.604429 -0.395571 0.989403 2.69193
39.9434 0.52002 -0.604429 -0.395571 1.0829 2.64752

39.9536 0.503196 -0.637263 -0.362737 1.33433 2.54089
39.9524 0.505371 -0.637263 -0.362737 1.29444 2.5568

39.9524 0.505371 -0.626222 -0.373778 1.2946 2.55682
39.948 0.512695 -0.626222 -0.373778 1.17213 2.59466

39.9536 0.503133 -0.637263 -0.362737 1.33593 2.5405
39.9565 0.498047 -0.637263 -0.362737 1.38185 2.50139

39.9463 0.515386 -0.615293 -0.384707 1.13789 2.60747
39.948 0.512695 -0.615293 -0.384707 1.17235 2.59457

39.917 0.556242 -0.544186 -0.455814 0.434567 2.77734
39.9167 0.556641 -0.544186 -0.455814 0.425355 2.77778

39.9316 0.537331 -0.578121 -0.421879 0.786468 2.72013
39.9282 0.541992 -0.578121 -0.421879 0.70263 2.74125

39.9243 0.547116 -0.565079 -0.434921 0.624986 2.75477
39.9226 0.549316 -0.565079 -0.434921 0.581709 2.76447

39.917 0.556164 -0.54969 -0.45031 0.437156 2.77683
39.9226 0.549316 -0.54969 -0.45031 0.581953 2.76443

39.9243 0.547063 -0.564778 -0.435222 0.626492 2.75446
39.9282 0.541992 -0.564778 -0.435222 0.702751 2.74125

39.9097 0.564558 -0.515174 -0.484826 0.238406 2.77377
39.9033 0.571289 -0.515174 -0.484826 0.0730127 2.76724

39.9166 0.556641 -0.533124 -0.466876 0.425793 2.77754
39.9102 0.563965 -0.533124 -0.466876 0.252025 2.77489

39.9097 0.564531 -0.523618 -0.476382 0.239346 2.77358
39.9102 0.563965 -0.523618 -0.476382 0.252333 2.77465

39.9023 0.572272 -0.504873 -0.495127 0.0473392 2.76687
39.9033 0.571289 -0.504873 -0.495127 0.0733246 2.76702

39.9386 0.527344 -0.591784 -0.408216 0.97732 2.69539
39.9336 0.534668 -0.591784 -0.408216 0.829665 2.7211

39.9316 0.537328 -0.583984 -0.416016 0.786543 2.72011
39.9335 0.534668 -0.583984 -0.416016 0.830229 2.72063

39.8438 0.615101 -0.33565 -0.66435 -1.4457 2.01581
39.8511 0.611401 -0.33565 -0.66435 -1.30185 2.20505

39.8584 0.60736 -0.360372 -0.639628 -1.08642 2.33698
39.8574 0.60791 -0.360372 -0.639628 -1.10898 2.32841

39.8511 0.611382 -0.360372 -0.639628 -1.30064 2.20497
39.8572 0.60791 -0.360372 -0.639628 -1.10847 2.32692

39.873 0.597649 -0.409009 -0.590991 -0.758299 2.53401
39.8688 0.600586 -0.409009 -0.590991 -0.859842 2.46585

39.8584 0.607291 -0.385068 -0.614932 -1.08328 2.33707
39.8657 0.602705 -0.385068 -0.614932 -0.935183 2.423

39.8657 0.602653 -0.406515 -0.593485 -0.93266 2.42266
39.8687 0.600586 -0.406515 -0.593485 -0.859274 2.4647

39.8804 0.59218 -0.434064 -0.565936 -0.554824 2.62591
39.879 0.593262 -0.434064 -0.565936 -0.59118 2.60596

39.873 0.597611 -0.431299 -0.568701 -0.756912 2.53418
39.8788 0.593262 -0.431299 -0.568701 -0.590084 2.60343

39.8804 0.592082 -0.452827 -0.547173 -0.550763 2.62592
39.8877 0.586021 -0.452827 -0.547173 -0.35095 2.69854

39.8877 0.586012 -0.463715 -0.536285 -0.350555 2.69849
39.8878 0.585938 -0.463715 -0.536285 -0.348139 2.69903

39.9683 0.475598 -0.675034 -0.324966 1.61185 2.34987
39.968 0.476074 -0.675034 -0.324966 1.60622 2.35275

39.968 0.476074 -0.666044 -0.333956 1.60651 2.35272
39.9643 0.483398 -0.666044 -0.333956 1.53178 2.40474

39.9683 0.475533 -0.675034 -0.324966 1.61298 2.34945
39.9715 0.46875 -0.675034 -0.324966 1.67384 2.31133

39.9609 0.489892 -0.656682 -0.343318 1.4698 2.43857
39.9643 0.483398 -0.656682 -0.343318 1.53182 2.40472

