7.40779 0 0.995399 -0.00460098 2.4649 0
7.40783 0.00732422 0.995399 -0.00460098 2.45139 -0.0326107

7.40783 0.00732422 0.985991 -0.0140093 2.45138 -0.03261
7.40793 0.0146484 0.985991 -0.0140093 2.42189 -0.0570569

7.40793 0.0146484 0.976198 -0.0238017 2.42189 -0.0570556
7.40811 0.0219727 0.976198 -0.0238017 2.39912 -0.0697571

7.40811 0.0219727 0.966555 -0.033445 2.39912 -0.0697583
7.40836 0.0292969 0.966555 -0.033445 2.40361 -0.075658

7.40835 0.0292969 0.954103 -0.0458973 2.40354 -0.0756562
7.40905 0.0439453 0.954103 -0.0458973 2.40653 -0.116299

7.40907 0.0439453 0.942111 -0.0578889 2.40661 -0.116311
7.40952 0.0512695 0.942111 -0.0578889 2.40876 -0.144645

7.40952 0.0512695 0.934107 -0.0658934 2.40876 -0.144645
7.41004 0.0585938 0.934107 -0.0658934 2.40165 -0.168019

7.41004 0.0585938 0.926192 -0.0738083 2.40165 -0.168019
7.41062 0.065918 0.926192 -0.0738083 2.3869 -0.184365

7.41062 0.065918 0.918536 -0.0814639 2.3869 -0.184365
7.41127 0.0732422 0.918536 -0.0814639 2.37113 -0.195549

7.41127 0.0732422 0.911127 -0.0888731 2.37113 -0.195549
7.41198 0.0805664 0.911127 -0.0888731 2.36571 -0.207205

7.41198 0.0805664 0.903386 -0.0966139 2.3657 -0.207199
7.41211 0.0817564 0.903386 -0.0966139 2.36627 -0.209546

7.41211 0.0817585 0.903386 -0.0966139 2.36627 -0.20955
7.41277 0.0878906 0.903386 -0.0966139 2.37676 -0.224865

7.41277 0.0878906 0.895294 -0.104706 2.37676 -0.224864
7.41362 0.0952148 0.895294 -0.104706 2.378 -0.242115

7.41362 0.0952148 0.887401 -0.112599 2.378 -0.242118
7.41455 0.102539 0.887401 -0.112599 2.36554 -0.253866

7.41455 0.102539 0.879561 -0.120439 2.36554 -0.253862
7.41555 0.109863 0.879561 -0.120439 2.36325 -0.264627

7.41555 0.109863 0.871546 -0.128454 2.36325 -0.264624
7.41663 0.117188 0.871546 -0.128454 2.35569 -0.273725

7.41663 0.117188 0.863785 -0.136215 2.35569 -0.273724
7.41779 0.124512 0.863785 -0.136215 2.34567 -0.275882

7.41779 0.124512 0.856938 -0.143062 2.34568 -0.275879
7.41901 0.131836 0.856938 -0.143062 2.33583 -0.276663

7.41899 0.131836 0.846362 -0.153638 2.33577 -0.276614
7.42165 0.146484 0.846362 -0.153638 2.32381 -0.292754

7.42165 0.146484 0.832107 -0.167893 2.32379 -0.292749
7.4246 0.161133 0.832107 -0.167893 2.31525 -0.317209

7.42462 0.161133 0.821422 -0.178578 2.3153 -0.317242
7.42621 0.168457 0.821422 -0.178578 2.3087 -0.330787

7.42622 0.168457 0.814482 -0.185518 2.30873 -0.330811
7.42676 0.170801 0.814482 -0.185518 2.30591 -0.335362

7.42676 0.170864 0.814482 -0.185518 2.30579 -0.335454
7.42788 0.175781 0.814482 -0.185518 2.29226 -0.341985

7.42788 0.175781 0.808357 -0.191643 2.29227 -0.341996
7.42962 0.183105 0.808357 -0.191643 2.27857 -0.348018

7.42962 0.183105 0.802004 -0.197996 2.27856 -0.348013
7.43143 0.19043 0.802004 -0.197996 2.28663 -0.363915

7.43143 0.19043 0.795319 -0.204681 2.28664 -0.363927
7.43331 0.197754 0.795319 -0.204681 2.29016 -0.3927

7.43331 0.197754 0.788757 -0.211243 2.29015 -0.392663
7.43408 0.200647 0.788757 -0.211243 2.28893 -0.405964

7.43408 0.200628 0.788757 -0.211243 2.28895 -0.405916
7.43527 0.205078 0.788757 -0.211243 2.27902 -0.41757

7.43527 0.205078 0.781813 -0.218187 2.27901 -0.417546
7.43731 0.212402 0.781813 -0.218187 2.26793 -0.435921

7.43731 0.212402 0.774642 -0.225358 2.26793 -0.435917
7.43944 0.219727 0.774642 -0.225358 2.26444 -0.451585

7.43944 0.219727 0.767654 -0.232346 2.26444 -0.451582
7.44141 0.226215 0.767654 -0.232346 2.24739 -0.458859

7.44141 0.226134 0.765001 -0.234999 2.24759 -0.458729
7.44394 0.234375 0.765001 -0.234999 2.23857 -0.480347

7.44394 0.234375 0.755889 -0.244111 2.23861 -0.480364
7.44631 0.241699 0.755889 -0.244111 2.22824 -0.503426

7.44631 0.241699 0.748541 -0.251459 2.22825 -0.503431
7.44873 0.248895 0.748541 -0.251459 2.20313 -0.519811

7.44873 0.248892 0.748541 -0.251459 2.20315 -0.519807
7.44877 0.249023 0.748541 -0.251459 2.20266 -0.520036

7.44878 0.249023 0.742725 -0.257275 2.20268 -0.520044
7.45132 0.256348 0.742725 -0.257275 2.18818 -0.538719

7.45132 0.256348 0.738188 -0.261812 2.18819 -0.538725
7.45392 0.263672 0.738188 -0.261812 2.1601 -0.546579

7.45391 0.263672 0.733842 -0.266158 2.16011 -0.546586
7.45605 0.269572 0.733842 -0.266158 2.11676 -0.526496

7.45605 0.269563 0.733842 -0.266158 2.1168 -0.526519
7.45657 0.270996 0.733842 -0.266158 2.10882 -0.519227

7.45656 0.270996 0.728064 -0.271936 2.10885 -0.519308
7.4593 0.27832 0.728064 -0.271936 2.09424 -0.4938

7.45929 0.27832 0.719312 -0.280688 2.09424 -0.49387
7.46214 0.285645 0.719312 -0.280688 2.15776 -0.581824

7.46214 0.285645 0.708649 -0.291351 2.15772 -0.581676
7.46338 0.288661 0.708649 -0.291351 2.19758 -0.633589

7.46338 0.288652 0.708649 -0.291351 2.19749 -0.633532
7.46515 0.292969 0.708649 -0.291351 2.21701 -0.691869

7.46517 0.292969 0.699827 -0.300173 2.21713 -0.692158
7.46831 0.300293 0.699827 -0.300173 2.17642 -0.715095

7.46832 0.300293 0.695555 -0.304445 2.17638 -0.714914
7.4707 0.305729 0.695555 -0.304445 2.08783 -0.684105

7.4707 0.305704 0.695555 -0.304445 2.08822 -0.684079
7.47154 0.307617 0.695555 -0.304445 2.05858 -0.678029

7.47151 0.307617 0.691317 -0.308683 2.05856 -0.678286
7.47478 0.314941 0.691317 -0.308683 2.02155 -0.700248

7.47478 0.314941 0.683564 -0.316436 2.02147 -0.700173
7.47803 0.321967 0.683564 -0.316436 2.05558 -0.752915

7.47803 0.321974 0.683564 -0.316436 2.05559 -0.752929
7.47816 0.322266 0.683564 -0.316436 2.05696 -0.75413

7.47818 0.322266 0.676057 -0.323943 2.05704 -0.754196
7.48168 0.32959 0.676057 -0.323943 2.04157 -0.751105

7.48169 0.32959 0.670227 -0.329773 2.04158 -0.751098
7.48529 0.336914 0.670227 -0.329773 2.01893 -0.696686

7.48531 0.336914 0.663713 -0.336287 2.019 -0.696402
7.48535 0.336991 0.663713 -0.336287 2.01944 -0.695894

7.48535 0.337054 0.663612 -0.336388 2.0197 -0.695905
7.48899 0.344238 0.663612 -0.336388 2.03933 -0.65136

7.489 0.344238 0.656496 -0.343504 2.03939 -0.651264
7.49268 0.351267 0.656496 -0.343504 1.96795 -0.724411

7.49268 0.351255 0.656502 -0.343498 1.96817 -0.724298
7.49284 0.351562 0.656502 -0.343498 1e+30 1e+30

