19.3945 0.56689 0.448608 -0.551392 0.429916 -1.92634
19.3999 0.571289 0.448608 -0.551392 0.307824 -1.91482

19.3998 0.571289 0.442081 -0.557919 0.308966 -1.91404
19.4019 0.572905 0.442081 -0.557919 0.265736 -1.90653

19.4019 0.572871 0.433795 -0.566205 0.266247 -1.90695
19.4092 0.578483 0.433795 -0.566205 0.120859 -1.89926

19.4092 0.578613 0.425708 -0.574292 0.119201 -1.89752
19.4092 0.578627 0.425708 -0.574292 0.118861 -1.89754

19.4092 0.578477 0.420451 -0.579549 0.120936 -1.89932
19.4094 0.578613 0.420451 -0.579549 0.117643 -1.89955

19.4094 0.578613 0.417475 -0.582525 0.117746 -1.89941
19.4165 0.583738 0.417475 -0.582525 -0.0242125 -1.89644

19.4165 0.583697 0.400438 -0.599562 -0.0234686 -1.89701
19.4199 0.585938 0.400438 -0.599562 -0.0926069 -1.88458

19.4198 0.585938 0.400396 -0.599604 -0.0918566 -1.88408
19.4238 0.588647 0.400396 -0.599604 -0.177686 -1.86513

19.4238 0.588621 0.383282 -0.616718 -0.177196 -1.86544
19.4312 0.593172 0.383282 -0.616718 -0.33552 -1.83861

19.4311 0.593262 0.370936 -0.629064 -0.337156 -1.83739
19.4312 0.593282 0.370936 -0.629064 -0.337884 -1.83736

19.4312 0.593163 0.363061 -0.636939 -0.335313 -1.83873
19.4313 0.593262 0.363061 -0.636939 -0.338956 -1.83857

19.4313 0.593262 0.364959 -0.635041 -0.338765 -1.83845
19.4385 0.597384 0.364959 -0.635041 -0.509466 -1.7804

19.4385 0.597361 0.346324 -0.653676 -0.508975 -1.78075
19.4446 0.600586 0.346324 -0.653676 -0.636112 -1.70254

19.4444 0.600586 0.34629 -0.65371 -0.635052 -1.70244
19.4458 0.601316 0.34629 -0.65371 -0.660774 -1.69611

19.4458 0.601262 0.326829 -0.673171 -0.659635 -1.69665
19.4531 0.604818 0.326829 -0.673171 -0.807604 -1.62439

19.4531 0.604814 0.305577 -0.694423 -0.807504 -1.62445
19.4602 0.60791 0.305577 -0.694423 -0.9488 -1.53729

19.4601 0.60791 0.305577 -0.694423 -0.948143 -1.53743
19.4604 0.608072 0.305577 -0.694423 -0.955316 -1.53532

19.4604 0.608042 0.282712 -0.717288 -0.954559 -1.53558
19.4678 0.610929 0.282712 -0.717288 -1.10099 -1.44773

19.4678 0.610925 0.258382 -0.741618 -1.10085 -1.44776
19.4751 0.613476 0.258382 -0.741618 -1.24343 -1.29768

19.4751 0.613465 0.233923 -0.766077 -1.24309 -1.29781
19.4809 0.615234 0.233923 -0.766077 -1.34675 -1.19795

19.4808 0.615234 0.233923 -0.766077 -1.3459 -1.19906
19.4824 0.61573 0.233923 -0.766077 -1.37738 -1.17549

19.4824 0.615711 0.208079 -0.791921 -1.37675 -1.17564
19.4897 0.617636 0.208079 -0.791921 -1.5118 -1.0347

19.4897 0.617636 0.179761 -0.820239 -1.5118 -1.0347
19.4971 0.619241 0.179761 -0.820239 -1.63016 -0.848674

19.4971 0.619241 0.149219 -0.850781 -1.63017 -0.848668
19.5044 0.620526 0.149219 -0.850781 -1.7172 -0.667901

19.5044 0.620526 0.116123 -0.883877 -1.71722 -0.667897
19.5117 0.621489 0.116123 -0.883877 -1.79926 -0.494117

19.5117 0.621488 0.080388 -0.919612 -1.79924 -0.494124
19.519 0.622128 0.080388 -0.919612 -1.87875 -0.314694

19.519 0.622127 0.0420951 -0.957905 -1.87871 -0.314711
19.5264 0.622449 0.0420951 -0.957905 -1.95047 -0.123605

19.5264 0.622448 0.00103896 -0.998961 -1.95045 -0.123615
19.5337 0.622456 0.00103896 -0.998961 -1.99762 0.0835131

19.5337 0.622457 -0.0402211 -0.959779 -1.99764 0.083518
19.541 0.62215 -0.0402211 -0.959779 -2.00573 0.301077

19.541 0.622152 -0.0789268 -0.921073 -2.00577 0.301073
19.5483 0.621524 -0.0789268 -0.921073 -1.98519 0.514611

19.5483 0.621527 -0.115666 -0.884334 -1.98525 0.514598
19.5557 0.620569 -0.115666 -0.884334 -1.95497 0.7216

19.5557 0.620572 -0.150708 -0.849292 -1.95504 0.721585
19.563 0.619272 -0.150708 -0.849292 -1.92236 0.933919

19.563 0.619274 -0.183893 -0.816107 -1.92239 0.933909
19.5703 0.617623 -0.183893 -0.816107 -1.83886 1.14248

19.6436 0.580744 -0.430292 -0.569708 -0.47684 2.51475
19.6367 0.585938 -0.430292 -0.569708 -0.626794 2.45365

19.6582 0.568255 -0.472229 -0.527771 -0.122835 2.62214
19.6548 0.571289 -0.472229 -0.527771 -0.20257 2.59864

19.6509 0.574742 -0.450829 -0.549171 -0.299594 2.5803
19.6462 0.578613 -0.450829 -0.549171 -0.406748 2.53738

19.6436 0.580673 -0.44342 -0.55658 -0.473734 2.5143
19.6461 0.578613 -0.44342 -0.55658 -0.406551 2.53707

19.6509 0.574643 -0.463681 -0.536319 -0.295475 2.5794
19.6548 0.571289 -0.463681 -0.536319 -0.202304 2.59829

19.6729 0.55361 -0.515162 -0.484838 0.245958 2.66665
19.67 0.556641 -0.515162 -0.484838 0.171255 2.66369

19.6875 0.536686 -0.549536 -0.450464 0.580661 2.64637
19.6832 0.541992 -0.549536 -0.450464 0.481798 2.66186

19.6802 0.545422 -0.535512 -0.464488 0.422586 2.66368
19.6768 0.549316 -0.535512 -0.464488 0.336569 2.67061

19.6729 0.553588 -0.523897 -0.476103 0.246651 2.66661
19.6767 0.549316 -0.523897 -0.476103 0.337027 2.67054

19.6802 0.545432 -0.540746 -0.459254 0.422317 2.66376
19.6831 0.541992 -0.540746 -0.459254 0.482567 2.66135

19.6655 0.561201 -0.494949 -0.505051 0.0551616 2.65051
19.6627 0.563965 -0.494949 -0.505051 -0.0131446 2.64225

19.6582 0.568154 -0.484586 -0.515414 -0.119616 2.6222
19.6627 0.563965 -0.484586 -0.515414 -0.0128471 2.64205

19.6655 0.561142 -0.504795 -0.495205 0.0569797 2.65044
19.6699 0.556641 -0.504795 -0.495205 0.171649 2.66352

19.585 0.613283 -0.242205 -0.757795 -1.67653 1.4956
19.5789 0.615234 -0.242205 -0.757795 -1.74247 1.32499

19.585 0.613289 -0.269229 -0.730771 -1.67669 1.49556
19.5923 0.61059 -0.269229 -0.730771 -1.54841 1.72002

19.5996 0.607579 -0.294539 -0.705461 -1.39694 1.84946
19.5988 0.60791 -0.294539 -0.705461 -1.4105 1.84012

19.5923 0.61058 -0.294539 -0.705461 -1.54781 1.71999
19.5987 0.60791 -0.294539 -0.705461 -1.41046 1.83867

19.5703 0.61762 -0.214263 -0.785737 -1.83869 1.14247
19.5776 0.615623 -0.214263 -0.785737 -1.75346 1.30276

19.5776 0.615626 -0.242205 -0.757795 -1.75358 1.30277
19.5789 0.615234 -0.242205 -0.757795 -1.74249 1.32507

19.6143 0.600333 -0.343901 -0.656099 -1.12322 2.11071
19.6138 0.600586 -0.343901 -0.656099 -1.13134 2.10683

19.5996 0.607543 -0.319513 -0.680487 -1.39546 1.84955
19.6069 0.604104 -0.319513 -0.680487 -1.28284 2.0009

19.6069 0.604093 -0.343901 -0.656099 -1.28226 2.00085
19.6136 0.600586 -0.343901 -0.656099 -1.1308 2.10554

19.6143 0.600271 -0.367246 -0.632754 -1.12081 2.11064
19.6216 0.59602 -0.367246 -0.632754 -1.00027 2.22263

19.6289 0.591384 -0.38964 -0.61036 -0.811664 2.36506
19.626 0.593262 -0.38964 -0.61036 -0.885713 2.3064

19.6216 0.595985 -0.38964 -0.61036 -0.998441 2.22245
19.6258 0.593262 -0.38964 -0.61036 -0.885693 2.30443

19.6289 0.591336 -0.409731 -0.590269 -0.809758 2.3653
19.6362 0.586252 -0.409731 -0.590269 -0.636253 2.45147

19.6362 0.586255 -0.420569 -0.579431 -0.636348 2.45148
19.6367 0.585938 -0.420569 -0.579431 -0.626718 2.45357

19.8246 0 -0.995209 -0.00479081 2.73295 0
19.8245 0.0146484 -0.995209 -0.00479081 2.73397 0.0537038

19.8245 0.0146484 -0.985904 -0.0140958 2.73397 0.0537035
19.8243 0.0292969 -0.985904 -0.0140958 2.73359 0.109305

19.8243 0.0292969 -0.976467 -0.0235331 2.73356 0.109307
19.824 0.0439453 -0.976467 -0.0235331 2.7293 0.167321

19.824 0.0439453 -0.966862 -0.0331381 2.7293 0.167321
19.8235 0.0585938 -0.966862 -0.0331381 2.72302 0.226616

19.8235 0.0585938 -0.957431 -0.0425694 2.72301 0.226616
19.8228 0.0732422 -0.957431 -0.0425694 2.71692 0.286336

19.8228 0.0732422 -0.94814 -0.0518598 2.71692 0.286336
19.822 0.0878906 -0.94814 -0.0518598 2.71147 0.348037

19.822 0.0878906 -0.938961 -0.0610393 2.71146 0.348037
19.821 0.102539 -0.938961 -0.0610393 2.70408 0.412586

19.821 0.102539 -0.929619 -0.0703813 2.70406 0.412587
19.8199 0.117188 -0.929619 -0.0703813 2.69268 0.477318

19.8193 0.124168 -0.920455 -0.0795453 2.68639 0.506962
19.8187 0.131836 -0.920455 -0.0795453 2.6784 0.537128

19.8187 0.131836 -0.911505 -0.0884945 2.6784 0.537128
19.8173 0.146484 -0.911505 -0.0884945 2.66634 0.595945

19.8193 0.124139 -0.920455 -0.0795453 2.68644 0.506838
19.8199 0.117188 -0.920455 -0.0795453 2.69271 0.477319

19.8173 0.146484 -0.902409 -0.0975911 2.66633 0.595945
19.8157 0.161133 -0.902409 -0.0975911 2.65556 0.657222

19.8157 0.161133 -0.893349 -0.106651 2.65556 0.657222
19.8139 0.175781 -0.893349 -0.106651 2.64334 0.721035

19.8139 0.175781 -0.8844 -0.1156 2.64333 0.721035
19.812 0.19043 -0.8844 -0.1156 2.62742 0.788667

19.812 0.19043 -0.875309 -0.124691 2.62741 0.788669
19.8099 0.205078 -0.875309 -0.124691 2.60266 0.854941

19.8099 0.205078 -0.865932 -0.134068 2.60264 0.854942
19.8077 0.219727 -0.865932 -0.134068 2.57785 0.922097

19.8077 0.219727 -0.856669 -0.143331 2.57786 0.922097
19.8052 0.234375 -0.856669 -0.143331 2.55215 0.992964

19.8047 0.23724 -0.849988 -0.150012 2.5468 1.00712
19.8039 0.241699 -0.849988 -0.150012 2.54059 1.03123

19.8039 0.241699 -0.845153 -0.154847 2.54057 1.03123
19.8026 0.249023 -0.845153 -0.154847 2.52983 1.0687

19.8026 0.249023 -0.839905 -0.160095 2.52984 1.0687
19.8012 0.256348 -0.839905 -0.160095 2.51316 1.10621

19.8012 0.256348 -0.834927 -0.165073 2.51316 1.10621
19.7997 0.263672 -0.834927 -0.165073 2.49809 1.14049

19.7974 0.275039 -0.825218 -0.174782 2.47999 1.20177
19.7967 0.27832 -0.825218 -0.174782 2.47297 1.21887

19.7997 0.263672 -0.830163 -0.169837 2.4981 1.14049
19.7982 0.270996 -0.830163 -0.169837 2.48632 1.17899

19.7974 0.275022 -0.825218 -0.174782 2.48006 1.20169
19.7982 0.270996 -0.825218 -0.174782 2.48632 1.17899

19.7967 0.27832 -0.819879 -0.180121 2.47298 1.21887
19.7951 0.285645 -0.819879 -0.180121 2.45695 1.25658

19.7951 0.285645 -0.814625 -0.185375 2.45696 1.25659
19.7934 0.292969 -0.814625 -0.185375 2.4381 1.29405

19.79 0.307053 -0.805054 -0.194946 2.38262 1.36953
19.7899 0.307617 -0.805054 -0.194946 2.37969 1.37243

19.7899 0.307617 -0.799944 -0.200056 2.37973 1.37244
19.7881 0.314941 -0.799944 -0.200056 2.35542 1.40973

19.7881 0.314941 -0.794202 -0.205798 2.35541 1.40973
19.7862 0.322266 -0.794202 -0.205798 2.34622 1.45043

19.7934 0.292969 -0.8097 -0.1903 2.4381 1.29405
19.7917 0.300293 -0.8097 -0.1903 2.41182 1.33332

19.79 0.307016 -0.805054 -0.194946 2.38289 1.36936
19.7917 0.300293 -0.805054 -0.194946 2.41183 1.33332

19.7827 0.334984 -0.782982 -0.217018 2.30533 1.52661
19.7822 0.336914 -0.782982 -0.217018 2.29648 1.53732

19.7862 0.322266 -0.788496 -0.211504 2.34622 1.45043
19.7842 0.32959 -0.788496 -0.211504 2.32501 1.49408

19.7827 0.334952 -0.782982 -0.217018 2.30557 1.52645
19.7842 0.32959 -0.782982 -0.217018 2.32503 1.49409

19.7822 0.336914 -0.77747 -0.22253 2.29654 1.53733
19.7801 0.344238 -0.77747 -0.22253 2.26838 1.57773

19.7801 0.344238 -0.771749 -0.228251 2.26837 1.57773
19.7779 0.351562 -0.771749 -0.228251 2.24348 1.61812

19.7461 0.438243 -0.693988 -0.306012 1.7779 2.13064
19.7456 0.439453 -0.693988 -0.306012 1.76705 2.13816

19.7314 0.468657 -0.661188 -0.338812 1.51309 2.31281
19.7314 0.46875 -0.661188 -0.338812 1.51202 2.31338

19.7388 0.454072 -0.678234 -0.321766 1.63973 2.22418
19.7388 0.454102 -0.678234 -0.321766 1.6394 2.22434

19.7455 0.439453 -0.686307 -0.313693 1.76723 2.13817
19.7422 0.446777 -0.686307 -0.313693 1.70749 2.18974

19.7388 0.454004 -0.678234 -0.321766 1.64086 2.22378
19.7422 0.446777 -0.678234 -0.321766 1.70748 2.18974

19.7387 0.454102 -0.669795 -0.330205 1.63972 2.2243
19.7351 0.461426 -0.669795 -0.330205 1.57553 2.27352

19.7314 0.468587 -0.661188 -0.338812 1.51429 2.31237
19.7351 0.461426 -0.661188 -0.338812 1.57553 2.27353

19.7754 0.359796 -0.760378 -0.239622 2.20351 1.66505
19.7734 0.366211 -0.760378 -0.239622 2.1755 1.70287

19.7734 0.366211 -0.754371 -0.245629 2.1755 1.70287
19.771 0.373535 -0.754371 -0.245629 2.14734 1.74528

19.771 0.373535 -0.748242 -0.251758 2.14734 1.74528
19.7685 0.380859 -0.748242 -0.251758 2.10937 1.78465

19.7607 0.402558 -0.729047 -0.270953 2.00282 1.91318
19.7606 0.402832 -0.729047 -0.270953 2.00104 1.91486

19.7606 0.402832 -0.722427 -0.277573 2.00121 1.91488
19.7578 0.410156 -0.722427 -0.277573 1.96101 1.96211

19.7681 0.382171 -0.74206 -0.25794 2.10186 1.79255
19.766 0.388184 -0.74206 -0.25794 2.07324 1.82874

19.766 0.388184 -0.735602 -0.264398 2.07323 1.82874
19.7633 0.395508 -0.735602 -0.264398 2.04095 1.87246

19.7681 0.38216 -0.74206 -0.25794 2.10195 1.79249
19.7685 0.380859 -0.74206 -0.25794 2.10939 1.78465

19.7607 0.402508 -0.729047 -0.270953 2.00334 1.9129
19.7633 0.395508 -0.729047 -0.270953 2.04096 1.87246

19.7779 0.351562 -0.766078 -0.233922 2.24349 1.61812
19.7757 0.358887 -0.766078 -0.233922 2.20846 1.65959

19.7754 0.35979 -0.760378 -0.239622 2.20356 1.66502
19.7757 0.358887 -0.760378 -0.239622 2.20846 1.65959

19.7534 0.421097 -0.708546 -0.291454 1.89575 2.02462
19.7519 0.424805 -0.708546 -0.291454 1.86913 2.04652

19.7578 0.410156 -0.715518 -0.284482 1.961 1.9621
19.7549 0.41748 -0.715518 -0.284482 1.91678 2.00251

19.7534 0.421067 -0.708546 -0.291454 1.89606 2.02443
19.7549 0.41748 -0.708546 -0.291454 1.91685 2.00251

19.7519 0.424805 -0.70137 -0.29863 1.86917 2.04652
19.7488 0.432129 -0.70137 -0.29863 1.81918 2.09363

19.7461 0.438192 -0.693988 -0.306012 1.77862 2.13035
19.7488 0.432129 -0.693988 -0.306012 1.81922 2.09363

19.8047 0.237183 -0.847323 -0.152677 2.547 1.00685
19.8052 0.234375 -0.847323 -0.152677 2.55224 0.992968

19.7168 0.494619 -0.622981 -0.377019 1.23981 2.47704
19.7147 0.498047 -0.622981 -0.377019 1.1952 2.50915

19.7021 0.517147 -0.590197 -0.409803 0.915881 2.58247
19.7002 0.52002 -0.590197 -0.409803 0.878579 2.60392

19.6948 0.527282 -0.577629 -0.422371 0.756692 2.62874
19.7001 0.52002 -0.577629 -0.422371 0.878784 2.60397

19.7095 0.506316 -0.601 -0.399 1.05147 2.53594
19.7052 0.512695 -0.601 -0.399 0.954145 2.56228

19.7147 0.498047 -0.612704 -0.387296 1.1952 2.50915
19.7101 0.505371 -0.612704 -0.387296 1.07069 2.53443

19.7095 0.506305 -0.610249 -0.389751 1.05177 2.53587
19.7101 0.505371 -0.610249 -0.389751 1.07091 2.53429

19.7021 0.517105 -0.589294 -0.410706 0.916734 2.58224
19.7052 0.512695 -0.589294 -0.410706 0.954381 2.5622

19.7241 0.482149 -0.642736 -0.357264 1.37094 2.39306
19.7234 0.483398 -0.642736 -0.357264 1.35172 2.39913

19.7314 0.46875 -0.65227 -0.34773 1.51237 2.31337
19.7275 0.476074 -0.65227 -0.34773 1.43572 2.36596

19.7241 0.482079 -0.642736 -0.357264 1.37247 2.39267
19.7275 0.476074 -0.642736 -0.357264 1.43578 2.36595

19.7234 0.483398 -0.632694 -0.367306 1.35204 2.3991
19.7191 0.490723 -0.632694 -0.367306 1.26431 2.44446

19.7168 0.494579 -0.622981 -0.377019 1.24061 2.47681
19.7191 0.490723 -0.622981 -0.377019 1.26454 2.44445

19.6948 0.527344 -0.564256 -0.435744 0.755176 2.62897
19.6891 0.534668 -0.564256 -0.435744 0.614087 2.64445

19.6875 0.536679 -0.555952 -0.444048 0.580852 2.64632
19.6891 0.534668 -0.555952 -0.444048 0.614563 2.64416

