20.4014 0 0.991644 -0.00835589 2.75391 0
20.4015 0.0146484 0.991644 -0.00835589 2.74982 -0.0149351

20.4015 0.0146484 0.975926 -0.0240741 2.74983 -0.014934
20.4019 0.0292969 0.975926 -0.0240741 2.75326 -0.0279651

20.4019 0.0292969 0.96499 -0.0350102 2.75329 -0.0279596
20.4022 0.0366211 0.96499 -0.0350102 2.75149 -0.0371077

20.4022 0.0366211 0.958248 -0.0417524 2.75149 -0.037108
20.4025 0.0439453 0.958248 -0.0417524 2.73994 -0.0452093

20.4025 0.0439453 0.946876 -0.0531237 2.7399 -0.0452184
20.4033 0.0585938 0.946876 -0.0531237 2.72511 -0.0565051

20.4033 0.0585938 0.932241 -0.0677594 2.72511 -0.0565052
20.4044 0.0732422 0.932241 -0.0677594 2.71972 -0.0644543

20.4044 0.0732422 0.918396 -0.0816036 2.71972 -0.0644533
20.4053 0.0833199 0.918396 -0.0816036 2.72252 -0.0735476

20.4053 0.0833566 0.915158 -0.0848421 2.72255 -0.073571
20.4057 0.0878906 0.915158 -0.0848421 2.74639 -0.0795118

20.4053 0.0878906 0.904449 -0.095551 2.73024 -0.0728596
20.4053 0.0881044 0.904449 -0.095551 2.74521 -0.0788598

20.4057 0.0878906 0.908164 -0.0918355 2.74638 -0.0795067
20.4064 0.0952148 0.908164 -0.0918355 2.74501 -0.0921178

20.4064 0.0952148 0.900698 -0.0993023 2.74502 -0.0921273
20.4072 0.102539 0.900698 -0.0993023 2.72042 -0.100712

20.4072 0.102539 0.894053 -0.105947 2.72042 -0.100711
20.4081 0.109863 0.894053 -0.105947 2.72968 -0.10699

20.4081 0.109863 0.88726 -0.11274 2.72967 -0.106987
20.409 0.117188 0.88726 -0.11274 2.71809 -0.11277

20.409 0.117188 0.881262 -0.118738 2.7181 -0.112766
20.41 0.124512 0.881262 -0.118738 2.71583 -0.114352

20.41 0.124512 0.876159 -0.123841 2.71583 -0.114351
20.4111 0.131836 0.876159 -0.123841 2.72559 -0.124498

20.4111 0.131836 0.869888 -0.130112 2.72559 -0.124467
20.4122 0.13916 0.869888 -0.130112 2.71962 -0.134636

20.4122 0.13916 0.862556 -0.137444 2.71962 -0.134633
20.4126 0.141938 0.862556 -0.137444 2.71319 -0.137052

20.4126 0.141929 0.862556 -0.137444 2.71322 -0.13705
20.4133 0.146484 0.862556 -0.137444 2.70799 -0.13797

20.4133 0.146484 0.855918 -0.144082 2.708 -0.137978
20.4146 0.153809 0.855918 -0.144082 2.70877 -0.142606

20.4146 0.153809 0.849883 -0.150117 2.70877 -0.142604
20.4159 0.161133 0.849883 -0.150117 2.71196 -0.141317

20.4158 0.161133 0.841099 -0.158901 2.71194 -0.141302
20.4186 0.175781 0.841099 -0.158901 2.70821 -0.150579

20.4186 0.175781 0.82919 -0.17081 2.7082 -0.15057
20.4199 0.182208 0.82919 -0.17081 2.70405 -0.155134

20.4199 0.182192 0.82919 -0.17081 2.70406 -0.155127
20.4216 0.19043 0.82919 -0.17081 2.69777 -0.161198

20.4216 0.19043 0.817105 -0.182895 2.69776 -0.161195
20.4249 0.205078 0.817105 -0.182895 2.69578 -0.17276

20.4249 0.205078 0.80547 -0.19453 2.69578 -0.172762
20.4284 0.219727 0.80547 -0.19453 2.69729 -0.187451

20.4285 0.219727 0.797159 -0.202841 2.69732 -0.187492
20.4303 0.227051 0.797159 -0.202841 2.69693 -0.19505

20.4303 0.227051 0.791804 -0.208196 2.69693 -0.195044
20.4322 0.234375 0.791804 -0.208196 2.69408 -0.203601

20.4322 0.234375 0.786029 -0.213971 2.69408 -0.203601
20.4342 0.241699 0.786029 -0.213971 2.68437 -0.210792

20.4342 0.241699 0.780318 -0.219682 2.68437 -0.210788
20.4346 0.242902 0.780318 -0.219682 2.68252 -0.211896

20.4346 0.24289 0.780318 -0.219682 2.68254 -0.211891
20.4363 0.249023 0.780318 -0.219682 2.67482 -0.217114

20.4363 0.249023 0.774494 -0.225506 2.67482 -0.217112
20.4384 0.256348 0.774494 -0.225506 2.6693 -0.225787

20.4384 0.256348 0.768605 -0.231395 2.6693 -0.225788
20.4406 0.263672 0.768605 -0.231395 2.66281 -0.242599

20.4406 0.263672 0.762902 -0.237098 2.66281 -0.242597
20.4419 0.267733 0.762902 -0.237098 2.65844 -0.250953

20.4419 0.267724 0.762902 -0.237098 2.65847 -0.250944
20.4429 0.270996 0.762902 -0.237098 2.6524 -0.25668

20.4429 0.270996 0.757382 -0.242618 2.6524 -0.256676
20.4453 0.27832 0.757382 -0.242618 2.64563 -0.270229

20.4453 0.27832 0.751883 -0.248117 2.64563 -0.270228
20.4477 0.285645 0.751883 -0.248117 2.63922 -0.288194

20.4477 0.285645 0.746285 -0.253715 2.63922 -0.288186
20.4492 0.290197 0.746285 -0.253715 2.63198 -0.298073

20.4492 0.290188 0.746285 -0.253715 2.632 -0.298064
20.4502 0.292969 0.746285 -0.253715 2.62742 -0.303442

20.4502 0.292969 0.740552 -0.259448 2.62741 -0.303435
20.4527 0.300293 0.740552 -0.259448 2.62156 -0.317655

20.4527 0.300293 0.734762 -0.265238 2.62156 -0.317654
20.4554 0.307617 0.734762 -0.265238 2.60954 -0.337771

20.4554 0.307617 0.729178 -0.270822 2.60954 -0.337763
20.4565 0.310778 0.729178 -0.270822 2.60164 -0.344061

20.4565 0.310763 0.729178 -0.270822 2.60169 -0.344051
20.4581 0.314941 0.729178 -0.270822 2.59198 -0.351922

20.4581 0.314941 0.723763 -0.276237 2.59198 -0.351916
20.4609 0.322266 0.723763 -0.276237 2.58401 -0.371177

20.4609 0.322266 0.718393 -0.281607 2.58401 -0.371178
20.4638 0.32959 0.718393 -0.281607 2.57075 -0.394809

20.4637 0.32959 0.713063 -0.286937 2.57074 -0.394764
20.4639 0.329885 0.713063 -0.286937 2.56998 -0.395517

20.4639 0.32986 0.713063 -0.286937 2.57006 -0.395497
20.4667 0.336914 0.713063 -0.286937 2.56319 -0.414444

20.4667 0.336914 0.70746 -0.29254 2.56318 -0.414436
20.4697 0.344238 0.70746 -0.29254 2.55428 -0.447671

20.4697 0.344238 0.701932 -0.298068 2.55427 -0.447649
20.4712 0.347683 0.701932 -0.298068 2.5437 -0.462669

20.4712 0.34766 0.701932 -0.298068 2.54379 -0.462633
20.4728 0.351562 0.701932 -0.298068 2.52975 -0.476819

20.4728 0.351562 0.696523 -0.303477 2.52973 -0.476789
20.476 0.358887 0.696523 -0.303477 2.50923 -0.503248

20.476 0.358887 0.690961 -0.309039 2.50923 -0.503241
20.4785 0.364439 0.690961 -0.309039 2.48964 -0.522861

20.4785 0.364428 0.690961 -0.309039 2.4897 -0.522851
20.4793 0.366211 0.690961 -0.309039 2.48257 -0.528068

20.4793 0.366211 0.685268 -0.314732 2.48256 -0.528044
20.4827 0.373535 0.685268 -0.314732 2.46708 -0.555191

20.4827 0.373535 0.679429 -0.320571 2.46708 -0.555187
20.4858 0.380251 0.679429 -0.320571 2.44116 -0.589019

20.4858 0.380247 0.679429 -0.320571 2.44119 -0.589017
20.4861 0.380859 0.679429 -0.320571 2.43765 -0.591126

20.4861 0.380859 0.67386 -0.32614 2.43764 -0.591126
20.4897 0.388184 0.67386 -0.32614 2.42008 -0.617792

20.4897 0.388184 0.668427 -0.331573 2.42008 -0.617778
20.4932 0.395223 0.668427 -0.331573 2.39212 -0.657042

20.4932 0.395219 0.668427 -0.331573 2.39215 -0.657039
20.4933 0.395508 0.668427 -0.331573 2.39022 -0.658207

20.4933 0.395508 0.662914 -0.337086 2.39022 -0.658192
20.497 0.402832 0.662914 -0.337086 2.3731 -0.691247

20.497 0.402832 0.656932 -0.343068 2.37309 -0.691181
20.5005 0.409464 0.656932 -0.343068 2.34693 -0.743676

20.5005 0.40946 0.656932 -0.343068 2.34697 -0.743671
20.5009 0.410156 0.656932 -0.343068 2.34116 -0.74771

20.5009 0.410156 0.65059 -0.34941 2.34116 -0.747695
20.5048 0.41748 0.65059 -0.34941 2.30918 -0.788897

20.5048 0.41748 0.644451 -0.355549 2.30917 -0.788864
20.5078 0.422975 0.644451 -0.355549 2.28215 -0.827753

20.5078 0.422953 0.644451 -0.355549 2.28239 -0.827732
20.5088 0.424805 0.644451 -0.355549 2.26497 -0.837882

20.5088 0.424805 0.63814 -0.36186 2.26494 -0.837784
20.513 0.432129 0.63814 -0.36186 2.21879 -0.877642

20.513 0.432129 0.632015 -0.367985 2.21878 -0.877562
20.5151 0.435854 0.632015 -0.367985 2.20169 -0.901718

20.5151 0.435815 0.632015 -0.367985 2.20199 -0.901617
20.5173 0.439453 0.632015 -0.367985 2.18558 -0.927719

20.5172 0.439453 0.625401 -0.374599 2.18547 -0.927558
20.5216 0.446777 0.625401 -0.374599 2.1316 -0.985019

20.5216 0.446777 0.621437 -0.378563 2.13156 -0.984742
20.5225 0.448197 0.621437 -0.378563 2.11583 -0.994753

20.5225 0.448116 0.618559 -0.381441 2.1168 -0.994726
20.5262 0.454102 0.618559 -0.381441 2.08736 -1.0374

20.5261 0.454102 0.612185 -0.387815 2.08735 -1.03718
20.5298 0.45986 0.612185 -0.387815 2.04447 -1.0953

20.5298 0.459826 0.614337 -0.385663 2.04497 -1.09529
20.5308 0.461426 0.614337 -0.385663 2.0233 -1.1069

20.5308 0.461426 0.605177 -0.394823 2.02327 -1.10674
20.5356 0.46875 0.605177 -0.394823 1.94181 -1.15458

20.5355 0.46875 0.601376 -0.398624 1.9418 -1.15433
20.5371 0.471125 0.601376 -0.398624 1.91726 -1.1708

20.5371 0.471035 0.598369 -0.401631 1.91822 -1.17093
20.5405 0.476074 0.598369 -0.401631 1.89887 -1.21412

20.5405 0.476074 0.591255 -0.408745 1.8987 -1.21378
20.5444 0.481822 0.591255 -0.408745 1.85518 -1.2919

20.5444 0.481773 0.595773 -0.404227 1.85604 -1.29195
20.5455 0.483398 0.595773 -0.404227 1.82833 -1.30823

20.5455 0.483398 0.582715 -0.417285 1.82832 -1.30799
20.5508 0.490723 0.582715 -0.417285 1.72347 -1.36752

20.5507 0.490723 0.580474 -0.419526 1.72347 -1.36687
20.5518 0.492153 0.580474 -0.419526 1.70531 -1.37942

20.5518 0.492027 0.574795 -0.425205 1.7069 -1.3797
20.5562 0.498047 0.574795 -0.425205 1.64868 -1.43728

20.5562 0.498047 0.569888 -0.430112 1.64872 -1.4366
20.5591 0.501897 0.569888 -0.430112 1.61074 -1.48228

20.5591 0.501789 0.569436 -0.430564 1.61219 -1.48263
20.5618 0.505371 0.569436 -0.430564 1.56141 -1.51993

20.5618 0.505371 0.557747 -0.442253 1.56144 -1.51926
20.5664 0.511239 0.557747 -0.442253 1.47023 -1.56626

20.5664 0.5112 0.556946 -0.443054 1.47083 -1.56653
20.5676 0.512695 0.556946 -0.443054 1.44191 -1.57625

20.5676 0.512695 0.547135 -0.452865 1.44206 -1.57573
20.5736 0.52002 0.547135 -0.452865 1.34583 -1.62697

20.5735 0.52002 0.542125 -0.457875 1.34607 -1.62532
20.5737 0.520249 0.542125 -0.457875 1.34439 -1.62749

20.5737 0.520123 0.537633 -0.462367 1.34503 -1.62824
20.5799 0.527344 0.537633 -0.462367 1.27012 -1.69677

20.5799 0.527344 0.532687 -0.467313 1.27057 -1.69516
20.5811 0.52871 0.532687 -0.467313 1.25233 -1.70688

20.5811 0.528598 0.52778 -0.47222 1.2533 -1.70781
20.5865 0.534668 0.52778 -0.47222 1.14538 -1.74065

20.5864 0.534668 0.520687 -0.479313 1.14581 -1.73994
20.5884 0.536786 0.520687 -0.479313 1.10095 -1.74113

20.5884 0.536678 0.517092 -0.482908 1.10248 -1.74232
20.5933 0.541992 0.517092 -0.482908 1.01556 -1.76494

20.5933 0.541992 0.508014 -0.491986 1.01574 -1.76439
20.5957 0.544462 0.508014 -0.491986 0.981068 -1.78491

20.5957 0.544396 0.501259 -0.498741 0.98162 -1.78548
20.6006 0.549316 0.501259 -0.498741 0.894942 -1.82781

20.6005 0.549316 0.494126 -0.505874 0.89553 -1.82601
20.603 0.551775 0.494126 -0.505874 0.848162 -1.85526

20.603 0.551708 0.484551 -0.515449 0.848992 -1.85586
20.6083 0.556641 0.484551 -0.515449 0.729511 -1.89483

20.6081 0.556641 0.480158 -0.519842 0.730763 -1.89307
20.6104 0.558681 0.480158 -0.519842 0.672421 -1.89888

20.6104 0.558617 0.471826 -0.528174 0.673585 -1.89962
20.6163 0.563965 0.471826 -0.528174 0.535749 -1.90787

20.6162 0.563965 0.465964 -0.534036 0.536846 -1.90652
20.6177 0.565237 0.465964 -0.534036 0.505242 -1.9073

20.6177 0.565177 0.457697 -0.542303 0.506106 -1.90803
20.6249 0.571289 0.457697 -0.542303 0.361087 -1.915

20.6248 0.571289 0.450387 -0.549613 0.362034 -1.9136
20.625 0.571455 0.450387 -0.549613 1e+30 1e+30

