12.7335 0 0.995991 -0.00400888 2.64825 0
12.7335 0.00732422 0.995991 -0.00400888 2.64657 -0.00921088

12.7335 0.00732422 0.988615 -0.0113854 2.64658 -0.00921084
12.7336 0.0146484 0.988615 -0.0113854 2.62363 -0.0137592

12.7336 0.0146484 0.9814 -0.0185997 2.62363 -0.0137553
12.7338 0.0219727 0.9814 -0.0185997 2.61321 -0.0120974

12.7338 0.0219727 0.973694 -0.0263061 2.6132 -0.0120949
12.734 0.0292969 0.973694 -0.0263061 2.62931 -0.0178802

12.734 0.0292969 0.965587 -0.0344129 2.62931 -0.0178706
12.7342 0.0366211 0.965587 -0.0344129 2.63524 -0.0309302

12.7342 0.0366211 0.956988 -0.0430124 2.63524 -0.0309263
12.7346 0.0439453 0.956988 -0.0430124 2.63174 -0.0442825

12.7346 0.0439453 0.94852 -0.0514799 2.63175 -0.0442849
12.735 0.0512695 0.94852 -0.0514799 2.62621 -0.0551551

12.735 0.0512695 0.940645 -0.0593549 2.62621 -0.0551586
12.7354 0.0585938 0.940645 -0.0593549 2.63413 -0.0656506

12.7354 0.0585938 0.933349 -0.0666509 2.63414 -0.065655
12.7359 0.065918 0.933349 -0.0666509 2.65282 -0.078069

12.7359 0.065918 0.926349 -0.0736505 2.65282 -0.0780685
12.7365 0.0732422 0.926349 -0.0736505 2.66075 -0.0914122

12.7365 0.0732422 0.919389 -0.0806115 2.66075 -0.0914109
12.7368 0.0765916 0.919389 -0.0806115 2.6596 -0.0969064

12.7368 0.076587 0.919389 -0.0806115 2.65961 -0.0969
12.7372 0.0805664 0.919389 -0.0806115 2.65691 -0.0994939

12.7372 0.0805664 0.913226 -0.0867742 2.65691 -0.0994974
12.7379 0.0878906 0.913226 -0.0867742 2.64802 -0.107078

12.7378 0.0878906 0.90304 -0.0969603 2.64799 -0.107077
12.7394 0.102539 0.90304 -0.0969603 2.635 -0.117158

12.7394 0.102539 0.889685 -0.110315 2.63501 -0.117158
12.7412 0.117188 0.889685 -0.110315 2.63044 -0.128114

12.7412 0.117188 0.876332 -0.123668 2.63043 -0.128112
12.7433 0.131836 0.876332 -0.123668 2.62276 -0.140465

12.7433 0.131836 0.863028 -0.136972 2.62276 -0.140465
12.7441 0.137159 0.863028 -0.136972 2.61762 -0.144122

12.7441 0.13714 0.863028 -0.136972 2.61765 -0.14411
12.7456 0.146484 0.863028 -0.136972 2.61677 -0.153944

12.7456 0.146484 0.853707 -0.146293 2.61682 -0.153967
12.7469 0.153809 0.853707 -0.146293 2.62134 -0.161934

12.7469 0.153809 0.847278 -0.152722 2.62133 -0.161928
12.7482 0.161133 0.847278 -0.152722 2.61031 -0.161298

12.7482 0.161133 0.840155 -0.159845 2.61031 -0.161296
12.7496 0.168457 0.840155 -0.159845 2.59486 -0.158908

12.7496 0.168457 0.833845 -0.166155 2.59487 -0.158903
12.7511 0.175781 0.833845 -0.166155 2.59115 -0.157781

12.7511 0.175781 0.828037 -0.171963 2.59115 -0.157783
12.7515 0.17769 0.828037 -0.171963 2.59167 -0.15715

12.7515 0.177686 0.828037 -0.171963 2.59167 -0.15715
12.7526 0.183105 0.828037 -0.171963 2.58982 -0.159419

12.7526 0.183105 0.82209 -0.17791 2.58981 -0.159421
12.7542 0.19043 0.82209 -0.17791 2.5858 -0.167905

12.7542 0.19043 0.816007 -0.183993 2.5858 -0.167905
12.7558 0.197754 0.816007 -0.183993 2.58774 -0.181794

12.7558 0.197754 0.809801 -0.190199 2.58774 -0.181791
12.7575 0.205078 0.809801 -0.190199 2.58544 -0.200573

12.7575 0.205078 0.803725 -0.196275 2.58544 -0.200574
12.7588 0.210171 0.803725 -0.196275 2.57738 -0.212044

12.7588 0.210164 0.803725 -0.196275 2.5774 -0.212033
12.7593 0.212402 0.803725 -0.196275 2.57199 -0.216105

12.7593 0.212402 0.797933 -0.202067 2.57199 -0.216104
12.7612 0.219727 0.797933 -0.202067 2.56011 -0.229356

12.7612 0.219727 0.792034 -0.207966 2.56011 -0.229354
12.7631 0.227051 0.792034 -0.207966 2.55554 -0.246439

12.7631 0.227051 0.785949 -0.214051 2.55554 -0.246438
12.7651 0.234375 0.785949 -0.214051 2.55311 -0.268907

12.7651 0.234375 0.779982 -0.220018 2.55311 -0.268904
12.7661 0.23795 0.779982 -0.220018 2.55346 -0.279499

12.7661 0.237941 0.779982 -0.220018 2.55347 -0.279482
12.7672 0.241699 0.779982 -0.220018 2.54883 -0.289342

12.7672 0.241699 0.774149 -0.225851 2.54883 -0.289337
12.7693 0.249023 0.774149 -0.225851 2.54198 -0.305518

12.7693 0.249023 0.768379 -0.231621 2.54198 -0.305518
12.7715 0.256348 0.768379 -0.231621 2.53084 -0.316787

12.7715 0.256348 0.76264 -0.23736 2.53084 -0.316786
12.7734 0.262522 0.76264 -0.23736 2.51811 -0.322894

12.7734 0.262517 0.76264 -0.23736 2.51812 -0.322893
12.7738 0.263672 0.76264 -0.23736 2.51623 -0.32362

12.7738 0.263672 0.756738 -0.243262 2.51623 -0.323617
12.7761 0.270996 0.756738 -0.243262 2.51156 -0.331068

12.7761 0.270996 0.750601 -0.249399 2.51156 -0.331067
12.7786 0.27832 0.750601 -0.249399 2.51228 -0.356964

12.7786 0.27832 0.744502 -0.255498 2.51228 -0.356968
12.7808 0.284672 0.744502 -0.255498 2.50044 -0.379764

12.7808 0.28467 0.744502 -0.255498 2.50045 -0.379762
12.7811 0.285645 0.744502 -0.255498 2.49764 -0.382643

12.7811 0.285645 0.73888 -0.26112 2.49764 -0.382649
12.7837 0.292969 0.73888 -0.26112 2.48667 -0.40179

12.7837 0.292969 0.733364 -0.266636 2.48666 -0.401783
12.7863 0.300293 0.733364 -0.266636 2.4755 -0.422005

12.7863 0.300293 0.727639 -0.272361 2.4755 -0.421998
12.7881 0.304943 0.727639 -0.272361 2.46426 -0.432518

12.7881 0.304932 0.727639 -0.272361 2.46428 -0.432511
12.7891 0.307617 0.727639 -0.272361 2.45921 -0.43735

12.7891 0.307617 0.721717 -0.278283 2.4592 -0.437337
12.7919 0.314941 0.721717 -0.278283 2.45483 -0.455215

12.7919 0.314941 0.715521 -0.284479 2.45482 -0.455209
12.7948 0.322266 0.715521 -0.284479 2.43874 -0.48837

12.7948 0.322266 0.709559 -0.290441 2.43872 -0.488322
12.7954 0.323724 0.709559 -0.290441 2.43315 -0.494208

12.7954 0.323692 0.709559 -0.290441 2.4333 -0.494151
12.7978 0.32959 0.709559 -0.290441 2.41816 -0.514181

12.7978 0.32959 0.703785 -0.296215 2.41815 -0.514165
12.8009 0.336914 0.703785 -0.296215 2.39857 -0.536396

12.8009 0.336914 0.698092 -0.301908 2.39857 -0.536388
12.8027 0.341152 0.698092 -0.301908 2.38298 -0.546642

12.8027 0.341137 0.698092 -0.301908 2.38303 -0.546626
12.8041 0.344238 0.698092 -0.301908 2.3743 -0.554574

12.8041 0.344238 0.692232 -0.307768 2.37428 -0.55455
12.8073 0.351562 0.692232 -0.307768 2.36646 -0.584887

12.8073 0.351562 0.686088 -0.313912 2.36645 -0.584879
12.8101 0.357538 0.686088 -0.313912 2.3514 -0.620405

12.8101 0.357529 0.686088 -0.313912 2.35146 -0.620388
12.8107 0.358887 0.686088 -0.313912 2.34482 -0.627016

12.8107 0.358887 0.680107 -0.319893 2.34481 -0.626994
12.8141 0.366211 0.680107 -0.319893 2.32622 -0.659448

12.8141 0.366211 0.674231 -0.325769 2.32622 -0.659443
12.8174 0.372961 0.674231 -0.325769 2.29394 -0.689951

12.8174 0.372956 0.674231 -0.325769 2.29399 -0.689944
12.8177 0.373535 0.674231 -0.325769 2.28954 -0.692128

12.8177 0.373535 0.668474 -0.331526 2.28954 -0.692118
12.8213 0.380859 0.668474 -0.331526 2.26361 -0.722262

12.8213 0.380859 0.662512 -0.337488 2.2636 -0.722228
12.8247 0.387567 0.662512 -0.337488 2.23612 -0.765144

12.8247 0.387563 0.662512 -0.337488 2.23616 -0.76514
12.825 0.388184 0.662512 -0.337488 2.23194 -0.767983

12.825 0.388184 0.656225 -0.343775 2.23194 -0.767962
12.8289 0.395508 0.656225 -0.343775 2.20971 -0.804806

12.8289 0.395508 0.649952 -0.350048 2.20971 -0.80478
12.832 0.401405 0.649952 -0.350048 2.1855 -0.850866

12.832 0.401387 0.649952 -0.350048 2.18568 -0.850837
12.8328 0.402832 0.649952 -0.350048 2.17353 -0.859903

12.8328 0.402832 0.643708 -0.356292 2.1735 -0.859835
12.8369 0.410156 0.643708 -0.356292 2.132 -0.900481

12.8369 0.410156 0.6378 -0.3622 2.13199 -0.900439
12.8394 0.414567 0.6378 -0.3622 2.10702 -0.925361

12.8394 0.414536 0.6378 -0.3622 2.1073 -0.925303
12.841 0.41748 0.6378 -0.3622 2.08835 -0.940894

12.841 0.41748 0.631444 -0.368556 2.08827 -0.940784
12.8453 0.424805 0.631444 -0.368556 2.04078 -0.989527

12.8453 0.424805 0.624775 -0.375225 2.04075 -0.989307
12.8467 0.427161 0.624775 -0.375225 2.02054 -1.00599

12.8467 0.427105 0.624633 -0.375367 2.02108 -1.00596
12.8497 0.432129 0.624633 -0.375367 2.00751 -1.04325

12.8497 0.432129 0.617396 -0.382604 2.00739 -1.0431
12.854 0.439106 0.617396 -0.382604 1.95283 -1.10896

12.854 0.439094 0.623379 -0.376621 1.95303 -1.10895
12.8542 0.439453 0.623379 -0.376621 1.94762 -1.11155

12.8542 0.439453 0.609922 -0.390078 1.94763 -1.11157
12.8589 0.446777 0.609922 -0.390078 1.87311 -1.15998

12.8589 0.446777 0.603268 -0.396732 1.87309 -1.15978
12.8613 0.450484 0.603268 -0.396732 1.84507 -1.18881

12.8613 0.450425 0.603264 -0.396736 1.84565 -1.18876
12.8637 0.454102 0.603264 -0.396736 1.81915 -1.21833

12.8637 0.454102 0.595699 -0.404301 1.819 -1.21799
12.8687 0.461379 0.595699 -0.404301 1.74057 -1.27517

12.8686 0.461426 0.593341 -0.406659 1.73987 -1.27476
12.8687 0.461468 0.593341 -0.406659 1.73925 -1.27504

12.8687 0.461369 0.596919 -0.403081 1.74072 -1.27518
12.8687 0.461426 0.596919 -0.403081 1.73988 -1.27555

12.8687 0.461426 0.587069 -0.412931 1.73988 -1.27547
12.8738 0.46875 0.587069 -0.412931 1e+30 1e+30

