28.7709 0.46875 0.604039 -0.395961 2.0506 -1.10586
28.7757 0.476074 0.604039 -0.395961 1.96677 -1.15931

28.7757 0.476074 0.603118 -0.396882 1.96676 -1.15905
28.7769 0.477794 0.603118 -0.396882 1.94643 -1.17085

28.7769 0.477692 0.596627 -0.403373 1.94766 -1.17099
28.7807 0.483398 0.596627 -0.403373 1.91413 -1.21853

28.7807 0.483398 0.589481 -0.410519 1.9141 -1.21797
28.7842 0.488415 0.589481 -0.410519 1.87969 -1.28944

28.7842 0.48835 0.592648 -0.407352 1.88075 -1.28947
28.7858 0.490723 0.592648 -0.407352 1.84504 -1.31507

28.7858 0.490723 0.581117 -0.418883 1.84499 -1.31468
28.7911 0.498047 0.581117 -0.418883 1.73017 -1.36981

28.791 0.498047 0.578175 -0.421825 1.73027 -1.36893
28.7915 0.498734 0.578175 -0.421825 1.71865 -1.37353

28.7915 0.498608 0.573043 -0.426957 1.72064 -1.37394
28.7965 0.505371 0.573043 -0.426957 1.64981 -1.43683

28.7965 0.505371 0.572079 -0.427921 1.64982 -1.43628
28.7988 0.50846 0.572079 -0.427921 1.62982 -1.48119

28.7988 0.508325 0.566077 -0.433923 1.63065 -1.48149
28.8022 0.512695 0.566077 -0.433923 1.5792 -1.53509

28.8021 0.512695 0.557031 -0.442969 1.57923 -1.53413
28.8062 0.517753 0.557031 -0.442969 1.50449 -1.58509

28.8062 0.517688 0.557118 -0.442882 1.50544 -1.58554
28.808 0.52002 0.557118 -0.442882 1.46216 -1.6058

28.808 0.52002 0.545925 -0.454075 1.46232 -1.60514
28.8135 0.526638 0.545925 -0.454075 1.35608 -1.64727

28.8135 0.526613 0.542885 -0.457115 1.35633 -1.64747
28.8141 0.527344 0.542885 -0.457115 1.34622 -1.65249

28.8141 0.527344 0.536152 -0.463848 1.34631 -1.65218
28.8204 0.534668 0.536152 -0.463848 1.25147 -1.70538

28.8203 0.534668 0.531432 -0.468568 1.25201 -1.70349
28.8208 0.535226 0.531432 -0.468568 1.24572 -1.70777

28.8208 0.535113 0.526019 -0.473981 1.24647 -1.70874
28.827 0.541992 0.526019 -0.473981 1.1423 -1.75175

28.8269 0.541992 0.51933 -0.48067 1.14287 -1.75056
28.8281 0.543291 0.51933 -0.48067 1.11935 -1.7546

28.8281 0.543191 0.513766 -0.486234 1.12048 -1.75571
28.8339 0.549316 0.513766 -0.486234 1.01396 -1.7941

28.8339 0.549316 0.505599 -0.494401 1.01427 -1.79313
28.8354 0.550932 0.505599 -0.494401 0.987299 -1.80839

28.8354 0.550849 0.498835 -0.501165 0.988208 -1.8091
28.8413 0.556641 0.498835 -0.501165 0.872322 -1.86257

28.8411 0.556641 0.492624 -0.507376 0.873313 -1.85994
28.8428 0.558226 0.492624 -0.507376 0.836235 -1.87816

28.8428 0.558128 0.484278 -0.515722 0.837738 -1.87911
28.849 0.563965 0.484278 -0.515722 0.690553 -1.91554

28.8489 0.563965 0.478534 -0.521466 0.691921 -1.91396
28.8501 0.565104 0.478534 -0.521466 0.659162 -1.91426

28.8501 0.565016 0.471002 -0.528998 0.660702 -1.91538
28.8571 0.571289 0.471002 -0.528998 0.502642 -1.91946

28.857 0.571289 0.464415 -0.535585 0.503746 -1.91785
28.8574 0.571642 0.464415 -0.535585 0.496518 -1.91844

28.8574 0.57155 0.456616 -0.543384 0.497493 -1.91962
28.8647 0.577705 0.456616 -0.543384 0.36021 -1.95334

28.8647 0.577679 0.44371 -0.55629 0.360559 -1.95367
28.8659 0.578613 0.44371 -0.55629 0.337742 -1.96069

28.8659 0.578613 0.440686 -0.559314 0.337946 -1.96029
28.8721 0.58348 0.440686 -0.559314 0.201071 -1.97357

28.8721 0.583438 0.423291 -0.576709 0.201851 -1.97423
28.8755 0.585938 0.423291 -0.576709 0.12142 -1.969

28.8754 0.585938 0.422811 -0.577189 0.122545 -1.96789
28.8794 0.58889 0.422811 -0.577189 0.0233275 -1.95191

28.8794 0.588859 0.40813 -0.59187 0.0239279 -1.95232
28.8858 0.593262 0.40813 -0.59187 -0.122998 -1.92522

28.8856 0.593262 0.398031 -0.601969 -0.121607 -1.92444
28.8867 0.593982 0.398031 -0.601969 -0.144499 -1.92077

28.8867 0.593924 0.390486 -0.609514 -0.143469 -1.92153
28.894 0.598616 0.390486 -0.609514 -0.309467 -1.89005

28.894 0.598576 0.372487 -0.627513 -0.308644 -1.89065
28.8974 0.600586 0.372487 -0.627513 -0.384774 -1.8665

28.8973 0.600586 0.372487 -0.627513 -0.383813 -1.86631
28.9014 0.60298 0.372487 -0.627513 -0.474993 -1.82798

28.9014 0.602964 0.35337 -0.64663 -0.47465 -1.82819
28.9087 0.606966 0.35337 -0.64663 -0.633948 -1.77866

28.9087 0.606946 0.33235 -0.66765 -0.63345 -1.77892
28.9106 0.60791 0.33235 -0.66765 -0.674214 -1.77157

28.9106 0.60791 0.33235 -0.66765 -0.673787 -1.77146
28.916 0.610615 0.33235 -0.66765 -0.803068 -1.70837

28.916 0.610608 0.310454 -0.689546 -0.802878 -1.70844
28.9233 0.613906 0.310454 -0.689546 -0.967883 -1.60352

28.9233 0.613879 0.288289 -0.711711 -0.967175 -1.60386
28.9267 0.615234 0.288289 -0.711711 -1.03468 -1.56678

28.9266 0.615234 0.288289 -0.711711 -1.03392 -1.56726
28.9307 0.616879 0.288289 -0.711711 -1.12748 -1.51019

28.9307 0.616871 0.264844 -0.735156 -1.12722 -1.51027
28.938 0.61951 0.264844 -0.735156 -1.2936 -1.36501

28.938 0.619508 0.239008 -0.760992 -1.29355 -1.36504
28.9453 0.621808 0.239008 -0.760992 -1.43107 -1.21088

28.9453 0.621798 0.212203 -0.787797 -1.43075 -1.21099
28.9481 0.622559 0.212203 -0.787797 -1.48121 -1.16824

28.9481 0.622559 0.212203 -0.787797 -1.4808 -1.16874
28.9526 0.623782 0.212203 -0.787797 -1.5669 -1.09168

28.9526 0.623782 0.183293 -0.816707 -1.5669 -1.09168
28.96 0.625426 0.183293 -0.816707 -1.7099 -0.942982

28.96 0.625427 0.151136 -0.848864 -1.70994 -0.942976
28.9673 0.626731 0.151136 -0.848864 -1.83612 -0.751565

28.9673 0.626729 0.116561 -0.883439 -1.83609 -0.751596
28.9746 0.627695 0.116561 -0.883439 -1.92488 -0.538189

28.9746 0.627694 0.0797521 -0.920248 -1.92486 -0.538205
28.9819 0.628329 0.0797521 -0.920248 -1.99402 -0.31623

28.9819 0.628329 0.0399789 -0.960021 -1.99402 -0.316228
28.9893 0.628634 0.0399789 -0.960021 -2.04153 -0.0904974

28.9893 0.628635 -0.00378797 -0.996212 -2.04156 -0.0904893
28.9966 0.628607 -0.00378797 -0.996212 -2.06666 0.131786

28.9966 0.628609 -0.0477317 -0.952268 -2.0667 0.13179
29.0039 0.628242 -0.0477317 -0.952268 -2.07378 0.34867

29.0039 0.628244 -0.08878 -0.91122 -2.07382 0.348671
29.0112 0.62753 -0.08878 -0.91122 -2.06837 0.568742

29.0112 0.627532 -0.12707 -0.87293 -2.0684 0.56874
29.0186 0.626466 -0.12707 -0.87293 -2.0537 0.806824

29.0186 0.626467 -0.162732 -0.837268 -2.05372 0.806819
29.0259 0.625043 -0.162732 -0.837268 -1.97617 1.04896

29.0259 0.625041 -0.19546 -0.80454 -1.97606 1.04895
29.0332 0.623262 -0.19546 -0.80454 -1.88609 1.24601

29.0625 0.612437 -0.310691 -0.689309 -1.42685 1.9919
29.0563 0.615234 -0.310691 -0.689309 -1.52585 1.82663

29.0405 0.62113 -0.225557 -0.774443 -1.80004 1.44531
29.0356 0.622559 -0.225557 -0.774443 -1.86169 1.30399

29.0332 0.623262 -0.225557 -0.774443 -1.88608 1.24601
29.0356 0.622559 -0.225557 -0.774443 -1.86167 1.30385

29.0405 0.621139 -0.25509 -0.74491 -1.80036 1.44524
29.0479 0.618631 -0.25509 -0.74491 -1.68736 1.69233

29.0479 0.618629 -0.283583 -0.716417 -1.68726 1.69232
29.0552 0.61573 -0.283583 -0.716417 -1.5428 1.81752

29.0552 0.615731 -0.310691 -0.689309 -1.54284 1.81752
29.0563 0.615234 -0.310691 -0.689309 -1.52578 1.82647

29.2748 0 -0.990948 -0.00905161 2.76152 0
29.2745 0.0292969 -0.990948 -0.00905161 2.76853 0.106483

29.2744 0.0292969 -0.977785 -0.0222151 2.76879 0.10648
29.2741 0.0439453 -0.977785 -0.0222151 2.77188 0.163241

29.2741 0.0439453 -0.969597 -0.0304035 2.77187 0.163241
29.2737 0.0585938 -0.969597 -0.0304035 2.76073 0.221486

29.2737 0.0585938 -0.961354 -0.0386464 2.76073 0.221486
29.2731 0.0732422 -0.961354 -0.0386464 2.75033 0.27695

29.2731 0.0732422 -0.953222 -0.0467784 2.75033 0.27695
29.2724 0.0878906 -0.953222 -0.0467784 2.7497 0.336263

29.2724 0.0878906 -0.944905 -0.0550955 2.74968 0.336263
29.2715 0.102539 -0.944905 -0.0550955 2.74564 0.401273

29.2715 0.102539 -0.936401 -0.0635995 2.74564 0.401273
29.2705 0.117188 -0.936401 -0.0635995 2.73424 0.463995

29.2676 0.151692 -0.91336 -0.0866398 2.71907 0.623945
29.2674 0.153809 -0.91336 -0.0866398 2.71329 0.628182

29.2674 0.153809 -0.909321 -0.0906795 2.71329 0.628182
29.2666 0.161133 -0.909321 -0.0906795 2.70653 0.666364

29.2666 0.161133 -0.904731 -0.0952693 2.70655 0.666366
29.2659 0.168457 -0.904731 -0.0952693 2.70236 0.702445

29.2659 0.168457 -0.900695 -0.099305 2.70236 0.702445
29.2651 0.175781 -0.900695 -0.099305 2.6943 0.735257

29.2705 0.117188 -0.92784 -0.07216 2.73423 0.463995
29.2694 0.131836 -0.92784 -0.07216 2.72505 0.525913

29.2694 0.131836 -0.919361 -0.0806385 2.72506 0.525913
29.2681 0.146484 -0.919361 -0.0806385 2.71968 0.595976

29.2676 0.151551 -0.911106 -0.0888945 2.71921 0.623211
29.2681 0.146484 -0.911106 -0.0888945 2.71976 0.595989

29.2651 0.175781 -0.896624 -0.103376 2.6943 0.735256
29.2642 0.183105 -0.896624 -0.103376 2.68557 0.764359

29.2642 0.183105 -0.8924 -0.1076 2.68557 0.764359
29.2633 0.19043 -0.8924 -0.1076 2.67584 0.793349

29.2633 0.19043 -0.888229 -0.111771 2.67584 0.793351
29.2624 0.197754 -0.888229 -0.111771 2.66726 0.822155

29.2624 0.197754 -0.884563 -0.115437 2.66727 0.822157
29.2615 0.205078 -0.884563 -0.115437 2.65319 0.849

29.2603 0.213912 -0.875536 -0.124464 2.64009 0.885019
29.2594 0.219727 -0.875536 -0.124464 2.63249 0.912684

29.2615 0.205078 -0.880397 -0.119603 2.65316 0.849005
29.2605 0.212402 -0.880397 -0.119603 2.64084 0.878165

29.2603 0.213899 -0.875536 -0.124464 2.64012 0.884959
29.2605 0.212402 -0.875536 -0.124464 2.64086 0.878163

29.2594 0.219727 -0.871144 -0.128856 2.6325 0.912684
29.2583 0.227051 -0.871144 -0.128856 2.62282 0.947021

29.2583 0.227051 -0.867104 -0.132896 2.62282 0.947021
29.2572 0.234375 -0.867104 -0.132896 2.6136 0.981238

29.2383 0.329262 -0.803985 -0.196015 2.3921 1.48197
29.2382 0.32959 -0.803985 -0.196015 2.39066 1.48388

29.2382 0.32959 -0.798825 -0.201175 2.39074 1.48389
29.2363 0.336914 -0.798825 -0.201175 2.36575 1.5264

29.2364 0.336914 -0.793329 -0.206671 2.36573 1.5264
29.2344 0.344238 -0.793329 -0.206671 2.34667 1.56924

29.2344 0.344238 -0.787644 -0.212356 2.34667 1.56924
29.2325 0.351562 -0.787644 -0.212356 2.3211 1.61123

29.2529 0.259997 -0.848427 -0.151573 2.57129 1.1091
29.2523 0.263672 -0.848427 -0.151573 2.56769 1.13215

29.2572 0.234375 -0.862608 -0.137392 2.61357 0.981237
29.2561 0.241699 -0.862608 -0.137392 2.60141 1.01593

29.2561 0.241699 -0.857695 -0.142305 2.60141 1.01593
29.2548 0.249023 -0.857695 -0.142305 2.58453 1.05072

29.2548 0.249023 -0.853142 -0.146858 2.58454 1.05072
29.2536 0.256348 -0.853142 -0.146858 2.5716 1.08826

29.2529 0.259983 -0.848427 -0.151573 2.57131 1.10903
29.2536 0.256348 -0.848427 -0.151573 2.57159 1.08825

29.2523 0.263672 -0.843543 -0.156457 2.56771 1.13216
29.2509 0.270996 -0.843543 -0.156457 2.55527 1.17616

29.2509 0.270996 -0.838923 -0.161077 2.55527 1.17616
29.2495 0.27832 -0.838923 -0.161077 2.53719 1.21637

29.2495 0.27832 -0.834241 -0.165759 2.53718 1.21637
29.2481 0.285645 -0.834241 -0.165759 2.51823 1.25099

29.2481 0.285645 -0.829464 -0.170536 2.51823 1.25099
29.2465 0.292969 -0.829464 -0.170536 2.49874 1.2873

29.2456 0.297404 -0.824618 -0.175382 2.48789 1.31081
29.245 0.300293 -0.824618 -0.175382 2.48007 1.3251

29.245 0.300293 -0.819562 -0.180438 2.48009 1.3251
29.2434 0.307617 -0.819562 -0.180438 2.46391 1.36273

29.2456 0.297385 -0.824618 -0.175382 2.48798 1.31072
29.2465 0.292969 -0.824618 -0.175382 2.49875 1.2873

29.2434 0.307617 -0.814294 -0.185706 2.4639 1.36273
29.2417 0.314941 -0.814294 -0.185706 2.44778 1.40215

29.2417 0.314941 -0.809059 -0.190941 2.44778 1.40215
29.24 0.322266 -0.809059 -0.190941 2.42127 1.44219

29.2383 0.329224 -0.803985 -0.196015 2.39236 1.48176
29.24 0.322266 -0.803985 -0.196015 2.42128 1.44219

29.231 0.357008 -0.78207 -0.21793 2.29967 1.64497
29.2304 0.358887 -0.78207 -0.21793 2.29044 1.65605

29.2304 0.358887 -0.776465 -0.223535 2.29051 1.65606
29.2283 0.366211 -0.776465 -0.223535 2.263 1.70051

29.231 0.356973 -0.78207 -0.21793 2.29994 1.64479
29.2325 0.351562 -0.78207 -0.21793 2.32113 1.61123

29.2283 0.366211 -0.770572 -0.229428 2.26299 1.70051
29.2261 0.373535 -0.770572 -0.229428 2.24123 1.74445

29.2261 0.373535 -0.764658 -0.235342 2.24124 1.74445
29.2239 0.380859 -0.764658 -0.235342 2.20651 1.78852

29.2236 0.381657 -0.758649 -0.241351 2.20209 1.79366
29.2216 0.388184 -0.758649 -0.241351 2.17173 1.83618

29.2216 0.388184 -0.752357 -0.247643 2.17172 1.83618
29.2191 0.395508 -0.752357 -0.247643 2.13762 1.88318

29.2163 0.403817 -0.739538 -0.260462 2.08551 1.92762
29.2141 0.410156 -0.739538 -0.260462 2.04993 1.96498

29.2191 0.395508 -0.746045 -0.253955 2.13762 1.88318
29.2167 0.402832 -0.746045 -0.253955 2.09224 1.92192

29.2163 0.403809 -0.739538 -0.260462 2.08559 1.92757
29.2167 0.402832 -0.739538 -0.260462 2.09225 1.92192

29.2236 0.381651 -0.758649 -0.241351 2.20214 1.79363
29.2239 0.380859 -0.758649 -0.241351 2.20651 1.78852

29.209 0.423913 -0.725352 -0.274648 1.97283 2.04491
29.2086 0.424805 -0.725352 -0.274648 1.96674 2.05045

29.2086 0.424805 -0.718007 -0.281993 1.96691 2.05045
29.2058 0.432129 -0.718007 -0.281993 1.92419 2.10093

29.2058 0.432129 -0.710554 -0.289446 1.92418 2.10093
29.2028 0.439453 -0.710554 -0.289446 1.87345 2.14521

29.1943 0.458851 -0.687627 -0.312373 1.72358 2.26785
29.1932 0.461426 -0.687627 -0.312373 1.69846 2.28362

29.1932 0.461426 -0.679417 -0.320583 1.69858 2.28363
29.1897 0.46875 -0.679417 -0.320583 1.63433 2.33462

29.2017 0.442097 -0.703244 -0.296756 1.85445 2.16276
29.1997 0.446777 -0.703244 -0.296756 1.81948 2.19405

29.1997 0.446777 -0.695621 -0.304379 1.81948 2.19405
29.1965 0.454102 -0.695621 -0.304379 1.75967 2.24001

29.2017 0.442074 -0.703244 -0.296756 1.85472 2.1626
29.2028 0.439453 -0.703244 -0.296756 1.87353 2.14521

29.1943 0.458808 -0.687627 -0.312373 1.72424 2.2676
29.1965 0.454102 -0.687627 -0.312373 1.75975 2.23999

29.2141 0.410156 -0.73257 -0.26743 2.04992 1.96498
29.2114 0.41748 -0.73257 -0.26743 2.01033 2.00744

29.209 0.423866 -0.725352 -0.274648 1.97336 2.04463
29.2114 0.41748 -0.725352 -0.274648 2.01035 2.00743

29.1064 0.583537 -0.451278 -0.548722 -0.359847 2.66999
29.1035 0.585938 -0.451278 -0.548722 -0.433799 2.64101

29.1211 0.569919 -0.499756 -0.500244 0.0267316 2.74415
29.1197 0.571289 -0.499756 -0.500244 -0.0112531 2.74007

29.1138 0.577006 -0.47738 -0.52262 -0.171621 2.71377
29.112 0.578613 -0.47738 -0.52262 -0.216569 2.70443

29.1064 0.583436 -0.469025 -0.530975 -0.356088 2.67012
29.1119 0.578613 -0.469025 -0.530975 -0.215818 2.70363

29.1138 0.576909 -0.488437 -0.511563 -0.168142 2.71352
29.1197 0.571289 -0.488437 -0.511563 -0.0106669 2.73963

29.1797 0.488474 -0.652249 -0.347751 1.44298 2.45956
29.1785 0.490723 -0.652249 -0.347751 1.41214 2.47306

29.1785 0.490723 -0.64205 -0.35795 1.41232 2.47305
29.1744 0.498047 -0.64205 -0.35795 1.32549 2.52375

29.1577 0.524882 -0.598411 -0.401589 0.953219 2.67885
29.1561 0.527344 -0.598411 -0.401589 0.916007 2.69813

29.165 0.513686 -0.609136 -0.390864 1.09759 2.61828
29.161 0.52002 -0.609136 -0.390864 0.999006 2.65146

29.1577 0.524834 -0.597418 -0.402582 0.954333 2.67854
29.161 0.52002 -0.597418 -0.402582 0.999266 2.65138

29.1724 0.50154 -0.631992 -0.368008 1.29909 2.55203
29.1701 0.505371 -0.631992 -0.368008 1.24629 2.58743

29.1701 0.505371 -0.621198 -0.378802 1.24624 2.58741
29.1657 0.512695 -0.621198 -0.378802 1.11754 2.61594

29.1724 0.501504 -0.631992 -0.368008 1.29966 2.55171
29.1744 0.498047 -0.631992 -0.368008 1.3257 2.52373

29.165 0.513674 -0.616254 -0.383746 1.09791 2.61821
29.1656 0.512695 -0.616254 -0.383746 1.11776 2.6158

29.1357 0.553886 -0.540751 -0.459249 0.412164 2.75822
29.1334 0.556641 -0.540751 -0.459249 0.3485 2.76219

29.1504 0.535313 -0.571658 -0.428342 0.761801 2.71946
29.1454 0.541992 -0.571658 -0.428342 0.630539 2.7353

29.1431 0.544924 -0.557407 -0.442593 0.58358 2.73966
29.1396 0.549316 -0.557407 -0.442593 0.495994 2.75718

29.1357 0.553865 -0.545765 -0.454235 0.412815 2.75814
29.1395 0.549316 -0.545765 -0.454235 0.496403 2.75716

29.1431 0.544929 -0.564166 -0.435834 0.583447 2.7397
29.1453 0.541992 -0.564166 -0.435834 0.631306 2.7348

29.1284 0.562215 -0.519979 -0.480021 0.219983 2.75633
29.1268 0.563965 -0.519979 -0.480021 0.177337 2.75515

29.1211 0.569846 -0.5102 -0.4898 0.029398 2.74388
29.1267 0.563965 -0.5102 -0.4898 0.177936 2.75478

29.1284 0.562165 -0.527576 -0.472424 0.221631 2.75609
29.1334 0.556641 -0.527576 -0.472424 0.348851 2.76207

29.156 0.527344 -0.585366 -0.414634 0.916221 2.69817
29.1509 0.534668 -0.585366 -0.414634 0.776105 2.71908

29.1504 0.535281 -0.578966 -0.421034 0.762779 2.71925
29.1508 0.534668 -0.578966 -0.421034 0.776346 2.7189

29.0625 0.612437 -0.33682 -0.66318 -1.42685 1.9919
29.0698 0.608717 -0.33682 -0.66318 -1.25735 2.13895

29.0771 0.604578 -0.361351 -0.638649 -1.12184 2.28804
29.0713 0.60791 -0.361351 -0.638649 -1.23 2.1491

29.0698 0.608704 -0.360642 -0.639358 -1.25674 2.13887
29.0712 0.60791 -0.360642 -0.639358 -1.2298 2.14881

29.0845 0.600106 -0.382178 -0.617822 -0.897496 2.43569
29.0837 0.600586 -0.382178 -0.617822 -0.917201 2.42589

29.0845 0.600023 -0.406971 -0.593029 -0.893631 2.43582
29.0918 0.594996 -0.406971 -0.593029 -0.73134 2.50822

29.0771 0.60456 -0.384161 -0.615839 -1.12123 2.28819
29.0835 0.600586 -0.384161 -0.615839 -0.916605 2.42383

29.0991 0.589493 -0.429383 -0.570617 -0.567444 2.59189
29.0941 0.593262 -0.429383 -0.570617 -0.677529 2.52071

29.0918 0.594934 -0.420056 -0.579944 -0.728584 2.50773
29.0941 0.593262 -0.420056 -0.579944 -0.677459 2.52063

29.0991 0.589423 -0.446689 -0.553311 -0.56399 2.59131
29.1034 0.585938 -0.446689 -0.553311 -0.43334 2.64022

29.187 0.474271 -0.670877 -0.329123 1.59196 2.36983
29.1861 0.476074 -0.670877 -0.329123 1.57193 2.38194

29.1861 0.476074 -0.661857 -0.338143 1.57211 2.38195
29.1824 0.483398 -0.661857 -0.338143 1.49269 2.43302

29.187 0.474222 -0.670877 -0.329123 1.59282 2.36951
29.1897 0.46875 -0.670877 -0.329123 1.63439 2.33461

29.1797 0.488421 -0.652249 -0.347751 1.44408 2.45922
29.1824 0.483398 -0.652249 -0.347751 1.49278 2.43299

