18.7673 0 0.9921 -0.00789992 2.67892 0
18.7674 0.0146484 0.9921 -0.00789992 2.68247 -0.00692007

18.7674 0.0146484 0.98048 -0.0195204 2.6825 -0.00691913
18.7676 0.0219727 0.98048 -0.0195204 2.67999 -0.0116197

18.7676 0.0219727 0.972335 -0.0276654 2.67998 -0.0116198
18.7678 0.0292969 0.972335 -0.0276654 2.68657 -0.0200552

18.7677 0.0292969 0.960427 -0.0395731 2.68655 -0.0200483
18.7684 0.0439453 0.960427 -0.0395731 2.69557 -0.0346304

18.7684 0.0439453 0.948968 -0.0510324 2.69559 -0.0346254
18.7688 0.0512695 0.948968 -0.0510324 2.70062 -0.0442509

18.7688 0.0512695 0.941473 -0.0585274 2.70062 -0.0442532
18.7692 0.0585938 0.941473 -0.0585274 2.69072 -0.0470812

18.7692 0.0585938 0.934669 -0.0653314 2.69073 -0.0470743
18.7697 0.065918 0.934669 -0.0653314 2.69018 -0.046584

18.7697 0.065918 0.929024 -0.0709762 2.69018 -0.0465836
18.7703 0.0732422 0.929024 -0.0709762 2.69427 -0.0512109

18.7703 0.0732422 0.918931 -0.0810687 2.69425 -0.0512032
18.7716 0.0878906 0.918931 -0.0810687 2.69517 -0.0600218

18.7716 0.0878906 0.905502 -0.0944975 2.69517 -0.0600219
18.7731 0.102539 0.905502 -0.0944975 2.69189 -0.0670742

18.7731 0.102539 0.89254 -0.10746 2.69189 -0.0670747
18.7749 0.117188 0.89254 -0.10746 2.69172 -0.0739051

18.7749 0.117188 0.879576 -0.120424 2.69172 -0.0739002
18.7769 0.131836 0.879576 -0.120424 2.69184 -0.0774802

18.7769 0.131836 0.869875 -0.130125 2.69186 -0.0775039
18.778 0.13916 0.869875 -0.130125 2.69139 -0.0788176

18.778 0.13916 0.863727 -0.136273 2.69139 -0.078816
18.7791 0.146484 0.863727 -0.136273 2.69132 -0.0822013

18.7791 0.146484 0.857558 -0.142442 2.69132 -0.0822019
18.7793 0.147496 0.857558 -0.142442 2.69146 -0.0825988

18.7793 0.147495 0.857558 -0.142442 2.69146 -0.0825985
18.7803 0.153809 0.857558 -0.142442 2.69192 -0.0869273

18.7803 0.153809 0.85149 -0.14851 2.69192 -0.0869267
18.7816 0.161133 0.85149 -0.14851 2.69243 -0.0933475

18.7816 0.161133 0.845072 -0.154928 2.69243 -0.0933468
18.783 0.168457 0.845072 -0.154928 2.68919 -0.100905

18.783 0.168457 0.838333 -0.161667 2.68919 -0.100904
18.7844 0.175781 0.838333 -0.161667 2.68162 -0.11018

18.7844 0.175781 0.831764 -0.168236 2.68162 -0.110181
18.7859 0.183105 0.831764 -0.168236 2.67679 -0.116592

18.7859 0.183105 0.825713 -0.174287 2.67679 -0.116592
18.7866 0.186718 0.825713 -0.174287 2.67602 -0.119097

18.7866 0.186714 0.825713 -0.174287 2.67602 -0.119095
18.7874 0.19043 0.825713 -0.174287 2.6734 -0.123448

18.7874 0.19043 0.820095 -0.179905 2.6734 -0.123448
18.789 0.197754 0.820095 -0.179905 2.66992 -0.132416

18.789 0.197754 0.814512 -0.185488 2.66992 -0.132416
18.7907 0.205078 0.814512 -0.185488 2.66883 -0.143197

18.7907 0.205078 0.808689 -0.191311 2.66883 -0.143194
18.7924 0.212402 0.808689 -0.191311 2.66882 -0.157946

18.7924 0.212402 0.80269 -0.19731 2.66882 -0.157944
18.7939 0.218646 0.80269 -0.19731 2.66492 -0.169553

18.7939 0.218643 0.80269 -0.19731 2.66492 -0.169551
18.7942 0.219727 0.80269 -0.19731 2.66335 -0.171255

18.7942 0.219727 0.796883 -0.203117 2.66335 -0.171256
18.7961 0.227051 0.796883 -0.203117 2.6568 -0.182311

18.7961 0.227051 0.791254 -0.208746 2.6568 -0.18231
18.798 0.234375 0.791254 -0.208746 2.65447 -0.193032

18.798 0.234375 0.785651 -0.214349 2.65447 -0.193032
18.8 0.241699 0.785651 -0.214349 2.65258 -0.202817

18.8 0.241699 0.780038 -0.219962 2.65258 -0.202814
18.8013 0.246173 0.780038 -0.219962 2.65175 -0.208789

18.8013 0.246169 0.780038 -0.219962 2.65176 -0.208787
18.8021 0.249023 0.780038 -0.219962 2.65094 -0.212354

18.8021 0.249023 0.774247 -0.225753 2.65093 -0.212351
18.8042 0.256348 0.774247 -0.225753 2.65142 -0.221877

18.8042 0.256348 0.768405 -0.231595 2.65142 -0.221877
18.8064 0.263672 0.768405 -0.231595 2.6474 -0.237101

18.8064 0.263672 0.762787 -0.237213 2.6474 -0.237104
18.8086 0.270672 0.762787 -0.237213 2.63378 -0.248505

18.8086 0.27067 0.762787 -0.237213 2.63379 -0.248504
18.8087 0.270996 0.762787 -0.237213 2.63305 -0.248856

18.8087 0.270996 0.757487 -0.242513 2.63305 -0.248856
18.811 0.27832 0.757487 -0.242513 2.62516 -0.259741

18.811 0.27832 0.752083 -0.247917 2.62516 -0.259739
18.8135 0.285645 0.752083 -0.247917 2.62541 -0.285227

18.8135 0.285645 0.74636 -0.25364 2.62541 -0.28522
18.8159 0.292901 0.74636 -0.25364 2.61634 -0.312534

18.8159 0.292901 0.74636 -0.25364 2.61634 -0.312533
18.8159 0.292969 0.74636 -0.25364 2.61624 -0.312742

18.8159 0.292969 0.740661 -0.259339 2.61624 -0.312744
18.8185 0.300293 0.740661 -0.259339 2.60894 -0.332032

18.8185 0.300293 0.735013 -0.264987 2.60894 -0.33203
18.8211 0.307617 0.735013 -0.264987 2.59559 -0.348344

18.8211 0.307617 0.729516 -0.270484 2.59559 -0.348345
18.8232 0.31327 0.729516 -0.270484 2.5784 -0.358082

18.8232 0.313263 0.729516 -0.270484 2.57842 -0.358077
18.8239 0.314941 0.729516 -0.270484 2.57342 -0.360567

18.8239 0.314941 0.724153 -0.275847 2.57342 -0.360562
18.8267 0.322266 0.724153 -0.275847 2.56338 -0.375845

18.8267 0.322266 0.71861 -0.28139 2.56338 -0.375843
18.8295 0.32959 0.71861 -0.28139 2.55371 -0.408224

18.8295 0.32959 0.713136 -0.286864 2.5537 -0.408196
18.8306 0.332206 0.713136 -0.286864 2.54739 -0.41851

18.8306 0.332185 0.713136 -0.286864 2.54746 -0.418476
18.8325 0.336914 0.713136 -0.286864 2.53887 -0.433786

18.8325 0.336914 0.707675 -0.292325 2.53885 -0.433765
18.8355 0.344238 0.707675 -0.292325 2.52659 -0.457427

18.8355 0.344238 0.702285 -0.297715 2.52659 -0.45743
18.8379 0.349901 0.702285 -0.297715 2.50782 -0.474431

18.8379 0.349891 0.702285 -0.297715 2.50787 -0.474423
18.8386 0.351562 0.702285 -0.297715 2.50062 -0.478643

18.8386 0.351562 0.696973 -0.303027 2.50061 -0.478625
18.8418 0.358887 0.696973 -0.303027 2.48733 -0.501432

18.8418 0.358887 0.691281 -0.308719 2.48732 -0.50141
18.845 0.366211 0.691281 -0.308719 2.46895 -0.540949

18.845 0.366211 0.685373 -0.314627 2.46893 -0.540841
18.8452 0.366608 0.685373 -0.314627 2.46747 -0.542482

18.8452 0.366574 0.685373 -0.314627 2.46762 -0.542452
18.8484 0.373535 0.685373 -0.314627 2.45531 -0.569032

18.8484 0.373535 0.679402 -0.320598 2.4553 -0.569023
18.8519 0.380859 0.679402 -0.320598 2.42649 -0.60544

18.8519 0.380859 0.67374 -0.32626 2.42646 -0.605347
18.8525 0.382282 0.67374 -0.32626 2.41686 -0.611784

18.8525 0.382237 0.67374 -0.32626 2.4172 -0.611717
18.8554 0.388184 0.67374 -0.32626 2.39633 -0.635864

18.8554 0.388184 0.668098 -0.331902 2.39629 -0.635829
18.859 0.395508 0.668098 -0.331902 2.36636 -0.673192

18.859 0.395508 0.662143 -0.337857 2.36634 -0.673075
18.8599 0.397133 0.662143 -0.337857 2.35622 -0.679709

18.8599 0.397094 0.662143 -0.337857 2.35649 -0.679698
18.8628 0.402832 0.662143 -0.337857 2.34513 -0.705809

18.8628 0.402832 0.655729 -0.344271 2.34509 -0.705759
18.8666 0.410156 0.655729 -0.344271 2.31784 -0.759248

18.8666 0.410156 0.649389 -0.350611 2.31779 -0.759017
18.8672 0.411237 0.649389 -0.350611 2.30937 -0.766167

18.8672 0.411178 0.649319 -0.350681 2.30989 -0.766094
18.8706 0.41748 0.649319 -0.350681 2.28577 -0.802709

18.8706 0.41748 0.643126 -0.356874 2.28573 -0.802657
18.8745 0.424559 0.643126 -0.356874 2.23516 -0.842482

18.8745 0.424551 0.644343 -0.355657 2.23525 -0.842481
18.8747 0.424805 0.644343 -0.355657 2.23254 -0.843508

18.8746 0.424805 0.636757 -0.363243 2.23253 -0.843484
18.8788 0.432129 0.636757 -0.363243 2.19182 -0.879334

18.8788 0.432129 0.630417 -0.369583 2.19181 -0.879265
18.8818 0.437271 0.630417 -0.369583 2.17143 -0.922623

18.8818 0.437247 0.630417 -0.369583 2.17164 -0.922596
18.8831 0.439453 0.630417 -0.369583 2.15747 -0.937133

18.8831 0.439453 0.623464 -0.376536 2.15742 -0.936985
18.8875 0.446777 0.623464 -0.376536 2.11176 -0.990806

18.8875 0.446777 0.617201 -0.382799 2.11173 -0.990582
18.8892 0.449422 0.617201 -0.382799 2.09173 -1.01357

18.8892 0.449354 0.61699 -0.38301 2.09232 -1.01353
18.8921 0.454102 0.61699 -0.38301 2.07497 -1.05417

18.8921 0.454102 0.610626 -0.389374 2.07481 -1.05393
18.8965 0.461004 0.610626 -0.389374 2.00623 -1.11139

18.8965 0.46099 0.61573 -0.38427 2.00647 -1.1114
18.8968 0.461426 0.61573 -0.38427 1.9994 -1.11391

18.8968 0.461426 0.603524 -0.396476 1.9994 -1.11389
18.9016 0.46875 0.603524 -0.396476 1.9243 -1.16173

18.9015 0.46875 0.597307 -0.402693 1.92428 -1.16141
18.9038 0.472107 0.597307 -0.402693 1.90375 -1.19493

18.9038 0.472039 0.596714 -0.403286 1.90421 -1.19498
18.9065 0.476074 0.596714 -0.403286 1.88602 -1.23741

18.9065 0.476074 0.588718 -0.411282 1.88583 -1.23694
18.9111 0.482706 0.588718 -0.411282 1.81362 -1.3107

18.9111 0.482681 0.590365 -0.409635 1.81411 -1.31074
18.9116 0.483398 0.590365 -0.409635 1.79981 -1.31714

18.9116 0.483398 0.580048 -0.419952 1.79981 -1.31703
18.9169 0.490723 0.580048 -0.419952 1.6941 -1.3733

18.9169 0.490723 0.578666 -0.421334 1.6941 -1.37283
18.9185 0.492866 0.578666 -0.421334 1.67286 -1.39209

18.9185 0.492738 0.572515 -0.427485 1.67413 -1.39238
18.9224 0.498047 0.572515 -0.427485 1.62534 -1.44485

18.9224 0.498047 0.565815 -0.434185 1.6254 -1.44397
18.9258 0.502484 0.565815 -0.434185 1.5742 -1.49737

18.9258 0.502387 0.567964 -0.432036 1.57564 -1.49779
18.9281 0.505371 0.567964 -0.432036 1.52645 -1.52617

18.928 0.505371 0.554545 -0.445455 1.52652 -1.52557
18.9331 0.511704 0.554545 -0.445455 1.42988 -1.5712

18.9331 0.511676 0.552483 -0.447517 1.43023 -1.57138
18.9339 0.512695 0.552483 -0.447517 1.41467 -1.57839

18.9339 0.512695 0.54414 -0.45586 1.41475 -1.57806
18.94 0.52002 0.54414 -0.45586 1.32869 -1.63432

18.94 0.52002 0.539366 -0.460634 1.32893 -1.63273
18.9404 0.52057 0.539366 -0.460634 1.32456 -1.63803

18.9404 0.520447 0.534913 -0.465087 1.32525 -1.63874
18.9464 0.527344 0.534913 -0.465087 1.23526 -1.69085

18.9463 0.527344 0.529585 -0.470415 1.23576 -1.68965
18.9478 0.528927 0.529585 -0.470415 1.20722 -1.6959

18.9478 0.528817 0.525075 -0.474925 1.20858 -1.69695
18.953 0.534668 0.525075 -0.474925 1.10598 -1.71591

18.953 0.534668 0.51755 -0.48245 1.10631 -1.71534
18.9551 0.536897 0.51755 -0.48245 1.067 -1.7176

18.9551 0.536811 0.512901 -0.487099 1.06794 -1.71851
18.96 0.541992 0.512901 -0.487099 0.994513 -1.74953

18.96 0.541992 0.504319 -0.495681 0.994699 -1.74869
18.9624 0.544478 0.504319 -0.495681 0.966702 -1.78195

18.9624 0.544408 0.497064 -0.502936 0.967169 -1.78246
18.9674 0.549316 0.497064 -0.502936 0.869321 -1.83294

18.9673 0.549316 0.490742 -0.509258 0.870191 -1.83087
18.9697 0.551694 0.490742 -0.509258 0.810374 -1.8542

18.9697 0.551636 0.480282 -0.519718 0.811352 -1.85477
18.9751 0.556641 0.480282 -0.519718 0.687233 -1.88809

18.975 0.556641 0.47615 -0.52385 0.68843 -1.88657
18.9771 0.558498 0.47615 -0.52385 0.637859 -1.8889

18.9771 0.55843 0.468201 -0.531799 0.639043 -1.88966
18.9833 0.563965 0.468201 -0.531799 0.498676 -1.88894

18.9832 0.563965 0.462262 -0.537738 0.499743 -1.88776
18.9844 0.564961 0.462262 -0.537738 0.476635 -1.88693

18.9844 0.564899 0.454174 -0.545826 0.477447 -1.88769
18.9917 0.570993 0.454174 -0.545826 0.338676 -1.89974

18.9917 0.570986 0.443005 -0.556995 0.338764 -1.89982
18.9921 0.571289 0.443005 -0.556995 0.332327 -1.90113

18.9921 0.571289 0.438317 -0.561683 0.332405 -1.90099
18.999 0.576715 0.438317 -0.561683 0.201332 -1.92095

18.999 0.576686 0.418722 -0.581278 0.201849 -1.92135
19.0017 0.578613 0.418722 -0.581278 0.146846 -1.9234

19.0016 0.578613 0.421731 -0.578269 0.147529 -1.92251
19.0063 0.582066 0.421731 -0.578269 0.0397828 -1.90567

19.0063 0.582028 0.405696 -0.594304 0.0405099 -1.90611
19.0121 0.585938 0.405696 -0.594304 1e+30 1e+30

