28.0811 0.607068 0.333294 -0.666706 -0.653683 -1.77844
28.0827 0.60791 0.333294 -0.666706 -0.688286 -1.77118

28.0827 0.60791 0.333294 -0.666706 -0.687931 -1.77111
28.0884 0.610749 0.333294 -0.666706 -0.818126 -1.70479

28.0884 0.610743 0.31109 -0.68891 -0.81796 -1.70485
28.0957 0.614051 0.31109 -0.68891 -0.980296 -1.60513

28.0957 0.614024 0.288646 -0.711354 -0.979561 -1.60546
28.0987 0.615234 0.288646 -0.711354 -1.04099 -1.57782

28.0986 0.615234 0.288646 -0.711354 -1.04029 -1.57813
28.103 0.617027 0.288646 -0.711354 -1.14639 -1.51334

28.103 0.617021 0.264863 -0.735137 -1.1462 -1.5134
28.1104 0.61966 0.264863 -0.735137 -1.31638 -1.35717

28.1104 0.619658 0.238764 -0.761236 -1.31632 -1.35721
28.1177 0.621955 0.238764 -0.761236 -1.45039 -1.20384

28.1177 0.621946 0.211787 -0.788213 -1.45011 -1.20393
28.12 0.622559 0.211787 -0.788213 -1.48997 -1.1716

28.1199 0.622559 0.211787 -0.788213 -1.4897 -1.17193
28.125 0.623922 0.211787 -0.788213 -1.58497 -1.08432

28.4506 0 -0.997738 -0.0022619 2.78494 0
28.4506 0.00732422 -0.997738 -0.0022619 2.7751 0.0301783

28.4506 0.00732422 -0.992729 -0.00727079 2.77509 0.0301817
28.4506 0.0146484 -0.992729 -0.00727079 2.75429 0.0556292

28.4506 0.0146484 -0.987546 -0.0124537 2.7543 0.0556272
28.4505 0.0219727 -0.987546 -0.0124537 2.73395 0.0785903

28.4505 0.0219727 -0.982641 -0.0173593 2.73394 0.0785904
28.4504 0.0292969 -0.982641 -0.0173593 2.7449 0.105827

28.4504 0.0292969 -0.976569 -0.0234312 2.74487 0.105827
28.45 0.0439453 -0.976569 -0.0234312 2.75294 0.161796

28.45 0.0439453 -0.968857 -0.0311434 2.75294 0.161796
28.4495 0.0585938 -0.968857 -0.0311434 2.74351 0.219425

28.4473 0.102567 -0.934083 -0.0659167 2.72306 0.395046
28.4462 0.117188 -0.934083 -0.0659167 2.71776 0.458798

28.4496 0.0585938 -0.955111 -0.0448892 2.74314 0.219435
28.4482 0.0878906 -0.955111 -0.0448892 2.72953 0.335629

28.4473 0.101656 -0.937572 -0.0624284 2.72393 0.391343
28.4482 0.0878906 -0.937572 -0.0624284 2.72974 0.335624

28.4462 0.117188 -0.924628 -0.0753715 2.71783 0.458799
28.445 0.131836 -0.924628 -0.0753715 2.71073 0.523304

28.445 0.131836 -0.916073 -0.0839271 2.71071 0.523303
28.4437 0.146484 -0.916073 -0.0839271 2.69659 0.588597

28.4437 0.146484 -0.909578 -0.0904223 2.69667 0.588599
28.443 0.153809 -0.909578 -0.0904223 2.68903 0.620171

28.443 0.153809 -0.905073 -0.094927 2.68903 0.620171
28.4422 0.161133 -0.905073 -0.094927 2.68382 0.653598

28.4422 0.161133 -0.900987 -0.0990131 2.68384 0.6536
28.4414 0.168457 -0.900987 -0.0990131 2.67444 0.687069

28.4414 0.168457 -0.896942 -0.103058 2.67442 0.687067
28.4405 0.175781 -0.896942 -0.103058 2.66425 0.719598

28.4399 0.180763 -0.892567 -0.107433 2.66079 0.741947
28.4397 0.183105 -0.892567 -0.107433 2.6589 0.752198

28.4397 0.183105 -0.888478 -0.111522 2.65892 0.752199
28.4387 0.19043 -0.888478 -0.111522 2.64961 0.783322

28.4399 0.180751 -0.892567 -0.107433 2.66081 0.741894
28.4405 0.175781 -0.892567 -0.107433 2.66426 0.719599

28.4387 0.19043 -0.884226 -0.115774 2.6496 0.783321
28.4378 0.197754 -0.884226 -0.115774 2.63815 0.814411

28.4378 0.197754 -0.879735 -0.120265 2.63815 0.814411
28.4368 0.205078 -0.879735 -0.120265 2.62979 0.845711

28.4326 0.232777 -0.864061 -0.135939 2.59285 0.972868
28.4324 0.234375 -0.864061 -0.135939 2.58971 0.981819

28.4368 0.205078 -0.873052 -0.126948 2.6297 0.845715
28.4347 0.219727 -0.873052 -0.126948 2.61094 0.911261

28.4326 0.232721 -0.864061 -0.135939 2.59301 0.972596
28.4347 0.219727 -0.864061 -0.135939 2.61093 0.911261

28.418 0.307678 -0.810092 -0.189908 2.42766 1.35703
28.4163 0.314941 -0.810092 -0.189908 2.40601 1.39518

28.4163 0.314941 -0.804724 -0.195276 2.406 1.39517
28.4145 0.322266 -0.804724 -0.195276 2.39489 1.43595

28.4145 0.322266 -0.79913 -0.20087 2.39489 1.43595
28.4126 0.32959 -0.79913 -0.20087 2.37837 1.47675

28.4126 0.32959 -0.793704 -0.206296 2.37837 1.47675
28.4107 0.336914 -0.793704 -0.206296 2.35051 1.51837

28.4106 0.337292 -0.788285 -0.211715 2.34891 1.52055
28.4088 0.344238 -0.788285 -0.211715 2.32512 1.55955

28.4088 0.344238 -0.782628 -0.217372 2.32511 1.55954
28.4067 0.351562 -0.782628 -0.217372 2.30642 1.6017

28.4106 0.337279 -0.788285 -0.211715 2.349 1.52048
28.4107 0.336914 -0.788285 -0.211715 2.35053 1.51837

28.4323 0.234375 -0.857259 -0.142741 2.58988 0.98183
28.4311 0.241699 -0.857259 -0.142741 2.58033 1.01924

28.4311 0.241699 -0.852692 -0.147308 2.58032 1.01924
28.4299 0.249023 -0.852692 -0.147308 2.57373 1.05683

28.4299 0.249023 -0.847886 -0.152114 2.57373 1.05683
28.4285 0.256348 -0.847886 -0.152114 2.56413 1.0961

28.4285 0.256348 -0.843222 -0.156778 2.56413 1.0961
28.4272 0.263672 -0.843222 -0.156778 2.54757 1.13352

28.4253 0.273445 -0.834142 -0.165858 2.52003 1.18319
28.4243 0.27832 -0.834142 -0.165858 2.50821 1.20726

28.4272 0.263672 -0.838695 -0.161305 2.54757 1.13352
28.4258 0.270996 -0.838695 -0.161305 2.52678 1.17052

28.4253 0.273431 -0.834142 -0.165858 2.5201 1.18312
28.4258 0.270996 -0.834142 -0.165858 2.52679 1.17052

28.4243 0.27832 -0.829361 -0.170639 2.50821 1.20726
28.4228 0.285645 -0.829361 -0.170639 2.49488 1.24405

28.4228 0.285645 -0.824437 -0.175563 2.49487 1.24405
28.4213 0.292969 -0.824437 -0.175563 2.48108 1.28167

28.4213 0.292969 -0.819616 -0.180384 2.48108 1.28167
28.4196 0.300293 -0.819616 -0.180384 2.45662 1.31888

28.4196 0.300293 -0.814951 -0.185049 2.45662 1.31888
28.418 0.307617 -0.814951 -0.185049 2.42792 1.35671

28.418 0.307665 -0.810092 -0.189908 2.42774 1.35696
28.418 0.307617 -0.810092 -0.189908 2.42793 1.35671

28.3887 0.407888 -0.734491 -0.265509 2.05856 1.94393
28.3879 0.410156 -0.734491 -0.265509 2.04277 1.95836

28.4033 0.363362 -0.771333 -0.228667 2.25951 1.67631
28.4025 0.366211 -0.771333 -0.228667 2.24395 1.69363

28.4025 0.366211 -0.765781 -0.234219 2.24399 1.69365
28.4002 0.373535 -0.765781 -0.234219 2.21115 1.73922

28.4002 0.373535 -0.759836 -0.240164 2.21114 1.73921
28.3979 0.380859 -0.759836 -0.240164 2.18399 1.77938

28.4067 0.351562 -0.776862 -0.223138 2.30642 1.6017
28.4046 0.358887 -0.776862 -0.223138 2.27931 1.64619

28.4033 0.363328 -0.771333 -0.228667 2.2598 1.67614
28.4046 0.358887 -0.771333 -0.228667 2.27936 1.6462

28.396 0.38677 -0.753748 -0.246252 2.15957 1.81373
28.3955 0.388184 -0.753748 -0.246252 2.15234 1.82192

28.3955 0.388184 -0.747436 -0.252564 2.15242 1.82194
28.3931 0.395508 -0.747436 -0.252564 2.12064 1.86595

28.396 0.386734 -0.753748 -0.246252 2.15988 1.81354
28.3979 0.380859 -0.753748 -0.246252 2.18401 1.77938

28.3931 0.395508 -0.740876 -0.259124 2.12063 1.86595
28.3905 0.402832 -0.740876 -0.259124 2.08592 1.91052

28.3887 0.407848 -0.734491 -0.265509 2.05901 1.9437
28.3905 0.402832 -0.734491 -0.265509 2.08598 1.91052

28.3878 0.410156 -0.728082 -0.271918 2.04286 1.95837
28.3851 0.41748 -0.728082 -0.271918 1.99737 2.00841

28.3851 0.41748 -0.721293 -0.278707 1.99736 2.0084
28.3823 0.424805 -0.721293 -0.278707 1.94735 2.04602

28.3813 0.427144 -0.714359 -0.285641 1.93116 2.0602
28.3794 0.432129 -0.714359 -0.285641 1.89824 2.09089

28.3794 0.432129 -0.707151 -0.292849 1.89824 2.09089
28.3763 0.439453 -0.707151 -0.292849 1.84908 2.13651

28.3813 0.427124 -0.714359 -0.285641 1.93138 2.06007
28.3823 0.424805 -0.714359 -0.285641 1.9474 2.04601

28.374 0.44484 -0.699714 -0.300286 1.81432 2.16933
28.3732 0.446777 -0.699714 -0.300286 1.79711 2.18127

28.3732 0.446777 -0.691994 -0.308006 1.79724 2.18127
28.3699 0.454102 -0.691994 -0.308006 1.73789 2.23148

28.3667 0.461136 -0.683923 -0.316077 1.67822 2.26835
28.3666 0.461426 -0.683923 -0.316077 1.67525 2.27006

28.3665 0.461426 -0.675536 -0.324464 1.67553 2.27005
28.363 0.46875 -0.675536 -0.324464 1.61546 2.32372

28.3667 0.461073 -0.683923 -0.316077 1.67921 2.26796
28.3699 0.454102 -0.683923 -0.316077 1.73789 2.23148

28.374 0.444796 -0.699714 -0.300286 1.81494 2.16908
28.3763 0.439453 -0.699714 -0.300286 1.84914 2.1365

28.125 0.623925 0.182535 -0.817465 -1.58508 -1.08429
28.1323 0.62556 0.182535 -0.817465 -1.7276 -0.92846

28.1323 0.62556 0.150043 -0.849957 -1.72758 -0.928462
28.1396 0.626853 0.150043 -0.849957 -1.84755 -0.735299

28.1396 0.626851 0.11532 -0.88468 -1.84752 -0.735328
28.147 0.627806 0.11532 -0.88468 -1.93472 -0.524374

28.147 0.627804 0.0783266 -0.921673 -1.9347 -0.52439
28.1543 0.628427 0.0783266 -0.921673 -2.00374 -0.302347

28.1543 0.628427 0.0383535 -0.961647 -2.00374 -0.302344
28.1616 0.628719 0.0383535 -0.961647 -2.05101 -0.0745849

28.1616 0.628721 -0.00564589 -0.994354 -2.05104 -0.0745761
28.1689 0.628679 -0.00564589 -0.994354 -2.07486 0.150553

28.1689 0.628681 -0.0496152 -0.950385 -2.07491 0.150558
28.1763 0.628299 -0.0496152 -0.950385 -2.07972 0.369879

28.1763 0.628301 -0.0907518 -0.909248 -2.07976 0.369879
28.1836 0.62757 -0.0907518 -0.909248 -2.07177 0.590808

28.1836 0.627571 -0.129109 -0.870891 -2.07179 0.590806
28.1909 0.626485 -0.129109 -0.870891 -2.05514 0.827955

28.1909 0.626486 -0.164726 -0.835274 -2.05516 0.827951
28.1982 0.625041 -0.164726 -0.835274 -1.97564 1.06802

28.1982 0.625039 -0.197259 -0.802741 -1.9755 1.06801
28.2056 0.623239 -0.197259 -0.802741 -1.88385 1.26304

28.2129 0.621089 -0.227045 -0.772955 -1.79666 1.46445
28.2079 0.622559 -0.227045 -0.772955 -1.86009 1.31818

28.2056 0.623239 -0.227045 -0.772955 -1.88384 1.26304
28.2079 0.622559 -0.227045 -0.772955 -1.86008 1.31808

28.2349 0.612366 -0.311109 -0.688891 -1.41522 2.00678
28.2285 0.615234 -0.311109 -0.688891 -1.51764 1.84218

28.2349 0.612364 -0.336989 -0.663011 -1.41518 2.0068
28.2422 0.608641 -0.336989 -0.663011 -1.24473 2.14557

28.2129 0.621098 -0.256207 -0.743793 -1.79698 1.46437
28.2202 0.618575 -0.256207 -0.743793 -1.6806 1.71277

28.2202 0.618573 -0.284271 -0.715729 -1.68047 1.71276
28.2275 0.615664 -0.284271 -0.715729 -1.53273 1.83471

28.2275 0.615665 -0.311109 -0.688891 -1.53279 1.83471
28.2285 0.615234 -0.311109 -0.688891 -1.51757 1.84203

28.2788 0.583548 -0.44967 -0.55033 -0.353842 2.65141
28.2759 0.585938 -0.44967 -0.55033 -0.427076 2.62466

28.2861 0.577061 -0.475792 -0.524208 -0.16789 2.69011
28.2844 0.578613 -0.475792 -0.524208 -0.210222 2.68269

28.2788 0.583448 -0.467816 -0.532184 -0.350157 2.65155
28.2843 0.578613 -0.467816 -0.532184 -0.209352 2.68191

28.2935 0.570019 -0.497648 -0.502352 0.0156833 2.7193
28.2922 0.571289 -0.497648 -0.502352 -0.0177267 2.71259

28.3008 0.562406 -0.5173 -0.4827 0.21528 2.74213
28.2993 0.563965 -0.5173 -0.4827 0.17577 2.7421

28.2935 0.56995 -0.507979 -0.492021 0.0180894 2.71906
28.2993 0.563965 -0.507979 -0.492021 0.176455 2.74176

28.2861 0.576963 -0.487144 -0.512856 -0.164367 2.68984
28.2921 0.571289 -0.487144 -0.512856 -0.017145 2.71199

28.3301 0.525577 -0.598487 -0.401513 0.934264 2.66456
28.3289 0.527344 -0.598487 -0.401513 0.906601 2.67848

28.3594 0.476074 -0.657936 -0.342064 1.54991 2.36665
28.3556 0.483398 -0.657936 -0.342064 1.47292 2.4219

28.3521 0.489942 -0.648327 -0.351673 1.40018 2.45214
28.3516 0.490723 -0.648327 -0.351673 1.38832 2.45619

28.3516 0.490723 -0.638392 -0.361608 1.3887 2.45615
28.3474 0.498047 -0.638392 -0.361608 1.30336 2.50773

28.3521 0.489868 -0.648327 -0.351673 1.40177 2.4517
28.3556 0.483398 -0.648327 -0.351673 1.47296 2.42189

28.3447 0.50268 -0.62861 -0.37139 1.27001 2.54804
28.3431 0.505371 -0.62861 -0.37139 1.22638 2.57159

28.3431 0.505371 -0.617835 -0.382165 1.22644 2.57161
28.3386 0.512695 -0.617835 -0.382165 1.09454 2.59782

28.3374 0.514544 -0.606163 -0.393837 1.06097 2.60016
28.3338 0.52002 -0.606163 -0.393837 0.984673 2.6295

28.3301 0.525535 -0.594907 -0.405093 0.93529 2.66429
28.3338 0.52002 -0.594907 -0.405093 0.984762 2.62952

28.3374 0.514531 -0.60977 -0.39023 1.0613 2.60008
28.3386 0.512695 -0.60977 -0.39023 1.09479 2.59765

28.3447 0.502628 -0.62861 -0.37139 1.27123 2.54772
28.3474 0.498047 -0.62861 -0.37139 1.30357 2.50772

28.3081 0.554167 -0.537381 -0.462619 0.40863 2.73978
28.306 0.556641 -0.537381 -0.462619 0.350123 2.7431

28.3154 0.545305 -0.55588 -0.44412 0.571629 2.72174
28.3122 0.549316 -0.55588 -0.44412 0.496402 2.73735

28.3081 0.554138 -0.542487 -0.457513 0.409557 2.73965
28.3122 0.549316 -0.542487 -0.457513 0.496859 2.73735

28.3228 0.535827 -0.568862 -0.431138 0.742983 2.70026
28.3181 0.541992 -0.568862 -0.431138 0.624649 2.7148

28.3289 0.527344 -0.582584 -0.417416 0.906902 2.67853
28.3236 0.534668 -0.582584 -0.417416 0.76714 2.70068

28.3228 0.535815 -0.575974 -0.424026 0.743342 2.70018
28.3236 0.534668 -0.575974 -0.424026 0.767403 2.70047

28.3154 0.545324 -0.561715 -0.438285 0.571115 2.72191
28.318 0.541992 -0.561715 -0.438285 0.625432 2.71432

28.3008 0.562342 -0.524902 -0.475098 0.217469 2.74185
28.3059 0.556641 -0.524902 -0.475098 0.350446 2.74298

28.2568 0.600035 -0.382175 -0.617825 -0.88732 2.43465
28.2559 0.600586 -0.382175 -0.617825 -0.910394 2.42285

28.2495 0.604504 -0.361263 -0.638737 -1.11411 2.28768
28.2435 0.60791 -0.361263 -0.638737 -1.22036 2.15309

28.2422 0.60863 -0.360328 -0.639672 -1.24422 2.14551
28.2435 0.60791 -0.360328 -0.639672 -1.2202 2.15288

28.2495 0.604484 -0.383809 -0.616191 -1.11344 2.28785
28.2558 0.600586 -0.383809 -0.616191 -0.909926 2.4208

28.2568 0.599953 -0.406128 -0.593872 -0.883542 2.43486
28.2642 0.594944 -0.406128 -0.593872 -0.720682 2.50301

28.2715 0.58947 -0.428199 -0.571801 -0.559724 2.57851
28.2664 0.593262 -0.428199 -0.571801 -0.669375 2.5116

28.2642 0.594885 -0.418835 -0.581165 -0.71811 2.50257
28.2664 0.593262 -0.418835 -0.581165 -0.669298 2.51152

28.2715 0.5894 -0.445559 -0.554441 -0.556344 2.57797
28.2758 0.585938 -0.445559 -0.554441 -0.426621 2.62392

28.3594 0.476055 -0.666953 -0.333047 1.5502 2.36652
28.363 0.46875 -0.666953 -0.333047 1.61546 2.32372

