31.3458 0 -0.991064 -0.00893593 2.74616 0
31.3455 0.0292969 -0.991064 -0.00893593 2.74524 0.108508

31.3455 0.0292969 -0.973181 -0.0268189 2.74519 0.108508
31.3447 0.0585938 -0.973181 -0.0268189 2.7417 0.218132

31.3447 0.0585938 -0.959853 -0.0401472 2.74198 0.218128
31.3441 0.0732422 -0.959853 -0.0401472 2.74079 0.274338

31.3441 0.0732422 -0.951273 -0.0487275 2.74079 0.274338
31.3433 0.0878906 -0.951273 -0.0487275 2.73695 0.332819

31.3433 0.0878906 -0.942751 -0.0572487 2.73695 0.332819
31.3424 0.102539 -0.942751 -0.0572487 2.72997 0.39222

31.3424 0.102539 -0.934444 -0.0655559 2.72998 0.39222
31.3414 0.117188 -0.934444 -0.0655559 2.72454 0.455122

31.3414 0.117188 -0.925924 -0.0740763 2.7245 0.455122
31.3402 0.131836 -0.925924 -0.0740763 2.71597 0.519625

31.3402 0.131836 -0.916882 -0.0831182 2.71596 0.519626
31.3389 0.146484 -0.916882 -0.0831182 2.70384 0.583909

31.3389 0.146484 -0.908039 -0.0919612 2.70386 0.583908
31.3374 0.161133 -0.908039 -0.0919612 2.6872 0.64787

31.3374 0.161133 -0.899674 -0.100326 2.68721 0.647869
31.3358 0.175781 -0.899674 -0.100326 2.6707 0.711774

31.333 0.198139 -0.881196 -0.118804 2.64383 0.807243
31.3321 0.205078 -0.881196 -0.118804 2.63196 0.844659

31.3358 0.175781 -0.893723 -0.106277 2.67079 0.711765
31.3349 0.183105 -0.893723 -0.106277 2.65697 0.743859

31.3349 0.183105 -0.889481 -0.110519 2.65694 0.743863
31.334 0.19043 -0.889481 -0.110519 2.64928 0.773365

31.333 0.198025 -0.883042 -0.116958 2.64411 0.806709
31.334 0.19043 -0.883042 -0.116958 2.64922 0.773366

31.3321 0.205078 -0.876291 -0.123709 2.63197 0.84466
31.331 0.212402 -0.876291 -0.123709 2.62793 0.879413

31.331 0.212402 -0.871542 -0.128458 2.62793 0.879413
31.33 0.219727 -0.871542 -0.128458 2.61873 0.914768

31.33 0.219727 -0.866872 -0.133128 2.61873 0.914768
31.3288 0.227051 -0.866872 -0.133128 2.6079 0.948481

31.3288 0.227051 -0.862459 -0.137541 2.60791 0.948482
31.3277 0.234375 -0.862459 -0.137541 2.59639 0.981834

31.2891 0.394462 -0.749466 -0.250534 2.13621 1.84867
31.2887 0.395508 -0.749466 -0.250534 2.12936 1.85514

31.2887 0.395508 -0.743509 -0.256491 2.12948 1.85516
31.2862 0.402832 -0.743509 -0.256491 2.08951 1.90195

31.2862 0.402832 -0.737129 -0.262871 2.08949 1.90194
31.2836 0.410156 -0.737129 -0.262871 2.05081 1.94407

31.2598 0.467295 -0.678151 -0.321849 1.66345 2.31035
31.2591 0.46875 -0.678151 -0.321849 1.64609 2.31946

31.2744 0.434026 -0.709907 -0.290093 1.9058 2.08995
31.2722 0.439453 -0.709907 -0.290093 1.87084 2.12587

31.2817 0.415137 -0.730669 -0.269331 2.02347 1.97454
31.2809 0.41748 -0.730669 -0.269331 2.00766 1.98855

31.2809 0.41748 -0.724046 -0.275954 2.00775 1.98857
31.2781 0.424805 -0.724046 -0.275954 1.9648 2.03793

31.2817 0.415099 -0.730669 -0.269331 2.02388 1.97434
31.2836 0.410156 -0.730669 -0.269331 2.05086 1.94407

31.2781 0.424805 -0.717048 -0.282952 1.96479 2.03793
31.2752 0.432129 -0.717048 -0.282952 1.91833 2.07774

31.2744 0.434009 -0.709907 -0.290093 1.90599 2.08984
31.2752 0.432129 -0.709907 -0.290093 1.91838 2.07774

31.2671 0.451354 -0.694448 -0.305552 1.7914 2.19994
31.2659 0.454102 -0.694448 -0.305552 1.76931 2.21828

31.2722 0.439453 -0.702302 -0.297698 1.87081 2.12586
31.2691 0.446777 -0.702302 -0.297698 1.81952 2.17116

31.2671 0.451316 -0.694448 -0.305552 1.79192 2.1997
31.2691 0.446777 -0.694448 -0.305552 1.81961 2.17115

31.2659 0.454102 -0.686477 -0.313523 1.76941 2.21829
31.2625 0.461426 -0.686477 -0.313523 1.71236 2.2727

31.2598 0.467238 -0.678151 -0.321849 1.66446 2.31001
31.2625 0.461426 -0.678151 -0.321849 1.71242 2.27269

31.3184 0.285003 -0.831004 -0.168996 2.48985 1.21723
31.3182 0.285645 -0.831004 -0.168996 2.48833 1.2234

31.3182 0.285645 -0.826392 -0.173608 2.48838 1.22341
31.3167 0.292969 -0.826392 -0.173608 2.47141 1.2589

31.3257 0.246215 -0.853828 -0.146172 2.57731 1.03957
31.3252 0.249023 -0.853828 -0.146172 2.57319 1.05303

31.3277 0.234375 -0.858243 -0.141757 2.59639 0.981834
31.3265 0.241699 -0.858243 -0.141757 2.58411 1.01698

31.3257 0.2462 -0.853828 -0.146172 2.57735 1.0395
31.3265 0.241699 -0.853828 -0.146172 2.58411 1.01698

31.3252 0.249023 -0.849111 -0.150889 2.5732 1.05303
31.3239 0.256348 -0.849111 -0.150889 2.56197 1.08832

31.3239 0.256348 -0.844402 -0.155598 2.56197 1.08832
31.3226 0.263672 -0.844402 -0.155598 2.54769 1.12284

31.3226 0.263672 -0.839849 -0.160151 2.54769 1.12284
31.3212 0.270996 -0.839849 -0.160151 2.52662 1.15606

31.3212 0.270996 -0.835191 -0.164809 2.52662 1.15606
31.3197 0.27832 -0.835191 -0.164809 2.5069 1.18634

31.3184 0.284873 -0.828341 -0.171659 2.49041 1.21664
31.3197 0.27832 -0.828341 -0.171659 2.50683 1.18634

31.3167 0.292969 -0.820914 -0.179086 2.47142 1.2589
31.3151 0.300293 -0.820914 -0.179086 2.46509 1.2979

31.3151 0.300293 -0.815731 -0.184269 2.46509 1.2979
31.3134 0.307617 -0.815731 -0.184269 2.44799 1.33886

31.311 0.317785 -0.8056 -0.1944 2.42035 1.39634
31.31 0.322266 -0.8056 -0.1944 2.40703 1.4214

31.3134 0.307617 -0.810668 -0.189332 2.44799 1.33886
31.3117 0.314941 -0.810668 -0.189332 2.42758 1.37966

31.311 0.317768 -0.8056 -0.1944 2.42043 1.39624
31.3117 0.314941 -0.8056 -0.1944 2.4276 1.37966

31.3037 0.346312 -0.784379 -0.215621 2.33136 1.56361
31.3023 0.351562 -0.784379 -0.215621 2.31051 1.59569

31.31 0.322266 -0.800284 -0.199716 2.40703 1.4214
31.3081 0.32959 -0.800284 -0.199716 2.38861 1.46228

31.3081 0.32959 -0.794728 -0.205272 2.3886 1.46228
31.3062 0.336914 -0.794728 -0.205272 2.37048 1.5048

31.3062 0.336914 -0.78942 -0.21058 2.37049 1.5048
31.3043 0.344238 -0.78942 -0.21058 2.34087 1.54991

31.3037 0.346294 -0.784379 -0.215621 2.33149 1.5635
31.3043 0.344238 -0.784379 -0.215621 2.3409 1.54992

31.3023 0.351562 -0.778861 -0.221139 2.3105 1.59568
31.3002 0.358887 -0.778861 -0.221139 2.2872 1.63889

31.3002 0.358887 -0.772942 -0.227058 2.2872 1.63889
31.298 0.366211 -0.772942 -0.227058 2.26376 1.6797

31.2964 0.371677 -0.767185 -0.232815 2.24233 1.71355
31.2958 0.373535 -0.767185 -0.232815 2.23346 1.72427

31.2958 0.373535 -0.761377 -0.238623 2.23353 1.72429
31.2935 0.380859 -0.761377 -0.238623 2.20255 1.76682

31.2964 0.371643 -0.767185 -0.232815 2.2426 1.71337
31.298 0.366211 -0.767185 -0.232815 2.26379 1.6797

31.2935 0.380859 -0.755362 -0.244638 2.20254 1.76682
31.2911 0.388184 -0.755362 -0.244638 2.16998 1.80962

31.2891 0.394418 -0.749466 -0.250534 2.13667 1.84842
31.2911 0.388184 -0.749466 -0.250534 2.17001 1.80962

30.9375 0.581124 0.437417 -0.562583 0.289359 -1.97997
30.9437 0.585938 0.437417 -0.562583 0.149186 -1.96539

30.9436 0.585938 0.429762 -0.570238 0.15042 -1.96439
30.9448 0.58689 0.429762 -0.570238 0.125724 -1.961

30.9448 0.586836 0.420913 -0.579087 0.126453 -1.96174
30.9521 0.59216 0.420913 -0.579087 -0.0268746 -1.96733

30.9521 0.592142 0.399663 -0.600337 -0.0265221 -1.96758
30.9538 0.593262 0.399663 -0.600337 -0.0628799 -1.97205

30.9538 0.593262 0.403338 -0.596662 -0.0623594 -1.97136
30.9595 0.597115 0.403338 -0.596662 -0.204837 -1.94376

30.9595 0.597085 0.385044 -0.614956 -0.204173 -1.94424
30.9651 0.600586 0.385044 -0.614956 -0.340265 -1.89624

30.9649 0.600586 0.381704 -0.618296 -0.338852 -1.8958
30.9668 0.601752 0.381704 -0.618296 -0.380597 -1.88688

30.9668 0.601692 0.36584 -0.63416 -0.379335 -1.88761
30.9741 0.605917 0.36584 -0.63416 -0.547659 -1.84209

30.9741 0.605884 0.346301 -0.653699 -0.546836 -1.84259
30.9779 0.60791 0.346301 -0.653699 -0.637634 -1.8052

30.9778 0.60791 0.346301 -0.653699 -0.636589 -1.80583
30.9814 0.609819 0.346301 -0.653699 -0.72491 -1.75991

30.9814 0.609797 0.32549 -0.67451 -0.724331 -1.76018
30.9888 0.613332 0.32549 -0.67451 -0.897524 -1.65635

30.9888 0.61331 0.303048 -0.696952 -0.896952 -1.65664
30.9932 0.615234 0.303048 -0.696952 -0.988913 -1.59306

30.9931 0.615234 0.303048 -0.696952 -0.988013 -1.5937
30.9961 0.616538 0.303048 -0.696952 -1.0506 -1.5628

30.9961 0.616515 0.279286 -0.720714 -1.04998 -1.56301
31.0034 0.619353 0.279286 -0.720714 -1.20471 -1.45002

31.0034 0.619352 0.253635 -0.746365 -1.20466 -1.45005
31.0107 0.62184 0.253635 -0.746365 -1.35426 -1.31297

31.0107 0.621828 0.22712 -0.77288 -1.35382 -1.31312
31.0132 0.622559 0.22712 -0.77288 -1.40346 -1.27835

31.0132 0.622559 0.22712 -0.77288 -1.40305 -1.27879
31.0181 0.623992 0.22712 -0.77288 -1.50841 -1.18144

31.0181 0.623991 0.198942 -0.801058 -1.50836 -1.18145
31.0254 0.62581 0.198942 -0.801058 -1.65865 -1.00241

31.0254 0.62581 0.168171 -0.831829 -1.65862 -1.00241
31.0327 0.62729 0.168171 -0.831829 -1.76995 -0.796901

31.0327 0.627291 0.134837 -0.865163 -1.76999 -0.796886
31.04 0.628433 0.134837 -0.865163 -1.86375 -0.600128

31.04 0.628433 0.098362 -0.901638 -1.86376 -0.600121
31.0474 0.629232 0.098362 -0.901638 -1.95126 -0.405539

31.0474 0.629232 0.0587516 -0.941248 -1.95124 -0.405551
31.0547 0.629689 0.0587516 -0.941248 -2.03467 -0.205885

31.0547 0.629687 0.0160644 -0.983936 -2.03464 -0.205903
31.062 0.629807 0.0160644 -0.983936 -2.1005 0.00987132

31.062 0.629807 -0.0285886 -0.971411 -2.10051 0.00987191
31.0693 0.629592 -0.0285886 -0.971411 -2.12552 0.244662

31.0693 0.629593 -0.0702312 -0.929769 -2.12555 0.244662
31.0767 0.62904 -0.0702312 -0.929769 -2.11158 0.48521

31.0767 0.629042 -0.109181 -0.890819 -2.11163 0.485201
31.084 0.628144 -0.109181 -0.890819 -2.07814 0.721012

31.084 0.628147 -0.146111 -0.853889 -2.07823 0.720992
31.0913 0.626894 -0.146111 -0.853889 -2.0371 0.958287

31.0913 0.626898 -0.181358 -0.818642 -2.03717 0.958258
31.0986 0.625275 -0.181358 -0.818642 -1.95542 1.18846

31.0986 0.625274 -0.214176 -0.785824 -1.95535 1.18845
31.106 0.623278 -0.214176 -0.785824 -1.86065 1.36099

31.1133 0.620912 -0.244224 -0.755776 -1.77779 1.55378
31.1082 0.622559 -0.244224 -0.755776 -1.83921 1.4065

31.106 0.623274 -0.244224 -0.755776 -1.86048 1.36098
31.1082 0.622559 -0.244224 -0.755776 -1.83915 1.40616

31.1279 0.615068 -0.299712 -0.700288 -1.47437 1.95417
31.1275 0.615234 -0.299712 -0.700288 -1.4821 1.94866

31.1279 0.61504 -0.325456 -0.674544 -1.47304 1.95423
31.1353 0.611506 -0.325456 -0.674544 -1.34083 2.13083

31.1426 0.607628 -0.350697 -0.649303 -1.154 2.2492
31.1421 0.60791 -0.350697 -0.649303 -1.16414 2.24521

31.1353 0.611494 -0.350697 -0.649303 -1.34016 2.13077
31.1419 0.60791 -0.350697 -0.649303 -1.16353 2.24387

31.1133 0.620918 -0.273058 -0.726942 -1.77797 1.55373
31.1206 0.618166 -0.273058 -0.726942 -1.65121 1.79762

31.1206 0.618156 -0.299712 -0.700288 -1.65055 1.79758
31.1274 0.615234 -0.299712 -0.700288 -1.48207 1.94722

31.1572 0.598333 -0.398863 -0.601137 -0.816784 2.49224
31.1538 0.600586 -0.398863 -0.601137 -0.90505 2.43654

31.1426 0.607561 -0.375259 -0.624741 -1.15113 2.24914
31.1499 0.603161 -0.375259 -0.624741 -1.0129 2.35898

31.1499 0.603121 -0.398794 -0.601206 -1.01074 2.35875
31.1537 0.600586 -0.398794 -0.601206 -0.904985 2.43509

31.1646 0.593089 -0.425098 -0.574902 -0.6203 2.58738
31.1643 0.593262 -0.425098 -0.574902 -0.626448 2.58451

31.1572 0.598291 -0.420222 -0.579778 -0.815093 2.49243
31.1642 0.593262 -0.420222 -0.579778 -0.625561 2.58253

31.1646 0.593002 -0.441407 -0.558593 -0.616524 2.58729
31.1719 0.587214 -0.441407 -0.558593 -0.429683 2.65449

31.2305 0.519838 -0.614325 -0.385675 1.04387 2.65528
31.2304 0.52002 -0.614325 -0.385675 1.03971 2.65628

31.2303 0.52002 -0.598685 -0.401315 1.04013 2.65623
31.2254 0.527344 -0.598685 -0.401315 0.901944 2.686

31.1792 0.58092 -0.462637 -0.537363 -0.247062 2.69999
31.1734 0.585938 -0.462637 -0.537363 -0.38965 2.66049

31.1865 0.574092 -0.483256 -0.516744 -0.0529863 2.74299
31.1817 0.578613 -0.483256 -0.516744 -0.178857 2.7145

31.1792 0.580847 -0.47572 -0.52428 -0.243992 2.69943
31.1817 0.578613 -0.47572 -0.52428 -0.178532 2.71414

31.1938 0.566633 -0.508016 -0.491984 0.143014 2.75835
31.1893 0.571289 -0.508016 -0.491984 0.025553 2.75229

31.2012 0.5586 -0.527978 -0.472022 0.328787 2.75937
31.1964 0.563965 -0.527978 -0.472022 0.204502 2.76084

31.1938 0.566606 -0.51635 -0.48365 0.143975 2.75811
31.1963 0.563965 -0.51635 -0.48365 0.205269 2.76027

31.1865 0.574026 -0.4966 -0.5034 -0.0502942 2.74239
31.1893 0.571289 -0.4966 -0.5034 0.0260658 2.75179

31.2158 0.540651 -0.573357 -0.426643 0.702491 2.73537
31.2148 0.541992 -0.573357 -0.426643 0.677405 2.74195

31.2085 0.549978 -0.544081 -0.455919 0.509999 2.75489
31.2029 0.556641 -0.544081 -0.455919 0.367839 2.76053

31.2148 0.541992 -0.559605 -0.440395 0.677694 2.74191
31.209 0.549316 -0.559605 -0.440395 0.524224 2.75503

31.2085 0.549949 -0.551211 -0.448789 0.510888 2.75469
31.209 0.549316 -0.551211 -0.448789 0.524514 2.75482

31.2231 0.530553 -0.585848 -0.414152 0.863329 2.69022
31.2202 0.534668 -0.585848 -0.414152 0.795328 2.7123

31.2158 0.540585 -0.57349 -0.42651 0.704348 2.73496
31.2202 0.534668 -0.57349 -0.42651 0.795458 2.71231

31.2231 0.530526 -0.587996 -0.412004 0.863931 2.69
31.2254 0.527344 -0.587996 -0.412004 0.902406 2.68569

31.2012 0.558596 -0.53414 -0.46586 0.328925 2.75933
31.2029 0.556641 -0.53414 -0.46586 0.368337 2.76017

31.2451 0.495522 -0.642272 -0.357728 1.37808 2.49797
31.2437 0.498047 -0.642272 -0.357728 1.33571 2.51406

31.2524 0.481958 -0.660622 -0.339378 1.51985 2.40448
31.2517 0.483398 -0.660622 -0.339378 1.50217 2.41353

31.2591 0.46875 -0.669444 -0.330556 1.64631 2.31947
31.2554 0.476074 -0.669444 -0.330556 1.57129 2.37037

31.2524 0.481899 -0.660622 -0.339378 1.52093 2.40412
31.2554 0.476074 -0.660622 -0.339378 1.57138 2.37035

31.2517 0.483398 -0.651694 -0.348306 1.50242 2.41353
31.2478 0.490723 -0.651694 -0.348306 1.422 2.46671

31.2451 0.495464 -0.642272 -0.357728 1.37943 2.49763
31.2478 0.490723 -0.642272 -0.357728 1.42212 2.46668

31.2378 0.508054 -0.621162 -0.378838 1.19838 2.56731
31.235 0.512695 -0.621162 -0.378838 1.14999 2.61116

31.2437 0.498047 -0.631732 -0.368268 1.33584 2.51407
31.2394 0.505371 -0.631732 -0.368268 1.22672 2.55201

31.2378 0.50803 -0.6212 -0.3788 1.19883 2.56712
31.2394 0.505371 -0.6212 -0.3788 1.22692 2.55196

31.2305 0.51975 -0.610943 -0.389057 1.04651 2.65472
31.235 0.512695 -0.610943 -0.389057 1.15 2.61117

31.1719 0.587172 -0.454441 -0.545559 -0.427916 2.65421
31.1734 0.585938 -0.454441 -0.545559 -0.389521 2.66035

