5.6933 0 0.994852 -0.00514827 2.13081 0
5.69333 0.00732422 0.994852 -0.00514827 2.13644 -0.0209801

5.69333 0.00732422 0.984646 -0.0153535 2.13643 -0.02098
5.69345 0.0146484 0.984646 -0.0153535 2.15167 -0.0445574

5.69345 0.0146484 0.974612 -0.0253883 2.15167 -0.0445575
5.69364 0.0219727 0.974612 -0.0253883 2.17084 -0.0754099

5.69364 0.0219727 0.964926 -0.035074 2.17084 -0.0754106
5.69391 0.0292969 0.964926 -0.035074 2.18377 -0.112033

5.69391 0.0292969 0.955537 -0.0444625 2.18377 -0.112032
5.69425 0.0366211 0.955537 -0.0444625 2.18159 -0.147857

5.69425 0.0366211 0.946224 -0.0537763 2.18158 -0.147856
5.69466 0.0439453 0.946224 -0.0537763 2.16806 -0.177399

5.69466 0.0439453 0.936877 -0.0631233 2.16806 -0.177401
5.69515 0.0512695 0.936877 -0.0631233 2.15483 -0.19891

5.69515 0.0512695 0.927465 -0.0725347 2.15483 -0.198913
5.69573 0.0585938 0.927465 -0.0725347 2.14344 -0.214438

5.69573 0.0585938 0.918189 -0.0818112 2.14344 -0.214436
5.69638 0.065918 0.918189 -0.0818112 2.12612 -0.223663

5.69638 0.065918 0.909351 -0.0906491 2.12613 -0.223659
5.69711 0.0732422 0.909351 -0.0906491 2.10635 -0.229333

5.69711 0.0732422 0.900913 -0.0990868 2.10635 -0.229332
5.69792 0.0805664 0.900913 -0.0990868 2.09244 -0.234611

5.69792 0.0805664 0.892577 -0.107423 2.09243 -0.234613
5.69824 0.0832798 0.892577 -0.107423 2.08849 -0.236917

5.69824 0.083273 0.892577 -0.107423 2.0885 -0.23691
5.6988 0.0878906 0.892577 -0.107423 2.08716 -0.238734

5.6988 0.0878906 0.884424 -0.115576 2.08716 -0.238733
5.69976 0.0952148 0.884424 -0.115576 2.0902 -0.244234

5.69975 0.0952148 0.876445 -0.123555 2.09019 -0.244234
5.70079 0.102539 0.876445 -0.123555 2.09476 -0.257381

5.70077 0.102539 0.865004 -0.134996 2.09469 -0.257362
5.70306 0.117188 0.865004 -0.134996 2.10312 -0.287406

5.70305 0.117188 0.849971 -0.150029 2.10311 -0.287401
5.70564 0.131836 0.849971 -0.150029 2.11759 -0.326832

5.70565 0.131836 0.838689 -0.161311 2.11767 -0.326872
5.70706 0.13916 0.838689 -0.161311 2.12163 -0.348186

5.70706 0.13916 0.830668 -0.169332 2.12163 -0.348186
5.70856 0.146484 0.830668 -0.169332 2.11118 -0.37025

5.70856 0.146484 0.823018 -0.176982 2.11119 -0.370253
5.71013 0.153809 0.823018 -0.176982 2.10457 -0.393386

5.71013 0.153809 0.815732 -0.184268 2.10457 -0.393386
5.71179 0.161133 0.815732 -0.184268 2.0922 -0.409251

5.71179 0.161133 0.808941 -0.191059 2.09221 -0.409252
5.71289 0.1658 0.808941 -0.191059 2.0758 -0.414848

5.71289 0.165788 0.808941 -0.191059 2.07583 -0.414846
5.71352 0.168457 0.808941 -0.191059 2.07153 -0.415509

5.71352 0.168457 0.802032 -0.197968 2.07152 -0.415506
5.71532 0.175781 0.802032 -0.197968 2.06431 -0.423677

5.71532 0.175781 0.794018 -0.205982 2.0643 -0.423677
5.71722 0.183105 0.794018 -0.205982 2.05417 -0.448555

5.71722 0.183105 0.785573 -0.214427 2.05417 -0.448556
5.71922 0.19043 0.785573 -0.214427 2.03375 -0.47539

5.71922 0.19043 0.777774 -0.222226 2.03375 -0.475389
5.72021 0.193915 0.777774 -0.222226 2.02285 -0.486207

5.72021 0.193895 0.777774 -0.222226 2.02293 -0.48617
5.72132 0.197754 0.777774 -0.222226 2.01733 -0.497152

5.72132 0.197754 0.770927 -0.229073 2.01733 -0.49715
5.72349 0.205078 0.770927 -0.229073 2.0075 -0.50826

5.72347 0.205078 0.760103 -0.239897 2.00738 -0.508202
5.72754 0.217986 0.760103 -0.239897 1.98643 -0.538403

5.72754 0.217965 0.760103 -0.239897 1.9865 -0.538366
5.72809 0.219727 0.760103 -0.239897 1.98693 -0.544966

5.72812 0.219727 0.749675 -0.250325 1.98705 -0.545035
5.73056 0.227051 0.749675 -0.250325 1.96866 -0.564101

5.73056 0.227051 0.743617 -0.256383 1.96866 -0.564098
5.73309 0.234375 0.743617 -0.256383 1.95369 -0.579554

5.73308 0.234375 0.737147 -0.262853 1.95367 -0.579538
5.73486 0.239365 0.737147 -0.262853 1.9509 -0.596793

5.73486 0.239351 0.737147 -0.262853 1.95098 -0.596772
5.7357 0.241699 0.737147 -0.262853 1.94068 -0.603815

5.7357 0.241699 0.730237 -0.269763 1.94066 -0.603796
5.7384 0.249023 0.730237 -0.269763 1.92773 -0.626941

5.7384 0.249023 0.722571 -0.277429 1.9277 -0.626922
5.74121 0.256348 0.722571 -0.277429 1.91065 -0.648428

5.74121 0.256348 0.715353 -0.284647 1.91064 -0.648421
5.74219 0.258813 0.715353 -0.284647 1.90304 -0.654724

5.74219 0.258732 0.719141 -0.280859 1.90339 -0.654612
5.74412 0.263672 0.719141 -0.280859 1.88219 -0.66424

5.74413 0.263672 0.70876 -0.29124 1.88222 -0.664266
5.74714 0.270996 0.70876 -0.29124 1.87173 -0.682321

5.74714 0.270996 0.702135 -0.297865 1.87174 -0.682333
5.74951 0.27659 0.702135 -0.297865 1.86594 -0.702533

5.74951 0.27659 0.702135 -0.297865 1.86594 -0.702533
5.75025 0.27832 0.702135 -0.297865 1.85092 -0.703926

5.75021 0.27832 0.691328 -0.308672 1.85079 -0.703834
5.75675 0.292969 0.691328 -0.308672 1.80964 -0.736015

5.75676 0.292969 0.680565 -0.319435 1.80966 -0.73603
5.75684 0.293137 0.680565 -0.319435 1.80937 -0.736334

5.75684 0.293098 0.680565 -0.319435 1.80951 -0.736308
5.76021 0.300293 0.680565 -0.319435 1.79127 -0.753496

5.76021 0.300293 0.672897 -0.327103 1.79126 -0.753492
5.76377 0.307617 0.672897 -0.327103 1.76154 -0.771549

5.76376 0.307617 0.665529 -0.334471 1.76148 -0.771516
5.76416 0.308421 0.665529 -0.334471 1.75846 -0.773289

5.76416 0.308381 0.665529 -0.334471 1.75868 -0.773243
5.76746 0.314941 0.665529 -0.334471 1.74727 -0.791228

5.76745 0.314941 0.658346 -0.341654 1.74724 -0.791219
5.77125 0.322266 0.658346 -0.341654 1.72151 -0.818831

5.77123 0.322266 0.65168 -0.34832 1.72142 -0.818741
5.77148 0.322747 0.65168 -0.34832 1.7186 -0.820316

5.77148 0.322693 0.651026 -0.348974 1.71902 -0.820238
5.77518 0.32959 0.651026 -0.348974 1.69222 -0.841082

5.77518 0.32959 0.643644 -0.356356 1.69221 -0.841062
5.77881 0.336148 0.643644 -0.356356 1.65589 -0.865044

5.77881 0.336141 0.643884 -0.356116 1.65596 -0.865037
5.77924 0.336914 0.643884 -0.356116 1.65071 -0.867372

5.77923 0.336914 0.635991 -0.364009 1.65069 -0.86735
5.78342 0.344238 0.635991 -0.364009 1.62261 -0.895174

5.78341 0.344238 0.6282 -0.3718 1.62259 -0.895123
5.78613 0.348831 0.6282 -0.3718 1.60296 -0.919189

5.78613 0.348797 0.6282 -0.3718 1.60321 -0.91915
5.78777 0.351562 0.6282 -0.3718 1.58932 -0.930069

5.78775 0.351562 0.620227 -0.379773 1.58926 -0.929996
5.79224 0.358887 0.620227 -0.379773 1.54794 -0.967214

5.79221 0.358887 0.6143 -0.3857 1.54783 -0.967
5.79346 0.360871 0.6143 -0.3857 1.53183 -0.981218

5.79346 0.360791 0.612102 -0.387898 1.53266 -0.981035
5.79689 0.366211 0.612102 -0.387898 1.50413 -1.01556

5.79688 0.366211 0.604252 -0.395748 1.50406 -1.01548
5.80078 0.37217 0.604252 -0.395748 1.45095 -1.03353

5.80078 0.372139 0.608489 -0.391511 1.45139 -1.03353
5.80168 0.373535 0.608489 -0.391511 1.43334 -1.0368

5.80167 0.373535 0.595882 -0.404118 1.43332 -1.03676
5.80664 0.380859 0.595882 -0.404118 1.3722 -1.06038

5.80663 0.380859 0.593796 -0.406204 1.3722 -1.06037
5.80811 0.38301 0.593796 -0.406204 1.36142 -1.06932

5.80811 0.382928 0.587437 -0.412563 1.36204 -1.06927
5.8118 0.388184 0.587437 -0.412563 1.34675 -1.09932

5.81178 0.388184 0.579639 -0.420361 1.34668 -1.09913
5.81543 0.393221 0.579639 -0.420361 1.32425 -1.14052

5.81543 0.393165 0.583847 -0.416153 1.32493 -1.14048
5.8171 0.395508 0.583847 -0.416153 1.30247 -1.15534

5.81708 0.395508 0.570703 -0.429297 1.30241 -1.1552
5.82259 0.402832 0.570703 -0.429297 1.22769 -1.18603

5.82254 0.402832 0.566451 -0.433549 1.2276 -1.18574
5.82275 0.403116 0.566451 -0.433549 1.22426 -1.18675

5.82275 0.403031 0.561246 -0.438754 1.22537 -1.18679
5.82832 0.410156 0.561246 -0.438754 1.17095 -1.21659

5.82828 0.410156 0.55528 -0.44472 1.17084 -1.21629
5.83008 0.412407 0.55528 -0.44472 1.14953 -1.2308

5.83008 0.412295 0.55246 -0.44754 1.15047 -1.23076
5.83428 0.41748 0.55246 -0.44754 1.10699 -1.25429

5.83427 0.41748 0.548722 -0.451278 1.10698 -1.25421
5.8374 0.421292 0.548722 -0.451278 1.06549 -1.26903

5.8374 0.421193 0.545076 -0.454924 1.06645 -1.26924
5.84042 0.424805 0.545076 -0.454924 1.03196 -1.28638

5.84043 0.424805 0.53588 -0.46412 1.03196 -1.28646
5.84473 0.429769 0.53588 -0.46412 0.987972 -1.30752

5.84473 0.42971 0.531193 -0.468807 0.988604 -1.30773
5.84686 0.432129 0.531193 -0.468807 0.961468 -1.31575

5.84685 0.432129 0.523904 -0.476096 0.961474 -1.31564
5.85205 0.437855 0.523904 -0.476096 0.899459 -1.323

5.85205 0.437827 0.518959 -0.481041 0.899691 -1.32311
5.85356 0.439453 0.518959 -0.481041 0.885013 -1.32552

5.85355 0.439453 0.513244 -0.486756 0.885017 -1.32548
5.85938 0.445594 0.513244 -0.486756 1e+30 1e+30

