28.6396 0 0.984857 -0.0151433 2.7567 0
28.64 0.0292969 0.984857 -0.0151433 2.75864 -0.0228364

28.64 0.0292969 0.955325 -0.0446746 2.75863 -0.0228338
28.6414 0.0585938 0.955325 -0.0446746 2.75986 -0.0456188

28.6414 0.0585938 0.926699 -0.0733015 2.75985 -0.0456167
28.6437 0.0878906 0.926699 -0.0733015 2.75869 -0.0688232

28.6437 0.0878906 0.899591 -0.100409 2.7587 -0.0688245
28.647 0.117188 0.899591 -0.100409 2.7599 -0.0912607

28.647 0.117188 0.880465 -0.119535 2.75998 -0.0913101
28.649 0.131836 0.880465 -0.119535 2.75687 -0.101325

28.649 0.131836 0.868456 -0.131544 2.75686 -0.101322
28.6512 0.146484 0.868456 -0.131544 2.75315 -0.110173

28.6512 0.146484 0.856167 -0.143833 2.75314 -0.110169
28.6523 0.153136 0.856167 -0.143833 2.75334 -0.113727

28.6523 0.153128 0.856167 -0.143833 2.75334 -0.113724
28.6537 0.161133 0.856167 -0.143833 2.74954 -0.119027

28.6537 0.161133 0.843951 -0.156049 2.74954 -0.119027
28.6564 0.175781 0.843951 -0.156049 2.74272 -0.129411

28.6564 0.175781 0.832127 -0.167873 2.74272 -0.129411
28.6594 0.19043 0.832127 -0.167873 2.73577 -0.139946

28.6593 0.19043 0.820112 -0.179888 2.73577 -0.139941
28.6626 0.205078 0.820112 -0.179888 2.72838 -0.151843

28.6626 0.205078 0.80803 -0.19197 2.72838 -0.151844
28.666 0.219727 0.80803 -0.19197 2.72941 -0.165765

28.6661 0.219727 0.79933 -0.20067 2.72945 -0.16578
28.667 0.223446 0.79933 -0.20067 2.73691 -0.168785

28.667 0.223439 0.79933 -0.20067 2.73695 -0.168776
28.6679 0.227051 0.79933 -0.20067 2.72094 -0.173099

28.6679 0.227051 0.793556 -0.206444 2.72093 -0.173098
28.6698 0.234375 0.793556 -0.206444 2.70169 -0.178709

28.6698 0.234375 0.78791 -0.21209 2.70169 -0.178711
28.6718 0.241699 0.78791 -0.21209 2.70196 -0.183512

28.6718 0.241699 0.78264 -0.21736 2.70196 -0.18351
28.6738 0.249023 0.78264 -0.21736 2.69927 -0.191259

28.6738 0.249023 0.777227 -0.222773 2.69927 -0.191255
28.6743 0.250803 0.777227 -0.222773 2.69756 -0.193241

28.6743 0.250795 0.777227 -0.222773 2.69757 -0.193237
28.6759 0.256348 0.777227 -0.222773 2.69433 -0.197887

28.6759 0.256348 0.77182 -0.22818 2.69433 -0.197886
28.6781 0.263672 0.77182 -0.22818 2.69563 -0.205341

28.6781 0.263672 0.766486 -0.233514 2.69563 -0.205342
28.6803 0.270996 0.766486 -0.233514 2.69069 -0.220061

28.6803 0.270996 0.761181 -0.238819 2.69069 -0.220056
28.6816 0.275261 0.761181 -0.238819 2.68435 -0.226816

28.6816 0.275252 0.761181 -0.238819 2.68437 -0.226809
28.6826 0.27832 0.761181 -0.238819 2.67823 -0.230882

28.6826 0.27832 0.755691 -0.244309 2.67823 -0.230877
28.685 0.285645 0.755691 -0.244309 2.66947 -0.241102

28.685 0.285645 0.750007 -0.249993 2.66947 -0.241101
28.6874 0.292969 0.750007 -0.249993 2.66299 -0.261201

28.6874 0.292969 0.744369 -0.255631 2.66299 -0.261198
28.689 0.297501 0.744369 -0.255631 2.6581 -0.271932

28.689 0.297494 0.744369 -0.255631 2.65811 -0.271926
28.6899 0.300293 0.744369 -0.255631 2.65461 -0.277485

28.6899 0.300293 0.738884 -0.261116 2.65461 -0.277479
28.6925 0.307617 0.738884 -0.261116 2.65328 -0.291468

28.6925 0.307617 0.733468 -0.266532 2.65328 -0.291468
28.6952 0.314941 0.733468 -0.266532 2.64587 -0.311778

28.6952 0.314941 0.72819 -0.27181 2.64587 -0.311766
28.6963 0.317935 0.72819 -0.27181 2.63926 -0.318604

28.6963 0.31792 0.72819 -0.27181 2.6393 -0.318592
28.6979 0.322266 0.72819 -0.27181 2.63138 -0.327823

28.6979 0.322266 0.722818 -0.277182 2.63137 -0.327811
28.7007 0.32959 0.722818 -0.277182 2.62599 -0.349474

28.7007 0.32959 0.717244 -0.282756 2.62599 -0.349472
28.7036 0.336914 0.717244 -0.282756 2.61158 -0.377594

28.7036 0.336914 0.711794 -0.288206 2.61156 -0.377535
28.7036 0.336968 0.711794 -0.288206 2.6114 -0.377715

28.7036 0.336938 0.711794 -0.288206 2.61151 -0.377679
28.7066 0.344238 0.711794 -0.288206 2.60036 -0.399952

28.7066 0.344238 0.706292 -0.293708 2.60036 -0.399946
28.7096 0.351562 0.706292 -0.293708 2.5851 -0.426837

28.7096 0.351562 0.700854 -0.299146 2.5851 -0.426814
28.7109 0.354675 0.700854 -0.299146 2.57366 -0.436632

28.7109 0.354653 0.700854 -0.299146 2.57375 -0.436615
28.7127 0.358887 0.700854 -0.299146 2.56254 -0.449539

28.7127 0.358887 0.695327 -0.304673 2.56252 -0.449512
28.7159 0.366211 0.695327 -0.304673 2.55014 -0.479874

28.7159 0.366211 0.68971 -0.31029 2.55014 -0.47987
28.7183 0.371357 0.68971 -0.31029 2.53622 -0.503863

28.7183 0.371343 0.68971 -0.31029 2.53629 -0.503845
28.7192 0.373535 0.68971 -0.31029 2.52752 -0.512363

28.7192 0.373535 0.684192 -0.315808 2.52751 -0.512332
28.7226 0.380859 0.684192 -0.315808 2.51216 -0.54233

28.7226 0.380859 0.678623 -0.321377 2.51216 -0.542327
28.7256 0.387116 0.678623 -0.321377 2.48833 -0.572665

28.7256 0.38711 0.678623 -0.321377 2.48838 -0.572657
28.7261 0.388184 0.678623 -0.321377 2.48143 -0.576886

28.7261 0.388184 0.673138 -0.326862 2.48142 -0.576869
28.7296 0.395508 0.673138 -0.326862 2.45792 -0.605671

28.7296 0.395508 0.667472 -0.332528 2.45792 -0.605648
28.7329 0.40206 0.667472 -0.332528 2.43138 -0.64031

28.7329 0.402056 0.667472 -0.332528 2.43141 -0.640308
28.7333 0.402832 0.667472 -0.332528 2.42638 -0.643261

28.7333 0.402832 0.661557 -0.338443 2.42638 -0.643242
28.737 0.410156 0.661557 -0.338443 2.40545 -0.674045

28.737 0.410156 0.655517 -0.344483 2.40544 -0.674018
28.7402 0.416237 0.655517 -0.344483 2.3828 -0.71594

28.7402 0.416224 0.655517 -0.344483 2.38291 -0.715929
28.7409 0.41748 0.655517 -0.344483 2.37376 -0.722577

28.7409 0.41748 0.649365 -0.350635 2.37374 -0.722524
28.7448 0.424805 0.649365 -0.350635 2.34452 -0.761525

28.7448 0.424805 0.643451 -0.356549 2.34452 -0.761495
28.7476 0.42971 0.643451 -0.356549 2.32374 -0.79434

28.7476 0.429686 0.643451 -0.356549 2.32396 -0.794305
28.7489 0.432129 0.643451 -0.356549 2.30608 -0.807803

28.7489 0.432129 0.637235 -0.362765 2.30603 -0.807695
28.7531 0.439453 0.637235 -0.362765 2.26359 -0.856517

28.7531 0.439453 0.630952 -0.369048 2.26357 -0.856366
28.7549 0.442578 0.630952 -0.369048 2.24457 -0.881366

28.7549 0.44253 0.630952 -0.369048 2.24492 -0.881321
28.7574 0.446777 0.630952 -0.369048 2.22969 -0.91605

28.7573 0.446777 0.624372 -0.375628 2.22957 -0.915877
28.7618 0.454102 0.624372 -0.375628 2.16855 -0.978749

28.7617 0.454102 0.623362 -0.376638 2.1685 -0.978367
28.7622 0.45491 0.623362 -0.376638 2.15768 -0.983887

28.7622 0.454819 0.617534 -0.382466 2.15899 -0.98386
28.7663 0.461426 0.617534 -0.382466 2.1127 -1.03247

28.7663 0.461426 0.611199 -0.388801 2.11268 -1.03227
28.7695 0.466527 0.611199 -0.388801 2.07792 -1.08745

28.7695 0.466487 0.611887 -0.388113 2.0785 -1.08741
28.771 0.46875 0.611887 -0.388113 1e+30 1e+30

