13.1293 0 0.996185 -0.00381478 2.68348 0
13.1293 0.00732422 0.996185 -0.00381478 2.69085 -0.0197592

13.1293 0.00732422 0.988724 -0.0112765 2.69085 -0.0197588
13.1294 0.0146484 0.988724 -0.0112765 2.69419 -0.0389423

13.1294 0.0146484 0.981617 -0.0183829 2.69419 -0.0389402
13.1295 0.0219727 0.981617 -0.0183829 2.67475 -0.0468623

13.1295 0.0219727 0.97461 -0.0253903 2.67475 -0.0468649
13.1297 0.0292969 0.97461 -0.0253903 2.651 -0.0413571

13.1297 0.0292969 0.966814 -0.0331864 2.651 -0.0413649
13.13 0.0366211 0.966814 -0.0331864 2.64497 -0.0403524

13.13 0.0366211 0.958197 -0.0418028 2.64497 -0.0403548
13.1303 0.0439453 0.958197 -0.0418028 2.64657 -0.0459591

13.1303 0.0439453 0.950064 -0.0499364 2.64657 -0.0459511
13.1307 0.0512695 0.950064 -0.0499364 2.64345 -0.050358

13.1307 0.0512695 0.942736 -0.0572645 2.64345 -0.0503563
13.1311 0.0585938 0.942736 -0.0572645 2.63781 -0.0572556

13.1311 0.0585938 0.93568 -0.0643202 2.63781 -0.0572552
13.1316 0.065918 0.93568 -0.0643202 2.62837 -0.0651488

13.1316 0.065918 0.928638 -0.0713621 2.62837 -0.0651492
13.1322 0.0732422 0.928638 -0.0713621 2.62141 -0.0731019

13.1322 0.0732422 0.921486 -0.0785142 2.62141 -0.0731014
13.1323 0.0750714 0.921486 -0.0785142 2.62097 -0.0753717

13.1323 0.0750727 0.921486 -0.0785142 2.62097 -0.0753731
13.1328 0.0805664 0.921486 -0.0785142 2.62353 -0.0850807

13.1328 0.0805664 0.914425 -0.0855755 2.62353 -0.085082
13.1335 0.0878906 0.914425 -0.0855755 2.62638 -0.0976731

13.1335 0.0878906 0.907341 -0.0926588 2.62638 -0.0976689
13.1342 0.0952148 0.907341 -0.0926588 2.6252 -0.104615

13.1342 0.0952148 0.900409 -0.0995915 2.6252 -0.10462
13.135 0.102539 0.900409 -0.0995915 2.62319 -0.0999408

13.135 0.102539 0.890091 -0.109909 2.62317 -0.0999258
13.1368 0.117188 0.890091 -0.109909 2.6171 -0.102962

13.1368 0.117188 0.879865 -0.120135 2.61711 -0.102986
13.1378 0.124512 0.879865 -0.120135 2.61673 -0.105049

13.1378 0.124512 0.872682 -0.127318 2.61673 -0.105049
13.1389 0.131836 0.872682 -0.127318 2.62257 -0.112129

13.1389 0.131836 0.86572 -0.13428 2.62257 -0.112131
13.1396 0.136591 0.86572 -0.13428 2.62493 -0.116947

13.1396 0.136592 0.86572 -0.13428 2.62493 -0.116947
13.14 0.13916 0.86572 -0.13428 2.62131 -0.118851

13.14 0.13916 0.859443 -0.140557 2.62132 -0.118855
13.1412 0.146484 0.859443 -0.140557 2.61564 -0.122202

13.1412 0.146484 0.853566 -0.146434 2.61564 -0.122201
13.1425 0.153809 0.853566 -0.146434 2.61793 -0.126831

13.1425 0.153809 0.847111 -0.152889 2.61792 -0.126829
13.1438 0.161133 0.847111 -0.152889 2.61495 -0.135681

13.1438 0.161133 0.840554 -0.159446 2.61495 -0.135687
13.1452 0.168457 0.840554 -0.159446 2.61311 -0.146697

13.1452 0.168457 0.834439 -0.165561 2.61311 -0.146697
13.1467 0.175781 0.834439 -0.165561 2.61059 -0.156701

13.1467 0.175781 0.828218 -0.171782 2.61059 -0.156697
13.147 0.177273 0.828218 -0.171782 2.60869 -0.157974

13.147 0.177262 0.828218 -0.171782 2.6087 -0.157967
13.1482 0.183105 0.828218 -0.171782 2.59935 -0.162271

13.1482 0.183105 0.821892 -0.178108 2.59935 -0.162271
13.1498 0.19043 0.821892 -0.178108 2.58924 -0.168782

13.1498 0.19043 0.815699 -0.184301 2.58924 -0.168782
13.1514 0.197754 0.815699 -0.184301 2.59069 -0.183588

13.1514 0.197754 0.809175 -0.190825 2.59068 -0.183577
13.1532 0.205078 0.809175 -0.190825 2.59368 -0.203479

13.1531 0.205078 0.802996 -0.197004 2.59367 -0.203461
13.1543 0.209766 0.802996 -0.197004 2.59092 -0.216137

13.1543 0.209673 0.802996 -0.197004 2.59102 -0.216029
13.155 0.212402 0.802996 -0.197004 2.58965 -0.221934

13.155 0.212402 0.798332 -0.201668 2.58963 -0.221892
13.1568 0.219727 0.798332 -0.201668 2.59416 -0.23775

13.1568 0.219727 0.793211 -0.206789 2.59413 -0.237727
13.1587 0.227051 0.793211 -0.206789 2.59122 -0.255478

13.1587 0.227051 0.786912 -0.213088 2.59122 -0.255478
13.1607 0.234375 0.786912 -0.213088 2.57413 -0.270084

13.1607 0.234375 0.780704 -0.219296 2.57413 -0.270082
13.1616 0.237689 0.780704 -0.219296 2.56864 -0.273323

13.1616 0.237678 0.780704 -0.219296 2.56866 -0.273318
13.1628 0.241699 0.780704 -0.219296 2.56137 -0.278383

13.1627 0.241699 0.774512 -0.225488 2.56137 -0.278381
13.1649 0.249023 0.774512 -0.225488 2.55307 -0.287148

13.1649 0.249023 0.768189 -0.231811 2.55307 -0.287147
13.1671 0.256348 0.768189 -0.231811 2.55433 -0.305372

13.1671 0.256348 0.761743 -0.238257 2.55433 -0.305365
13.1689 0.262282 0.761743 -0.238257 2.55095 -0.330266

13.1689 0.262258 0.764902 -0.235098 2.55097 -0.330228
13.1694 0.263672 0.764902 -0.235098 2.55537 -0.331011

13.1694 0.263672 0.755431 -0.244569 2.55537 -0.33102
13.1718 0.270996 0.755431 -0.244569 2.56264 -0.36628

13.1718 0.270996 0.74959 -0.25041 2.56264 -0.366289
13.1742 0.27832 0.74959 -0.25041 2.54085 -0.384986

13.1742 0.27832 0.745011 -0.254989 2.54086 -0.384954
13.1763 0.284348 0.745011 -0.254989 2.49674 -0.37959

13.1763 0.284338 0.745011 -0.254989 2.49683 -0.379577
13.1767 0.285645 0.745011 -0.254989 2.48529 -0.378402

13.1767 0.285645 0.741606 -0.258394 2.48529 -0.378411
13.1793 0.292969 0.741606 -0.258394 2.42744 -0.370881

13.1793 0.292969 0.737714 -0.262286 2.42744 -0.3709
13.1819 0.300293 0.737714 -0.262286 2.40858 -0.379412

13.1819 0.300293 0.731412 -0.268588 2.40857 -0.379324
13.1836 0.305028 0.731412 -0.268588 2.42198 -0.391552

13.1836 0.305032 0.731412 -0.268588 2.42201 -0.391552
13.1845 0.307617 0.731412 -0.268588 2.4436 -0.398097

13.1845 0.307617 0.723062 -0.276938 2.44359 -0.398082
13.1873 0.314941 0.723062 -0.276938 2.50521 -0.422822

13.1874 0.314941 0.714998 -0.285002 2.50521 -0.422868
13.1903 0.322266 0.714998 -0.285002 2.49466 -0.477084

13.1903 0.322266 0.709551 -0.290449 2.49463 -0.477028
13.1909 0.323868 0.709551 -0.290449 2.48114 -0.488325

13.1909 0.323801 0.709551 -0.290449 2.48181 -0.488054
13.1933 0.32959 0.709551 -0.290449 2.44656 -0.523254

13.1933 0.32959 0.705184 -0.294816 2.44648 -0.523174
13.1963 0.336914 0.705184 -0.294816 2.409 -0.551747

13.1963 0.336914 0.6996 -0.3004 2.40899 -0.551734
13.1982 0.34136 0.6996 -0.3004 2.39084 -0.556784

13.1982 0.341355 0.6996 -0.3004 2.39084 -0.556783
13.1995 0.344238 0.6996 -0.3004 2.39407 -0.560941

13.1995 0.344238 0.693534 -0.306466 2.39407 -0.560932
13.2027 0.351562 0.693534 -0.306466 2.39688 -0.589166

13.2027 0.351562 0.687514 -0.312486 2.39688 -0.58917
13.2056 0.357837 0.687514 -0.312486 2.36679 -0.629364

13.2056 0.357828 0.687514 -0.312486 2.36689 -0.629335
13.206 0.358887 0.687514 -0.312486 2.35772 -0.635379

13.206 0.358887 0.681803 -0.318197 2.35771 -0.635362
13.2095 0.366211 0.681803 -0.318197 2.3259 -0.668988

13.2095 0.366211 0.675882 -0.324118 2.32589 -0.668966
13.2129 0.373365 0.675882 -0.324118 2.29937 -0.698715

13.2129 0.373361 0.675882 -0.324118 2.2994 -0.698713
13.213 0.373535 0.675882 -0.324118 2.29844 -0.699321

13.213 0.373535 0.669882 -0.330118 2.29844 -0.699319
13.2166 0.380859 0.669882 -0.330118 2.27581 -0.728889

13.2166 0.380859 0.663967 -0.336033 2.2758 -0.728875
13.2202 0.388039 0.663967 -0.336033 2.23965 -0.763874

13.2202 0.388033 0.663967 -0.336033 2.2397 -0.763867
13.2203 0.388184 0.663967 -0.336033 2.23856 -0.764447

13.2203 0.388184 0.657804 -0.342196 2.23855 -0.764426
13.2241 0.395508 0.657804 -0.342196 2.21336 -0.794668

13.2241 0.395508 0.651468 -0.348532 2.21335 -0.794652
13.2275 0.401945 0.651468 -0.348532 2.1912 -0.835829

13.2275 0.401938 0.651468 -0.348532 2.19126 -0.835815
13.228 0.402832 0.651468 -0.348532 2.18552 -0.840447

13.228 0.402832 0.645147 -0.354853 2.1855 -0.84043
13.232 0.410156 0.645147 -0.354853 2.15712 -0.867815

13.232 0.410156 0.638948 -0.361052 2.15712 -0.867805
13.2349 0.415151 0.638948 -0.361052 2.13639 -0.880175

13.2349 0.41514 0.638948 -0.361052 2.13645 -0.880158
13.2362 0.41748 0.638948 -0.361052 2.12861 -0.883657

13.2362 0.41748 0.63244 -0.36756 2.12857 -0.883657
13.2404 0.424805 0.63244 -0.36756 2.09698 -0.898556

13.2404 0.424805 0.625783 -0.374217 2.09697 -0.898495
13.2422 0.427753 0.625783 -0.374217 1e+30 1e+30

