7.49283 0.351562 0.649743 -0.350257 1.96415 -0.727397
7.49678 0.358887 0.649743 -0.350257 1.93037 -0.823533

7.49678 0.358887 0.643279 -0.356721 1.93038 -0.823543
7.5 0.364698 0.643279 -0.356721 1.88057 -0.906407

7.5 0.364673 0.643279 -0.356721 1.88093 -0.906348
7.50085 0.366211 0.643279 -0.356721 1.86648 -0.912777

7.50084 0.366211 0.637279 -0.362721 1.86637 -0.912737
7.50501 0.373535 0.637279 -0.362721 1.82184 -0.964381

7.505 0.373535 0.630589 -0.369411 1.82177 -0.964319
7.50732 0.377508 0.630589 -0.369411 1.80407 -0.990963

7.50732 0.377484 0.630589 -0.369411 1.80426 -0.99093
7.5093 0.380859 0.630589 -0.369411 1.78862 -1.003

7.50929 0.380859 0.622633 -0.377367 1.78853 -1.00295
7.51373 0.388184 0.622633 -0.377367 1.72177 -1.02031

7.51372 0.388184 0.618421 -0.381579 1.72176 -1.0203
7.51465 0.389689 0.618421 -0.381579 1.70066 -1.01958

7.51465 0.38963 0.61539 -0.38461 1.70152 -1.01967
7.51832 0.395508 0.61539 -0.38461 1.71262 -1.04427

7.51831 0.395508 0.609831 -0.390169 1.71258 -1.0441
7.52197 0.401225 0.609831 -0.390169 1.73019 -1.15979

7.52197 0.401189 0.612264 -0.387736 1.73074 -1.15964
7.52301 0.402832 0.612264 -0.387736 1.71244 -1.1848

7.52299 0.402832 0.603115 -0.396885 1.71229 -1.18439
7.52781 0.410156 0.603115 -0.396885 1.61108 -1.24542

7.52778 0.410156 0.598159 -0.401841 1.61106 -1.24517
7.5293 0.41242 0.598159 -0.401841 1.56738 -1.25491

7.5293 0.412334 0.593275 -0.406725 1.56907 -1.25497
7.53282 0.41748 0.593275 -0.406725 1.47925 -1.2697

7.53282 0.41748 0.582819 -0.417181 1.47925 -1.26963
7.53662 0.422797 0.582819 -0.417181 1.40519 -1.25993

7.53662 0.422758 0.586528 -0.413472 1.4055 -1.26
7.53806 0.424805 0.586528 -0.413472 1.39154 -1.26072

7.53806 0.424805 0.573262 -0.426738 1.39154 -1.26071
7.54351 0.432129 0.573262 -0.426738 1.34243 -1.29014

7.54346 0.432129 0.569541 -0.430459 1.34233 -1.28977
7.54395 0.432766 0.569541 -0.430459 1.33746 -1.29292

7.54395 0.43267 0.564693 -0.435307 1.33834 -1.293
7.54917 0.439453 0.564693 -0.435307 1.29692 -1.34034

7.54915 0.439453 0.56222 -0.43778 1.29687 -1.33994
7.55127 0.442181 0.56222 -0.43778 1.28146 -1.36888

7.55127 0.442064 0.557275 -0.442725 1.28231 -1.36891
7.55501 0.446777 0.557275 -0.442725 1.23619 -1.41025

7.55499 0.446777 0.551286 -0.448714 1.23619 -1.41004
7.55859 0.451201 0.551286 -0.448714 1.17921 -1.43159

7.55859 0.451119 0.549485 -0.450515 1.18019 -1.43194
7.56104 0.454102 0.549485 -0.450515 1.1398 -1.44554

7.56101 0.454102 0.538574 -0.461426 1.13985 -1.44527
7.56592 0.459826 0.538574 -0.461426 1.0699 -1.46265

7.56592 0.459801 0.535667 -0.464333 1.07014 -1.46278
7.56733 0.461426 0.535667 -0.464333 1.05156 -1.46742

7.5673 0.461426 0.527333 -0.472667 1.05162 -1.46717
7.57324 0.468054 0.527333 -0.472667 0.989986 -1.49075

7.57324 0.468049 0.523275 -0.476725 0.990008 -1.49077
7.57388 0.46875 0.523275 -0.476725 1e+30 1e+30

