3.87451 0.468316 -0.295088 -0.704912 -0.0889196 0.40537
3.87348 0.46875 -0.295088 -0.704912 -0.0904676 0.405459

3.87451 0.468272 -0.304633 -0.695367 -0.0886228 0.405359
3.88184 0.465063 -0.304633 -0.695367 -0.0765434 0.421893

3.88184 0.465064 -0.314106 -0.685894 -0.0765468 0.421894
3.88916 0.46171 -0.314106 -0.685894 -0.0595149 0.427122

3.89648 0.458209 -0.32349 -0.67651 -0.0477884 0.438579
3.88976 0.461426 -0.32349 -0.67651 -0.0588301 0.426496

3.88916 0.461706 -0.32349 -0.67651 -0.0594879 0.427117
3.88975 0.461426 -0.32349 -0.67651 -0.0588071 0.426502

3.91113 0.450744 -0.342324 -0.657676 -0.0179977 0.457221
3.90468 0.454102 -0.342324 -0.657676 -0.0307101 0.445331

3.89648 0.45821 -0.332903 -0.667097 -0.0477934 0.438578
3.90381 0.454555 -0.332903 -0.667097 -0.0318863 0.446025

3.90381 0.454548 -0.342324 -0.657676 -0.0318436 0.446019
3.90467 0.454102 -0.342324 -0.657676 -0.0306785 0.445337

3.91113 0.450744 -0.351692 -0.648308 -0.0179973 0.457221
3.91845 0.446777 -0.351692 -0.648308 -0.00194869 0.462502

3.91846 0.446773 -0.361114 -0.638886 -0.00194476 0.462489
3.92578 0.442633 -0.361114 -0.638886 0.00937837 0.468212

3.97705 0.408636 -0.424112 -0.575888 0.134958 0.520419
3.97499 0.410156 -0.424112 -0.575888 0.128109 0.518635

3.97705 0.408576 -0.43615 -0.56385 0.135309 0.520431
3.98438 0.402911 -0.43615 -0.56385 0.152641 0.519079

3.93311 0.438377 -0.370567 -0.629433 0.0290319 0.478744
3.93128 0.439453 -0.370567 -0.629433 0.0249756 0.477921

3.93311 0.438323 -0.37998 -0.62002 0.0293527 0.47874
3.94043 0.433835 -0.37998 -0.62002 0.0436134 0.484487

3.95508 0.424403 -0.395207 -0.604793 0.0817252 0.502078
3.95446 0.424805 -0.395207 -0.604793 0.0804269 0.502662

3.94775 0.429177 -0.389338 -0.610662 0.0616476 0.497369
3.94312 0.432129 -0.389338 -0.610662 0.0496477 0.48714

3.94043 0.433815 -0.388908 -0.611092 0.0437515 0.484463
3.94308 0.432129 -0.388908 -0.611092 0.049745 0.487062

3.94775 0.429158 -0.398605 -0.601395 0.0617547 0.497378
3.95432 0.424805 -0.398605 -0.601395 0.0806981 0.502717

3.92578 0.442615 -0.370567 -0.629433 0.00951583 0.468202
3.93115 0.439453 -0.370567 -0.629433 0.0251405 0.477858

3.95508 0.424315 -0.407946 -0.592054 0.0822664 0.502003
3.9624 0.419268 -0.407946 -0.592054 0.097312 0.503935

3.96973 0.414033 -0.417348 -0.582652 0.114236 0.512672
3.96491 0.41748 -0.417348 -0.582652 0.103886 0.506441

3.9624 0.419232 -0.412339 -0.587661 0.0975623 0.503885
3.9649 0.41748 -0.412339 -0.587661 0.103921 0.506411

3.96973 0.414003 -0.426702 -0.573298 0.114397 0.51267
3.97489 0.410156 -0.426702 -0.573298 0.128204 0.518569

4.17699 0 -0.986299 -0.0137009 0.738823 0
4.17678 0.0146484 -0.986299 -0.0137009 0.743943 0.0243471

4.17678 0.0146484 -0.959799 -0.0402012 0.743938 0.0243475
4.17617 0.0292969 -0.959799 -0.0402012 0.749247 0.0530401

4.1748 0.0473708 -0.916554 -0.0834461 0.739155 0.0922066
4.17445 0.0512695 -0.916554 -0.0834461 0.732455 0.0960785

4.17445 0.0512695 -0.904958 -0.0950423 0.732453 0.0960785
4.17368 0.0585938 -0.904958 -0.0950423 0.740121 0.108189

4.17617 0.0292969 -0.934461 -0.0655394 0.749246 0.0530402
4.17514 0.0439453 -0.934461 -0.0655394 0.74238 0.0847876

4.1748 0.0471149 -0.910476 -0.089524 0.739487 0.0916693
4.17512 0.0439453 -0.910476 -0.089524 0.742475 0.0848053

4.17368 0.0585938 -0.893086 -0.106914 0.740133 0.108187
4.1728 0.065918 -0.893086 -0.106914 0.759924 0.129674

4.1728 0.065918 -0.882537 -0.117463 0.75993 0.129674
4.17182 0.0732422 -0.882537 -0.117463 0.74849 0.151563

4.17183 0.0732422 -0.871901 -0.128099 0.748477 0.151558
4.17075 0.0805664 -0.871901 -0.128099 0.727558 0.163033

4.17075 0.0805664 -0.861024 -0.138976 0.727559 0.163033
4.16957 0.0878906 -0.861024 -0.138976 0.725438 0.171628

4.16748 0.0994554 -0.839273 -0.160727 0.72455 0.194254
4.16689 0.102539 -0.839273 -0.160727 0.723008 0.199224

4.16957 0.0878906 -0.850118 -0.149882 0.725432 0.171628
4.16828 0.0952148 -0.850118 -0.149882 0.723238 0.184659

4.16748 0.0993304 -0.839273 -0.160727 0.724645 0.194054
4.16827 0.0952148 -0.839273 -0.160727 0.723281 0.184667

4.16691 0.102539 -0.823309 -0.176691 0.722938 0.199203
4.16376 0.117188 -0.823309 -0.176691 0.724158 0.230486

4.16014 0.131836 -0.787937 -0.212063 0.711013 0.265017
4.15816 0.13916 -0.787937 -0.212063 0.699561 0.282156

4.15816 0.13916 -0.778301 -0.221699 0.69956 0.282155
4.15608 0.146484 -0.778301 -0.221699 0.690939 0.294858

4.15283 0.15712 -0.759648 -0.240352 0.675269 0.307663
4.15156 0.161133 -0.759648 -0.240352 0.672113 0.309798

4.15608 0.146484 -0.768875 -0.231125 0.690939 0.294858
4.15388 0.153809 -0.768875 -0.231125 0.680287 0.302295

4.15283 0.157102 -0.759648 -0.240352 0.675311 0.307634
4.15387 0.153809 -0.759648 -0.240352 0.680294 0.302294

4.15159 0.161133 -0.74542 -0.25458 0.671989 0.309796
4.14659 0.175781 -0.74542 -0.25458 0.655067 0.336365

4.13086 0.214587 -0.687041 -0.312959 0.58761 0.403446
4.12852 0.219727 -0.687041 -0.312959 0.577244 0.411766

4.12354 0.230113 -0.669511 -0.330489 0.561249 0.421709
4.12143 0.234375 -0.669511 -0.330489 0.554788 0.426185

4.12852 0.219727 -0.678262 -0.321738 0.577249 0.411771
4.12504 0.227051 -0.678262 -0.321738 0.564964 0.417955

4.12354 0.23009 -0.669511 -0.330489 0.561309 0.421679
4.12504 0.227051 -0.669511 -0.330489 0.564981 0.417953

4.14551 0.178662 -0.731604 -0.268396 0.650749 0.344555
4.14388 0.183105 -0.731604 -0.268396 0.645509 0.35327

4.14387 0.183105 -0.722497 -0.277503 0.645521 0.353278
4.14106 0.19043 -0.722497 -0.277503 0.63707 0.367427

4.13818 0.197659 -0.713528 -0.286472 0.62252 0.379154
4.13815 0.197754 -0.713528 -0.286472 0.622262 0.379316

4.13812 0.197754 -0.704648 -0.295352 0.62233 0.37933
4.13505 0.205078 -0.704648 -0.295352 0.605792 0.391655

4.13818 0.197596 -0.713528 -0.286472 0.622762 0.379061
4.14106 0.19043 -0.713528 -0.286472 0.637071 0.367427

4.14551 0.178634 -0.731604 -0.268396 0.650828 0.344496
4.14655 0.175781 -0.731604 -0.268396 0.655193 0.336435

4.13505 0.205078 -0.695824 -0.304176 0.605791 0.391654
4.13185 0.212402 -0.695824 -0.304176 0.592028 0.399478

4.13086 0.214562 -0.687041 -0.312959 0.587691 0.403415
4.13184 0.212402 -0.687041 -0.312959 0.592049 0.399486

4.16376 0.117188 -0.802768 -0.197232 0.724153 0.230484
4.16016 0.131836 -0.802768 -0.197232 0.711582 0.259376

4.04297 0.348414 -0.522184 -0.477816 0.300754 0.531025
4.04009 0.351562 -0.522184 -0.477816 0.292225 0.531518

4.10156 0.27026 -0.62731 -0.37269 0.488577 0.46996
4.10113 0.270996 -0.62731 -0.37269 0.486134 0.470522

4.10108 0.270996 -0.616399 -0.383601 0.486231 0.470553
4.09652 0.27832 -0.616399 -0.383601 0.468803 0.478843

4.09424 0.281875 -0.60747 -0.39253 0.467131 0.482968
4.0918 0.285645 -0.60747 -0.39253 0.462327 0.489903

4.08691 0.292919 -0.598537 -0.401463 0.444401 0.495597
4.09179 0.285645 -0.598537 -0.401463 0.462351 0.489912

4.09424 0.281842 -0.60747 -0.39253 0.467226 0.482914
4.09651 0.27832 -0.60747 -0.39253 0.46884 0.478836

4.07227 0.313283 -0.572133 -0.427867 0.391258 0.511601
4.07103 0.314941 -0.572133 -0.427867 0.386009 0.512074

4.07099 0.314941 -0.561575 -0.438425 0.386093 0.51207
4.06527 0.322266 -0.561575 -0.438425 0.367604 0.514637

4.05762 0.331631 -0.542902 -0.457098 0.346549 0.522556
4.05317 0.336914 -0.542902 -0.457098 0.332184 0.528597

4.05029 0.340192 -0.534805 -0.465195 0.325741 0.528795
4.04677 0.344238 -0.534805 -0.465195 0.313867 0.530972

4.04297 0.348409 -0.527544 -0.472456 0.300774 0.531025
4.0467 0.344238 -0.527544 -0.472456 0.313985 0.53099

4.05029 0.340208 -0.537655 -0.462345 0.325657 0.52882
4.05313 0.336914 -0.537655 -0.462345 0.332335 0.528526

4.06494 0.322671 -0.552195 -0.447805 0.367088 0.514852
4.05933 0.32959 -0.552195 -0.447805 0.352956 0.520232

4.05762 0.331627 -0.547253 -0.452747 0.346569 0.52255
4.0593 0.32959 -0.547253 -0.452747 0.353036 0.520218

4.06494 0.322669 -0.556739 -0.443261 0.367094 0.51485
4.06526 0.322266 -0.556739 -0.443261 0.367621 0.514632

4.07959 0.30334 -0.580236 -0.419764 0.419324 0.505517
4.0765 0.307617 -0.580236 -0.419764 0.40753 0.510093

4.08688 0.292969 -0.589472 -0.410528 0.444223 0.495642
4.08178 0.300293 -0.589472 -0.410528 0.424164 0.503956

4.07959 0.303329 -0.583481 -0.416519 0.419373 0.505498
4.08176 0.300293 -0.583481 -0.416519 0.42426 0.503915

4.07227 0.31322 -0.570927 -0.429073 0.391556 0.511579
4.07648 0.307617 -0.570927 -0.429073 0.40757 0.5101

4.01367 0.377919 -0.476033 -0.523967 0.222007 0.532569
4.01044 0.380859 -0.476033 -0.523967 0.214251 0.531044

3.99902 0.390905 -0.455461 -0.544539 0.186628 0.527949
3.99352 0.395508 -0.455461 -0.544539 0.172369 0.522301

3.9917 0.397023 -0.445752 -0.554248 0.16747 0.520011
3.98448 0.402832 -0.445752 -0.554248 0.152791 0.518972

3.98438 0.40291 -0.441059 -0.558941 0.152645 0.519078
3.98447 0.402832 -0.441059 -0.558941 0.152797 0.518972

3.9917 0.396996 -0.45097 -0.54903 0.167631 0.519989
3.99351 0.395508 -0.45097 -0.54903 0.17239 0.522283

4.00635 0.384564 -0.46292 -0.53708 0.204581 0.531464
4.00215 0.388184 -0.46292 -0.53708 0.195064 0.529779

3.99902 0.390853 -0.460677 -0.539323 0.186941 0.527879
4.00215 0.388184 -0.460677 -0.539323 0.195062 0.52978

4.00635 0.384475 -0.470791 -0.529209 0.20504 0.531394
4.01041 0.380859 -0.470791 -0.529209 0.214287 0.531035

4.02832 0.36379 -0.499338 -0.500662 0.26152 0.534922
4.02589 0.366211 -0.499338 -0.500662 0.254136 0.535826

4.021 0.370996 -0.488081 -0.511919 0.239583 0.534126
4.01833 0.373535 -0.488081 -0.511919 0.2333 0.533277

4.01367 0.37785 -0.481859 -0.518141 0.222305 0.532573
4.01831 0.373535 -0.481859 -0.518141 0.233334 0.533268

4.021 0.370946 -0.493381 -0.506619 0.239791 0.534119
4.02586 0.366211 -0.493381 -0.506619 0.254192 0.535842

4.03564 0.356264 -0.51046 -0.48954 0.280654 0.531528
4.03313 0.358887 -0.51046 -0.48954 0.274276 0.531978

4.02832 0.363755 -0.505077 -0.494923 0.261683 0.534925
4.03309 0.358887 -0.505077 -0.494923 0.274346 0.531972

4.03564 0.356255 -0.516531 -0.483469 0.280691 0.531525
4.04004 0.351562 -0.516531 -0.483469 0.292308 0.53153

4.11621 0.24444 -0.651929 -0.348071 0.539305 0.438585
4.11376 0.249023 -0.651929 -0.348071 0.529736 0.445595

4.10889 0.25775 -0.634115 -0.365885 0.514224 0.453549
4.10547 0.263672 -0.634115 -0.365885 0.503867 0.464891

4.11376 0.249023 -0.64303 -0.35697 0.529747 0.445602
4.10969 0.256348 -0.64303 -0.35697 0.515884 0.451473

4.10889 0.257738 -0.634719 -0.365281 0.51426 0.453529
4.10969 0.256348 -0.634719 -0.365281 0.515906 0.45147

4.12143 0.234375 -0.660746 -0.339254 0.554796 0.426188
4.11767 0.241699 -0.660746 -0.339254 0.543393 0.433075

4.11621 0.244411 -0.651929 -0.348071 0.539404 0.438527
4.11766 0.241699 -0.651929 -0.348071 0.543424 0.433075

4.10156 0.270182 -0.625276 -0.374724 0.488938 0.469934
4.10546 0.263672 -0.625276 -0.374724 0.50388 0.464898

3.7793 0.497713 -0.158455 -0.841545 -0.226678 0.225589
3.77752 0.498047 -0.158455 -0.841545 -0.228418 0.22343

3.75 0.502511 -0.122739 -0.877261 -0.259543 0.162126
3.75732 0.501486 -0.122739 -0.877261 -0.254076 0.181555

3.75732 0.501486 -0.134894 -0.865106 -0.254078 0.181555
3.76465 0.500344 -0.134894 -0.865106 -0.243594 0.199446

3.76465 0.500345 -0.146797 -0.853203 -0.243596 0.199446
3.77197 0.499085 -0.146797 -0.853203 -0.234258 0.214416

3.77197 0.499082 -0.158455 -0.841545 -0.234243 0.214416
3.77747 0.498047 -0.158455 -0.841545 -0.228416 0.223372

3.7793 0.497706 -0.169927 -0.830073 -0.22664 0.225592
3.78662 0.496207 -0.169927 -0.830073 -0.220146 0.239522

3.78662 0.496207 -0.181256 -0.818744 -0.220147 0.239522
3.79395 0.494586 -0.181256 -0.818744 -0.214461 0.258528

3.79395 0.494586 -0.192431 -0.807569 -0.214463 0.258527
3.80127 0.492841 -0.192431 -0.807569 -0.203056 0.274537

3.80127 0.492841 -0.203433 -0.796567 -0.203058 0.274537
3.80859 0.490971 -0.203433 -0.796567 -0.194823 0.282846

3.81592 0.488975 -0.214216 -0.785784 -0.188199 0.294689
3.80951 0.490723 -0.214216 -0.785784 -0.194216 0.283226

3.80859 0.490968 -0.214216 -0.785784 -0.194807 0.282845
3.80949 0.490723 -0.214216 -0.785784 -0.194206 0.28322

3.81592 0.488975 -0.224815 -0.775185 -0.188199 0.294689
3.82324 0.48685 -0.224815 -0.775185 -0.179774 0.317227

3.83789 0.482225 -0.24554 -0.75446 -0.155683 0.339856
3.83429 0.483398 -0.24554 -0.75446 -0.160689 0.333509

3.82324 0.486851 -0.235264 -0.764736 -0.179778 0.317227
3.83057 0.484598 -0.235264 -0.764736 -0.165965 0.329153

3.83057 0.484587 -0.24554 -0.75446 -0.165887 0.329145
3.83422 0.483398 -0.24554 -0.75446 -0.160648 0.333402

3.83789 0.482215 -0.255698 -0.744302 -0.155622 0.33986
3.84521 0.479699 -0.255698 -0.744302 -0.145918 0.361917

3.84521 0.479699 -0.265748 -0.734252 -0.145921 0.361918
3.85254 0.477048 -0.265748 -0.734252 -0.129086 0.372052

3.85986 0.474268 -0.27563 -0.72437 -0.11808 0.381598
3.85512 0.476074 -0.27563 -0.72437 -0.125289 0.372806

3.85254 0.477036 -0.27563 -0.72437 -0.128996 0.372041
3.85507 0.476074 -0.27563 -0.72437 -0.125222 0.372775

3.85986 0.474263 -0.285427 -0.714573 -0.118047 0.381601
3.86719 0.471337 -0.285427 -0.714573 -0.104038 0.399151

3.86719 0.471329 -0.295088 -0.704912 -0.103969 0.399142
3.87335 0.46875 -0.295088 -0.704912 -0.090299 0.405456

