3.02301 0 0.992636 -0.00736439 0.256813 0
3.02306 0.00732422 0.992636 -0.00736439 0.259537 -0.00532093

3.02306 0.00732422 0.978303 -0.0216969 0.259538 -0.0053213
3.02323 0.0146484 0.978303 -0.0216969 0.265483 -0.0107189

3.02323 0.0146484 0.96456 -0.0354399 0.265484 -0.01072
3.0235 0.0219727 0.96456 -0.0354399 0.271697 -0.0167268

3.0235 0.0219727 0.951352 -0.0486481 0.271697 -0.0167276
3.02387 0.0292969 0.951352 -0.0486481 0.278563 -0.0247387

3.02387 0.0292969 0.938531 -0.0614695 0.278563 -0.0247384
3.02435 0.0366211 0.938531 -0.0614695 0.288441 -0.0353264

3.02435 0.0366211 0.925951 -0.074049 0.28844 -0.0353245
3.0249 0.0435357 0.925951 -0.074049 0.297261 -0.0513834

3.0249 0.0435432 0.925951 -0.074049 0.297266 -0.0514022
3.02493 0.0439453 0.925951 -0.074049 0.297607 -0.0526608

3.02493 0.0439453 0.913522 -0.0864785 0.297607 -0.0526617
3.02563 0.0512695 0.913522 -0.0864785 0.30625 -0.0691588

3.02563 0.0512695 0.901174 -0.0988257 0.306249 -0.0691533
3.02643 0.0585938 0.901174 -0.0988257 0.314261 -0.0783509

3.02643 0.0585938 0.888831 -0.111169 0.314259 -0.0783451
3.02735 0.065918 0.888831 -0.111169 0.318894 -0.0876275

3.02735 0.065918 0.876654 -0.123346 0.318894 -0.0876278
3.02838 0.0732422 0.876654 -0.123346 0.31921 -0.0957385

3.02838 0.0732422 0.864889 -0.135111 0.319211 -0.0957399
3.02952 0.0805664 0.864889 -0.135111 0.312639 -0.0968403

3.02952 0.0805664 0.853385 -0.146615 0.312639 -0.0968414
3.03078 0.0878906 0.853385 -0.146615 0.301702 -0.096475

3.03078 0.0878906 0.842368 -0.157632 0.301704 -0.0964728
3.03215 0.0952148 0.842368 -0.157632 0.291114 -0.0967309

3.03215 0.0952148 0.831477 -0.168523 0.291114 -0.0967308
3.03223 0.095588 0.831477 -0.168523 0.290745 -0.0967753

3.03223 0.0956017 0.831477 -0.168523 0.290729 -0.096778
3.03363 0.102539 0.831477 -0.168523 0.287589 -0.0984397

3.03363 0.102539 0.820822 -0.179178 0.287591 -0.0984408
3.03523 0.109863 0.820822 -0.179178 0.288707 -0.102739

3.03523 0.109863 0.810424 -0.189576 0.288704 -0.102737
3.03694 0.117188 0.810424 -0.189576 0.288536 -0.109544

3.03692 0.117188 0.794754 -0.205246 0.288494 -0.109514
3.0407 0.131836 0.794754 -0.205246 0.289651 -0.122693

3.0407 0.131836 0.775028 -0.224972 0.289657 -0.122695
3.04495 0.146484 0.775028 -0.224972 0.292782 -0.141179

3.04498 0.146484 0.760969 -0.239031 0.292826 -0.141229
3.04688 0.152529 0.760969 -0.239031 0.292299 -0.151342

3.04688 0.152465 0.760969 -0.239031 0.292391 -0.151312
3.0473 0.153809 0.760969 -0.239031 0.290944 -0.152906

3.04728 0.153809 0.75134 -0.24866 0.290925 -0.152866
3.0497 0.161133 0.75134 -0.24866 0.278458 -0.157485

3.0497 0.161133 0.74167 -0.25833 0.278458 -0.157483
3.05225 0.168457 0.74167 -0.25833 0.270239 -0.156272

3.05225 0.168457 0.732337 -0.267663 0.270238 -0.156272
3.0542 0.173782 0.732337 -0.267663 0.266976 -0.159792

3.0542 0.17376 0.732337 -0.267663 0.267012 -0.159771
3.05494 0.175781 0.732337 -0.267663 0.265252 -0.161829

3.05493 0.175781 0.723347 -0.276653 0.265238 -0.161828
3.05773 0.183105 0.723347 -0.276653 0.258356 -0.172525

3.05773 0.183105 0.714331 -0.285669 0.258354 -0.172524
3.06066 0.19043 0.714331 -0.285669 0.245655 -0.178527

3.06064 0.19043 0.705212 -0.294788 0.245618 -0.178524
3.06152 0.19255 0.705212 -0.294788 0.241141 -0.180071

3.06152 0.192476 0.705212 -0.294788 0.241348 -0.18002
3.06373 0.197754 0.705212 -0.294788 0.231783 -0.182754

3.06372 0.197754 0.695966 -0.304034 0.231775 -0.182743
3.06692 0.205078 0.695966 -0.304034 0.222723 -0.182831

3.06691 0.205078 0.686678 -0.313322 0.222718 -0.182832
3.06885 0.209314 0.686678 -0.313322 0.219053 -0.183317

3.06885 0.209296 0.686678 -0.313322 0.219077 -0.183321
3.07027 0.212402 0.686678 -0.313322 0.215487 -0.18247

3.07026 0.212402 0.677532 -0.322468 0.215485 -0.18247
3.07375 0.219727 0.677532 -0.322468 0.205102 -0.176629

3.07373 0.219727 0.668488 -0.331512 0.205084 -0.176657
3.07617 0.224642 0.668488 -0.331512 0.204259 -0.168669

3.07617 0.224604 0.663692 -0.336308 0.204316 -0.168664
3.08112 0.234375 0.663692 -0.336308 0.197235 -0.16443

3.08116 0.234375 0.650101 -0.349899 0.197264 -0.1644
3.0835 0.23872 0.650101 -0.349899 0.194518 -0.16358

3.0835 0.238706 0.650101 -0.349899 0.194534 -0.163573
3.08511 0.241699 0.650101 -0.349899 0.192934 -0.163972

3.0851 0.241699 0.641057 -0.358943 0.192926 -0.163976
3.0892 0.249023 0.641057 -0.358943 0.186019 -0.167969

3.08916 0.249023 0.631989 -0.368011 0.185936 -0.16797
3.09082 0.251875 0.631989 -0.368011 0.183012 -0.171517

3.09082 0.25176 0.631989 -0.368011 0.183261 -0.171373
3.09349 0.256348 0.631989 -0.368011 0.179717 -0.17909

3.09346 0.256348 0.622936 -0.377064 0.179665 -0.179068
3.0979 0.263672 0.622936 -0.377064 0.171623 -0.18267

3.09788 0.263672 0.623016 -0.376984 0.171599 -0.182684
3.09814 0.26411 0.623016 -0.376984 0.171242 -0.182651

3.09814 0.264063 0.613893 -0.386107 0.171316 -0.182635
3.10251 0.270996 0.613893 -0.386107 0.165385 -0.185281

3.1025 0.270996 0.604854 -0.395146 0.16537 -0.185284
3.10547 0.275546 0.604854 -0.395146 0.16284 -0.187585

3.10547 0.27552 0.605052 -0.394948 0.16287 -0.187586
3.1073 0.27832 0.605052 -0.394948 0.160942 -0.188603

3.10729 0.27832 0.595805 -0.404195 0.160935 -0.188596
3.11225 0.285645 0.595805 -0.404195 0.15574 -0.189378

3.11224 0.285645 0.593568 -0.406432 0.155729 -0.189383
3.11279 0.286453 0.593568 -0.406432 0.155094 -0.189454

3.11279 0.286408 0.5867 -0.4133 0.155152 -0.189441
3.11741 0.292969 0.5867 -0.4133 0.149848 -0.189432

3.11741 0.292969 0.579149 -0.420851 0.149843 -0.189435
3.12012 0.296693 0.579149 -0.420851 0.148474 -0.188492

3.12012 0.296652 0.578198 -0.421802 0.148521 -0.188482
3.12277 0.300293 0.578198 -0.421802 0.14655 -0.189343

3.12277 0.300293 0.568261 -0.431739 0.146544 -0.189343
3.12744 0.306447 0.568261 -0.431739 0.143747 -0.191869

3.12744 0.306438 0.568124 -0.431876 0.143757 -0.191865
3.12834 0.307617 0.568124 -0.431876 0.143456 -0.192692

3.12833 0.307617 0.558957 -0.441043 0.143446 -0.192688
3.13411 0.314941 0.558957 -0.441043 0.140194 -0.198524

3.13407 0.314941 0.55434 -0.44566 0.140164 -0.198506
3.13477 0.315807 0.55434 -0.44566 0.139194 -0.199261

3.13477 0.315741 0.549502 -0.450498 0.139309 -0.199229
3.14012 0.322266 0.549502 -0.450498 0.132482 -0.202792

3.1401 0.322266 0.544351 -0.455649 0.132464 -0.202786
3.14209 0.324648 0.544351 -0.455649 0.130385 -0.203872

3.14209 0.324569 0.540632 -0.459368 0.130516 -0.203859
3.14636 0.32959 0.540632 -0.459368 0.125725 -0.20748

3.14637 0.32959 0.534669 -0.465331 0.125736 -0.207475
3.14941 0.333091 0.534669 -0.465331 0.121996 -0.207584

3.14941 0.33303 0.53099 -0.46901 0.122117 -0.207555
3.15284 0.336914 0.53099 -0.46901 0.117066 -0.207694

3.15286 0.336914 0.523807 -0.476193 0.117071 -0.207697
3.15674 0.341182 0.523807 -0.476193 0.113124 -0.209141

3.15674 0.341118 0.518189 -0.481811 0.113237 -0.209129
3.15964 0.344238 0.518189 -0.481811 0.109391 -0.211783

3.15963 0.344238 0.512673 -0.487327 0.109386 -0.211777
3.16406 0.3489 0.512673 -0.487327 0.10358 -0.212857

3.16406 0.348869 0.506709 -0.493291 0.103642 -0.212864
3.16668 0.351562 0.506709 -0.493291 0.0994291 -0.212995

3.16667 0.351562 0.500855 -0.499145 0.0994226 -0.212991
3.17139 0.356296 0.500855 -0.499145 0.0925841 -0.213742

3.17139 0.356271 0.495146 -0.504854 0.0926388 -0.213745
3.17405 0.358887 0.495146 -0.504854 0.0877958 -0.214629

3.17402 0.358887 0.489065 -0.510935 0.0877809 -0.214614
3.17871 0.36338 0.489065 -0.510935 0.0794905 -0.212673

3.17871 0.363386 0.483174 -0.516826 0.0794821 -0.212671
3.18173 0.366211 0.483174 -0.516826 0.0759876 -0.211436

3.1817 0.366211 0.477669 -0.522331 0.0759758 -0.21144
3.18604 0.370176 0.477669 -0.522331 0.0718416 -0.209973

3.18604 0.370181 0.471513 -0.528487 0.0718292 -0.209972
3.18979 0.373535 0.471513 -0.528487 0.0661892 -0.207561

3.1897 0.373535 0.467566 -0.532434 0.0660658 -0.207666
3.19336 0.376746 0.467566 -0.532434 0.0598592 -0.206633

3.19336 0.376751 0.460525 -0.539475 0.0598423 -0.206638
3.19817 0.380859 0.460525 -0.539475 0.0569901 -0.204638

3.19811 0.380859 0.457217 -0.542783 0.056908 -0.20471
3.20068 0.383027 0.457217 -0.542783 0.0551209 -0.203568

3.20068 0.38302 0.452422 -0.547578 0.0551383 -0.203562
3.20693 0.388184 0.452422 -0.547578 0.0480536 -0.200553

3.20682 0.388184 0.44794 -0.55206 0.0479434 -0.200591
3.20801 0.389148 0.44794 -0.55206 0.0463138 -0.200719

3.20801 0.389082 0.442847 -0.557153 0.0465043 -0.200683
3.21533 0.394904 0.442847 -0.557153 0.0382728 -0.199095

3.21533 0.394892 0.434165 -0.565835 0.038297 -0.199093
3.21613 0.395508 0.434165 -0.565835 0.0375757 -0.198725

3.21612 0.395508 0.433339 -0.566661 0.0375682 -0.198731
3.22266 0.400503 0.433339 -0.566661 0.0314481 -0.195826

3.22266 0.400482 0.421925 -0.578075 0.0314914 -0.195832
3.22588 0.402832 0.421925 -0.578075 0.0285463 -0.193179

3.22579 0.402832 0.423154 -0.576846 0.0284984 -0.193233
3.22998 0.405906 0.423154 -0.576846 0.02318 -0.190989

3.22998 0.40588 0.414588 -0.585412 0.0232691 -0.190966
3.23602 0.410156 0.414588 -0.585412 0.0211117 -0.187752

3.23594 0.410156 0.4071 -0.5929 0.0210154 -0.187805
3.2373 0.411095 0.4071 -0.5929 0.0206248 -0.187578

3.2373 0.411073 0.405344 -0.594656 0.0206731 -0.187562
3.24463 0.416065 0.405344 -0.594656 0.0160087 -0.18664

3.24463 0.416044 0.394657 -0.605343 0.016055 -0.186641
3.24683 0.41748 0.394657 -0.605343 0.0143964 -0.186051

3.24677 0.41748 0.396189 -0.603811 0.014357 -0.186065
3.25195 0.420879 0.396189 -0.603811 0.00734883 -0.184248

3.25195 0.420855 0.387134 -0.612866 0.00742957 -0.184229
3.25821 0.424805 0.387134 -0.612866 0.00315346 -0.180176

3.25807 0.424805 0.381544 -0.618456 0.00302962 -0.180231
3.25928 0.42555 0.381544 -0.618456 0.00214433 -0.18016

3.25928 0.425492 0.37815 -0.62185 0.00229725 -0.180128
3.2666 0.429946 0.37815 -0.62185 -0.00476397 -0.176614

3.2666 0.429917 0.369207 -0.630793 -0.00470301 -0.176619
3.27038 0.432129 0.369207 -0.630793 -0.00761869 -0.171895

3.27028 0.432129 0.369207 -0.630793 -0.00771759 -0.172024
3.27393 0.434261 0.369207 -0.630793 -0.0106585 -0.168748

3.27393 0.434231 0.360221 -0.639779 -0.0105664 -0.168726
3.28125 0.438355 0.360221 -0.639779 -0.0137466 -0.164047

3.28125 0.438335 0.351102 -0.648898 -0.0137059 -0.164038
3.28332 0.439453 0.351102 -0.648898 -0.0139923 -0.163666

3.28327 0.439453 0.351102 -0.648898 -0.0140401 -0.163688
3.28857 0.442325 0.351102 -0.648898 -0.0166443 -0.162375

3.28857 0.442317 0.341843 -0.658157 -0.0166211 -0.162366
3.2959 0.446121 0.341843 -0.658157 -0.0155231 -0.161856

3.2959 0.446109 0.332459 -0.667541 -0.0154868 -0.161841
3.29724 0.446777 0.332459 -0.667541 -0.0151957 -0.163001

3.29721 0.446777 0.332459 -0.667541 -0.0152437 -0.162994
3.30322 0.449771 0.332459 -0.667541 -0.0218746 -0.165737

3.30322 0.449767 0.323081 -0.676919 -0.0218542 -0.16573
3.31055 0.453262 0.323081 -0.676919 -0.0272387 -0.161374

3.31055 0.453246 0.313827 -0.686173 -0.0271824 -0.161368
3.31242 0.454102 0.313827 -0.686173 -0.0278998 -0.161267

3.31237 0.454102 0.313827 -0.686173 -0.0279513 -0.161278
3.31787 0.456616 0.313827 -0.686173 -0.0370082 -0.1572

3.31787 0.456609 0.304703 -0.695297 -0.0369762 -0.157195
3.3252 0.459819 0.304703 -0.695297 -0.045384 -0.145554

3.3252 0.459793 0.295655 -0.704345 -0.045306 -0.14554
3.32908 0.461426 0.295655 -0.704345 -0.0468912 -0.141166

3.32896 0.461426 0.295655 -0.704345 -0.0469774 -0.14131
3.33252 0.462919 0.295655 -0.704345 -0.0502803 -0.138815

3.33252 0.462892 0.286581 -0.713419 -0.0501737 -0.138784
3.33984 0.465834 0.286581 -0.713419 -0.0561168 -0.127813

3.33984 0.465834 0.277348 -0.722652 -0.0561167 -0.127813
3.34717 0.468645 0.277348 -0.722652 -0.0571625 -0.122625

3.34717 0.468642 0.267919 -0.732081 -0.0571547 -0.122622
3.34746 0.46875 0.267919 -0.732081 1e+30 1e+30

