4.21365 0 0.99411 -0.00588974 1.70376 0
4.2137 0.00732422 0.99411 -0.00588974 1.69733 -0.0262626

4.2137 0.00732422 0.982601 -0.0173991 1.69733 -0.0262626
4.21383 0.0146484 0.982601 -0.0173991 1.68528 -0.051825

4.21383 0.0146484 0.971503 -0.028497 1.68529 -0.0518252
4.21404 0.0219727 0.971503 -0.028497 1.67964 -0.0757155

4.21404 0.0219727 0.960834 -0.039166 1.67964 -0.0757162
4.21434 0.0292969 0.960834 -0.039166 1.68398 -0.0963579

4.21434 0.0292969 0.950321 -0.0496791 1.68397 -0.0963562
4.21472 0.0366211 0.950321 -0.0496791 1.69927 -0.115594

4.21472 0.0366211 0.9397 -0.0603 1.69926 -0.115592
4.21519 0.0439453 0.9397 -0.0603 1.71512 -0.136413

4.21519 0.0439453 0.928833 -0.0711671 1.71512 -0.136408
4.21575 0.0512695 0.928833 -0.0711671 1.71976 -0.158453

4.21575 0.0512695 0.917948 -0.0820517 1.71976 -0.158454
4.21641 0.0585938 0.917948 -0.0820517 1.71851 -0.178337

4.21641 0.0585938 0.907393 -0.0926067 1.71851 -0.178337
4.21716 0.065918 0.907393 -0.0926067 1.71612 -0.195238

4.21716 0.065918 0.897326 -0.102674 1.71612 -0.195237
4.21799 0.0732422 0.897326 -0.102674 1.70737 -0.209459

4.218 0.0732422 0.888157 -0.111843 1.70737 -0.209456
4.21875 0.0792241 0.888157 -0.111843 1.69405 -0.215363

4.21875 0.0792123 0.888157 -0.111843 1.69408 -0.215357
4.21892 0.0805664 0.888157 -0.111843 1.69144 -0.215449

4.21892 0.0805664 0.879565 -0.120435 1.69144 -0.215454
4.21992 0.0878906 0.879565 -0.120435 1.68735 -0.222124

4.21992 0.0878906 0.870232 -0.129768 1.68734 -0.222135
4.22101 0.0952148 0.870232 -0.129768 1.69907 -0.243047

4.22101 0.0952148 0.86003 -0.13997 1.69906 -0.243047
4.2222 0.102539 0.86003 -0.13997 1.69908 -0.269358

4.2222 0.102539 0.850473 -0.149527 1.6991 -0.269362
4.22349 0.109863 0.850473 -0.149527 1.69155 -0.290441

4.22349 0.109863 0.84204 -0.15796 1.69156 -0.290443
4.22487 0.117188 0.84204 -0.15796 1.68006 -0.308032

4.22484 0.117188 0.829187 -0.170813 1.67993 -0.307994
4.22786 0.131836 0.829187 -0.170813 1.65777 -0.337922

4.22785 0.131836 0.812075 -0.187925 1.65775 -0.337918
4.23124 0.146484 0.812075 -0.187925 1.65096 -0.372271

4.23127 0.146484 0.79942 -0.20058 1.65107 -0.372286
4.23311 0.153809 0.79942 -0.20058 1.64034 -0.394656

4.23309 0.153809 0.791016 -0.208984 1.64026 -0.394649
4.2334 0.154966 0.791016 -0.208984 1.6344 -0.398517

4.2334 0.154913 0.791016 -0.208984 1.63474 -0.398348
4.23504 0.161133 0.791016 -0.208984 1.60754 -0.414775

4.23504 0.161133 0.783211 -0.216789 1.60756 -0.414779
4.23707 0.168457 0.783211 -0.216789 1.58531 -0.428838

4.23707 0.168457 0.77603 -0.22397 1.58531 -0.428845
4.23918 0.175781 0.77603 -0.22397 1.5691 -0.427125

4.23918 0.175781 0.768073 -0.231927 1.56908 -0.427133
4.24072 0.180893 0.768073 -0.231927 1.56244 -0.430293

4.24072 0.180886 0.768073 -0.231927 1.56245 -0.430282
4.24139 0.183105 0.768073 -0.231927 1.56305 -0.434169

4.24139 0.183105 0.759372 -0.240628 1.56303 -0.43417
4.24371 0.19043 0.759372 -0.240628 1.56661 -0.454192

4.24371 0.19043 0.750792 -0.249208 1.56661 -0.454194
4.24614 0.197754 0.750792 -0.249208 1.5671 -0.4827

4.24614 0.197754 0.742515 -0.257485 1.56709 -0.482693
4.24805 0.20325 0.742515 -0.257485 1.55595 -0.503597

4.24805 0.203236 0.742515 -0.257485 1.55601 -0.503562
4.24869 0.205078 0.742515 -0.257485 1.54988 -0.510699

4.24868 0.205078 0.734191 -0.265809 1.54986 -0.510682
4.25133 0.212402 0.734191 -0.265809 1.53017 -0.530502

4.25133 0.212402 0.726064 -0.273936 1.53017 -0.530505
4.2541 0.219727 0.726064 -0.273936 1.51377 -0.548741

4.25409 0.219727 0.717968 -0.282032 1.51375 -0.548694
4.25537 0.222991 0.717968 -0.282032 1.50854 -0.560641

4.25537 0.222962 0.717968 -0.282032 1.50862 -0.560601
4.25698 0.227051 0.717968 -0.282032 1.49535 -0.573181

4.25697 0.227051 0.709555 -0.290445 1.49533 -0.573148
4.25997 0.234375 0.709555 -0.290445 1.46946 -0.583469

4.25997 0.234375 0.701592 -0.298408 1.46947 -0.58347
4.2627 0.240778 0.701592 -0.298408 1.44587 -0.586066

4.2627 0.240773 0.701592 -0.298408 1.44588 -0.586065
4.26309 0.241699 0.701592 -0.298408 1.44442 -0.586575

4.26309 0.241699 0.694319 -0.305681 1.44441 -0.586573
4.26631 0.249023 0.694319 -0.305681 1.44321 -0.599697

4.26631 0.249023 0.686616 -0.313384 1.44319 -0.59969
4.26965 0.256348 0.686616 -0.313384 1.42715 -0.633031

4.26963 0.256348 0.678566 -0.321434 1.42707 -0.63291
4.27002 0.257172 0.678566 -0.321434 1.42341 -0.636652

4.27002 0.257119 0.678566 -0.321434 1.42374 -0.636552
4.27312 0.263672 0.678566 -0.321434 1.40954 -0.663635

4.27312 0.263672 0.670317 -0.329683 1.40951 -0.663599
4.27672 0.270996 0.670317 -0.329683 1.38797 -0.675145

4.2767 0.270996 0.663033 -0.336967 1.38792 -0.675126
4.27734 0.272264 0.663033 -0.336967 1.38201 -0.673429

4.27734 0.272142 0.666709 -0.333291 1.38268 -0.673258
4.28043 0.27832 0.666709 -0.333291 1.36042 -0.688429

4.2804 0.27832 0.650731 -0.349269 1.36029 -0.688355
4.28826 0.292969 0.650731 -0.349269 1.30651 -0.728485

4.2883 0.292969 0.638593 -0.361407 1.30668 -0.728582
4.29199 0.299491 0.638593 -0.361407 1.27669 -0.741657

4.29199 0.299485 0.639002 -0.360998 1.27672 -0.741651
4.29245 0.300293 0.639002 -0.360998 1.27296 -0.743107

4.29244 0.300293 0.630822 -0.369178 1.27293 -0.743096
4.29673 0.307617 0.630822 -0.369178 1.25081 -0.76403

4.29672 0.307617 0.622471 -0.377529 1.25078 -0.763976
4.29932 0.311901 0.622471 -0.377529 1.23875 -0.785417

4.29932 0.311872 0.622471 -0.377529 1.23895 -0.785417
4.30118 0.314941 0.622471 -0.377529 1.2227 -0.794274

4.30116 0.314941 0.613848 -0.386152 1.22267 -0.794209
4.30577 0.322266 0.613848 -0.386152 1.18739 -0.802876

4.30574 0.322266 0.611832 -0.388168 1.18727 -0.802815
4.30664 0.32369 0.611832 -0.388168 1.17964 -0.806338

4.30664 0.323577 0.605368 -0.394632 1.18042 -0.806231
4.31056 0.32959 0.605368 -0.394632 1.15387 -0.819305

4.31054 0.32959 0.597362 -0.402638 1.15381 -0.81927
4.31396 0.334665 0.597362 -0.402638 1.13368 -0.833024

4.31396 0.334631 0.599511 -0.400489 1.13393 -0.832982
4.31549 0.336914 0.599511 -0.400489 1.12284 -0.84033

4.31548 0.336914 0.589127 -0.410873 1.1228 -0.840304
4.32059 0.344238 0.589127 -0.410873 1.08936 -0.862602

4.32057 0.344238 0.586845 -0.413155 1.08929 -0.862543
4.32129 0.345264 0.586845 -0.413155 1.08416 -0.865474

4.32129 0.345205 0.58037 -0.41963 1.08459 -0.865416
4.32589 0.351562 0.58037 -0.41963 1.05299 -0.881961

4.32588 0.351562 0.57384 -0.42616 1.05296 -0.881929
4.32861 0.355246 0.57384 -0.42616 1.03589 -0.893858

4.32861 0.35518 0.57235 -0.42765 1.03639 -0.893811
4.33138 0.358887 0.57235 -0.42765 1.01584 -0.909865

4.33137 0.358887 0.562131 -0.437869 1.01581 -0.909826
4.33594 0.364746 0.562131 -0.437869 0.97962 -0.929305

4.33594 0.364728 0.562072 -0.437928 0.979781 -0.929295
4.33709 0.366211 0.562072 -0.437928 0.969581 -0.934494

4.33707 0.366211 0.552834 -0.447166 0.969531 -0.934423
4.343 0.373535 0.552834 -0.447166 0.914891 -0.953948

4.34294 0.373535 0.548174 -0.451826 0.914768 -0.953794
4.34326 0.373926 0.548174 -0.451826 0.911303 -0.954617

4.34326 0.373842 0.543373 -0.456627 0.912188 -0.954621
4.34916 0.380859 0.543373 -0.456627 0.868908 -0.969633

4.3491 0.380859 0.537242 -0.462758 0.868766 -0.969432
4.35059 0.382587 0.537242 -0.462758 0.850009 -0.979773

4.35059 0.382479 0.534328 -0.465672 0.850915 -0.979743
4.35556 0.388184 0.534328 -0.465672 0.809433 -0.996538

4.35552 0.388184 0.528678 -0.471322 0.809363 -0.996408
4.35791 0.390864 0.528678 -0.471322 0.789846 -1.00286

4.35791 0.390767 0.52652 -0.47348 0.790715 -1.00293
4.36217 0.395508 0.52652 -0.47348 0.760295 -1.01685

4.36217 0.395508 0.518038 -0.481962 0.760289 -1.01684
4.36523 0.398802 0.518038 -0.481962 0.738399 -1.0259

4.36523 0.398741 0.51349 -0.48651 0.738899 -1.02591
4.36911 0.402832 0.51349 -0.48651 0.70519 -1.03289

4.36909 0.402832 0.506612 -0.493388 0.70515 -1.03284
4.37256 0.406395 0.506612 -0.493388 0.676813 -1.03863

4.37256 0.406356 0.500795 -0.499205 0.677193 -1.03866
4.37635 0.410156 0.500795 -0.499205 0.646825 -1.04605

4.37631 0.410156 0.494932 -0.505068 0.646786 -1.04603
4.37988 0.413655 0.494932 -0.505068 0.613565 -1.04573

4.37988 0.413632 0.488365 -0.511635 0.613813 -1.04575
4.38391 0.41748 0.488365 -0.511635 0.58359 -1.04526

4.38386 0.41748 0.483735 -0.516265 0.583476 -1.04512
4.38721 0.42062 0.483735 -0.516265 0.562385 -1.05127

4.38721 0.420611 0.475802 -0.524198 0.562468 -1.05128
4.39183 0.424805 0.475802 -0.524198 0.530374 -1.0571

4.39173 0.424805 0.473015 -0.526985 0.530331 -1.05688
4.39453 0.427315 0.473015 -0.526985 0.507039 -1.06017

4.39453 0.427293 0.466503 -0.533497 0.507253 -1.0602
4.40006 0.432129 0.466503 -0.533497 0.465213 -1.05858

4.39999 0.432129 0.462223 -0.537777 0.46519 -1.05854
4.40186 0.433736 0.462223 -0.537777 0.451482 -1.0561

4.40186 0.433711 0.456167 -0.543833 0.4517 -1.05616
4.4087 0.439453 0.456167 -0.543833 0.403297 -1.05164

4.40863 0.439453 0.450875 -0.549125 0.403302 -1.05148
4.40918 0.439908 0.450875 -0.549125 0.399328 -1.05168

4.40918 0.439857 0.445143 -0.554857 0.399762 -1.05179
4.4165 0.445733 0.445143 -0.554857 0.347985 -1.04718

4.4165 0.445714 0.434586 -0.565414 0.348137 -1.04724
4.41789 0.446777 0.434586 -0.565414 0.339838 -1.04521

4.41787 0.446777 0.434437 -0.565563 0.339839 -1.04519
4.42383 0.451355 0.434437 -0.565563 0.296409 -1.03855

4.42383 0.45133 0.423494 -0.576506 0.296605 -1.03866
4.4276 0.454102 0.423494 -0.576506 0.269587 -1.02809

4.42751 0.454102 0.421832 -0.578168 0.269571 -1.02814
4.43115 0.456757 0.421832 -0.578168 0.242942 -1.02145

4.43115 0.456739 0.413629 -0.586371 0.243131 -1.02148
4.4378 0.461426 0.413629 -0.586371 0.206313 -1.01378

4.43771 0.461426 0.406215 -0.593785 0.206306 -1.01363
4.43848 0.46195 0.406215 -0.593785 0.20233 -1.01406

4.43848 0.46191 0.402879 -0.597121 0.202641 -1.01413
4.4458 0.466852 0.402879 -0.597121 0.156179 -1.00651

4.4458 0.466828 0.392064 -0.607936 0.156385 -1.00661
4.44878 0.46875 0.392064 -0.607936 1e+30 1e+30

