7.02393 0.407758 -0.593064 -0.406936 1.0046 1.76951
7.02228 0.410156 -0.593064 -0.406936 0.988509 1.78872

7.03125 0.396954 -0.598932 -0.401068 1e+30 1e+30
7.02731 0.402832 -0.598932 -0.401068 1.01842 1.73566

7.02393 0.407706 -0.590818 -0.409182 1.00518 1.76943
7.0273 0.402832 -0.590818 -0.409182 1.01855 1.73572

7.00195 0.436908 -0.553115 -0.446885 0.74002 1.836
6.9999 0.439453 -0.553115 -0.446885 0.712747 1.84221

6.9873 0.454083 -0.526214 -0.473786 0.5623 1.84824
6.98729 0.454102 -0.526214 -0.473786 0.562098 1.84823

6.97998 0.461942 -0.507922 -0.492078 0.479308 1.8453
6.97339 0.46875 -0.507922 -0.492078 1e+30 1e+30

6.98724 0.454102 -0.519829 -0.480171 0.56235 1.84816
6.98047 0.461426 -0.519829 -0.480171 0.484283 1.84556

6.97998 0.461932 -0.513527 -0.486473 0.479464 1.84528
6.98046 0.461426 -0.513527 -0.486473 0.484364 1.84553

6.99463 0.44572 -0.539031 -0.460969 0.649441 1.84582
6.99372 0.446777 -0.539031 -0.460969 0.639086 1.84686

6.9873 0.454018 -0.531213 -0.468787 0.56332 1.84818
6.99369 0.446777 -0.531213 -0.468787 0.639236 1.84687

6.99463 0.445658 -0.542094 -0.457906 0.650313 1.84578
6.99987 0.439453 -0.542094 -0.457906 0.712854 1.84231

7.0166 0.418004 -0.571962 -0.428038 0.894866 1.80267
7.01151 0.424805 -0.571962 -0.428038 0.817916 1.80823

7.00928 0.427679 -0.562304 -0.437696 0.804686 1.81253
7.00581 0.432129 -0.562304 -0.437696 0.772492 1.82797

7.00195 0.436877 -0.553676 -0.446324 0.74046 1.83602
7.00578 0.432129 -0.553676 -0.446324 0.772603 1.82813

7.00928 0.427692 -0.568389 -0.431611 0.804548 1.81256
7.01147 0.424805 -0.568389 -0.431611 0.818248 1.80818

7.02225 0.410156 -0.581834 -0.418166 0.988691 1.78898
7.01699 0.41748 -0.581834 -0.418166 0.903783 1.80285

7.0166 0.417986 -0.577612 -0.422388 0.895202 1.80267
7.01697 0.41748 -0.577612 -0.422388 0.903828 1.80284

6.5625 0.49115 0.448654 -0.551346 0.451355 -1.45886
6.56982 0.49711 0.448654 -0.551346 0.383052 -1.4811

6.56982 0.497087 0.437803 -0.562197 0.383282 -1.48124
6.57106 0.498047 0.437803 -0.562197 0.369894 -1.48709

6.57103 0.498047 0.436523 -0.563477 0.369957 -1.48688
6.57715 0.502784 0.436523 -0.563477 0.291333 -1.48565

6.57715 0.502761 0.423314 -0.576686 0.291612 -1.48586
6.5807 0.505371 0.423314 -0.576686 0.242983 -1.47148

6.58062 0.505371 0.422463 -0.577537 0.243363 -1.47127
6.58447 0.508188 0.422463 -0.577537 0.190443 -1.45016

6.58447 0.508166 0.411916 -0.588084 0.190764 -1.45027
6.59094 0.512695 0.411916 -0.588084 0.121925 -1.42657

6.59083 0.512695 0.403698 -0.596302 0.122156 -1.42624
6.5918 0.513351 0.403698 -0.596302 0.113203 -1.42587

6.5918 0.513305 0.399221 -0.600779 0.113689 -1.4261
6.59912 0.518172 0.399221 -0.600779 0.0348903 -1.41713

6.59912 0.518142 0.386489 -0.613511 0.0352639 -1.41735
6.6021 0.52002 0.386489 -0.613511 0.00184815 -1.40832

6.60204 0.52002 0.386489 -0.613511 0.00206568 -1.40821
6.60645 0.522797 0.386489 -0.613511 -0.051701 -1.38873

6.60645 0.522783 0.373508 -0.626492 -0.0515035 -1.3888
6.61377 0.527149 0.373508 -0.626492 -0.132347 -1.36872

6.61377 0.527144 0.358513 -0.641487 -0.132277 -1.36874
6.61413 0.527344 0.358513 -0.641487 -0.135987 -1.36903

6.61411 0.527344 0.359436 -0.640564 -0.135949 -1.36897
6.62109 0.531262 0.359436 -0.640564 -0.224405 -1.33901

6.62109 0.531248 0.345158 -0.654842 -0.224208 -1.33914
6.62758 0.534668 0.345158 -0.654842 -0.295569 -1.29229

6.62746 0.534668 0.345016 -0.654984 -0.295307 -1.29218
6.62842 0.535172 0.345016 -0.654984 -0.305279 -1.29119

6.62842 0.535116 0.330962 -0.669038 -0.304399 -1.2914
6.63574 0.538739 0.330962 -0.669038 -0.392398 -1.24868

6.63574 0.538734 0.316557 -0.683443 -0.392321 -1.24873
6.64278 0.541992 0.316557 -0.683443 -0.464455 -1.19042

6.64268 0.541992 0.316557 -0.683443 -0.464234 -1.19048
6.64307 0.54217 0.316557 -0.683443 -0.468076 -1.18965

6.64307 0.542132 0.301474 -0.698526 -0.467443 -1.18978
6.65039 0.545293 0.301474 -0.698526 -0.548525 -1.13781

6.65039 0.545291 0.285408 -0.714592 -0.548496 -1.13781
6.65771 0.548217 0.285408 -0.714592 -0.615134 -1.05642

6.65771 0.548203 0.269181 -0.730819 -0.614918 -1.05647
6.66074 0.549316 0.269181 -0.730819 -0.637766 -1.03572

6.66069 0.549316 0.269181 -0.730819 -0.637683 -1.036
6.66504 0.550919 0.269181 -0.730819 -0.677004 -1.00988

6.66504 0.550912 0.252556 -0.747444 -0.67687 -1.0099
6.67236 0.553387 0.252556 -0.747444 -0.752115 -0.94611

6.67236 0.553386 0.235296 -0.764704 -0.752096 -0.946119
6.67969 0.555639 0.235296 -0.764704 -0.810044 -0.865757

6.67969 0.555631 0.217827 -0.782173 -0.809905 -0.865791
6.68331 0.556641 0.217827 -0.782173 -0.836662 -0.834647

6.68327 0.556641 0.217827 -0.782173 -0.83655 -0.834956
6.68701 0.557682 0.217827 -0.782173 -0.864873 -0.801571

6.68701 0.557675 0.20018 -0.79982 -0.864735 -0.801583
6.69434 0.559508 0.20018 -0.79982 -0.92112 -0.728536

6.69434 0.559506 0.182382 -0.817618 -0.921066 -0.728538
6.70166 0.56114 0.182382 -0.817618 -0.966684 -0.643418

6.70166 0.56114 0.164188 -0.835812 -0.966688 -0.643417
6.70898 0.562579 0.164188 -0.835812 -1.00241 -0.558954

6.70898 0.56258 0.144853 -0.855147 -1.00243 -0.558948
6.71631 0.563821 0.144853 -0.855147 -1.04693 -0.49057

6.71631 0.563826 0.123846 -0.876154 -1.04704 -0.490553
6.71729 0.563965 0.123846 -0.876154 -1.0542 -0.483453

6.71731 0.563965 0.123846 -0.876154 -1.05429 -0.48331
6.72363 0.564858 0.123846 -0.876154 -1.10112 -0.413781

6.72363 0.56486 0.10086 -0.89914 -1.10118 -0.413774
6.73096 0.565682 0.10086 -0.89914 -1.14829 -0.309058

6.73096 0.565681 0.0763783 -0.923622 -1.14827 -0.30906
6.73828 0.566287 0.0763783 -0.923622 -1.18121 -0.202575

6.73828 0.566285 0.0511843 -0.948816 -1.18116 -0.202578
6.74561 0.56668 0.0511843 -0.948816 -1.19968 -0.103594

6.74561 0.566678 0.0254536 -0.974546 -1.19964 -0.103595
6.75293 0.56687 0.0254536 -0.974546 -1.20688 -0.0129143

6.75293 0.566869 -0.00114497 -0.998855 -1.20686 -0.0129147
6.76025 0.566861 -0.00114497 -0.998855 -1.20782 0.0733917

6.76025 0.566861 -0.0275699 -0.97243 -1.20783 0.0733919
6.76758 0.566654 -0.0275699 -0.97243 -1.20526 0.159858

6.76758 0.566654 -0.0528667 -0.947133 -1.20528 0.159858
6.7749 0.566245 -0.0528667 -0.947133 -1.20033 0.248988

6.7749 0.566246 -0.0771382 -0.922862 -1.20034 0.248989
6.78223 0.565634 -0.0771382 -0.922862 -1.19303 0.341063

6.78223 0.565633 -0.100265 -0.899735 -1.19303 0.341063
6.78955 0.564817 -0.100265 -0.899735 -1.18303 0.433984

6.79688 0.563792 -0.121956 -0.878044 -1.16834 0.523559
6.79563 0.563965 -0.121956 -0.878044 -1.17148 0.50893

6.78955 0.564817 -0.121956 -0.878044 -1.18303 0.433984
6.79569 0.563965 -0.121956 -0.878044 -1.17147 0.509572

6.79688 0.5638 -0.142573 -0.857427 -1.16847 0.523549
6.8042 0.562582 -0.142573 -0.857427 -1.14576 0.621464

6.8042 0.562582 -0.162523 -0.837477 -1.14577 0.621463
6.81152 0.561161 -0.162523 -0.837477 -1.11738 0.728648

6.81152 0.561162 -0.181893 -0.818107 -1.1174 0.728641
6.81885 0.559534 -0.181893 -0.818107 -1.07547 0.830002

6.81885 0.559535 -0.200818 -0.799182 -1.0755 0.830004
6.82617 0.557694 -0.200818 -0.799182 -1.02586 0.903261

6.8335 0.555646 -0.219133 -0.780867 -0.985358 0.969711
6.82995 0.556641 -0.219133 -0.780867 -1.00566 0.935538

6.8335 0.555642 -0.237147 -0.762853 -0.98529 0.969723
6.84082 0.553366 -0.237147 -0.762853 -0.945307 1.06427

6.84082 0.553366 -0.254815 -0.745185 -0.94531 1.06427
6.84814 0.550861 -0.254815 -0.745185 -0.882185 1.14404

6.85547 0.548146 -0.271456 -0.728544 -0.82248 1.21436
6.85233 0.549316 -0.271456 -0.728544 -0.848816 1.18139

6.84814 0.550848 -0.271456 -0.728544 -0.881829 1.14403
6.85225 0.549316 -0.271456 -0.728544 -0.848856 1.18071

6.82617 0.557689 -0.219133 -0.780867 -1.02573 0.903263
6.82991 0.556641 -0.219133 -0.780867 -1.00569 0.935134

6.89941 0.526897 -0.362746 -0.637254 -0.409618 1.56562
6.89863 0.527344 -0.362746 -0.637254 -0.416711 1.5632

6.89941 0.526828 -0.376959 -0.623041 -0.408197 1.56562
6.90674 0.522397 -0.376959 -0.623041 -0.340018 1.6147

6.91406 0.517727 -0.390389 -0.609611 -0.238723 1.67946
6.91048 0.52002 -0.390389 -0.609611 -0.288471 1.65032

6.90674 0.52237 -0.390389 -0.609611 -0.339297 1.61467
6.91041 0.52002 -0.390389 -0.609611 -0.28844 1.64989

6.85547 0.548133 -0.287471 -0.712529 -0.822207 1.2144
6.86279 0.545178 -0.287471 -0.712529 -0.758519 1.31172

6.86279 0.545176 -0.302833 -0.697167 -0.758455 1.31172
6.87012 0.541994 -0.302833 -0.697167 -0.683094 1.35535

6.87744 0.538583 -0.31824 -0.68176 -0.623721 1.42363
6.87014 0.541992 -0.31824 -0.68176 -0.683085 1.35536

6.87744 0.538581 -0.333639 -0.666361 -0.623681 1.42365
6.88477 0.534914 -0.333639 -0.666361 -0.545803 1.47032

6.89209 0.531 -0.348517 -0.651483 -0.492283 1.51552
6.88523 0.534668 -0.348517 -0.651483 -0.542084 1.46978

6.88477 0.53491 -0.347821 -0.652179 -0.545717 1.47031
6.88522 0.534668 -0.347821 -0.652179 -0.542041 1.46978

6.89209 0.530988 -0.362953 -0.637047 -0.491971 1.51551
6.89849 0.527344 -0.362953 -0.637047 -0.416314 1.56276

6.94336 0.49618 -0.444055 -0.555945 1e+30 1e+30
6.94102 0.498047 -0.444055 -0.555945 1e+30 1e+30

6.92871 0.507525 -0.41718 -0.58282 1e+30 1e+30
6.92149 0.512695 -0.41718 -0.58282 -0.171484 1.69261

6.91406 0.517707 -0.403322 -0.596678 -0.238282 1.67953
6.92139 0.512756 -0.403322 -0.596678 -0.172016 1.69297

6.92139 0.512761 -0.409616 -0.590384 -0.172103 1.69299
6.92148 0.512695 -0.409616 -0.590384 -0.171455 1.69262

