3.80859 0.409706 -0.403648 -0.596352 0.0485579 0.172297
3.80793 0.410156 -0.403648 -0.596352 0.048124 0.172749

3.76465 0.437069 -0.352713 -0.647287 0.0101567 0.168845
3.76027 0.439453 -0.352713 -0.647287 0.00663901 0.164165

3.76465 0.437067 -0.361702 -0.638298 0.0101636 0.168844
3.77197 0.432917 -0.361702 -0.638298 0.0147555 0.171937

3.7793 0.428605 -0.370755 -0.629245 0.0194124 0.172855
3.77332 0.432129 -0.370755 -0.629245 0.0155433 0.171313

3.77197 0.432903 -0.369696 -0.630304 0.0148031 0.171919
3.77329 0.432129 -0.369696 -0.630304 0.0155783 0.171305

3.75 0.444893 -0.343848 -0.656152 0.00453571 0.148132
3.75732 0.441055 -0.343848 -0.656152 0.00529497 0.161037

3.75732 0.441051 -0.352713 -0.647287 0.00531081 0.161032
3.76026 0.439453 -0.352713 -0.647287 0.00666761 0.164134

3.78662 0.424215 -0.377959 -0.622041 0.0261054 0.174049
3.78565 0.424805 -0.377959 -0.622041 0.0247518 0.174628

3.78662 0.42412 -0.388842 -0.611158 0.0263318 0.174043
3.79395 0.41946 -0.388842 -0.611158 0.0340244 0.171804

3.7793 0.428588 -0.379794 -0.620206 0.0194564 0.17285
3.78547 0.424805 -0.379794 -0.620206 0.0247622 0.174726

3.80127 0.414643 -0.397901 -0.602099 0.0435791 0.173399
3.79698 0.41748 -0.397901 -0.602099 0.0376319 0.171139

3.79395 0.419427 -0.397395 -0.602605 0.0341288 0.171792
3.7969 0.41748 -0.397395 -0.602605 0.0377028 0.171137

3.80127 0.414611 -0.407004 -0.592996 0.0436727 0.173397
3.80776 0.410156 -0.407004 -0.592996 0.0482615 0.172779

3.80859 0.409598 -0.416246 -0.583754 0.0487915 0.172217
3.81592 0.404376 -0.416246 -0.583754 0.0535828 0.171936

3.82324 0.398959 -0.425588 -0.574412 0.0591243 0.174292
3.81801 0.402832 -0.425588 -0.574412 0.0552769 0.172446

3.81592 0.404337 -0.418892 -0.581108 0.0536741 0.171912
3.81801 0.402832 -0.418892 -0.581108 0.0552848 0.17244

3.83057 0.393363 -0.43191 -0.56809 0.0655845 0.176836
3.82775 0.395508 -0.43191 -0.56809 0.0623748 0.177382

3.83789 0.387532 -0.446754 -0.553246 0.0709897 0.175553
3.83708 0.388184 -0.446754 -0.553246 0.0707838 0.175029

3.83057 0.393307 -0.444583 -0.555417 0.0657056 0.176835
3.83697 0.388184 -0.444583 -0.555417 0.070897 0.175015

3.82324 0.398925 -0.434219 -0.565781 0.0592009 0.174281
3.8277 0.395508 -0.434219 -0.565781 0.0623997 0.177391

3.85254 0.375027 -0.463881 -0.536119 0.0732805 0.176173
3.8458 0.380859 -0.463881 -0.536119 0.073133 0.172893

3.86719 0.361594 -0.482856 -0.517144 0.0846523 0.179905
3.86224 0.366211 -0.482856 -0.517144 0.0798119 0.178701

3.85986 0.368439 -0.473545 -0.526455 0.07752 0.179599
3.8542 0.373535 -0.473545 -0.526455 0.074418 0.178705

3.85254 0.375019 -0.470077 -0.529923 0.0732954 0.176171
3.85421 0.373535 -0.470077 -0.529923 0.074406 0.178729

3.85986 0.368376 -0.479739 -0.520261 0.077667 0.17956
3.86221 0.366211 -0.479739 -0.520261 0.0798503 0.178695

3.83789 0.387426 -0.45179 -0.54821 0.0711646 0.175473
3.84586 0.380859 -0.45179 -0.54821 0.0730899 0.172924

3.88184 0.346924 -0.508218 -0.491782 0.099487 0.182633
3.87735 0.351562 -0.508218 -0.491782 0.0935101 0.184451

3.89648 0.330996 -0.528565 -0.471435 0.114088 0.183308
3.89121 0.336914 -0.528565 -0.471435 0.109695 0.183116

3.88916 0.3391 -0.520221 -0.479779 0.108665 0.181112
3.88442 0.344238 -0.520221 -0.479779 0.102699 0.179936

3.88184 0.346889 -0.512542 -0.487458 0.0995756 0.182597
3.88436 0.344238 -0.512542 -0.487458 0.102786 0.179935

3.88916 0.339141 -0.522165 -0.477835 0.108603 0.181123
3.8912 0.336914 -0.522165 -0.477835 0.109704 0.183106

3.91113 0.313604 -0.557041 -0.442959 0.115942 0.183412
3.91007 0.314941 -0.557041 -0.442959 0.115884 0.182916

3.91004 0.314941 -0.548331 -0.451669 0.115903 0.182902
3.90401 0.322266 -0.548331 -0.451669 0.11648 0.181082

3.91846 0.304182 -0.569349 -0.430651 0.123895 0.189512
3.91586 0.307617 -0.569349 -0.430651 0.119088 0.187417

3.92578 0.294375 -0.576091 -0.423909 0.139175 0.189437
3.92143 0.300293 -0.576091 -0.423909 0.132419 0.190411

3.91846 0.304194 -0.569339 -0.430661 0.12388 0.189507
3.92141 0.300293 -0.569339 -0.430661 0.132435 0.19039

3.91113 0.313554 -0.557944 -0.442056 0.115974 0.183408
3.91584 0.307617 -0.557944 -0.442056 0.119086 0.187411

3.90381 0.322506 -0.538467 -0.461533 0.116568 0.181065
3.89774 0.32959 -0.538467 -0.461533 0.115355 0.182626

3.89648 0.331007 -0.532835 -0.467165 0.114069 0.183316
3.89773 0.32959 -0.532835 -0.467165 0.115365 0.182623

3.90381 0.322505 -0.543176 -0.456824 0.116569 0.181064
3.90401 0.322266 -0.543176 -0.456824 0.116482 0.181081

3.94775 0.261609 -0.621396 -0.378604 0.167191 0.185316
3.9465 0.263672 -0.621396 -0.378604 0.166013 0.184302

3.95508 0.249307 -0.630351 -0.369649 0.180684 0.178747
3.95095 0.256348 -0.630351 -0.369649 0.17042 0.186663

3.94775 0.261589 -0.621314 -0.378686 0.167204 0.185327
3.95095 0.256348 -0.621314 -0.378686 0.170421 0.186662

3.94043 0.273158 -0.602832 -0.397168 0.163249 0.187918
3.93703 0.27832 -0.602832 -0.397168 0.159773 0.189996

3.93311 0.284064 -0.598202 -0.401798 0.152928 0.192748
3.93204 0.285645 -0.598202 -0.401798 0.149506 0.193413

3.93201 0.285645 -0.58484 -0.41516 0.149514 0.193434
3.92681 0.292969 -0.58484 -0.41516 0.139546 0.190123

3.93311 0.284038 -0.593709 -0.406291 0.152989 0.192748
3.93702 0.27832 -0.593709 -0.406291 0.159782 0.190002

3.94649 0.263672 -0.612095 -0.387905 0.166014 0.184302
3.94185 0.270996 -0.612095 -0.387905 0.163766 0.185911

3.94043 0.273146 -0.605689 -0.394311 0.163262 0.187907
3.94183 0.270996 -0.605689 -0.394311 0.163788 0.185913

3.9624 0.236139 -0.647837 -0.352163 0.193648 0.184234
3.95938 0.241699 -0.647837 -0.352163 0.184803 0.188408

3.95938 0.241699 -0.639149 -0.360851 0.184803 0.188411
3.95524 0.249023 -0.639149 -0.360851 0.18101 0.178717

3.9624 0.236115 -0.647837 -0.352163 0.193694 0.184228
3.96335 0.234375 -0.647837 -0.352163 0.196514 0.182559

3.95508 0.249303 -0.633672 -0.366328 0.180691 0.178746
3.95524 0.249023 -0.633672 -0.366328 0.181012 0.178717

3.92578 0.29438 -0.58231 -0.41769 0.139168 0.189438
3.92679 0.292969 -0.58231 -0.41769 0.139577 0.190104

3.87451 0.35439 -0.495816 -0.504184 0.0895681 0.181577
3.86994 0.358887 -0.495816 -0.504184 0.0861851 0.179875

3.86719 0.361555 -0.490804 -0.509196 0.0847254 0.179871
3.86996 0.358887 -0.490804 -0.509196 0.0861627 0.17989

3.87451 0.35439 -0.501709 -0.498291 0.0895661 0.181578
3.87732 0.351562 -0.501709 -0.498291 0.0935412 0.184413

4.02194 0 -0.992908 -0.0070922 0.115664 0
4.02189 0.00732422 -0.992908 -0.0070922 0.121201 -0.00685635

4.02189 0.00732422 -0.978728 -0.0212724 0.121202 -0.00685834
4.02173 0.0146484 -0.978728 -0.0212724 0.138553 -0.0131436

4.02173 0.0146484 -0.964517 -0.0354829 0.138554 -0.0131457
4.02146 0.0219727 -0.964517 -0.0354829 0.165512 -0.0164508

4.02146 0.0219727 -0.950631 -0.0493687 0.165512 -0.0164497
4.02108 0.0292969 -0.950631 -0.0493687 0.196186 -0.0159763

4.021 0.0305518 -0.937503 -0.0624973 0.201583 -0.0157617
4.02059 0.0366211 -0.937503 -0.0624973 0.223837 -0.00620914

4.02059 0.0366211 -0.925156 -0.0748442 0.223837 -0.00620918
4.02 0.0439453 -0.925156 -0.0748442 0.244721 0.0104968

4.021 0.0305992 -0.937503 -0.0624973 0.201788 -0.0157655
4.02108 0.0292969 -0.937503 -0.0624973 0.196187 -0.0159812

4.02 0.0439453 -0.913028 -0.0869724 0.244719 0.0104936
4.0193 0.0512695 -0.913028 -0.0869724 0.260601 0.0260373

4.0193 0.0512695 -0.900682 -0.0993182 0.260596 0.0260332
4.0185 0.0585938 -0.900682 -0.0993182 0.271165 0.0426869

4.01367 0.0900931 -0.839915 -0.160085 0.23908 0.0817222
4.0127 0.0952148 -0.839915 -0.160085 0.234746 0.083332

4.01269 0.0952148 -0.829598 -0.170402 0.234746 0.083336
4.01119 0.102539 -0.829598 -0.170402 0.24097 0.0892339

4.01119 0.102539 -0.81965 -0.18035 0.24097 0.0892342
4.00958 0.109863 -0.81965 -0.18035 0.258422 0.100276

4.00958 0.109863 -0.809859 -0.190141 0.25842 0.100273
4.00786 0.117188 -0.809859 -0.190141 0.269921 0.117125

4.0185 0.0585938 -0.888199 -0.111801 0.271163 0.0426849
4.01757 0.065918 -0.888199 -0.111801 0.271387 0.0566099

4.01758 0.065918 -0.875653 -0.124347 0.271383 0.0566072
4.01654 0.0732422 -0.875653 -0.124347 0.266048 0.0658578

4.01654 0.0732422 -0.863104 -0.136896 0.266048 0.0658577
4.01537 0.0805664 -0.863104 -0.136896 0.257072 0.0752167

4.01537 0.0805664 -0.85102 -0.14898 0.257074 0.075217
4.01409 0.0878906 -0.85102 -0.14898 0.243792 0.0808597

4.01367 0.0900516 -0.839915 -0.160085 0.239177 0.0817105
4.01408 0.0878906 -0.839915 -0.160085 0.2438 0.0808642

4.00635 0.123285 -0.799966 -0.200034 0.27106 0.128347
4.00604 0.124512 -0.799966 -0.200034 0.27002 0.129507

4.00603 0.124512 -0.789974 -0.210026 0.270024 0.129553
4.00408 0.131836 -0.789974 -0.210026 0.269037 0.132677

4.00635 0.12322 -0.799966 -0.200034 0.271119 0.128346
4.00786 0.117188 -0.799966 -0.200034 0.269924 0.117132

4.00411 0.131836 -0.775033 -0.224967 0.268988 0.132649
3.99986 0.146484 -0.775033 -0.224967 0.258444 0.145983

3.99902 0.149063 -0.760608 -0.239392 0.255548 0.149163
3.99753 0.153809 -0.760608 -0.239392 0.251624 0.153201

3.99753 0.153809 -0.751115 -0.248885 0.251629 0.15321
3.9951 0.161133 -0.751115 -0.248885 0.246052 0.159058

3.9917 0.170784 -0.731946 -0.268054 0.233287 0.157297
3.98987 0.175781 -0.731946 -0.268054 0.224034 0.15455

3.9951 0.161133 -0.741579 -0.258421 0.246052 0.159059
3.99255 0.168457 -0.741579 -0.258421 0.237101 0.1579

3.9917 0.170763 -0.731946 -0.268054 0.233322 0.157299
3.99254 0.168457 -0.731946 -0.268054 0.237101 0.157899

3.99902 0.14902 -0.760608 -0.239392 0.255615 0.149142
3.99982 0.146484 -0.760608 -0.239392 0.258494 0.146069

3.98987 0.175781 -0.722414 -0.277586 0.224034 0.154549
3.98705 0.183105 -0.722414 -0.277586 0.216688 0.152581

3.98438 0.189748 -0.712806 -0.287194 0.21196 0.152594
3.98705 0.183105 -0.712806 -0.287194 0.216689 0.152581

