14.7218 0 0.992806 -0.00719409 3.00892 0
14.7218 0.00732422 0.992806 -0.00719409 2.9711 -0.0569034

14.7218 0.00732422 0.979779 -0.0202208 2.97116 -0.0568639
14.722 0.0146484 0.979779 -0.0202208 2.87635 -0.0839475

14.722 0.0146484 0.970005 -0.029995 2.87643 -0.0838377
14.7222 0.0219727 0.970005 -0.029995 2.76804 -0.0980638

14.7222 0.0219727 0.963343 -0.0366574 2.76807 -0.0979976
14.7225 0.0292969 0.963343 -0.0366574 2.68645 -0.0973001

14.7225 0.0292969 0.958205 -0.041795 2.68646 -0.0972804
14.7228 0.0366211 0.958205 -0.041795 2.64953 -0.0920918

14.7228 0.0366211 0.953324 -0.046676 2.64953 -0.0920981
14.7232 0.0439453 0.953324 -0.046676 2.64458 -0.0907545

14.7232 0.0439453 0.947913 -0.0520869 2.64458 -0.0907634
14.7236 0.0512695 0.947913 -0.0520869 2.64309 -0.0924587

14.7236 0.0512695 0.94183 -0.0581701 2.64309 -0.0924634
14.724 0.0585938 0.94183 -0.0581701 2.62985 -0.0914737

14.724 0.0585938 0.935399 -0.0646009 2.62984 -0.0914748
14.7246 0.065918 0.935399 -0.0646009 2.61038 -0.0828194

14.7246 0.065918 0.928993 -0.0710066 2.61038 -0.0828191
14.7251 0.0732422 0.928993 -0.0710066 2.59365 -0.0671119

14.7251 0.0732422 0.922722 -0.0772781 2.59365 -0.0671116
14.7257 0.0805664 0.922722 -0.0772781 2.58451 -0.0508133

14.7257 0.0805664 0.916252 -0.0837476 2.58451 -0.0508105
14.7264 0.0878906 0.916252 -0.0837476 2.58553 -0.0420352

14.7264 0.0878906 0.9092 -0.0908004 2.58553 -0.0420281
14.7271 0.0952148 0.9092 -0.0908004 2.59387 -0.0423468

14.7271 0.0952148 0.901738 -0.0982624 2.59387 -0.0423436
14.7279 0.102539 0.901738 -0.0982624 2.60207 -0.0494065

14.7279 0.102539 0.894258 -0.105742 2.60207 -0.0494065
14.7288 0.109863 0.894258 -0.105742 2.60733 -0.0584987

14.7288 0.109863 0.886913 -0.113087 2.60733 -0.0584993
14.729 0.111575 0.886913 -0.113087 2.60835 -0.060733

14.729 0.111576 0.886913 -0.113087 2.60835 -0.0607338
14.7297 0.117188 0.886913 -0.113087 2.61111 -0.0664535

14.7297 0.117188 0.879894 -0.120106 2.61111 -0.0664569
14.7307 0.124512 0.879894 -0.120106 2.61497 -0.0735806

14.7307 0.124512 0.873315 -0.126685 2.61497 -0.0735825
14.7318 0.131836 0.873315 -0.126685 2.62049 -0.0827727

14.7318 0.131836 0.866894 -0.133106 2.62049 -0.0827717
14.7329 0.13916 0.866894 -0.133106 2.62747 -0.0942961

14.7329 0.13916 0.860406 -0.139594 2.62747 -0.0942946
14.7341 0.146484 0.860406 -0.139594 2.63513 -0.107231

14.7341 0.146484 0.853716 -0.146284 2.63513 -0.107228
14.7353 0.153809 0.853716 -0.146284 2.6413 -0.117837

14.7353 0.153809 0.846962 -0.153038 2.6413 -0.117835
14.7363 0.159231 0.846962 -0.153038 2.63744 -0.120996

14.7363 0.159181 0.85041 -0.14959 2.63748 -0.120973
14.7367 0.161133 0.85041 -0.14959 2.63514 -0.122893

14.7367 0.161133 0.840807 -0.159193 2.63514 -0.1229
14.7381 0.168457 0.840807 -0.159193 2.62942 -0.123055

14.7381 0.168457 0.834858 -0.165142 2.62942 -0.123051
14.7395 0.175781 0.834858 -0.165142 2.64827 -0.126135

14.7395 0.175781 0.828916 -0.171084 2.64827 -0.126138
14.741 0.183105 0.828916 -0.171084 2.65932 -0.138952

14.741 0.183105 0.822873 -0.177127 2.65932 -0.138946
14.7426 0.19043 0.822873 -0.177127 2.64473 -0.146016

14.7426 0.19043 0.816444 -0.183556 2.64473 -0.146016
14.7437 0.195131 0.816444 -0.183556 2.63228 -0.144337

14.7437 0.195124 0.816444 -0.183556 2.63229 -0.144338
14.7442 0.197754 0.816444 -0.183556 2.63003 -0.143191

14.7442 0.197754 0.80997 -0.19003 2.63003 -0.143193
14.746 0.205078 0.80997 -0.19003 2.62866 -0.143975

14.746 0.205078 0.80349 -0.19651 2.62866 -0.143975
14.7478 0.212402 0.80349 -0.19651 2.63366 -0.154592

14.7478 0.212402 0.797127 -0.202873 2.63366 -0.154593
14.7496 0.219727 0.797127 -0.202873 2.63276 -0.176231

14.7496 0.219727 0.791039 -0.208961 2.63276 -0.176232
14.751 0.224876 0.791039 -0.208961 2.62572 -0.190989

14.751 0.224869 0.791039 -0.208961 2.62575 -0.190973
14.7516 0.227051 0.791039 -0.208961 2.61971 -0.196753

14.7516 0.227051 0.785354 -0.214646 2.61971 -0.196752
14.7536 0.234375 0.785354 -0.214646 2.60563 -0.216899

14.7536 0.234375 0.779712 -0.220288 2.60562 -0.216898
14.7556 0.241699 0.779712 -0.220288 2.59505 -0.237061

14.7556 0.241699 0.773839 -0.226161 2.59505 -0.23706
14.7578 0.249023 0.773839 -0.226161 2.58657 -0.254684

14.7578 0.249023 0.768004 -0.231996 2.58656 -0.254681
14.7583 0.250813 0.768004 -0.231996 2.58487 -0.258891

14.7583 0.250803 0.768004 -0.231996 2.58489 -0.258873
14.76 0.256348 0.768004 -0.231996 2.58019 -0.270191

14.76 0.256348 0.762377 -0.237623 2.58019 -0.27019
14.7623 0.263672 0.762377 -0.237623 2.57585 -0.281575

14.7623 0.263672 0.75707 -0.24293 2.57585 -0.281576
14.7646 0.270996 0.75707 -0.24293 2.567 -0.286165

14.7646 0.270996 0.751991 -0.248009 2.567 -0.286163
14.7656 0.274081 0.751991 -0.248009 2.56183 -0.286609

14.7656 0.274071 0.751991 -0.248009 2.56184 -0.28661
14.767 0.27832 0.751991 -0.248009 2.5565 -0.289734

14.767 0.27832 0.746622 -0.253378 2.55649 -0.289733
14.7695 0.285645 0.746622 -0.253378 2.55486 -0.302937

14.7695 0.285645 0.740761 -0.259239 2.55485 -0.302924
14.7721 0.292969 0.740761 -0.259239 2.5467 -0.335824

14.7721 0.292969 0.734798 -0.265202 2.54669 -0.3358
14.7729 0.295416 0.734798 -0.265202 2.54347 -0.344726

14.7729 0.295398 0.734798 -0.265202 2.54351 -0.344697
14.7747 0.300293 0.734798 -0.265202 2.5355 -0.359589

14.7747 0.300293 0.728934 -0.271066 2.53549 -0.359579
14.7774 0.307617 0.728934 -0.271066 2.52264 -0.375398

14.7774 0.307617 0.723292 -0.276708 2.52264 -0.375401
14.7802 0.314941 0.723292 -0.276708 2.50357 -0.384732

14.7802 0.314941 0.717807 -0.282193 2.50356 -0.384716
14.7803 0.31505 0.717807 -0.282193 2.50324 -0.384824

14.7803 0.315027 0.717807 -0.282193 2.50332 -0.384817
14.7831 0.322266 0.717807 -0.282193 2.49319 -0.397022

14.7831 0.322266 0.712053 -0.287947 2.49318 -0.397019
14.7861 0.32959 0.712053 -0.287947 2.48899 -0.428318

14.7861 0.32959 0.70628 -0.29372 2.48899 -0.428306
14.7876 0.333246 0.70628 -0.29372 2.48327 -0.443666

14.7876 0.333232 0.70628 -0.29372 2.4833 -0.443642
14.7891 0.336914 0.70628 -0.29372 2.47811 -0.455591

14.7891 0.336914 0.700724 -0.299276 2.4781 -0.455578
14.7923 0.344238 0.700724 -0.299276 2.4701 -0.475404

14.7923 0.344238 0.695373 -0.304627 2.4701 -0.475407
14.7949 0.350327 0.695373 -0.304627 2.45224 -0.490841

14.7949 0.350321 0.695373 -0.304627 2.45227 -0.490837
14.7955 0.351562 0.695373 -0.304627 2.44722 -0.493437

14.7955 0.351562 0.690037 -0.309963 2.44721 -0.493427
14.7988 0.358887 0.690037 -0.309963 2.43476 -0.511635

14.7988 0.358887 0.684348 -0.315652 2.43475 -0.511617
14.8021 0.366211 0.684348 -0.315652 2.4136 -0.553713

14.8021 0.366211 0.678425 -0.321575 2.41356 -0.553583
14.8022 0.366498 0.678425 -0.321575 2.41238 -0.554875

14.8022 0.366459 0.678425 -0.321575 2.41257 -0.554829
14.8056 0.373535 0.678425 -0.321575 2.40405 -0.586273

14.8056 0.373535 0.672401 -0.327599 2.40404 -0.586266
14.8092 0.380859 0.672401 -0.327599 2.37303 -0.632298

14.8091 0.380859 0.666717 -0.333283 2.37297 -0.632156
14.8096 0.381711 0.666717 -0.333283 2.36642 -0.636531

14.8096 0.381654 0.666717 -0.333283 2.36693 -0.636423
14.8128 0.388184 0.666717 -0.333283 2.34203 -0.668704

14.8128 0.388184 0.661077 -0.338923 2.34199 -0.668678
14.8166 0.395508 0.661077 -0.338923 2.30294 -0.713202

14.8166 0.395508 0.65515 -0.34485 2.30289 -0.713036
14.8169 0.396149 0.65515 -0.34485 2.2982 -0.715701

14.8169 0.396098 0.655018 -0.344982 2.29863 -0.715663
14.8204 0.402832 0.655018 -0.344982 2.2787 -0.747207

14.8204 0.402832 0.648488 -0.351512 2.27866 -0.74718
14.8242 0.409812 0.648488 -0.351512 2.2432 -0.804677

14.8242 0.409807 0.648912 -0.351088 2.24326 -0.804668
14.8244 0.410156 0.648912 -0.351088 1e+30 1e+30

