17.9546 0 0.9954 -0.00459962 2.77492 0
17.9547 0.00732422 0.9954 -0.00459962 2.76423 -0.0278694

17.9547 0.00732422 0.986421 -0.0135794 2.76423 -0.0278699
17.9548 0.0146484 0.986421 -0.0135794 2.73582 -0.0447821

17.9548 0.0146484 0.977867 -0.0221331 2.73582 -0.0447837
17.9549 0.0219727 0.977867 -0.0221331 2.70869 -0.0470056

17.9549 0.0219727 0.970278 -0.0297222 2.7087 -0.0470117
17.9552 0.0292969 0.970278 -0.0297222 2.71256 -0.034665

17.9551 0.0292969 0.960051 -0.0399488 2.71253 -0.0346764
17.9557 0.0439453 0.960051 -0.0399488 2.71439 -0.0396581

17.9557 0.0439453 0.946771 -0.0532292 2.71439 -0.0396581
17.9566 0.0585938 0.946771 -0.0532292 2.71344 -0.0489127

17.9565 0.0585938 0.926535 -0.0734645 2.71335 -0.0488973
17.9588 0.0878906 0.926535 -0.0734645 2.70984 -0.0702603

17.9589 0.0878906 0.899688 -0.100312 2.7099 -0.0702745
17.959 0.0888831 0.899688 -0.100312 2.71192 -0.0693942

17.959 0.0889101 0.90684 -0.0931598 2.71192 -0.0694106
17.9604 0.102539 0.90684 -0.0931598 2.70715 -0.0785282

17.9604 0.102539 0.893092 -0.106908 2.70715 -0.078528
17.9621 0.117188 0.893092 -0.106908 1e+30 1e+30

