5.57035 0.46875 0.452998 -0.547002 0.478923 -1.33669
5.57373 0.47155 0.452998 -0.547002 0.445394 -1.33924

5.57373 0.471541 0.447435 -0.552565 0.4455 -1.33927
5.57933 0.476074 0.447435 -0.552565 0.390588 -1.33428

5.57924 0.476074 0.441866 -0.558134 0.390733 -1.33418
5.58105 0.477508 0.441866 -0.558134 0.372315 -1.33

5.58105 0.477486 0.436018 -0.563982 0.372553 -1.3301
5.58838 0.483148 0.436018 -0.563982 0.299338 -1.3241

5.58838 0.483139 0.425821 -0.574179 0.29944 -1.32414
5.58873 0.483398 0.425821 -0.574179 0.296046 -1.32455

5.58872 0.483398 0.424107 -0.575893 0.296058 -1.32452
5.5957 0.488541 0.424107 -0.575893 0.218951 -1.31097

5.5957 0.488516 0.411543 -0.588457 0.219182 -1.31114
5.59886 0.490723 0.411543 -0.588457 0.188439 -1.29478

5.5988 0.490723 0.412215 -0.587785 0.188637 -1.29481
5.60303 0.49369 0.412215 -0.587785 0.149572 -1.28795

5.60303 0.493667 0.400721 -0.599279 0.149848 -1.28802
5.60958 0.498047 0.400721 -0.599279 0.0970174 -1.27949

5.60946 0.498047 0.39159 -0.60841 0.0971867 -1.27908
5.61035 0.498618 0.39159 -0.60841 0.0899506 -1.28021

5.61035 0.498573 0.388522 -0.611478 0.0904231 -1.28038
5.61768 0.503227 0.388522 -0.611478 0.0196969 -1.26684

5.61768 0.503202 0.376058 -0.623942 0.0199899 -1.26702
5.62127 0.505371 0.376058 -0.623942 -0.017379 -1.247

5.62121 0.505371 0.376058 -0.623942 -0.0171614 -1.24709
5.625 0.507657 0.376058 -0.623942 1e+30 1e+30

