3.73313 0 0.993311 -0.00668914 1.4736 0
3.73318 0.00732422 0.993311 -0.00668914 1.47198 -0.0316454

3.73318 0.00732422 0.980363 -0.0196374 1.47198 -0.0316445
3.73333 0.0146484 0.980363 -0.0196374 1.46937 -0.0610407

3.73333 0.0146484 0.968512 -0.0314881 1.46938 -0.0610358
3.73357 0.0219727 0.968512 -0.0314881 1.46167 -0.0916077

3.73357 0.0219727 0.957677 -0.0423232 1.46167 -0.0916065
3.73389 0.0292969 0.957677 -0.0423232 1.44674 -0.120449

3.73389 0.0292969 0.947246 -0.0527537 1.44674 -0.120449
3.7343 0.0366211 0.947246 -0.0527537 1.43285 -0.14612

3.7343 0.0366211 0.936804 -0.0631955 1.43284 -0.146119
3.73479 0.0439453 0.936804 -0.0631955 1.42575 -0.165316

3.73479 0.0439453 0.925922 -0.0740779 1.42574 -0.165311
3.73535 0.0509479 0.925922 -0.0740779 1.4256 -0.180043

3.73535 0.0509432 0.925922 -0.0740779 1.4256 -0.180034
3.73538 0.0512695 0.925922 -0.0740779 1.42573 -0.180748

3.73538 0.0512695 0.914785 -0.0852152 1.42573 -0.180745
3.73606 0.0585938 0.914785 -0.0852152 1.42542 -0.197659

3.73606 0.0585938 0.903897 -0.0961028 1.42542 -0.197661
3.73684 0.065918 0.903897 -0.0961028 1.42218 -0.212267

3.73684 0.065918 0.893239 -0.106761 1.42218 -0.212266
3.73771 0.0732422 0.893239 -0.106761 1.42166 -0.224084

3.73771 0.0732422 0.882765 -0.117235 1.42166 -0.224085
3.73869 0.0805664 0.882765 -0.117235 1.42095 -0.235736

3.73869 0.0805664 0.87254 -0.12746 1.42095 -0.235736
3.73976 0.0878906 0.87254 -0.12746 1.41929 -0.250847

3.73975 0.0878906 0.862117 -0.137883 1.41929 -0.250838
3.74093 0.0952148 0.862117 -0.137883 1.41354 -0.26451

3.74093 0.0952148 0.852359 -0.147641 1.41355 -0.264516
3.7422 0.102539 0.852359 -0.147641 1.39583 -0.27762

3.74217 0.102539 0.838305 -0.161695 1.39571 -0.277577
3.745 0.117188 0.838305 -0.161695 1.38268 -0.303572

3.74502 0.117188 0.824444 -0.175556 1.38278 -0.303595
3.74658 0.124512 0.824444 -0.175556 1.37846 -0.321296

3.74658 0.124512 0.814683 -0.185317 1.37846 -0.321296
3.74824 0.131836 0.814683 -0.185317 1.35797 -0.337361

3.74824 0.131836 0.805581 -0.194419 1.35798 -0.337363
3.75 0.139111 0.805581 -0.194419 1.3488 -0.354813

3.75 0.139105 0.805581 -0.194419 1.3488 -0.3548
3.75001 0.13916 0.805581 -0.194419 1.34886 -0.354955

3.75001 0.13916 0.797055 -0.202945 1.34885 -0.354951
3.75188 0.146484 0.797055 -0.202945 1.35281 -0.378897

3.75187 0.146484 0.788213 -0.211787 1.3528 -0.378889
3.75384 0.153809 0.788213 -0.211787 1.34076 -0.402357

3.75384 0.153809 0.778993 -0.221007 1.34076 -0.402359
3.75592 0.161133 0.778993 -0.221007 1.31716 -0.406396

3.75592 0.161133 0.770162 -0.229838 1.31716 -0.406394
3.75732 0.165839 0.770162 -0.229838 1.30395 -0.407769

3.75732 0.165827 0.770162 -0.229838 1.30399 -0.407744
3.75811 0.168457 0.770162 -0.229838 1.2981 -0.412356

3.75811 0.168457 0.761844 -0.238156 1.29809 -0.412359
3.7604 0.175781 0.761844 -0.238156 1.28628 -0.427822

3.76039 0.175781 0.753339 -0.246661 1.28627 -0.42782
3.76279 0.183105 0.753339 -0.246661 1.28336 -0.445892

3.76279 0.183105 0.744569 -0.255431 1.28335 -0.445888
3.76465 0.188521 0.744569 -0.255431 1.28129 -0.461221

3.76465 0.188512 0.744569 -0.255431 1.28131 -0.461206
3.76531 0.19043 0.744569 -0.255431 1.27811 -0.466498

3.7653 0.19043 0.7359 -0.2641 1.2781 -0.466492
3.76793 0.197754 0.7359 -0.2641 1.27066 -0.483776

3.76793 0.197754 0.727508 -0.272492 1.27066 -0.483777
3.77068 0.205078 0.727508 -0.272492 1.26077 -0.50241

3.77067 0.205078 0.719415 -0.280585 1.26074 -0.502392
3.77197 0.208418 0.719415 -0.280585 1.253 -0.514859

3.77197 0.208387 0.719415 -0.280585 1.25313 -0.514774
3.77354 0.212402 0.719415 -0.280585 1.24374 -0.527084

3.77353 0.212402 0.711265 -0.288735 1.24371 -0.527058
3.7765 0.219727 0.711265 -0.288735 1.22519 -0.543943

3.77651 0.219727 0.703225 -0.296775 1.22519 -0.543941
3.7793 0.226341 0.703225 -0.296775 1.19501 -0.543433

3.7793 0.226334 0.703225 -0.296775 1.19506 -0.543433
3.7796 0.227051 0.703225 -0.296775 1.19125 -0.54315

3.77959 0.227051 0.695255 -0.304745 1.19124 -0.543156
3.78281 0.234375 0.695255 -0.304745 1.17755 -0.550497

3.78281 0.234375 0.687253 -0.312747 1.17755 -0.550497
3.78614 0.241699 0.687253 -0.312747 1.17147 -0.574939

3.78612 0.241699 0.679128 -0.320872 1.17142 -0.574873
3.78662 0.242762 0.679128 -0.320872 1.1688 -0.578147

3.78662 0.242721 0.679128 -0.320872 1.16896 -0.578084
3.7896 0.249023 0.679128 -0.320872 1.15525 -0.594289

3.78959 0.249023 0.670527 -0.329473 1.15523 -0.594275
3.79319 0.256348 0.670527 -0.329473 1.13597 -0.605206

3.79317 0.256348 0.661912 -0.338088 1.1359 -0.605193
3.79395 0.257856 0.661912 -0.338088 1.12978 -0.608577

3.79395 0.257811 0.661912 -0.338088 1.13005 -0.608493
3.79694 0.263672 0.661912 -0.338088 1.11446 -0.620527

3.79693 0.263672 0.653459 -0.346541 1.11443 -0.62052
3.80082 0.270996 0.653459 -0.346541 1.09014 -0.636681

3.80079 0.270996 0.645774 -0.354226 1.09004 -0.636629
3.80127 0.271875 0.645774 -0.354226 1.08631 -0.638714

3.80127 0.271811 0.645072 -0.354928 1.0867 -0.638624
3.80485 0.27832 0.645072 -0.354928 1.0658 -0.653865

3.80485 0.27832 0.637012 -0.362988 1.06578 -0.653855
3.80859 0.284899 0.637012 -0.362988 1.04171 -0.658589

3.80859 0.284856 0.632585 -0.367415 1.04194 -0.658532
3.81331 0.292969 0.632585 -0.367415 1.01182 -0.671409

3.81334 0.292969 0.620114 -0.379886 1.01194 -0.671448
3.81592 0.297182 0.620114 -0.379886 0.997764 -0.679523

3.81592 0.297158 0.620114 -0.379886 0.997867 -0.679478
3.81784 0.300293 0.620114 -0.379886 0.992514 -0.688802

3.81783 0.300293 0.611501 -0.388499 0.992461 -0.688781
3.82248 0.307617 0.611501 -0.388499 0.970478 -0.708554

3.82246 0.307617 0.610405 -0.389595 0.970425 -0.708533
3.82324 0.308837 0.610405 -0.389595 0.965645 -0.711055

3.82324 0.308768 0.602627 -0.397373 0.966063 -0.710972
3.82731 0.314941 0.602627 -0.397373 0.943745 -0.724954

3.8273 0.314941 0.593717 -0.406283 0.943706 -0.724928
3.83057 0.319714 0.593717 -0.406283 0.922429 -0.73811

3.83057 0.319682 0.59528 -0.40472 0.922613 -0.738077
3.83232 0.322266 0.59528 -0.40472 0.913537 -0.744786

3.83232 0.322266 0.584642 -0.415358 0.913512 -0.744768
3.83752 0.32959 0.584642 -0.415358 0.883652 -0.759772

3.83748 0.32959 0.581372 -0.418628 0.883545 -0.75973
3.83789 0.330154 0.581372 -0.418628 0.880497 -0.760923

3.83789 0.330089 0.575658 -0.424342 0.880993 -0.760842
3.84292 0.336914 0.575658 -0.424342 0.851033 -0.776371

3.84293 0.336914 0.572921 -0.427079 0.85105 -0.776379
3.84521 0.339984 0.572921 -0.427079 0.839948 -0.78376

3.84521 0.339902 0.567116 -0.432884 0.840466 -0.783666
3.84852 0.344238 0.567116 -0.432884 0.813989 -0.792861

3.84851 0.344238 0.558057 -0.441943 0.81394 -0.79283
3.85254 0.349328 0.558057 -0.441943 0.780177 -0.79911

3.85254 0.349296 0.558442 -0.441558 0.780403 -0.799093
3.85433 0.351562 0.558442 -0.441558 0.769487 -0.804023

3.85432 0.351562 0.54824 -0.45176 0.76945 -0.803994
3.85986 0.358292 0.54824 -0.45176 0.734676 -0.816896

3.85986 0.35829 0.545496 -0.454504 0.734692 -0.816896
3.86036 0.358887 0.545496 -0.454504 0.73116 -0.817882

3.86035 0.358887 0.538372 -0.461628 0.731128 -0.817855
3.86663 0.366211 0.538372 -0.461628 0.688034 -0.830899

3.86657 0.366211 0.532915 -0.467085 0.687926 -0.830769
3.86719 0.366917 0.532915 -0.467085 0.683089 -0.832226

3.86719 0.366832 0.528327 -0.471673 0.683812 -0.832217
3.87317 0.373535 0.528327 -0.471673 0.647695 -0.845276

3.87313 0.373535 0.52268 -0.47732 0.647591 -0.845171
3.87451 0.37505 0.52268 -0.47732 0.641124 -0.848532

3.87451 0.374968 0.519029 -0.480971 0.641648 -0.848531
3.87997 0.380859 0.519029 -0.480971 0.611924 -0.862998

3.87993 0.380859 0.512437 -0.487563 0.611861 -0.862899
3.88184 0.382858 0.512437 -0.487563 0.599778 -0.86816

3.88184 0.382783 0.508544 -0.491456 0.600357 -0.868153
3.88705 0.388184 0.508544 -0.491456 0.56397 -0.876773

3.88702 0.388184 0.501813 -0.498187 0.563903 -0.876724
3.88916 0.390342 0.501813 -0.498187 0.548864 -0.878482

3.88916 0.390295 0.495835 -0.504165 0.549274 -0.878504
3.89446 0.395508 0.495835 -0.504165 0.513071 -0.882081

3.8944 0.395508 0.491127 -0.508873 0.512997 -0.882035
3.89648 0.397523 0.491127 -0.508873 0.497217 -0.882677

3.89648 0.397498 0.483656 -0.516344 0.497447 -0.882688
3.90218 0.402832 0.483656 -0.516344 0.460436 -0.87925

3.9021 0.402832 0.480421 -0.519579 0.460331 -0.879275
3.90381 0.40441 0.480421 -0.519579 0.450149 -0.877185

3.90381 0.404378 0.474368 -0.525632 0.450404 -0.877216
3.91021 0.410156 0.474368 -0.525632 0.41379 -0.870045

3.91014 0.410156 0.469733 -0.530267 0.413749 -0.870035
3.91113 0.411034 0.469733 -0.530267 0.40806 -0.869006

3.91113 0.410992 0.463951 -0.536049 0.408357 -0.869062
3.91846 0.417332 0.463951 -0.536049 0.373912 -0.867907

3.91846 0.417325 0.457257 -0.542743 0.373948 -0.867916
3.91864 0.41748 0.457257 -0.542743 0.373296 -0.868087

3.91864 0.41748 0.453512 -0.546488 0.373295 -0.868083
3.92578 0.423407 0.453512 -0.546488 0.338425 -0.869081

3.92578 0.423385 0.443651 -0.556349 0.338576 -0.869138
3.92756 0.424805 0.443651 -0.556349 0.328332 -0.867363

3.92754 0.424805 0.443273 -0.556727 0.328339 -0.867336
3.93311 0.429239 0.443273 -0.556727 0.295824 -0.864722

3.93311 0.42922 0.432025 -0.567975 0.29594 -0.864784
3.93693 0.432129 0.432025 -0.567975 0.276089 -0.859839

3.93684 0.432129 0.429503 -0.570497 0.275983 -0.859986
3.94043 0.434834 0.429503 -0.570497 0.256106 -0.852778

3.94043 0.434826 0.423167 -0.576833 0.25618 -0.852782
3.94674 0.439453 0.423167 -0.576833 0.226882 -0.841827

3.94666 0.439453 0.416503 -0.583497 0.226816 -0.841805
3.94775 0.440236 0.416503 -0.583497 0.221854 -0.841359

3.94775 0.440205 0.412827 -0.587173 0.222089 -0.84139
3.95508 0.445354 0.412827 -0.587173 0.184658 -0.832129

3.95508 0.445341 0.400164 -0.599836 0.184752 -0.832163
3.95723 0.446777 0.400164 -0.599836 0.17398 -0.827671

3.95719 0.446777 0.402557 -0.597443 0.17399 -0.827687
3.9624 0.450292 0.402557 -0.597443 0.143201 -0.817326

3.9624 0.450272 0.392457 -0.607543 0.143406 -0.817326
3.96833 0.454102 0.392457 -0.607543 0.119832 -0.801777

3.96822 0.454102 0.38709 -0.61291 0.119733 -0.80177
3.96973 0.455053 0.38709 -0.61291 0.113701 -0.801195

3.96973 0.455015 0.382237 -0.617763 0.113998 -0.801222
3.97705 0.459546 0.382237 -0.617763 0.0801288 -0.790226

3.97705 0.459525 0.371967 -0.628033 0.0802806 -0.790279
3.98026 0.461426 0.371967 -0.628033 0.0656926 -0.781826

3.9802 0.461426 0.371967 -0.628033 0.0657124 -0.781892
3.98438 0.463897 0.371967 -0.628033 1e+30 1e+30

