31.7125 0.527344 0.542599 -0.457401 1.37634 -1.64047
31.7139 0.528941 0.542599 -0.457401 1.36784 -1.66157

31.7139 0.528832 0.53767 -0.46233 1.36811 -1.66225
31.7189 0.534668 0.53767 -0.46233 1.28965 -1.71733

31.7188 0.534668 0.531024 -0.468976 1.28994 -1.71665
31.7212 0.537328 0.531024 -0.468976 1.23994 -1.72709

31.7212 0.537213 0.528237 -0.471763 1.24139 -1.72826
31.7255 0.541992 0.528237 -0.471763 1.15013 -1.74736

31.7254 0.541992 0.518657 -0.481343 1.15023 -1.74719
31.7285 0.545299 0.518657 -0.481343 1.08338 -1.75294

31.7285 0.545214 0.513686 -0.486314 1.08452 -1.75386
31.7324 0.549316 0.513686 -0.486314 1.02562 -1.77294

31.7324 0.549316 0.506522 -0.493478 1.02589 -1.77209
31.7358 0.55289 0.506522 -0.493478 0.977407 -1.81053

31.7358 0.552836 0.499642 -0.500358 0.977797 -1.81102
31.7396 0.556641 0.499642 -0.500358 0.897619 -1.84322

31.7396 0.556641 0.492317 -0.507683 0.898272 -1.84151
31.7432 0.560124 0.492317 -0.507683 0.819826 -1.88379

31.7432 0.560075 0.482677 -0.517323 0.820507 -1.8843
31.7473 0.563965 0.482677 -0.517323 0.725365 -1.92689

31.7472 0.563965 0.476627 -0.523373 0.726325 -1.92516
31.7505 0.566936 0.476627 -0.523373 0.645929 -1.94508

31.7505 0.566898 0.466431 -0.533569 0.646579 -1.9455
31.7555 0.571289 0.466431 -0.533569 0.526535 -1.96141

31.7554 0.571289 0.4621 -0.5379 0.527917 -1.95998
31.7578 0.573381 0.4621 -0.5379 0.466992 -1.95843

31.7578 0.573336 0.453785 -0.546215 0.467768 -1.95903
31.7642 0.578613 0.453785 -0.546215 0.323546 -1.95059

31.764 0.578613 0.447163 -0.552837 0.324747 -1.94939
31.7651 0.579503 0.447163 -0.552837 0.303495 -1.9475

31.7651 0.57944 0.438607 -0.561393 0.304269 -1.94836
31.7725 0.585162 0.438607 -0.561393 0.156972 -1.96278

31.7725 0.585144 0.422963 -0.577037 0.157255 -1.96302
31.7735 0.585938 0.422963 -0.577037 0.135386 -1.96763

31.7735 0.585938 0.421831 -0.578169 0.13562 -1.96726
31.7798 0.590511 0.421831 -0.578169 -0.00769491 -1.9654

31.7798 0.590466 0.404549 -0.595451 -0.00682438 -1.96611
31.7839 0.593262 0.404549 -0.595451 -0.103624 -1.94499

31.7838 0.593262 0.403125 -0.596875 -0.102381 -1.94464
31.7871 0.595512 0.403125 -0.596875 -0.178937 -1.92481

31.7871 0.595475 0.387097 -0.612903 -0.178238 -1.92529
31.7944 0.600101 0.387097 -0.612903 -0.347267 -1.90101

31.7944 0.600091 0.367766 -0.632234 -0.347043 -1.90114
31.7953 0.600586 0.367766 -0.632234 -0.366647 -1.90098

31.7953 0.600586 0.368472 -0.631528 -0.366393 -1.90078
31.8018 0.604378 0.368472 -0.631528 -0.540706 -1.83738

31.8018 0.604364 0.348991 -0.651009 -0.540402 -1.83762
31.8084 0.60791 0.348991 -0.651009 -0.684101 -1.75231

31.8082 0.60791 0.348158 -0.651842 -0.68303 -1.75202
31.8091 0.60836 0.348158 -0.651842 -0.698966 -1.74906

31.8091 0.608303 0.3283 -0.6717 -0.697787 -1.74968
31.8164 0.611882 0.3283 -0.6717 -0.849537 -1.68186

31.8164 0.611878 0.306217 -0.693783 -0.849422 -1.68194
31.8237 0.615111 0.306217 -0.693783 -1.00768 -1.59301

31.8237 0.615104 0.282824 -0.717176 -1.0075 -1.59308
31.8241 0.615234 0.282824 -0.717176 -1.01426 -1.59171

31.8237 0.615234 0.306217 -0.693783 -1.0109 -1.59173
31.8237 0.615243 0.306217 -0.693783 -1.01133 -1.59164

31.824 0.615234 0.282824 -0.717176 -1.01402 -1.59171
31.8311 0.618002 0.282824 -0.717176 -1.17526 -1.50309

31.8311 0.617998 0.257915 -0.742085 -1.17511 -1.50313
31.8384 0.620544 0.257915 -0.742085 -1.33808 -1.33026

31.8384 0.620536 0.232686 -0.767314 -1.33786 -1.33037
31.845 0.622559 0.232686 -0.767314 -1.465 -1.20331

31.845 0.622559 0.232686 -0.767314 -1.46419 -1.20417
31.8457 0.622781 0.232686 -0.767314 -1.47886 -1.19403

31.8457 0.622765 0.205711 -0.794289 -1.47833 -1.19419
31.853 0.624662 0.205711 -0.794289 -1.62123 -1.05705

31.853 0.624663 0.175561 -0.824439 -1.62128 -1.05704
31.8604 0.626223 0.175561 -0.824439 -1.76238 -0.872665

31.8604 0.626223 0.142692 -0.857308 -1.76239 -0.87266
31.8677 0.627442 0.142692 -0.857308 -1.85763 -0.678052

31.8677 0.627441 0.107153 -0.892847 -1.85762 -0.678061
31.875 0.62832 0.107153 -0.892847 -1.94246 -0.47949

32.1094 0.417546 -0.726134 -0.273866 2.03074 2.0057
32.1066 0.424805 -0.726134 -0.273866 1.98659 2.05561

32.1021 0.436417 -0.711924 -0.288076 1.90959 2.12601
32.1008 0.439453 -0.711924 -0.288076 1.88522 2.14438

32.1066 0.424805 -0.719074 -0.280926 1.98658 2.05561
32.1038 0.432129 -0.719074 -0.280926 1.93764 2.0994

32.1021 0.436381 -0.711924 -0.288076 1.91004 2.12581
32.1038 0.432129 -0.711924 -0.288076 1.9377 2.09939

32.0947 0.453773 -0.696901 -0.303099 1.77684 2.2348
32.0946 0.454102 -0.696901 -0.303099 1.7737 2.23691

32.0946 0.454102 -0.689017 -0.310983 1.77395 2.23691
32.0913 0.461426 -0.689017 -0.310983 1.71348 2.29105

32.0913 0.461426 -0.680649 -0.319351 1.71345 2.29104
32.0878 0.46875 -0.680649 -0.319351 1.64551 2.32649

32.1008 0.439453 -0.704542 -0.295458 1.88529 2.14438
32.0977 0.446777 -0.704542 -0.295458 1.83142 2.194

32.0947 0.453716 -0.696901 -0.303099 1.77768 2.23443
32.0977 0.446777 -0.696901 -0.303099 1.83143 2.194

32.1726 0 -0.995657 -0.00434294 2.80498 0
32.1725 0.0146484 -0.995657 -0.00434294 2.80602 0.0550628

32.1725 0.0146484 -0.986936 -0.0130638 2.80601 0.0550631
32.1723 0.0292969 -0.986936 -0.0130638 2.80165 0.112425

32.1723 0.0292969 -0.978558 -0.0214425 2.80167 0.112424
32.172 0.0439453 -0.978558 -0.0214425 2.79119 0.167616

32.172 0.0439453 -0.97032 -0.0296798 2.79117 0.167618
32.1715 0.0585938 -0.97032 -0.0296798 2.78127 0.223963

32.1715 0.0585938 -0.961785 -0.0382145 2.78127 0.223963
32.171 0.0732422 -0.961785 -0.0382145 2.77258 0.281965

32.171 0.0732422 -0.953488 -0.046512 2.77259 0.281964
32.1702 0.0878906 -0.953488 -0.046512 2.76429 0.341004

32.1702 0.0878906 -0.945497 -0.0545028 2.76429 0.341005
32.1694 0.102539 -0.945497 -0.0545028 2.75543 0.401846

32.1694 0.102539 -0.937369 -0.0626312 2.75541 0.401847
32.1684 0.117188 -0.937369 -0.0626312 2.7476 0.464092

32.168 0.123105 -0.928963 -0.0710373 2.74521 0.489546
32.1673 0.131836 -0.928963 -0.0710373 2.73816 0.527438

32.1673 0.131836 -0.920446 -0.079554 2.73816 0.527438
32.166 0.146484 -0.920446 -0.079554 2.72128 0.590598

32.166 0.146484 -0.914127 -0.0858731 2.72136 0.590593
32.1653 0.153809 -0.914127 -0.0858731 2.71496 0.621337

32.1653 0.153809 -0.909971 -0.0900288 2.71495 0.621337
32.1646 0.161133 -0.909971 -0.0900288 2.71287 0.65368

32.1646 0.161133 -0.905722 -0.0942784 2.71287 0.65368
32.1639 0.168457 -0.905722 -0.0942784 2.70052 0.685761

32.1639 0.168457 -0.901572 -0.098428 2.70053 0.685761
32.1631 0.175781 -0.901572 -0.098428 2.6905 0.713547

32.1631 0.175781 -0.895235 -0.104765 2.69041 0.713549
32.1613 0.19043 -0.895235 -0.104765 2.67917 0.779213

32.1613 0.19043 -0.886592 -0.113408 2.67915 0.779213
32.1595 0.205078 -0.886592 -0.113408 2.657 0.845631

32.1595 0.205078 -0.88005 -0.11995 2.6571 0.845626
32.1585 0.212402 -0.88005 -0.11995 2.64889 0.880435

32.1585 0.212402 -0.875875 -0.124125 2.64888 0.880435
32.1574 0.219727 -0.875875 -0.124125 2.6475 0.91619

32.1574 0.219727 -0.871441 -0.128559 2.64749 0.91619
32.1563 0.227051 -0.871441 -0.128559 2.63853 0.952646

32.1563 0.227051 -0.866805 -0.133195 2.63853 0.952646
32.1552 0.234375 -0.866805 -0.133195 2.62019 0.987976

32.168 0.123084 -0.928963 -0.0710373 2.74523 0.489453
32.1684 0.117188 -0.928963 -0.0710373 2.74759 0.464093

32.1533 0.246141 -0.857838 -0.142162 2.59237 1.04585
32.1528 0.249023 -0.857838 -0.142162 2.59038 1.0609

32.1528 0.249023 -0.85294 -0.14706 2.59038 1.0609
32.1516 0.256348 -0.85294 -0.14706 2.5841 1.09996

32.1516 0.256348 -0.847986 -0.152014 2.58411 1.09997
32.1503 0.263672 -0.847986 -0.152014 2.574 1.14006

32.1552 0.234375 -0.86232 -0.13768 2.6202 0.987976
32.1541 0.241699 -0.86232 -0.13768 2.60064 1.0229

32.1533 0.246127 -0.857838 -0.142162 2.5924 1.04578
32.1541 0.241699 -0.857838 -0.142162 2.60064 1.0229

32.1503 0.263672 -0.843293 -0.156707 2.574 1.14006
32.1489 0.270996 -0.843293 -0.156707 2.55586 1.17778

32.1489 0.270996 -0.838676 -0.161324 2.55586 1.17778
32.1475 0.27832 -0.838676 -0.161324 2.53451 1.21184

32.146 0.285855 -0.829077 -0.170923 2.51658 1.24807
32.1445 0.292969 -0.829077 -0.170923 2.50493 1.28385

32.1475 0.27832 -0.833985 -0.166015 2.5345 1.21184
32.146 0.285645 -0.833985 -0.166015 2.51699 1.24702

32.146 0.285844 -0.829077 -0.170923 2.51662 1.24801
32.146 0.285645 -0.829077 -0.170923 2.517 1.24702

32.1387 0.319223 -0.809476 -0.190524 2.42974 1.41896
32.138 0.322266 -0.809476 -0.190524 2.41919 1.43495

32.138 0.322266 -0.804309 -0.195691 2.4192 1.43496
32.1362 0.32959 -0.804309 -0.195691 2.40241 1.47569

32.1362 0.32959 -0.798647 -0.201353 2.40239 1.47568
32.1343 0.336914 -0.798647 -0.201353 2.3904 1.51903

32.1313 0.348209 -0.787679 -0.212321 2.348 1.59025
32.1304 0.351562 -0.787679 -0.212321 2.33261 1.60963

32.1343 0.336914 -0.792998 -0.207002 2.39041 1.51903
32.1324 0.344238 -0.792998 -0.207002 2.36405 1.56424

32.1313 0.348181 -0.787679 -0.212321 2.3482 1.59011
32.1324 0.344238 -0.787679 -0.212321 2.36409 1.56425

32.1445 0.292969 -0.824009 -0.175991 2.50492 1.28385
32.143 0.300293 -0.824009 -0.175991 2.49306 1.32156

32.143 0.300293 -0.81905 -0.18095 2.49306 1.32156
32.1413 0.307617 -0.81905 -0.18095 2.47228 1.35877

32.1413 0.307617 -0.814264 -0.185736 2.47228 1.35877
32.1397 0.314941 -0.814264 -0.185736 2.44437 1.39596

32.1387 0.3192 -0.809476 -0.190524 2.42987 1.41885
32.1397 0.314941 -0.809476 -0.190524 2.44439 1.39596

32.124 0.373833 -0.764861 -0.235139 2.24465 1.7419
32.1219 0.380859 -0.764861 -0.235139 2.21206 1.78583

32.1304 0.351562 -0.782241 -0.217759 2.33263 1.60964
32.1284 0.358887 -0.782241 -0.217759 2.30578 1.65309

32.1284 0.358887 -0.77642 -0.22358 2.30577 1.65309
32.1263 0.366211 -0.77642 -0.22358 2.28175 1.69581

32.1263 0.366211 -0.770638 -0.229362 2.28176 1.69581
32.1241 0.373535 -0.770638 -0.229362 2.24633 1.74004

32.124 0.373827 -0.764861 -0.235139 2.2447 1.74187
32.1241 0.373535 -0.764861 -0.235139 2.24634 1.74004

32.1219 0.380859 -0.75886 -0.24114 2.21205 1.78583
32.1195 0.388184 -0.75886 -0.24114 2.18131 1.82918

32.1195 0.388184 -0.752716 -0.247284 2.18131 1.82918
32.1171 0.395508 -0.752716 -0.247284 2.14295 1.86792

32.1167 0.396784 -0.746378 -0.253622 2.13609 1.87559
32.1146 0.402832 -0.746378 -0.253622 2.10903 1.91261

32.1146 0.402832 -0.739678 -0.260322 2.10901 1.91261
32.1121 0.410156 -0.739678 -0.260322 2.07598 1.95961

32.1167 0.396776 -0.746378 -0.253622 2.13617 1.87553
32.1171 0.395508 -0.746378 -0.253622 2.14296 1.86792

32.1121 0.410156 -0.732909 -0.267091 2.07599 1.95961
32.1094 0.41748 -0.732909 -0.267091 2.03121 2.00527

32.1094 0.417537 -0.726134 -0.273866 2.03084 2.00565
32.1094 0.41748 -0.726134 -0.273866 2.03123 2.00527

31.875 0.628319 0.0689378 -0.931062 -1.94244 -0.479505
31.8823 0.628862 0.0689378 -0.931062 -2.01364 -0.267451

31.8823 0.628861 0.0278033 -0.972197 -2.01362 -0.26746
31.8896 0.62907 0.0278033 -0.972197 -2.06357 -0.0420372

31.8896 0.629071 -0.0164466 -0.983553 -2.06358 -0.0420346
31.897 0.628948 -0.0164466 -0.983553 -2.08639 0.189596

31.897 0.62895 -0.0589728 -0.941027 -2.08643 0.1896
31.9043 0.628491 -0.0589728 -0.941027 -2.08468 0.419309

31.9043 0.628494 -0.0990361 -0.900964 -2.08475 0.419305
31.9116 0.627689 -0.0990361 -0.900964 -2.06746 0.646066

31.9116 0.627691 -0.13695 -0.86305 -2.06752 0.646057
31.9189 0.626529 -0.13695 -0.86305 -2.04323 0.880756

31.9189 0.626531 -0.172592 -0.827408 -2.04327 0.880746
31.9263 0.625003 -0.172592 -0.827408 -1.96196 1.11093

31.9263 0.625001 -0.205275 -0.794725 -1.96183 1.11092
31.9336 0.623109 -0.205275 -0.794725 -1.8747 1.29376

31.9629 0.611821 -0.318046 -0.681954 -1.38225 2.06089
31.9556 0.615234 -0.318046 -0.681954 -1.5038 1.88757

31.9409 0.620857 -0.235171 -0.764829 -1.79273 1.50018
31.9354 0.622559 -0.235171 -0.764829 -1.85802 1.33304

31.9336 0.62311 -0.235171 -0.764829 -1.87473 1.29376
31.9354 0.622559 -0.235171 -0.764829 -1.85803 1.33306

31.9409 0.620865 -0.264112 -0.735888 -1.79299 1.50012
31.9482 0.618236 -0.264112 -0.735888 -1.66445 1.75231

31.9482 0.618231 -0.291308 -0.708692 -1.66414 1.75228
31.9555 0.615234 -0.291308 -0.708692 -1.50375 1.88717

31.9629 0.611815 -0.344006 -0.655994 -1.38203 2.06097
31.9702 0.607974 -0.344006 -0.655994 -1.20332 2.18433

31.9775 0.60371 -0.368646 -0.631354 -1.07547 2.30972
31.9703 0.60791 -0.368646 -0.631354 -1.20124 2.18518

31.9702 0.607974 -0.361671 -0.638329 -1.20333 2.18433
31.9703 0.60791 -0.361671 -0.638329 -1.20116 2.18504

31.9849 0.599038 -0.39231 -0.60769 -0.856023 2.46595
31.9825 0.600586 -0.39231 -0.60769 -0.923204 2.41669

31.9849 0.598976 -0.4138 -0.5862 -0.853264 2.46625
31.9922 0.593805 -0.4138 -0.5862 -0.670086 2.55016

31.9775 0.603675 -0.392322 -0.607678 -1.07343 2.30954
31.9823 0.600586 -0.392322 -0.607678 -0.9231 2.41421

32.0068 0.582015 -0.457079 -0.542921 -0.308164 2.6896
32.0022 0.585938 -0.457079 -0.542921 -0.423801 2.64289

32.0215 0.568009 -0.504309 -0.495691 0.0872951 2.76071
32.0183 0.571289 -0.504309 -0.495691 0.00149726 2.75353

32.0142 0.575311 -0.480447 -0.519553 -0.112464 2.73594
32.0106 0.578613 -0.480447 -0.519553 -0.207328 2.71232

32.0068 0.581911 -0.471296 -0.528704 -0.30357 2.68856
32.0105 0.578613 -0.471296 -0.528704 -0.207073 2.712

32.0142 0.575232 -0.493045 -0.506955 -0.109769 2.736
32.0182 0.571289 -0.493045 -0.506955 0.00182394 2.75336

32.0361 0.55159 -0.54339 -0.45661 0.463184 2.76438
32.0319 0.556641 -0.54339 -0.45661 0.355809 2.7754

32.0508 0.532489 -0.58988 -0.41012 0.846323 2.71464
32.0493 0.534668 -0.58988 -0.41012 0.812277 2.73182

32.0492 0.534668 -0.573598 -0.426402 0.812638 2.73186
32.0438 0.541992 -0.573598 -0.426402 0.664322 2.75607

32.0435 0.542443 -0.55897 -0.44103 0.65316 2.75663
32.038 0.549316 -0.55897 -0.44103 0.503275 2.76585

32.0361 0.551588 -0.549728 -0.450272 0.463248 2.76436
32.038 0.549316 -0.549728 -0.450272 0.503862 2.76542

32.0435 0.542403 -0.566249 -0.433751 0.654463 2.75636
32.0438 0.541992 -0.566249 -0.433751 0.664562 2.7559

32.0288 0.560097 -0.526257 -0.473743 0.286986 2.77229
32.0253 0.563965 -0.526257 -0.473743 0.188267 2.77047

32.0215 0.56797 -0.514134 -0.485866 0.0885936 2.76065
32.0253 0.563965 -0.514134 -0.485866 0.188673 2.77029

32.0288 0.560094 -0.532924 -0.467076 0.28708 2.77226
32.0318 0.556641 -0.532924 -0.467076 0.356648 2.77473

32.0728 0.497865 -0.644503 -0.355497 1.34084 2.51366
32.0727 0.498047 -0.644503 -0.355497 1.33766 2.51457

32.0801 0.484261 -0.653728 -0.346272 1.50181 2.4246
32.0767 0.490723 -0.653728 -0.346272 1.43688 2.47743

32.0728 0.497778 -0.643777 -0.356223 1.34289 2.5131
32.0767 0.490723 -0.643777 -0.356223 1.43685 2.47743

32.0654 0.51025 -0.622818 -0.377182 1.20782 2.60838
32.0639 0.512695 -0.622818 -0.377182 1.16681 2.63155

32.0581 0.521799 -0.598979 -0.401021 0.99021 2.66093
32.0544 0.527344 -0.598979 -0.401021 0.899437 2.68823

32.0639 0.512695 -0.611529 -0.388471 1.16687 2.63157
32.0593 0.52002 -0.611529 -0.388471 1.02617 2.65945

32.0581 0.521789 -0.604549 -0.395451 0.990494 2.66086
32.0593 0.52002 -0.604549 -0.395451 1.02648 2.6592

32.0726 0.498047 -0.633138 -0.366862 1.33815 2.51445
32.0684 0.505371 -0.633138 -0.366862 1.24463 2.5653

32.0654 0.510197 -0.622818 -0.377182 1.20914 2.60801
32.0684 0.505371 -0.622818 -0.377182 1.24487 2.56528

32.0874 0.469616 -0.672029 -0.327971 1.63665 2.33129
32.0843 0.476074 -0.672029 -0.327971 1.58199 2.37728

32.0843 0.476074 -0.663092 -0.336908 1.58197 2.37728
32.0805 0.483398 -0.663092 -0.336908 1.51104 2.41932

32.0874 0.469598 -0.672029 -0.327971 1.63693 2.33118
32.0878 0.46875 -0.672029 -0.327971 1.64558 2.32648

32.0801 0.48424 -0.653764 -0.346236 1.50217 2.42444
32.0805 0.483398 -0.653764 -0.346236 1.51114 2.4193

32.0508 0.53245 -0.586578 -0.413422 0.847297 2.71437
32.0544 0.527344 -0.586578 -0.413422 0.899671 2.68814

31.9995 0.588175 -0.435702 -0.564298 -0.50141 2.61471
31.9929 0.593262 -0.435702 -0.564298 -0.653221 2.5524

31.9922 0.593803 -0.425815 -0.574185 -0.669995 2.55015
31.9929 0.593262 -0.425815 -0.574185 -0.653177 2.55236

31.9995 0.588101 -0.449936 -0.550064 -0.497985 2.61418
32.0022 0.585938 -0.449936 -0.550064 -0.423609 2.64257

