40.256 0 0.996071 -0.00392937 2.84141 0
40.256 0.00732422 0.996071 -0.00392937 2.82337 -0.018091

40.256 0.00732422 0.988132 -0.0118676 2.82337 -0.0180905
40.2561 0.0146484 0.988132 -0.0118676 2.80396 -0.0247203

40.2561 0.0146484 0.980269 -0.0197311 2.80396 -0.0247209
40.2562 0.0219727 0.980269 -0.0197311 2.80088 -0.0293205

40.2562 0.0219727 0.972581 -0.0274191 2.80088 -0.0293202
40.2564 0.0292969 0.972581 -0.0274191 2.79483 -0.0359294

40.2564 0.0292969 0.965424 -0.0345762 2.79484 -0.0359319
40.2567 0.0366211 0.965424 -0.0345762 2.79433 -0.0405351

40.2567 0.0366211 0.958977 -0.0410228 2.79433 -0.0405357
40.257 0.0439453 0.958977 -0.0410228 2.78679 -0.0457571

40.257 0.0439453 0.95298 -0.0470197 2.78679 -0.0457576
40.2574 0.0512695 0.95298 -0.0470197 2.76852 -0.0415311

40.2574 0.0512695 0.946607 -0.0533931 2.76852 -0.0415329
40.2578 0.0585938 0.946607 -0.0533931 2.76816 -0.0349872

40.2578 0.0585938 0.939035 -0.0609653 2.76816 -0.0349731
40.2583 0.065918 0.939035 -0.0609653 2.78032 -0.0388501

40.2583 0.065918 0.931099 -0.068901 2.78032 -0.0388528
40.2588 0.0732422 0.931099 -0.068901 2.78983 -0.0472824

40.2588 0.0732422 0.923447 -0.0765527 2.78983 -0.0472828
40.2594 0.0805664 0.923447 -0.0765527 2.79687 -0.0548282

40.2594 0.0805664 0.916816 -0.0831842 2.79687 -0.0548289
40.2601 0.0878906 0.916816 -0.0831842 2.8007 -0.0609415

40.2601 0.0878906 0.911059 -0.0889413 2.8007 -0.060942
40.2608 0.0952148 0.911059 -0.0889413 2.79565 -0.0672781

40.2608 0.0952148 0.905026 -0.0949742 2.79565 -0.0672809
40.2612 0.0993044 0.905026 -0.0949742 2.79031 -0.0708471

40.2612 0.0992954 0.905026 -0.0949742 2.79032 -0.0708381
40.2616 0.102539 0.905026 -0.0949742 2.78971 -0.0742679

40.2616 0.102539 0.895238 -0.104762 2.78968 -0.0742661
40.2633 0.117188 0.895238 -0.104762 2.77842 -0.0866968

40.2633 0.117188 0.885586 -0.114414 2.77844 -0.0866926
40.2642 0.124512 0.885586 -0.114414 2.77064 -0.0910578

40.2642 0.124512 0.8792 -0.1208 2.77064 -0.0910578
40.2652 0.131836 0.8792 -0.1208 2.77017 -0.0947331

40.2652 0.131836 0.86991 -0.13009 2.77015 -0.0947233
40.2674 0.146484 0.86991 -0.13009 2.76764 -0.100117

40.2674 0.146484 0.86087 -0.13913 2.76765 -0.100152
40.2686 0.153459 0.86087 -0.13913 2.77421 -0.104825

40.2686 0.153463 0.86087 -0.13913 2.77421 -0.104829
40.2686 0.153809 0.86087 -0.13913 2.7748 -0.105288

40.2686 0.153809 0.855288 -0.144712 2.7748 -0.105292
40.2699 0.161133 0.855288 -0.144712 2.7869 -0.117261

40.2698 0.161133 0.849329 -0.150671 2.78689 -0.117253
40.2711 0.168457 0.849329 -0.150671 2.78395 -0.130327

40.2711 0.168457 0.842724 -0.157276 2.78395 -0.130324
40.2725 0.175781 0.842724 -0.157276 2.76143 -0.133897

40.2725 0.175781 0.836171 -0.163829 2.76143 -0.133895
40.2739 0.183105 0.836171 -0.163829 2.75378 -0.123328

40.274 0.183105 0.830696 -0.169304 2.75378 -0.123323
40.2754 0.19043 0.830696 -0.169304 2.75902 -0.120347

40.2754 0.19043 0.825594 -0.174406 2.75902 -0.120346
40.2759 0.192494 0.825594 -0.174406 2.76156 -0.120652

40.2759 0.19249 0.825594 -0.174406 2.76155 -0.120652
40.277 0.197754 0.825594 -0.174406 2.76371 -0.121139

40.277 0.197754 0.819563 -0.180437 2.76371 -0.12114
40.2786 0.205078 0.819563 -0.180437 2.75995 -0.121433

40.2786 0.205078 0.813433 -0.186567 2.75995 -0.121433
40.2803 0.212402 0.813433 -0.186567 2.75726 -0.123881

40.2803 0.212402 0.807913 -0.192087 2.75726 -0.123883
40.282 0.219727 0.807913 -0.192087 2.75648 -0.127579

40.282 0.219727 0.802784 -0.197216 2.75648 -0.127579
40.2832 0.224523 0.802784 -0.197216 2.75313 -0.12912

40.2832 0.224519 0.802784 -0.197216 2.75313 -0.129121
40.2838 0.227051 0.802784 -0.197216 2.75087 -0.128784

40.2838 0.227051 0.797527 -0.202473 2.75087 -0.128785
40.2857 0.234375 0.797527 -0.202473 2.74742 -0.130894

40.2857 0.234375 0.79185 -0.20815 2.74742 -0.130895
40.2876 0.241699 0.79185 -0.20815 2.74913 -0.147162

40.2876 0.241699 0.785983 -0.214017 2.74913 -0.14716
40.2896 0.249023 0.785983 -0.214017 2.74787 -0.175105

40.2896 0.249023 0.780395 -0.219605 2.74787 -0.175101
40.2905 0.252319 0.780395 -0.219605 2.74641 -0.186491

40.2905 0.252307 0.780395 -0.219605 2.74642 -0.186472
40.2917 0.256348 0.780395 -0.219605 2.73957 -0.196758

40.2917 0.256348 0.775127 -0.224873 2.73957 -0.196752
40.2938 0.263672 0.775127 -0.224873 2.73164 -0.211067

40.2938 0.263672 0.769825 -0.230175 2.73163 -0.211064
40.296 0.270996 0.769825 -0.230175 2.7235 -0.224675

40.296 0.270996 0.764349 -0.235651 2.7235 -0.224673
40.2979 0.277079 0.764349 -0.235651 2.7162 -0.234073

40.2979 0.277076 0.764349 -0.235651 2.71621 -0.234072
40.2982 0.27832 0.764349 -0.235651 2.71532 -0.235441

40.2982 0.27832 0.758712 -0.241288 2.71532 -0.235437
40.3006 0.285645 0.758712 -0.241288 2.71465 -0.243802

40.3006 0.285645 0.752925 -0.247075 2.71465 -0.2438
40.303 0.292969 0.752925 -0.247075 2.71062 -0.257938

40.303 0.292969 0.747295 -0.252705 2.71062 -0.257942
40.3052 0.299502 0.747295 -0.252705 2.69363 -0.269498

40.3052 0.299498 0.747295 -0.252705 2.69365 -0.269495
40.3054 0.300293 0.747295 -0.252705 2.69069 -0.270662

40.3054 0.300293 0.742071 -0.257929 2.69069 -0.270662
40.308 0.307617 0.742071 -0.257929 2.67536 -0.282924

40.308 0.307617 0.736856 -0.263144 2.67535 -0.282922
40.3106 0.314941 0.736856 -0.263144 2.673 -0.307419

40.3106 0.314941 0.731471 -0.268529 2.673 -0.307413
40.3125 0.320108 0.731471 -0.268529 2.66905 -0.325202

40.3125 0.320101 0.731471 -0.268529 2.66906 -0.325195
40.3133 0.322266 0.731471 -0.268529 2.66659 -0.33145

40.3133 0.322266 0.726077 -0.273923 2.66659 -0.331439
40.3161 0.32959 0.726077 -0.273923 2.66507 -0.350078

40.3161 0.32959 0.720656 -0.279344 2.66507 -0.350076
40.3189 0.336914 0.720656 -0.279344 2.64686 -0.372482

40.3189 0.336914 0.715501 -0.284499 2.64685 -0.37246
40.3198 0.339265 0.715501 -0.284499 2.63638 -0.377865

40.3198 0.33924 0.715501 -0.284499 2.6365 -0.37785
40.3218 0.344238 0.715501 -0.284499 2.62113 -0.389242

40.3218 0.344238 0.71026 -0.28974 2.62112 -0.389224
40.3248 0.351562 0.71026 -0.28974 2.60846 -0.415456

40.3248 0.351562 0.704703 -0.295297 2.60846 -0.41545
40.3271 0.357185 0.704703 -0.295297 2.59715 -0.438804

40.3271 0.357177 0.704703 -0.295297 2.59717 -0.438796
40.3279 0.358887 0.704703 -0.295297 2.59333 -0.444739

40.3279 0.358887 0.699112 -0.300888 2.59332 -0.444718
40.331 0.366211 0.699112 -0.300888 2.58921 -0.470106

40.331 0.366211 0.693504 -0.306496 2.58921 -0.470107
40.3343 0.373535 0.693504 -0.306496 2.56281 -0.505806

40.3342 0.373535 0.688336 -0.311664 2.56278 -0.505694
40.3345 0.374064 0.688336 -0.311664 2.55937 -0.507928

40.3345 0.374016 0.688336 -0.311664 2.55972 -0.507863
40.3376 0.380859 0.688336 -0.311664 2.53764 -0.53373

40.3376 0.380859 0.683108 -0.316892 2.53762 -0.533705
40.341 0.388184 0.683108 -0.316892 2.51315 -0.571225

40.341 0.388184 0.677481 -0.322519 2.51314 -0.571135
40.3418 0.389958 0.677481 -0.322519 2.5037 -0.578309

40.3418 0.389926 0.677481 -0.322519 2.50388 -0.578297
40.3445 0.395508 0.677481 -0.322519 2.49339 -0.60073

40.3444 0.395508 0.671516 -0.328484 2.49337 -0.600693
40.348 0.402832 0.671516 -0.328484 2.47302 -0.65155

40.348 0.402832 0.665773 -0.334227 2.473 -0.651414
40.3491 0.405031 0.665773 -0.334227 2.46031 -0.666673

40.3491 0.404983 0.665773 -0.334227 2.46063 -0.666602
40.3517 0.410156 0.665773 -0.334227 2.44114 -0.694725

40.3517 0.410156 0.660269 -0.339731 2.4411 -0.694648
40.3555 0.41748 0.660269 -0.339731 2.39707 -0.732228

40.3555 0.41748 0.654714 -0.345286 2.39707 -0.732094
40.3564 0.419349 0.654714 -0.345286 2.38203 -0.739281

40.3564 0.419302 0.654714 -0.345286 2.38241 -0.739301
40.3593 0.424805 0.654714 -0.345286 2.36674 -0.763339

40.3593 0.424805 0.648655 -0.351345 2.36667 -0.763265
40.3633 0.432129 0.648655 -0.351345 2.33294 -0.823441

40.3633 0.432129 0.642967 -0.357033 2.33291 -0.823128
40.3638 0.43302 0.642967 -0.357033 2.32561 -0.829047

40.3638 0.432959 0.642157 -0.357843 2.32614 -0.829047
40.3674 0.439453 0.642157 -0.357843 2.30804 -0.870509

40.3674 0.439453 0.635771 -0.364229 2.30799 -0.870454
40.3711 0.445933 0.635771 -0.364229 2.26137 -0.929895

40.3711 0.445919 0.636602 -0.363398 2.26158 -0.929885
40.3716 0.446777 0.636602 -0.363398 2.24966 -0.93568

40.3716 0.446777 0.629359 -0.370641 2.24965 -0.935631
40.3759 0.454102 0.629359 -0.370641 2.18609 -0.980516

40.3759 0.454102 0.623291 -0.376709 2.18608 -0.980393
40.3784 0.458296 0.623291 -0.376709 2.15959 -1.01221

40.3784 0.458255 0.623291 -0.376709 2.15997 -1.01214
40.3803 0.461426 0.623291 -0.376709 2.13858 -1.03591

40.3803 0.461426 0.616257 -0.383743 2.13848 -1.03566
40.3849 0.46875 0.616257 -0.383743 1e+30 1e+30

