16.5828 0.585938 0.379925 -0.620075 -0.234996 -1.85639
16.5894 0.589926 0.379925 -0.620075 -0.374634 -1.82637

16.5894 0.5899 0.361323 -0.638677 -0.374083 -1.82677
16.5953 0.593262 0.361323 -0.638677 -0.502887 -1.76918

16.5952 0.593262 0.360506 -0.639494 -0.50166 -1.76896
16.5967 0.594123 0.360506 -0.639494 -0.53345 -1.76215

16.5967 0.59406 0.342485 -0.657515 -0.532072 -1.76282
16.604 0.597875 0.342485 -0.657515 -0.691012 -1.69682

16.604 0.597856 0.323163 -0.676837 -0.690576 -1.69711
16.6097 0.600586 0.323163 -0.676837 -0.806666 -1.61947

16.6096 0.600586 0.323163 -0.676837 -0.80564 -1.61997
16.6113 0.601412 0.323163 -0.676837 -0.840347 -1.60524

16.6113 0.601373 0.302643 -0.697357 -0.839372 -1.60561
16.6187 0.604551 0.302643 -0.697357 -0.987473 -1.50078

16.6187 0.604549 0.280261 -0.719739 -0.987427 -1.5008
16.626 0.607401 0.280261 -0.719739 -1.11698 -1.39466

16.626 0.607391 0.256909 -0.743091 -1.1167 -1.39474
16.6275 0.60791 0.256909 -0.743091 -1.14177 -1.38565

16.6274 0.60791 0.256909 -0.743091 -1.14153 -1.38575
16.6333 0.609934 0.256909 -0.743091 -1.25475 -1.31122

16.6333 0.609934 0.231973 -0.768027 -1.25473 -1.31122
16.6406 0.612146 0.231973 -0.768027 -1.39843 -1.16168

16.6406 0.612143 0.205539 -0.794461 -1.39835 -1.16173
16.6479 0.614038 0.205539 -0.794461 -1.51104 -0.991048

16.6479 0.614032 0.178488 -0.821512 -1.51086 -0.991116
16.6535 0.615234 0.178488 -0.821512 -1.59311 -0.879897

16.6534 0.615234 0.178488 -0.821512 -1.59278 -0.880541
16.6553 0.615632 0.178488 -0.821512 -1.62167 -0.848707

16.6553 0.615628 0.149771 -0.850229 -1.62153 -0.848738
16.6626 0.616918 0.149771 -0.850229 -1.72945 -0.697859

16.6626 0.616919 0.118211 -0.881789 -1.72949 -0.697854
16.6699 0.617901 0.118211 -0.881789 -1.82404 -0.516388

16.6699 0.617902 0.083723 -0.916277 -1.8241 -0.516383
16.6772 0.618571 0.083723 -0.916277 -1.89941 -0.334527

16.6772 0.618572 0.0459535 -0.954047 -1.89944 -0.334525
16.6846 0.618925 0.0459535 -0.954047 -1.95346 -0.147431

16.6846 0.618924 0.00484927 -0.995151 -1.95346 -0.147433
16.6919 0.61896 0.00484927 -0.995151 -1.9824 0.0526144

16.6919 0.61896 -0.0367398 -0.96326 -1.98239 0.0526119
16.6992 0.61868 -0.0367398 -0.96326 -1.98676 0.267596

16.7285 0.614396 -0.17499 -0.82501 -1.82131 1.04677
16.7246 0.615234 -0.17499 -0.82501 -1.85498 0.955617

16.6992 0.61868 -0.0749005 -0.925099 -1.98676 0.267596
16.7065 0.618087 -0.0749005 -0.925099 -1.96183 0.489938

16.7065 0.618088 -0.110426 -0.889574 -1.96191 0.489942
16.7139 0.617179 -0.110426 -0.889574 -1.91742 0.700589

16.7139 0.61718 -0.143755 -0.856245 -1.91746 0.700593
16.7212 0.61595 -0.143755 -0.856245 -1.87089 0.878273

16.7212 0.615953 -0.17499 -0.82501 -1.87097 0.878272
16.7246 0.615234 -0.17499 -0.82501 -1.85502 0.955952

16.7285 0.614403 -0.20511 -0.79489 -1.82149 1.04673
16.7358 0.612513 -0.20511 -0.79489 -1.76034 1.24279

16.7358 0.612515 -0.234311 -0.765689 -1.76039 1.24277
16.7432 0.610274 -0.234311 -0.765689 -1.66116 1.43752

16.7505 0.607713 -0.260822 -0.739178 -1.54201 1.58388
16.7499 0.60791 -0.260822 -0.739178 -1.54962 1.57436

16.7432 0.610265 -0.260822 -0.739178 -1.6607 1.43749
16.7498 0.60791 -0.260822 -0.739178 -1.5496 1.57291

16.7505 0.607691 -0.28573 -0.71427 -1.54114 1.58394
16.7578 0.604761 -0.28573 -0.71427 -1.43452 1.78628

16.7944 0.584509 -0.398955 -0.601045 -0.684776 2.3753
16.7923 0.585938 -0.398955 -0.601045 -0.737936 2.33916

16.7944 0.584437 -0.419107 -0.580893 -0.681937 2.37557
16.8018 0.579153 -0.419107 -0.580893 -0.517288 2.4432

16.8164 0.567263 -0.458103 -0.541897 -0.189973 2.55224
16.8116 0.571289 -0.458103 -0.541897 -0.296384 2.51524

16.8091 0.573448 -0.438772 -0.561228 -0.363146 2.4936
16.8025 0.578613 -0.438772 -0.561228 -0.502159 2.44465

16.8018 0.579149 -0.429831 -0.570169 -0.517156 2.44318
16.8025 0.578613 -0.429831 -0.570169 -0.502116 2.44462

16.8091 0.57338 -0.451455 -0.548545 -0.360345 2.49321
16.8116 0.571289 -0.451455 -0.548545 -0.296199 2.51496

16.875 0.497773 -0.616528 -0.383472 1.09211 2.4743
16.8748 0.498047 -0.616528 -0.383472 1.0864 2.4756

16.8604 0.51887 -0.578507 -0.421493 0.796439 2.55704
16.8595 0.52002 -0.578507 -0.421493 0.777567 2.56306

16.8595 0.52002 -0.56561 -0.43439 0.777836 2.56307
16.8539 0.527344 -0.56561 -0.43439 0.645733 2.57908

16.8677 0.508607 -0.58917 -0.41083 0.930321 2.50664
16.8648 0.512695 -0.58917 -0.41083 0.875778 2.52881

16.8748 0.498047 -0.60095 -0.39905 1.08676 2.47559
16.8699 0.505371 -0.60095 -0.39905 0.963995 2.50089

16.8677 0.508578 -0.590733 -0.409267 0.930872 2.50646
16.8699 0.505371 -0.590733 -0.409267 0.964358 2.50069

16.8604 0.518805 -0.57811 -0.42189 0.798013 2.55672
16.8648 0.512695 -0.57811 -0.42189 0.875896 2.52885

16.8311 0.553353 -0.500952 -0.499048 0.147326 2.59899
16.8278 0.556641 -0.500952 -0.499048 0.0707777 2.59669

16.8457 0.537254 -0.538477 -0.461523 0.472482 2.58667
16.8416 0.541992 -0.538477 -0.461523 0.384436 2.5966

16.8384 0.54558 -0.520861 -0.479139 0.322036 2.59955
16.8349 0.549316 -0.520861 -0.479139 0.238799 2.60077

16.8311 0.553306 -0.510189 -0.489811 0.148687 2.59896
16.8349 0.549316 -0.510189 -0.489811 0.23916 2.6007

16.8384 0.545567 -0.527647 -0.472353 0.322434 2.59944
16.8416 0.541992 -0.527647 -0.472353 0.385297 2.59605

16.8237 0.560581 -0.479075 -0.520925 -0.0254005 2.58361
16.8201 0.563965 -0.479075 -0.520925 -0.107825 2.56731

16.8164 0.567165 -0.470969 -0.529031 -0.186219 2.55141
16.82 0.563965 -0.470969 -0.529031 -0.107219 2.56671

16.8237 0.560499 -0.490861 -0.509139 -0.0230092 2.58368
16.8277 0.556641 -0.490861 -0.509139 0.0710338 2.59663

16.853 0.528385 -0.551747 -0.448253 0.62669 2.57917
16.8479 0.534668 -0.551747 -0.448253 0.513784 2.5879

16.8457 0.537261 -0.543301 -0.456699 0.472304 2.58672
16.8479 0.534668 -0.543301 -0.456699 0.514293 2.58755

16.853 0.528373 -0.5581 -0.4419 0.627023 2.5791
16.8538 0.527344 -0.5581 -0.4419 0.645957 2.57893

16.7725 0.597824 -0.333156 -0.666844 -1.15382 2.04617
16.7669 0.600586 -0.333156 -0.666844 -1.25196 1.92148

16.7578 0.60476 -0.309891 -0.690109 -1.43449 1.78629
16.7651 0.601471 -0.309891 -0.690109 -1.28206 1.91211

16.7651 0.601461 -0.333156 -0.666844 -1.28163 1.91208
16.7669 0.600586 -0.333156 -0.666844 -1.25177 1.92119

16.7725 0.597823 -0.356101 -0.643899 -1.15379 2.04618
16.7798 0.593772 -0.356101 -0.643899 -0.998124 2.14732

16.7871 0.589318 -0.378446 -0.621554 -0.8836 2.24556
16.7806 0.593262 -0.378446 -0.621554 -0.984011 2.14928

16.7798 0.593761 -0.372858 -0.627142 -0.997689 2.14727
16.7806 0.593262 -0.372858 -0.627142 -0.983956 2.14923

16.7871 0.589288 -0.39966 -0.60034 -0.882005 2.24541
16.7921 0.585938 -0.39966 -0.60034 -0.737693 2.33717

16.9892 0 -0.99032 -0.00968035 2.69132 0
16.9889 0.0292969 -0.99032 -0.00968035 2.68995 0.111335

16.9889 0.0292969 -0.971443 -0.0285575 2.68994 0.111335
16.9881 0.0585938 -0.971443 -0.0285575 2.68501 0.226291

16.9881 0.0585938 -0.95261 -0.0473904 2.68493 0.226291
16.9866 0.0878906 -0.95261 -0.0473904 2.67793 0.348863

16.9866 0.0878906 -0.938479 -0.0615208 2.67825 0.348865
16.9856 0.102539 -0.938479 -0.0615208 2.67392 0.41354

16.9856 0.102539 -0.928811 -0.0711886 2.6739 0.41354
16.9845 0.117188 -0.928811 -0.0711886 2.66169 0.477368

16.9845 0.117188 -0.919105 -0.0808949 2.66169 0.477368
16.9832 0.131836 -0.919105 -0.0808949 2.64745 0.540888

16.9832 0.131836 -0.909643 -0.0903569 2.64745 0.540888
16.9818 0.146484 -0.909643 -0.0903569 2.63802 0.606342

16.9818 0.146484 -0.900231 -0.0997692 2.638 0.606342
16.9801 0.161133 -0.900231 -0.0997692 2.62788 0.678113

16.9801 0.161133 -0.893269 -0.106731 2.62799 0.67811
16.9792 0.168457 -0.893269 -0.106731 2.61376 0.713539

16.9792 0.168457 -0.88886 -0.11114 2.61375 0.71354
16.9783 0.175781 -0.88886 -0.11114 2.59879 0.747743

16.9775 0.181822 -0.883961 -0.116039 2.59203 0.777247
16.9774 0.183105 -0.883961 -0.116039 2.59068 0.783409

16.9774 0.183105 -0.879037 -0.120963 2.5907 0.783411
16.9764 0.19043 -0.879037 -0.120963 2.58308 0.81898

16.9764 0.19043 -0.874259 -0.125741 2.58308 0.81898
16.9753 0.197754 -0.874259 -0.125741 2.57554 0.855119

16.9753 0.197754 -0.86954 -0.13046 2.57554 0.855119
16.9742 0.205078 -0.86954 -0.13046 2.56712 0.891752

16.9775 0.181807 -0.883961 -0.116039 2.59207 0.777175
16.9783 0.175781 -0.883961 -0.116039 2.59879 0.747743

16.9742 0.205078 -0.864756 -0.135244 2.56711 0.89175
16.9731 0.212402 -0.864756 -0.135244 2.55408 0.925674

16.9731 0.212402 -0.859848 -0.140152 2.55408 0.925674
16.9719 0.219727 -0.859848 -0.140152 2.53838 0.958054

16.9702 0.229392 -0.849729 -0.150271 2.51808 1.00217
16.9693 0.234375 -0.849729 -0.150271 2.50874 1.02492

16.9719 0.219727 -0.854906 -0.145094 2.53838 0.958054
16.9706 0.227051 -0.854906 -0.145094 2.52257 0.99117

16.9702 0.229381 -0.849729 -0.150271 2.51812 1.00212
16.9706 0.227051 -0.849729 -0.150271 2.52258 0.99117

16.9629 0.26722 -0.825279 -0.174721 2.43406 1.17744
16.9621 0.270996 -0.825279 -0.174721 2.42264 1.19509

16.9621 0.270996 -0.819837 -0.180163 2.42265 1.19509
16.9605 0.27832 -0.819837 -0.180163 2.41584 1.22973

16.9605 0.27832 -0.814061 -0.185939 2.41585 1.22973
16.9588 0.285645 -0.814061 -0.185939 2.40413 1.26924

16.9588 0.285645 -0.808717 -0.191283 2.40413 1.26924
16.9571 0.292969 -0.808717 -0.191283 2.37724 1.30659

16.9693 0.234375 -0.844424 -0.155576 2.50875 1.02492
16.968 0.241699 -0.844424 -0.155576 2.49774 1.05978

16.968 0.241699 -0.839581 -0.160419 2.49775 1.05978
16.9666 0.249023 -0.839581 -0.160419 2.48924 1.09664

16.9666 0.249023 -0.834983 -0.165017 2.48923 1.09664
16.9651 0.256348 -0.834983 -0.165017 2.46987 1.13199

16.9651 0.256348 -0.830164 -0.169836 2.46987 1.13199
16.9636 0.263672 -0.830164 -0.169836 2.44498 1.16091

16.9629 0.267143 -0.822291 -0.177709 2.43444 1.1771
16.9636 0.263672 -0.822291 -0.177709 2.44495 1.16091

16.9556 0.29916 -0.803525 -0.196475 2.35685 1.33806
16.9553 0.300293 -0.803525 -0.196475 2.35282 1.34417

16.9553 0.300293 -0.798129 -0.201871 2.35287 1.34417
16.9534 0.307617 -0.798129 -0.201871 2.33221 1.38452

16.9556 0.29913 -0.803525 -0.196475 2.35703 1.33791
16.9571 0.292969 -0.803525 -0.196475 2.37725 1.30659

16.9534 0.307617 -0.792458 -0.207542 2.3322 1.38451
16.9515 0.314941 -0.792458 -0.207542 2.31469 1.42546

16.9515 0.314941 -0.786766 -0.213234 2.31469 1.42546
16.9495 0.322266 -0.786766 -0.213234 2.2862 1.46732

16.9482 0.326882 -0.781386 -0.218614 2.26595 1.49527
16.9475 0.32959 -0.781386 -0.218614 2.25295 1.50935

16.9475 0.32959 -0.775971 -0.224029 2.25299 1.50937
16.9454 0.336914 -0.775971 -0.224029 2.22797 1.55032

16.9454 0.336914 -0.770075 -0.229925 2.22795 1.55032
16.9432 0.344238 -0.770075 -0.229925 2.2089 1.58954

16.9432 0.344238 -0.764118 -0.235882 2.2089 1.58954
16.9409 0.351562 -0.764118 -0.235882 2.17879 1.63016

16.9482 0.326849 -0.781386 -0.218614 2.26619 1.49513
16.9495 0.322266 -0.781386 -0.218614 2.28625 1.46734

16.9336 0.373776 -0.739982 -0.260018 2.07904 1.7556
16.9311 0.380859 -0.739982 -0.260018 2.03956 1.79741

16.9263 0.394012 -0.727009 -0.272991 1.97138 1.86794
16.9257 0.395508 -0.727009 -0.272991 1.96136 1.87608

16.9311 0.380859 -0.733518 -0.266482 2.03955 1.79741
16.9284 0.388184 -0.733518 -0.266482 2.00263 1.83629

16.9263 0.393968 -0.727009 -0.272991 1.97184 1.86774
16.9284 0.388184 -0.727009 -0.272991 2.00267 1.83629

16.9257 0.395508 -0.720419 -0.279581 1.96148 1.8761
16.9229 0.402832 -0.720419 -0.279581 1.92026 1.92056

16.9229 0.402832 -0.713496 -0.286504 1.92025 1.92056
16.9199 0.410156 -0.713496 -0.286504 1.87624 1.95507

16.9043 0.445301 -0.675998 -0.324002 1.64819 2.1631
16.9036 0.446777 -0.675998 -0.324002 1.63178 2.17135

16.9036 0.446777 -0.667687 -0.332313 1.63199 2.17137
16.8999 0.454102 -0.667687 -0.332313 1.56441 2.217

16.897 0.459857 -0.659327 -0.340673 1.52113 2.24904
16.8962 0.461426 -0.659327 -0.340673 1.50414 2.25839

16.8961 0.461426 -0.650842 -0.349158 1.50435 2.25841
16.8922 0.46875 -0.650842 -0.349158 1.42976 2.30555

16.897 0.459802 -0.659327 -0.340673 1.52205 2.24874
16.8999 0.454102 -0.659327 -0.340673 1.56449 2.21699

16.9189 0.412496 -0.70648 -0.29352 1.86126 1.96786
16.9169 0.41748 -0.70648 -0.29352 1.83129 1.99606

16.9169 0.41748 -0.699152 -0.300848 1.83128 1.99606
16.9137 0.424805 -0.699152 -0.300848 1.78734 2.03704

16.9116 0.429543 -0.69165 -0.30835 1.76263 2.06448
16.9105 0.432129 -0.69165 -0.30835 1.74397 2.08025

16.9105 0.432129 -0.684006 -0.315994 1.74405 2.08026
16.9071 0.439453 -0.684006 -0.315994 1.69317 2.12925

16.9116 0.429505 -0.69165 -0.30835 1.76309 2.06429
16.9137 0.424805 -0.69165 -0.30835 1.78741 2.03704

16.9189 0.412476 -0.70648 -0.29352 1.86147 1.96775
16.9199 0.410156 -0.70648 -0.29352 1.8763 1.95507

16.9043 0.445244 -0.675998 -0.324002 1.64913 2.16281
16.9071 0.439453 -0.675998 -0.324002 1.69323 2.12925

16.9409 0.35157 -0.758166 -0.241834 2.17874 1.6302
16.9386 0.358887 -0.758166 -0.241834 2.15078 1.67145

16.9386 0.358887 -0.752061 -0.247939 2.15078 1.67145
16.9362 0.366211 -0.752061 -0.247939 2.12267 1.71273

16.9362 0.366211 -0.74607 -0.25393 2.12267 1.71273
16.9337 0.373535 -0.74607 -0.25393 2.08067 1.75417

16.9336 0.373769 -0.739982 -0.260018 2.07911 1.75556
16.9337 0.373535 -0.739982 -0.260018 2.08068 1.75417

16.8896 0.473387 -0.641745 -0.358255 1.38898 2.33079
16.8881 0.476074 -0.641745 -0.358255 1.34901 2.34535

16.8881 0.476074 -0.631684 -0.368316 1.34914 2.34536
16.8839 0.483398 -0.631684 -0.368316 1.25293 2.38011

16.8823 0.485931 -0.621847 -0.378153 1.2294 2.39405
16.8794 0.490723 -0.621847 -0.378153 1.18511 2.43562

16.875 0.497688 -0.612362 -0.387638 1.09438 2.47388
16.8794 0.490723 -0.612362 -0.387638 1.18512 2.43562

16.8823 0.485909 -0.621932 -0.378068 1.22974 2.39391
16.8839 0.483398 -0.621932 -0.378068 1.25311 2.38009

16.8896 0.473333 -0.641745 -0.358255 1.3901 2.33053
16.8922 0.46875 -0.641745 -0.358255 1.42985 2.30553

