3.34921 0 0.993271 -0.00672865 1.12694 0
3.34926 0.00732422 0.993271 -0.00672865 1.1297 -0.0243489

3.34926 0.00732422 0.979668 -0.0203324 1.12969 -0.024349
3.34941 0.0146484 0.979668 -0.0203324 1.12115 -0.0507675

3.34942 0.0146484 0.966745 -0.0332552 1.12118 -0.0507686
3.34967 0.0219727 0.966745 -0.0332552 1.10808 -0.0805208

3.34967 0.0219727 0.955139 -0.044861 1.10809 -0.0805231
3.35001 0.0292969 0.955139 -0.044861 1.10307 -0.105378

3.35001 0.0292969 0.943435 -0.0565654 1.10305 -0.10537
3.35045 0.0366211 0.943435 -0.0565654 1.09245 -0.118914

3.35045 0.0366211 0.931263 -0.0687374 1.09244 -0.118913
3.35099 0.0439453 0.931263 -0.0687374 1.08075 -0.131579

3.35099 0.0439453 0.919239 -0.0807607 1.08075 -0.131579
3.35163 0.0512695 0.919239 -0.0807607 1.07722 -0.147657

3.35164 0.0512695 0.907961 -0.0920394 1.07723 -0.147654
3.35238 0.0585938 0.907961 -0.0920394 1.06921 -0.153855

3.35235 0.0585938 0.891298 -0.108702 1.06908 -0.153857
3.35414 0.0732422 0.891298 -0.108702 1.06823 -0.185986

3.35417 0.0732422 0.875367 -0.124633 1.06838 -0.186
3.35449 0.0755309 0.875367 -0.124633 1.07186 -0.19169

3.35449 0.0755188 0.875367 -0.124633 1.07185 -0.19166
3.35521 0.0805664 0.875367 -0.124633 1.06752 -0.206942

3.35521 0.0805664 0.865396 -0.134604 1.06749 -0.206939
3.35634 0.0878906 0.865396 -0.134604 1.05657 -0.227745

3.35634 0.0878906 0.854703 -0.145297 1.05657 -0.227745
3.35759 0.0952148 0.854703 -0.145297 1.0408 -0.248739

3.35759 0.0952148 0.844354 -0.155646 1.0408 -0.24874
3.35894 0.102539 0.844354 -0.155646 1.03158 -0.261376

3.35894 0.102539 0.834646 -0.165354 1.03159 -0.261374
3.36039 0.109863 0.834646 -0.165354 1.03461 -0.274173

3.36039 0.109863 0.82513 -0.17487 1.0346 -0.274173
3.36182 0.116587 0.82513 -0.17487 1.02913 -0.291689

3.36182 0.116582 0.82513 -0.17487 1.02915 -0.291675
3.36194 0.117188 0.82513 -0.17487 1.02793 -0.293301

3.36194 0.117188 0.815375 -0.184625 1.02792 -0.293299
3.3636 0.124512 0.815375 -0.184625 1.01279 -0.311774

3.3636 0.124512 0.805562 -0.194438 1.01278 -0.311773
3.36537 0.131836 0.805562 -0.194438 0.999154 -0.327629

3.36537 0.131836 0.795723 -0.204277 0.999151 -0.327628
3.36725 0.13916 0.795723 -0.204277 0.996662 -0.341534

3.36725 0.13916 0.785926 -0.214074 0.99666 -0.341534
3.36914 0.146111 0.785926 -0.214074 0.992332 -0.354598

3.36912 0.146484 0.772392 -0.227608 0.990998 -0.350483
3.36914 0.146543 0.772392 -0.227608 0.991239 -0.355141

3.36914 0.146107 0.785926 -0.214074 0.99234 -0.354594
3.36924 0.146484 0.785926 -0.214074 0.991741 -0.355246

3.36925 0.146484 0.776715 -0.223285 0.991747 -0.355249
3.37135 0.153809 0.776715 -0.223285 0.984876 -0.369089

3.37135 0.153809 0.768187 -0.231813 0.984877 -0.36909
3.37356 0.161133 0.768187 -0.231813 0.972783 -0.379373

3.37353 0.161133 0.754527 -0.245473 0.972653 -0.379331
3.37829 0.175781 0.754527 -0.245473 0.947091 -0.404268

3.37829 0.175781 0.736404 -0.263596 0.947067 -0.404266
3.38353 0.19043 0.736404 -0.263596 0.922083 -0.431715

3.38353 0.19043 0.718704 -0.281296 0.922099 -0.43172
3.38379 0.191082 0.718704 -0.281296 0.918869 -0.435119

3.38379 0.191019 0.723071 -0.276929 0.919075 -0.434984
3.38637 0.197754 0.723071 -0.276929 0.908293 -0.451372

3.38637 0.197754 0.714471 -0.285529 0.908283 -0.451366
3.38929 0.205078 0.714471 -0.285529 0.897173 -0.466848

3.38929 0.205078 0.705914 -0.294086 0.897155 -0.466841
3.39111 0.20946 0.705914 -0.294086 0.888272 -0.477827

3.39111 0.209435 0.705914 -0.294086 0.888374 -0.477793
3.39235 0.212402 0.705914 -0.294086 0.880695 -0.484191

3.39234 0.212402 0.697241 -0.302759 0.880666 -0.484176
3.39552 0.219727 0.697241 -0.302759 0.861905 -0.496666

3.39552 0.219727 0.688408 -0.311592 0.8619 -0.496667
3.39844 0.226171 0.688408 -0.311592 0.84428 -0.500972

3.39844 0.226165 0.688408 -0.311592 0.844304 -0.500967
3.39884 0.227051 0.688408 -0.311592 0.841997 -0.501859

3.39884 0.227051 0.679592 -0.320408 0.841989 -0.501857
3.40229 0.234375 0.679592 -0.320408 0.831707 -0.512405

3.40229 0.234375 0.670966 -0.329034 0.831708 -0.512405
3.40576 0.241457 0.670966 -0.329034 0.818014 -0.525075

3.40576 0.241455 0.670966 -0.329034 0.818023 -0.525073
3.40588 0.241699 0.670966 -0.329034 0.8173 -0.525601

3.40588 0.241699 0.662437 -0.337563 0.817294 -0.525597
3.40961 0.249023 0.662437 -0.337563 0.803152 -0.541203

3.40961 0.249023 0.653719 -0.346281 0.803141 -0.541205
3.41309 0.255587 0.653719 -0.346281 0.789111 -0.550158

3.41309 0.25558 0.653719 -0.346281 0.789154 -0.550141
3.41349 0.256348 0.653719 -0.346281 0.785938 -0.55224

3.41349 0.256348 0.64473 -0.35527 0.785918 -0.552236
3.41752 0.263672 0.64473 -0.35527 0.759799 -0.567592

3.41752 0.263672 0.635709 -0.364291 0.759786 -0.567594
3.42041 0.268716 0.635709 -0.364291 0.744041 -0.572536

3.42041 0.2687 0.635709 -0.364291 0.744115 -0.572515
3.42173 0.270996 0.635709 -0.364291 0.738237 -0.576678

3.42172 0.270996 0.626859 -0.373141 0.738215 -0.576671
3.42608 0.27832 0.626859 -0.373141 0.717859 -0.588854

3.42606 0.27832 0.618256 -0.381744 0.717805 -0.588841
3.42773 0.281032 0.618256 -0.381744 0.707607 -0.593099

3.42773 0.280984 0.618093 -0.381907 0.707872 -0.593045
3.43061 0.285645 0.618093 -0.381907 0.695609 -0.600643

3.4306 0.285645 0.609243 -0.390757 0.695569 -0.600624
3.43506 0.292594 0.609243 -0.390757 0.673314 -0.609622

3.43506 0.292588 0.613354 -0.386646 0.67335 -0.609617
3.4353 0.292969 0.613354 -0.386646 0.671773 -0.610152

3.4353 0.292969 0.600237 -0.399763 0.671769 -0.61015
3.44017 0.300293 0.600237 -0.399763 0.647619 -0.617502

3.44017 0.300293 0.592575 -0.407425 0.647595 -0.617504
3.44238 0.303516 0.592575 -0.407425 0.638167 -0.620273

3.44238 0.303473 0.591142 -0.408858 0.638383 -0.620231
3.44525 0.307617 0.591142 -0.408858 0.625277 -0.624393

3.44524 0.307617 0.582046 -0.417954 0.625249 -0.624378
3.44971 0.313842 0.582046 -0.417954 0.605718 -0.628409

3.44971 0.313832 0.583532 -0.416468 0.605763 -0.6284
3.4505 0.314941 0.583532 -0.416468 0.603149 -0.629864

3.45049 0.314941 0.572716 -0.427284 0.603131 -0.62986
3.45596 0.322266 0.572716 -0.427284 0.579137 -0.64157

3.45594 0.322266 0.568794 -0.431206 0.579084 -0.641553
3.45703 0.323711 0.568794 -0.431206 0.571703 -0.643552

3.45703 0.32364 0.563349 -0.436651 0.572196 -0.643495
3.46164 0.32959 0.563349 -0.436651 0.55102 -0.65115

3.46165 0.32959 0.560176 -0.439824 0.551034 -0.651157
3.46436 0.333036 0.560176 -0.439824 0.537465 -0.656841

3.46436 0.332941 0.556214 -0.443786 0.53799 -0.656757
3.46753 0.336914 0.556214 -0.443786 0.520214 -0.661203

3.46753 0.336914 0.545945 -0.454055 0.520223 -0.661217
3.47168 0.341899 0.545945 -0.454055 0.505546 -0.661078

3.47168 0.341864 0.543863 -0.456137 0.50578 -0.661063
3.47367 0.344238 0.543863 -0.456137 0.494172 -0.6637

3.47366 0.344238 0.534712 -0.465288 0.494143 -0.66369
3.479 0.350382 0.534712 -0.465288 0.465641 -0.667781

3.479 0.350379 0.531716 -0.468284 0.465655 -0.66778
3.48005 0.351562 0.531716 -0.468284 0.46217 -0.668809

3.48003 0.351562 0.524737 -0.475263 0.462128 -0.668802
3.48633 0.358516 0.524737 -0.475263 0.431769 -0.674486

3.48633 0.358517 0.520504 -0.479496 0.431768 -0.674486
3.48667 0.358887 0.520504 -0.479496 0.429432 -0.674641

3.48666 0.358887 0.514516 -0.485484 0.429416 -0.674635
3.49357 0.366211 0.514516 -0.485484 0.391862 -0.675125

3.4935 0.366211 0.509282 -0.490718 0.391754 -0.675118
3.49365 0.366367 0.509282 -0.490718 0.391032 -0.675141

3.49365 0.366296 0.504209 -0.495791 0.391471 -0.675138
3.50077 0.373535 0.504209 -0.495791 0.361139 -0.675767

3.5007 0.373535 0.499036 -0.500964 0.361028 -0.675735
3.50098 0.373808 0.499036 -0.500964 0.359873 -0.675824

3.50098 0.373741 0.493832 -0.506168 0.360267 -0.675833
3.50827 0.380859 0.493832 -0.506168 0.330184 -0.677199

3.5082 0.380859 0.488691 -0.511309 0.330096 -0.677152
3.5083 0.380951 0.488691 -0.511309 0.329753 -0.677164

3.5083 0.380886 0.483509 -0.516491 0.330086 -0.677203
3.51562 0.387742 0.483509 -0.516491 0.304178 -0.680994

3.51562 0.387729 0.477325 -0.522675 0.304244 -0.681005
3.51612 0.388184 0.477325 -0.522675 0.302425 -0.68139

3.51612 0.388184 0.473202 -0.526798 0.302423 -0.681387
3.52295 0.394317 0.473202 -0.526798 0.273689 -0.678947

3.52295 0.394297 0.46559 -0.53441 0.273803 -0.678973
3.52434 0.395508 0.46559 -0.53441 0.267484 -0.677368

3.52433 0.395508 0.462732 -0.537268 0.267481 -0.677369
3.53027 0.400629 0.462732 -0.537268 0.245063 -0.672051

3.53027 0.40061 0.452542 -0.547458 0.245164 -0.672075
3.53296 0.402832 0.452542 -0.547458 0.235341 -0.66986

3.5329 0.402832 0.450617 -0.549383 0.235293 -0.669849
3.5376 0.406683 0.450617 -0.549383 0.213017 -0.66728

3.5376 0.406679 0.442181 -0.557819 0.213039 -0.667292
3.54198 0.410156 0.442181 -0.557819 0.198826 -0.658083

3.54189 0.410156 0.43691 -0.56309 0.198676 -0.658234
3.54492 0.412509 0.43691 -0.56309 0.186752 -0.653997

3.54492 0.412507 0.433199 -0.566801 0.18677 -0.653997
3.55143 0.41748 0.433199 -0.566801 0.167556 -0.646594

3.55136 0.41748 0.427498 -0.572502 0.167452 -0.646587
3.55225 0.418146 0.427498 -0.572502 0.165198 -0.646548

3.55225 0.418108 0.423388 -0.576612 0.165394 -0.646555
3.55957 0.423486 0.423388 -0.576612 0.142372 -0.641683

3.55957 0.42348 0.409585 -0.590415 0.14241 -0.641693
3.56148 0.424805 0.409585 -0.590415 0.135999 -0.639176

3.56144 0.424805 0.413622 -0.586378 0.135976 -0.639191
3.56689 0.428656 0.413622 -0.586378 0.113134 -0.63197

3.56689 0.428631 0.403934 -0.596066 0.113239 -0.632022
3.57206 0.432129 0.403934 -0.596066 0.100076 -0.620252

3.57195 0.432129 0.399714 -0.600286 0.0999262 -0.620331
3.57422 0.433638 0.399714 -0.600286 0.0935338 -0.619118

3.57422 0.433611 0.394238 -0.605762 0.0937115 -0.619109
3.58154 0.438377 0.394238 -0.605762 0.0721299 -0.613207

3.58154 0.438363 0.383436 -0.616564 0.0722174 -0.613223
3.5833 0.439453 0.383436 -0.616564 0.0669205 -0.611771

3.58326 0.439453 0.384562 -0.615438 0.0668944 -0.611776
3.58887 0.442957 0.384562 -0.615438 0.0422223 -0.601958

3.58887 0.442943 0.374925 -0.625075 0.0423472 -0.601948
3.59526 0.446777 0.374925 -0.625075 0.0258995 -0.586293

3.59515 0.446777 0.371424 -0.628576 0.0257446 -0.586315
3.59619 0.447391 0.371424 -0.628576 0.0231597 -0.586221

3.59619 0.447343 0.36519 -0.63481 0.0234768 -0.586212
3.60352 0.451557 0.36519 -0.63481 -0.00142146 -0.5732

3.60352 0.451538 0.355449 -0.644551 -0.00132478 -0.573236
3.60816 0.454102 0.355449 -0.644551 -0.014243 -0.557272

3.60809 0.454102 0.355449 -0.644551 -0.0143513 -0.557391
3.61084 0.455621 0.355449 -0.644551 -0.0219477 -0.554165

3.61084 0.455593 0.345736 -0.654264 -0.0217381 -0.554147
3.61816 0.459463 0.345736 -0.654264 -0.0422792 -0.537973

3.61816 0.459446 0.336018 -0.663982 -0.0421863 -0.537993
3.62208 0.461426 0.336018 -0.663982 -0.0501 -0.52742

3.62201 0.461426 0.336018 -0.663982 -0.0501952 -0.527541
3.62549 0.463186 0.336018 -0.663982 -0.0587178 -0.522756

3.62549 0.463168 0.326257 -0.673743 -0.0585792 -0.52274
3.63281 0.466714 0.326257 -0.673743 1e+30 1e+30

