5.618 0 -0.989177 -0.0108233 1.81143 0
5.61784 0.0146484 -0.989177 -0.0108233 1.81355 0.0581107

5.61784 0.0146484 -0.96878 -0.0312199 1.81358 0.0581118
5.61737 0.0292969 -0.96878 -0.0312199 1.82052 0.118741

5.61735 0.0292969 -0.954363 -0.045637 1.82067 0.118752
5.617 0.0366211 -0.954363 -0.045637 1.82289 0.149069

5.617 0.0366211 -0.944707 -0.0552932 1.8229 0.149069
5.61657 0.0439453 -0.944707 -0.0552932 1.81722 0.178985

5.61659 0.0439453 -0.930516 -0.0694836 1.81706 0.178972
5.6155 0.0585938 -0.930516 -0.0694836 1.81171 0.237801

5.61549 0.0585938 -0.912571 -0.0874294 1.81173 0.237804
5.61409 0.0732422 -0.912571 -0.0874294 1.79699 0.301909

5.61407 0.0732422 -0.899915 -0.100085 1.79716 0.301937
5.61325 0.0805664 -0.899915 -0.100085 1.79023 0.33326

5.61326 0.0805664 -0.891429 -0.108571 1.7902 0.33326
5.61236 0.0878906 -0.891429 -0.108571 1.78883 0.360092

5.61035 0.102441 -0.874058 -0.125942 1.7615 0.411473
5.61034 0.102539 -0.874058 -0.125942 1.76487 0.41135

5.61035 0.102569 -0.861197 -0.138803 1.76469 0.411445
5.608 0.117188 -0.861197 -0.138803 1.75018 0.467709

5.61236 0.0878906 -0.882534 -0.117466 1.78884 0.360092
5.61139 0.0952148 -0.882534 -0.117466 1.77454 0.386897

5.61035 0.102414 -0.874058 -0.125942 1.76154 0.411383
5.61139 0.0952148 -0.874058 -0.125942 1.77455 0.386897

5.5957 0.173568 -0.792403 -0.207597 1.65093 0.702426
5.59512 0.175781 -0.792403 -0.207597 1.6459 0.712484

5.60799 0.117188 -0.844645 -0.155355 1.75018 0.46771
5.6053 0.131836 -0.844645 -0.155355 1.72712 0.531433

5.60303 0.14285 -0.824722 -0.175278 1.70903 0.578697
5.60225 0.146484 -0.824722 -0.175278 1.69873 0.592666

5.60528 0.131836 -0.832724 -0.167276 1.72728 0.531447
5.60381 0.13916 -0.832724 -0.167276 1.71275 0.563056

5.60303 0.14283 -0.824722 -0.175278 1.70911 0.578629
5.60381 0.13916 -0.824722 -0.175278 1.71275 0.563057

5.60225 0.146484 -0.816416 -0.183584 1.69874 0.592668
5.60061 0.153809 -0.816416 -0.183584 1.6823 0.620137

5.60061 0.153809 -0.808093 -0.191907 1.68231 0.620137
5.59887 0.161133 -0.808093 -0.191907 1.67258 0.647358

5.59887 0.161133 -0.800079 -0.199921 1.67258 0.647361
5.59704 0.168457 -0.800079 -0.199921 1.6601 0.678807

5.5957 0.173536 -0.792403 -0.207597 1.65107 0.702319
5.59703 0.168457 -0.792403 -0.207597 1.66012 0.678821

5.59512 0.175781 -0.784762 -0.215238 1.64594 0.712507
5.59311 0.183105 -0.784762 -0.215238 1.63349 0.745604

5.59311 0.183105 -0.777137 -0.222863 1.63349 0.745605
5.59101 0.19043 -0.777137 -0.222863 1.61554 0.773889

5.58838 0.19916 -0.761881 -0.238119 1.57956 0.797385
5.58653 0.205078 -0.761881 -0.238119 1.56012 0.815052

5.59101 0.19043 -0.769568 -0.230432 1.61554 0.773888
5.58882 0.197754 -0.769568 -0.230432 1.58531 0.793551

5.58838 0.199146 -0.761881 -0.238119 1.57964 0.797347
5.58881 0.197754 -0.761881 -0.238119 1.58532 0.793551

5.58105 0.221391 -0.73817 -0.26183 1.52886 0.869499
5.57905 0.227051 -0.73817 -0.26183 1.51623 0.897563

5.57905 0.227051 -0.730486 -0.269514 1.51623 0.897563
5.57634 0.234375 -0.730486 -0.269514 1.50151 0.926511

5.58653 0.205078 -0.753923 -0.246077 1.56011 0.815051
5.58414 0.212402 -0.753923 -0.246077 1.54553 0.839974

5.58414 0.212402 -0.745871 -0.254129 1.54553 0.839975
5.58164 0.219727 -0.745871 -0.254129 1.53258 0.863065

5.58105 0.221349 -0.734186 -0.265814 1.52906 0.869374
5.58164 0.219727 -0.734186 -0.265814 1.5326 0.86307

5.4126 0.46436 -0.430166 -0.569834 0.117636 1.36653
5.40678 0.46875 -0.430166 -0.569834 1e+30 1e+30

5.41992 0.458615 -0.438898 -0.561102 0.173436 1.38917
5.41633 0.461426 -0.438898 -0.561102 0.146748 1.38056

5.4126 0.46431 -0.437248 -0.562752 0.118413 1.36646
5.41631 0.461426 -0.437248 -0.562752 0.146791 1.38054

5.44922 0.432694 -0.485464 -0.514536 0.405297 1.43035
5.44205 0.439453 -0.485464 -0.514536 0.34536 1.42419

5.42725 0.45258 -0.453741 -0.546259 0.228694 1.39892
5.42541 0.454102 -0.453741 -0.546259 0.215435 1.39641

5.43457 0.44628 -0.467518 -0.532482 0.283199 1.41003
5.434 0.446777 -0.467518 -0.532482 0.27886 1.40875

5.42725 0.45252 -0.463296 -0.536704 0.229456 1.39893
5.4339 0.446777 -0.463296 -0.536704 0.279252 1.40847

5.41992 0.45855 -0.452 -0.548 0.174244 1.38925
5.42532 0.454102 -0.452 -0.548 0.215758 1.39627

5.43457 0.446209 -0.474315 -0.525685 0.284129 1.41001
5.44189 0.4396 -0.474315 -0.525685 0.343984 1.42393

5.44189 0.439594 -0.480094 -0.519906 0.344064 1.42392
5.44205 0.439453 -0.480094 -0.519906 0.345388 1.42417

5.47119 0.410052 -0.525127 -0.474873 0.576056 1.43207
5.4711 0.410156 -0.525127 -0.474873 0.575291 1.43204

5.47852 0.401747 -0.537042 -0.462958 0.638158 1.43166
5.47758 0.402832 -0.537042 -0.462958 0.63018 1.43203

5.47119 0.409994 -0.529741 -0.470259 0.57671 1.43204
5.47755 0.402832 -0.529741 -0.470259 0.630305 1.43204

5.50781 0.364318 -0.5923 -0.4077 0.917986 1.37756
5.50651 0.366211 -0.5923 -0.4077 0.898565 1.38797

5.50049 0.374358 -0.568237 -0.431763 0.813468 1.40001
5.49555 0.380859 -0.568237 -0.431763 0.760951 1.40908

5.50647 0.366211 -0.578074 -0.421926 0.898787 1.38823
5.50112 0.373535 -0.578074 -0.421926 0.822429 1.39946

5.50049 0.374358 -0.573387 -0.426613 0.813466 1.40001
5.5011 0.373535 -0.573387 -0.426613 0.822483 1.39946

5.48584 0.393018 -0.55016 -0.44984 0.703298 1.42866
5.4838 0.395508 -0.55016 -0.44984 0.684707 1.43158

5.49316 0.383893 -0.559884 -0.440116 0.749327 1.41404
5.48979 0.388184 -0.559884 -0.440116 0.725732 1.42854

5.48584 0.392996 -0.551198 -0.448802 0.703528 1.42867
5.48976 0.388184 -0.551198 -0.448802 0.725803 1.42872

5.47852 0.401687 -0.539946 -0.460054 0.638809 1.43165
5.48378 0.395508 -0.539946 -0.460054 0.684789 1.43161

5.49316 0.383907 -0.565383 -0.434617 0.749198 1.41406
5.49551 0.380859 -0.565383 -0.434617 0.761229 1.40907

5.46387 0.417904 -0.508492 -0.491508 0.520679 1.43169
5.4572 0.424805 -0.508492 -0.491508 0.469322 1.43166

5.45654 0.42547 -0.496694 -0.503306 0.463896 1.43145
5.4498 0.432129 -0.496694 -0.503306 0.410145 1.43024

5.44922 0.432683 -0.491479 -0.508521 0.405432 1.43034
5.44979 0.432129 -0.491479 -0.508521 0.410159 1.43024

5.45654 0.425456 -0.502706 -0.497294 0.464077 1.43144
5.45719 0.424805 -0.502706 -0.497294 0.469368 1.43165

5.47105 0.410156 -0.519242 -0.480758 0.575473 1.432
5.46427 0.41748 -0.519242 -0.480758 0.523422 1.43167

5.46387 0.417898 -0.51354 -0.48646 0.520749 1.43168
5.46426 0.41748 -0.51354 -0.48646 0.52347 1.43166

5.56641 0.25906 -0.699008 -0.300992 1.40889 1.00525
5.56442 0.263672 -0.699008 -0.300992 1.39419 1.02227

5.55176 0.290765 -0.668779 -0.331221 1.299 1.12754
5.55067 0.292969 -0.668779 -0.331221 1.28269 1.13444

5.55908 0.275502 -0.684169 -0.315831 1.36355 1.06669
5.55778 0.27832 -0.684169 -0.315831 1.35268 1.07824

5.56442 0.263672 -0.691588 -0.308412 1.39421 1.02228
5.56115 0.270996 -0.691588 -0.308412 1.37356 1.04866

5.55908 0.275466 -0.684169 -0.315831 1.3638 1.0666
5.56115 0.270996 -0.684169 -0.315831 1.3736 1.04867

5.55777 0.27832 -0.676592 -0.323408 1.35274 1.07827
5.55427 0.285645 -0.676592 -0.323408 1.3223 1.10736

5.55176 0.290705 -0.668779 -0.331221 1.29963 1.12746
5.55426 0.285645 -0.668779 -0.331221 1.32235 1.10737

5.53711 0.318193 -0.637168 -0.362832 1.1807 1.21522
5.53479 0.322266 -0.637168 -0.362832 1.16326 1.23684

5.52246 0.342563 -0.613767 -0.386233 1.03524 1.2848
5.52141 0.344238 -0.613767 -0.386233 1.02277 1.28789

5.52137 0.344238 -0.603764 -0.396236 1.02296 1.28791
5.51656 0.351562 -0.603764 -0.396236 0.98173 1.31056

5.52979 0.330719 -0.620967 -0.379033 1.10755 1.25641
5.526 0.336914 -0.620967 -0.379033 1.06601 1.27647

5.53479 0.322266 -0.629272 -0.370728 1.16329 1.23686
5.53047 0.32959 -0.629272 -0.370728 1.11624 1.25404

5.52979 0.330711 -0.624157 -0.375843 1.10764 1.25639
5.53046 0.32959 -0.624157 -0.375843 1.11631 1.25403

5.52246 0.342499 -0.612441 -0.387559 1.03594 1.28471
5.526 0.336914 -0.612441 -0.387559 1.06608 1.27645

5.54443 0.304927 -0.652629 -0.347371 1.22858 1.16632
5.543 0.307617 -0.652629 -0.347371 1.2179 1.1739

5.55065 0.292969 -0.660737 -0.339263 1.28281 1.13451
5.54689 0.300293 -0.660737 -0.339263 1.24122 1.15581

5.54443 0.304888 -0.652629 -0.347371 1.22887 1.16624
5.54688 0.300293 -0.652629 -0.347371 1.24128 1.15581

5.54299 0.307617 -0.644766 -0.355234 1.21798 1.17392
5.53895 0.314941 -0.644766 -0.355234 1.1893 1.19982

5.53711 0.31816 -0.637168 -0.362832 1.18092 1.21513
5.53894 0.314941 -0.637168 -0.362832 1.18938 1.19986

5.57373 0.241238 -0.722626 -0.277374 1.47593 0.951341
5.57355 0.241699 -0.722626 -0.277374 1.47356 0.952839

5.57354 0.241699 -0.714697 -0.285303 1.47367 0.952878
5.57061 0.249023 -0.714697 -0.285303 1.44392 0.976533

5.57373 0.241183 -0.722626 -0.277374 1.47633 0.95121
5.57634 0.234375 -0.722626 -0.277374 1.50152 0.926513

5.57061 0.249023 -0.706698 -0.293302 1.44392 0.976531
5.56757 0.256348 -0.706698 -0.293302 1.41813 0.996229

5.56641 0.259037 -0.699008 -0.300992 1.40902 1.0052
5.56756 0.256348 -0.699008 -0.300992 1.41818 0.996246

5.51514 0.353666 -0.5956 -0.4044 0.9756 1.32028
5.51159 0.358887 -0.5956 -0.4044 0.948981 1.34972

5.50781 0.364249 -0.587611 -0.412389 0.918941 1.37747
5.51158 0.358887 -0.587611 -0.412389 0.94906 1.3498

5.51514 0.353664 -0.599705 -0.400295 0.975616 1.32027
5.51654 0.351562 -0.599705 -0.400295 0.981896 1.31062

5.15625 0.540438 0.0919929 -0.908007 -0.777818 -0.253979
5.16357 0.54118 0.0919929 -0.908007 -0.789303 -0.192481

5.16357 0.54118 0.0729721 -0.927028 -0.789303 -0.192481
5.1709 0.541756 0.0729721 -0.927028 -0.801495 -0.135966

5.1709 0.541764 0.0531903 -0.94681 -0.801624 -0.135958
5.17496 0.541992 0.0531903 -0.94681 -0.808565 -0.106041

5.1753 0.541992 0.0531903 -0.94681 -0.809013 -0.103614
5.17822 0.542156 0.0531903 -0.94681 -0.815557 -0.0827696

5.17822 0.542168 0.0326219 -0.967378 -0.815741 -0.0827564
5.18555 0.542414 0.0326219 -0.967378 -0.828976 -0.0272525

5.18555 0.542414 0.0112811 -0.988719 -0.828968 -0.027253
5.19287 0.542498 0.0112811 -0.988719 -0.838969 0.0325555

5.19287 0.542497 -0.0105402 -0.98946 -0.838962 0.0325549
5.2002 0.542419 -0.0105402 -0.98946 -0.846223 0.0934075

5.21484 0.541778 -0.0514338 -0.948566 -0.851784 0.215839
5.2109 0.541992 -0.0514338 -0.948566 -0.855684 0.183861

5.2002 0.542419 -0.0314822 -0.968518 -0.846219 0.093407
5.20752 0.542181 -0.0314822 -0.968518 -0.852599 0.15502

5.20752 0.542186 -0.0514338 -0.948566 -0.852669 0.155024
5.2111 0.541992 -0.0514338 -0.948566 -0.856016 0.185626

5.21484 0.541784 -0.0706853 -0.929315 -0.851847 0.215833
5.22217 0.541227 -0.0706853 -0.929315 -0.842847 0.276295

5.22217 0.541228 -0.0894447 -0.910555 -0.842853 0.276294
5.22949 0.540508 -0.0894447 -0.910555 -0.832476 0.336786

5.22949 0.540509 -0.10775 -0.89225 -0.832484 0.336784
5.23682 0.539624 -0.10775 -0.89225 -0.820527 0.396678

5.23682 0.539625 -0.12559 -0.87441 -0.820532 0.396677
5.24414 0.538573 -0.12559 -0.87441 -0.809645 0.457278

5.24414 0.538573 -0.142841 -0.857159 -0.809646 0.457278
5.25146 0.537352 -0.142841 -0.857159 -0.78737 0.517143

5.25146 0.537352 -0.159389 -0.840611 -0.787364 0.517143
5.25879 0.535963 -0.159389 -0.840611 -0.761772 0.573087

5.26611 0.534416 -0.175054 -0.824946 -0.738367 0.62011
5.26492 0.534668 -0.175054 -0.824946 -0.742069 0.613523

5.25879 0.535961 -0.175054 -0.824946 -0.761726 0.573087
5.26488 0.534668 -0.175054 -0.824946 -0.742075 0.613291

5.26611 0.534409 -0.190157 -0.809843 -0.738274 0.620118
5.27344 0.532689 -0.190157 -0.809843 -0.716065 0.676729

5.29541 0.526522 -0.233632 -0.766368 -0.613247 0.830216
5.29271 0.527344 -0.233632 -0.766368 -0.624577 0.817853

5.29541 0.526512 -0.247645 -0.752355 -0.613098 0.830237
5.30273 0.524101 -0.247645 -0.752355 -0.583672 0.884625

5.30273 0.524102 -0.261647 -0.738353 -0.583681 0.884622
5.31006 0.521506 -0.261647 -0.738353 -0.543942 0.928015

5.31738 0.51874 -0.275143 -0.724857 -0.510078 0.962441
5.31401 0.52002 -0.275143 -0.724857 -0.526016 0.943302

5.31006 0.521493 -0.275143 -0.724857 -0.543719 0.928005
5.31394 0.52002 -0.275143 -0.724857 -0.525982 0.94294

5.33203 0.512638 -0.300704 -0.699296 -0.419753 1.05318
5.3319 0.512695 -0.300704 -0.699296 -0.420461 1.05312

5.31738 0.518727 -0.288237 -0.711763 -0.509897 0.962463
5.32471 0.515761 -0.288237 -0.711763 -0.470284 1.02178

5.32471 0.515757 -0.300704 -0.699296 -0.470219 1.02178
5.33183 0.512695 -0.300704 -0.699296 -0.42034 1.05309

5.27344 0.53269 -0.205004 -0.794996 -0.716071 0.676727
5.28076 0.530801 -0.205004 -0.794996 -0.689236 0.749055

5.28076 0.530802 -0.219519 -0.780481 -0.689251 0.749056
5.28809 0.528742 -0.219519 -0.780481 -0.646141 0.795347

5.28809 0.528734 -0.233632 -0.766368 -0.646007 0.795348
5.29265 0.527344 -0.233632 -0.766368 -0.624567 0.817584

5.33203 0.512613 -0.313011 -0.686989 -0.419343 1.05317
5.33936 0.509276 -0.313011 -0.686989 -0.377752 1.10254

5.33936 0.509276 -0.325416 -0.674584 -0.377747 1.10254
5.34668 0.505743 -0.325416 -0.674584 -0.326321 1.1322

5.354 0.502012 -0.337621 -0.662379 -0.285421 1.16516
5.34741 0.505371 -0.337621 -0.662379 -0.322397 1.13072

5.34668 0.505738 -0.337621 -0.662379 -0.326255 1.13219
5.3474 0.505371 -0.337621 -0.662379 -0.322361 1.13074

5.354 0.502011 -0.349578 -0.650422 -0.285401 1.16517
5.36133 0.498074 -0.349578 -0.650422 -0.234538 1.19128

5.36865 0.493932 -0.361483 -0.638517 -0.198146 1.21472
5.36138 0.498047 -0.361483 -0.638517 -0.234295 1.1912

5.37598 0.48962 -0.373329 -0.626671 -0.140871 1.25217
5.37413 0.490723 -0.373329 -0.626671 -0.154016 1.24569

5.36865 0.493913 -0.373332 -0.626668 -0.19779 1.2147
5.37401 0.490723 -0.373332 -0.626668 -0.153782 1.24533

5.39062 0.480186 -0.396211 -0.603789 1e+30 1e+30
5.38573 0.483398 -0.396211 -0.603789 -0.0680947 1.29133

5.37598 0.489571 -0.384978 -0.615022 -0.140118 1.2522
5.3833 0.484986 -0.384978 -0.615022 -0.0886118 1.2813

5.3833 0.484959 -0.394429 -0.605571 -0.0881183 1.28126
5.3857 0.483398 -0.394429 -0.605571 -0.0679791 1.29116

5.36133 0.498073 -0.357585 -0.642415 -0.234525 1.19128
5.36138 0.498047 -0.357585 -0.642415 -0.234272 1.19121

