6.73828 0.335648 -0.663245 -0.336755 1.42072 1.43179
6.73764 0.336914 -0.663245 -0.336755 1.4143 1.43779

6.73096 0.349483 -0.648609 -0.351391 1.35923 1.50466
6.72983 0.351562 -0.648609 -0.351391 1.34077 1.51382

6.73762 0.336914 -0.655995 -0.344005 1.41447 1.43789
6.73377 0.344238 -0.655995 -0.344005 1.38288 1.47721

6.73096 0.349425 -0.648609 -0.351391 1.35997 1.50454
6.73377 0.344238 -0.648609 -0.351391 1.38294 1.47723

6.76758 0.269378 -0.727854 -0.272146 1.69812 1.17847
6.76697 0.270996 -0.727854 -0.272146 1.68955 1.18469

6.76696 0.270996 -0.720857 -0.279143 1.68964 1.18474
6.76412 0.27832 -0.720857 -0.279143 1.66181 1.21496

6.76025 0.287892 -0.706591 -0.293409 1.6214 1.24039
6.75815 0.292969 -0.706591 -0.293409 1.60313 1.25834

6.76413 0.27832 -0.713624 -0.286376 1.66181 1.21496
6.76119 0.285645 -0.713624 -0.286376 1.63188 1.23442

6.76025 0.287876 -0.706591 -0.293409 1.62152 1.24036
6.76118 0.285645 -0.706591 -0.293409 1.63192 1.23443

6.77972 0.234375 -0.755619 -0.244381 1.80609 1.04018
6.77736 0.241699 -0.755619 -0.244381 1.78539 1.06735

6.7749 0.248997 -0.748467 -0.251533 1.76138 1.09436
6.77735 0.241699 -0.748467 -0.251533 1.7854 1.06735

6.77489 0.249023 -0.741594 -0.258406 1.76128 1.09446
6.77234 0.256348 -0.741594 -0.258406 1.73965 1.12296

6.77234 0.256348 -0.734707 -0.265293 1.73965 1.12296
6.7697 0.263672 -0.734707 -0.265293 1.71934 1.15301

6.76758 0.26933 -0.727854 -0.272146 1.69852 1.17836
6.76969 0.263672 -0.727854 -0.272146 1.71937 1.15303

6.75293 0.304992 -0.692854 -0.307146 1.56562 1.31546
6.75177 0.307617 -0.692854 -0.307146 1.55015 1.32725

6.74561 0.320882 -0.678311 -0.321689 1.48475 1.37525
6.74495 0.322266 -0.678311 -0.321689 1.47539 1.37918

6.75176 0.307617 -0.685789 -0.314211 1.55021 1.32729
6.7484 0.314941 -0.685789 -0.314211 1.5115 1.35836

6.74561 0.320829 -0.678311 -0.321689 1.48529 1.37511
6.7484 0.314941 -0.678311 -0.321689 1.51153 1.35835

6.75815 0.292969 -0.699689 -0.300311 1.60314 1.25835
6.755 0.300293 -0.699689 -0.300311 1.58072 1.28981

6.75293 0.30495 -0.692854 -0.307146 1.56601 1.31537
6.75499 0.300293 -0.692854 -0.307146 1.58078 1.28983

6.74493 0.322266 -0.670703 -0.329297 1.47553 1.37919
6.74133 0.32959 -0.670703 -0.329297 1.43931 1.40434

6.73828 0.335591 -0.663245 -0.336755 1.42123 1.43164
6.74133 0.32959 -0.663245 -0.336755 1.43936 1.40436

6.69434 0.407517 -0.583194 -0.416806 0.916515 1.72877
6.69245 0.410156 -0.583194 -0.416806 0.902615 1.74535

6.70898 0.386313 -0.609294 -0.390706 1.12495 1.65922
6.70778 0.388184 -0.609294 -0.390706 1.09703 1.66948

6.70775 0.388184 -0.598207 -0.401793 1.09723 1.66966
6.70283 0.395508 -0.598207 -0.401793 1.00246 1.68492

6.70166 0.397175 -0.58876 -0.41124 0.985448 1.6882
6.69771 0.402832 -0.58876 -0.41124 0.936345 1.70918

6.69434 0.407476 -0.580199 -0.419801 0.916878 1.72874
6.6977 0.402832 -0.580199 -0.419801 0.936457 1.70921

6.70166 0.397184 -0.596406 -0.403594 0.985336 1.68822
6.70279 0.395508 -0.596406 -0.403594 1.00264 1.68493

6.72363 0.362462 -0.632115 -0.367885 1.26514 1.54783
6.72145 0.366211 -0.632115 -0.367885 1.23876 1.56024

6.71631 0.374685 -0.616018 -0.383982 1.18923 1.58637
6.71246 0.380859 -0.616018 -0.383982 1.1608 1.62268

6.72144 0.366211 -0.623943 -0.376057 1.23882 1.56027
6.71703 0.373535 -0.623943 -0.376057 1.19383 1.58237

6.71631 0.374686 -0.620014 -0.379986 1.18922 1.58637
6.71701 0.373535 -0.620014 -0.379986 1.19392 1.58239

6.72981 0.351562 -0.640513 -0.359487 1.34088 1.51389
6.7257 0.358887 -0.640513 -0.359487 1.28394 1.53738

6.72363 0.362421 -0.632115 -0.367885 1.26552 1.54771
6.72569 0.358887 -0.632115 -0.367885 1.28404 1.53738

6.70898 0.386234 -0.607893 -0.392107 1.12646 1.65909
6.71245 0.380859 -0.607893 -0.392107 1.16089 1.62272

6.68701 0.417432 -0.568929 -0.431071 0.834177 1.76302
6.68697 0.41748 -0.568929 -0.431071 0.833449 1.76307

6.68693 0.41748 -0.56119 -0.43881 0.833612 1.76314
6.6812 0.424805 -0.56119 -0.43881 0.749955 1.76378

6.68701 0.417351 -0.571124 -0.428876 0.835579 1.76302
6.69241 0.410156 -0.571124 -0.428876 0.902792 1.74564

6.67969 0.426659 -0.555889 -0.444111 0.736986 1.76261
6.68117 0.424805 -0.555889 -0.444111 0.750119 1.76372

6.81503 0 -0.995495 -0.0045052 2.12577 0
6.81499 0.00732422 -0.995495 -0.0045052 2.12458 0.0296398

6.81499 0.00732422 -0.986555 -0.0134455 2.12458 0.0296399
6.81489 0.0146484 -0.986555 -0.0134455 2.11917 0.0600676

6.81491 0.0146484 -0.973761 -0.0262388 2.11905 0.0600717
6.81451 0.0292969 -0.973761 -0.0262388 2.10909 0.12262

6.8145 0.0292969 -0.961076 -0.0389238 2.10918 0.122623
6.81421 0.0366211 -0.961076 -0.0389238 2.1106 0.152542

6.8142 0.0366211 -0.95258 -0.0474202 2.11064 0.15255
6.81384 0.0439453 -0.95258 -0.0474202 2.12106 0.183736

6.81384 0.0439453 -0.945019 -0.0549813 2.12105 0.183734
6.81341 0.0512695 -0.945019 -0.0549813 2.12251 0.214779

6.81341 0.0512695 -0.937596 -0.0624039 2.12252 0.214779
6.81292 0.0585938 -0.937596 -0.0624039 2.11112 0.241818

6.81152 0.0756312 -0.913253 -0.086747 2.1098 0.311275
6.81105 0.0805664 -0.913253 -0.086747 2.11329 0.332285

6.81105 0.0805664 -0.905003 -0.094997 2.11331 0.332287
6.81028 0.0878906 -0.905003 -0.094997 2.11417 0.365869

6.81295 0.0585938 -0.925412 -0.0745882 2.11095 0.241807
6.81176 0.0732422 -0.925412 -0.0745882 2.10759 0.301175

6.81152 0.0755203 -0.909109 -0.0908906 2.10979 0.310818
6.81175 0.0732422 -0.909109 -0.0908906 2.1077 0.301189

6.81028 0.0878906 -0.897133 -0.102867 2.11418 0.36587
6.80944 0.0952148 -0.897133 -0.102867 2.11675 0.401857

6.80944 0.0952148 -0.889493 -0.110507 2.11675 0.401856
6.80853 0.102539 -0.889493 -0.110507 2.11292 0.437297

6.80855 0.102539 -0.878597 -0.121403 2.11277 0.437275
6.80653 0.117188 -0.878597 -0.121403 2.1 0.50821

6.80653 0.117188 -0.864463 -0.135537 2.09999 0.508209
6.80423 0.131836 -0.864463 -0.135537 2.07612 0.579407

6.80423 0.131836 -0.850641 -0.149359 2.07612 0.579406
6.80166 0.146484 -0.850641 -0.149359 2.04869 0.647852

6.80165 0.146484 -0.840287 -0.159713 2.04879 0.647872
6.80025 0.153809 -0.840287 -0.159713 2.03876 0.683776

6.80025 0.153809 -0.832653 -0.167347 2.03878 0.68378
6.79878 0.161133 -0.832653 -0.167347 2.02007 0.720253

6.79878 0.161133 -0.825848 -0.174152 2.02008 0.720257
6.79723 0.168457 -0.825848 -0.174152 1.99021 0.753333

6.79688 0.170081 -0.819292 -0.180708 1.98328 0.760332
6.79723 0.168457 -0.819292 -0.180708 1.99022 0.753336

6.5625 0.526881 -0.358165 -0.641835 -0.442698 1.47287
6.56982 0.522794 -0.358165 -0.641835 -0.384867 1.50467

6.57715 0.518495 -0.372091 -0.627909 -0.305159 1.55366
6.57457 0.52002 -0.372091 -0.627909 -0.332353 1.53827

6.56982 0.522769 -0.372091 -0.627909 -0.384264 1.50464
6.57446 0.52002 -0.372091 -0.627909 -0.332216 1.53774

6.5918 0.508999 -0.398942 -0.601058 -0.187528 1.61341
6.58623 0.512695 -0.398942 -0.601058 -0.22906 1.57866

6.57715 0.518456 -0.385693 -0.614307 -0.30439 1.55374
6.58447 0.513857 -0.385693 -0.614307 -0.242726 1.57777

6.58447 0.513829 -0.39388 -0.60612 -0.242188 1.57769
6.58622 0.512695 -0.39388 -0.60612 -0.22901 1.57864

6.61377 0.492812 -0.436818 -0.563182 0.0437271 1.69958
6.60702 0.498047 -0.436818 -0.563182 -0.0123465 1.69232

6.62109 0.486843 -0.449198 -0.550802 0.118086 1.7284
6.61634 0.490723 -0.449198 -0.550802 0.0709494 1.7094

6.61377 0.492762 -0.443816 -0.556184 0.044674 1.6995
6.61632 0.490723 -0.443816 -0.556184 0.0710076 1.70934

6.59912 0.503937 -0.408339 -0.591661 -0.0927743 1.67248
6.59704 0.505371 -0.408339 -0.591661 -0.118233 1.65289

6.5918 0.508973 -0.41155 -0.58845 -0.186888 1.61335
6.59695 0.505371 -0.41155 -0.58845 -0.118047 1.65216

6.59912 0.503876 -0.423992 -0.576008 -0.0915252 1.67264
6.60645 0.498485 -0.423992 -0.576008 -0.0172365 1.69445

6.60645 0.498477 -0.430568 -0.569432 -0.0171155 1.69443
6.60701 0.498047 -0.430568 -0.569432 -0.0123243 1.69233

6.62842 0.480584 -0.461557 -0.538443 0.196936 1.74755
6.62513 0.483398 -0.461557 -0.538443 0.163465 1.7374

6.63574 0.47397 -0.477214 -0.522786 0.277503 1.76132
6.63344 0.476074 -0.477214 -0.522786 0.252656 1.75762

6.62842 0.480487 -0.470485 -0.529515 0.198422 1.7477
6.63338 0.476074 -0.470485 -0.529515 0.252835 1.75757

6.62109 0.48676 -0.455953 -0.544047 0.119709 1.72817
6.62511 0.483398 -0.455953 -0.544047 0.16355 1.73735

6.63574 0.473883 -0.483272 -0.516728 0.278852 1.76136
6.64123 0.46875 -0.483272 -0.516728 0.336367 1.76706

