23.4375 0.419843 -0.718716 -0.281284 1.9663 2.01393
23.4356 0.424805 -0.718716 -0.281284 1.93636 2.04797

23.4302 0.437916 -0.704246 -0.295754 1.84478 2.13025
23.4295 0.439453 -0.704246 -0.295754 1.83059 2.13914

23.4356 0.424805 -0.711582 -0.288418 1.93637 2.04798
23.4326 0.432129 -0.711582 -0.288418 1.8867 2.09643

23.4302 0.437866 -0.704246 -0.295754 1.84548 2.12998
23.4326 0.432129 -0.704246 -0.295754 1.88674 2.09643

23.4229 0.454472 -0.681107 -0.318893 1.71118 2.22818
23.4196 0.461426 -0.681107 -0.318893 1.65479 2.27745

23.4196 0.461426 -0.672642 -0.327358 1.65476 2.27744
23.416 0.46875 -0.672642 -0.327358 1.58452 2.31164

23.4295 0.439453 -0.696703 -0.303297 1.83075 2.13915
23.4263 0.446777 -0.696703 -0.303297 1.77282 2.18813

23.4263 0.446777 -0.689015 -0.310985 1.77282 2.18813
23.423 0.454102 -0.689015 -0.310985 1.71467 2.22596

23.4229 0.454462 -0.681107 -0.318893 1.71133 2.22812
23.423 0.454102 -0.681107 -0.318893 1.71468 2.22596

22.9962 0.46875 0.603206 -0.396794 1.97442 -1.14217
22.998 0.471594 0.603206 -0.396794 1.94509 -1.1623

22.998 0.471516 0.602158 -0.397842 1.94592 -1.16238
23.0011 0.476074 0.602158 -0.397842 1.9234 -1.19939

23.001 0.476074 0.595224 -0.404776 1.92323 -1.19905
23.0054 0.482465 0.595224 -0.404776 1.8633 -1.26904

23.0054 0.482437 0.598791 -0.401209 1.86377 -1.26908
23.006 0.483398 0.598791 -0.401209 1.84808 -1.27709

23.006 0.483398 0.586932 -0.413068 1.84808 -1.27694
23.0112 0.490723 0.586932 -0.413068 1.75904 -1.33888

23.0111 0.490723 0.586157 -0.413843 1.75903 -1.33852
23.0127 0.492927 0.586157 -0.413843 1.73863 -1.36209

23.0127 0.4928 0.579186 -0.420814 1.73984 -1.36231
23.0165 0.498047 0.579186 -0.420814 1.69958 -1.42148

23.0165 0.498047 0.571792 -0.428208 1.69961 -1.42057
23.02 0.502794 0.571792 -0.428208 1.64794 -1.48455

23.02 0.502708 0.575272 -0.424728 1.64941 -1.48485
23.022 0.505371 0.575272 -0.424728 1.6009 -1.51272

23.022 0.505371 0.56201 -0.43799 1.60096 -1.51206
23.0273 0.512291 0.56201 -0.43799 1.47547 -1.55243

23.0273 0.512269 0.559653 -0.440347 1.47582 -1.55258
23.0277 0.512695 0.559653 -0.440347 1.46752 -1.55444

23.0277 0.512695 0.552568 -0.447432 1.46754 -1.55438
23.0336 0.52002 0.552568 -0.447432 1.38512 -1.61352

23.0335 0.52002 0.54851 -0.45149 1.38529 -1.6118
23.0347 0.521403 0.54851 -0.45149 1.38138 -1.63064

23.0347 0.521278 0.543827 -0.456173 1.38149 -1.63124
23.0398 0.527344 0.543827 -0.456173 1.32019 -1.6978

23.0397 0.527344 0.53815 -0.46185 1.32053 -1.69679
23.042 0.530012 0.53815 -0.46185 1.27857 -1.71511

23.042 0.52989 0.535213 -0.464787 1.27985 -1.71621
23.0461 0.534668 0.535213 -0.464787 1.19153 -1.74216

23.0461 0.534668 0.525904 -0.474096 1.19158 -1.74208
23.0493 0.538197 0.525904 -0.474096 1.12041 -1.74764

23.0493 0.538109 0.521179 -0.478821 1.12164 -1.74855
23.0529 0.541992 0.521179 -0.478821 1.06563 -1.76359

23.0529 0.541992 0.513726 -0.486274 1.06573 -1.76331
23.0566 0.545983 0.513726 -0.486274 1.00457 -1.78494

23.0566 0.545928 0.507225 -0.492775 1.00527 -1.78539
23.0599 0.549316 0.507225 -0.492775 0.945759 -1.80564

23.0599 0.549316 0.499619 -0.500381 0.946014 -1.80486
23.064 0.553396 0.499619 -0.500381 0.876853 -1.85344

23.064 0.553341 0.49151 -0.50849 0.877812 -1.85398
23.0674 0.556641 0.49151 -0.50849 0.800692 -1.88839

23.0673 0.556641 0.484279 -0.515721 0.801162 -1.88683
23.0713 0.560388 0.484279 -0.515721 0.702885 -1.91047

23.0713 0.560362 0.474753 -0.525247 0.703269 -1.9108
23.0753 0.563965 0.474753 -0.525247 0.61743 -1.92982

23.0752 0.563965 0.469319 -0.530681 0.618334 -1.92862
23.0786 0.567006 0.469319 -0.530681 0.540978 -1.93428

23.0786 0.566986 0.460033 -0.539967 0.541285 -1.93452
23.0837 0.571289 0.460033 -0.539967 0.432662 -1.93917

23.0835 0.571289 0.4548 -0.5452 0.43382 -1.93769
23.0859 0.573288 0.4548 -0.5452 0.383376 -1.94157

23.0859 0.573255 0.445938 -0.554062 0.383838 -1.94198
23.0926 0.578613 0.445938 -0.554062 0.243683 -1.94404

23.0925 0.578613 0.438564 -0.561436 0.244821 -1.94286
23.0933 0.57923 0.438564 -0.561436 0.229346 -1.94235

23.0933 0.57916 0.429933 -0.570067 0.230263 -1.94326
23.1006 0.584684 0.429933 -0.570067 0.0786541 -1.95351

23.1006 0.584659 0.410944 -0.589056 0.0791129 -1.95387
23.1024 0.585938 0.410944 -0.589056 0.0390196 -1.95716

23.1024 0.585938 0.413439 -0.586561 0.0395475 -1.95648
23.1079 0.589849 0.413439 -0.586561 -0.102211 -1.92242

23.1079 0.589816 0.396615 -0.603385 -0.101637 -1.92293
23.1132 0.593262 0.396615 -0.603385 -0.215668 -1.87548

23.113 0.593262 0.392613 -0.607387 -0.214491 -1.87499
23.1152 0.5947 0.392613 -0.607387 -0.255533 -1.86548

23.1152 0.594656 0.378597 -0.621403 -0.254855 -1.866
23.1226 0.599119 0.378597 -0.621403 -0.401004 -1.84724

23.1226 0.599088 0.359782 -0.640218 -0.400333 -1.84767
23.1252 0.600586 0.359782 -0.640218 -0.457876 -1.8406

23.1252 0.600586 0.359782 -0.640218 -0.457199 -1.84023
23.1299 0.603245 0.359782 -0.640218 -0.570033 -1.78629

23.1299 0.603234 0.339882 -0.660118 -0.569781 -1.78643
23.1372 0.607005 0.339882 -0.660118 -0.731255 -1.71666

23.1372 0.606982 0.319036 -0.680964 -0.730688 -1.71693
23.1392 0.60791 0.319036 -0.680964 -0.771018 -1.70772

23.1391 0.60791 0.319036 -0.680964 -0.770594 -1.70768
23.1445 0.610436 0.319036 -0.680964 -0.895234 -1.63709

23.1445 0.610433 0.297371 -0.702629 -0.895141 -1.63712
23.1519 0.613532 0.297371 -0.702629 -1.05795 -1.50953

23.1519 0.613515 0.274415 -0.725585 -1.05749 -1.50975
23.1564 0.615234 0.274415 -0.725585 -1.14486 -1.44396

23.1563 0.615234 0.274415 -0.725585 -1.14397 -1.44472
23.1592 0.616321 0.274415 -0.725585 -1.20254 -1.41246

23.1592 0.616303 0.2498 -0.7502 -1.20202 -1.41261
23.1665 0.618742 0.2498 -0.7502 -1.35483 -1.30123

23.1665 0.618742 0.222753 -0.777247 -1.35483 -1.30123
23.1738 0.620841 0.222753 -0.777247 -1.49023 -1.12322

23.1738 0.620836 0.194639 -0.805361 -1.49006 -1.12329
23.181 0.622559 0.194639 -0.805361 -1.6145 -0.980646

23.1809 0.622559 0.194639 -0.805361 -1.61437 -0.980815
23.1812 0.622609 0.194639 -0.805361 -1.61827 -0.977639

23.1812 0.622607 0.165179 -0.834821 -1.6182 -0.977654
23.1885 0.624056 0.165179 -0.834821 -1.74875 -0.827203

23.1885 0.624055 0.133355 -0.866645 -1.74872 -0.827208
23.1958 0.625183 0.133355 -0.866645 -1.86704 -0.627581

23.1958 0.625184 0.0987977 -0.901202 -1.86712 -0.627572
23.2031 0.625987 0.0987977 -0.901202 -1.96072 -0.420497

23.2031 0.625989 0.0605196 -0.93948 -1.96082 -0.420489
23.2104 0.626461 0.0605196 -0.93948 -2.01859 -0.212364

23.2104 0.626462 0.0180301 -0.98197 -2.01861 -0.212355
23.2178 0.626597 0.0180301 -0.98197 -2.05449 -0.00524081

23.2178 0.626596 -0.0272582 -0.972742 -2.05449 -0.00524093
23.2251 0.626391 -0.0272582 -0.972742 -2.07904 0.211547

23.2251 0.626391 -0.0691583 -0.930842 -2.07903 0.211546
23.2324 0.625847 -0.0691583 -0.930842 -2.07417 0.448058

23.2324 0.625847 -0.107528 -0.892472 -2.07418 0.448058
23.2397 0.624964 -0.107528 -0.892472 -2.03248 0.693782

23.2397 0.624965 -0.14293 -0.85707 -2.0325 0.693783
23.2471 0.623743 -0.14293 -0.85707 -1.97185 0.91771

23.2544 0.622181 -0.175694 -0.824306 -1.90415 1.1109
23.2526 0.622559 -0.175694 -0.824306 -1.92221 1.06892

23.2471 0.623744 -0.175694 -0.824306 -1.97187 0.91771
23.2526 0.622559 -0.175694 -0.824306 -1.92219 1.06908

23.2544 0.62219 -0.207329 -0.792671 -1.90444 1.11085
23.2617 0.620274 -0.207329 -0.792671 -1.83232 1.31709

23.2837 0.612267 -0.29403 -0.70597 -1.50022 1.87509
23.2766 0.615234 -0.29403 -0.70597 -1.603 1.67143

23.2837 0.612264 -0.319554 -0.680446 -1.50011 1.87513
23.291 0.608824 -0.319554 -0.680446 -1.32392 2.03514

23.2617 0.620278 -0.238456 -0.761544 -1.83243 1.31705
23.269 0.617985 -0.238456 -0.761544 -1.73017 1.53246

23.269 0.61798 -0.26711 -0.73289 -1.7299 1.53243
23.2764 0.61531 -0.26711 -0.73289 -1.6055 1.66855

23.2764 0.615311 -0.29403 -0.70597 -1.60552 1.66855
23.2766 0.615234 -0.29403 -0.70597 -1.60294 1.67118

23.2983 0.605003 -0.343453 -0.656547 -1.17198 2.19148
23.2928 0.60791 -0.343453 -0.656547 -1.28776 2.05129

23.291 0.608813 -0.343453 -0.656547 -1.32335 2.0351
23.2927 0.60791 -0.343453 -0.656547 -1.28756 2.05085

23.2983 0.605003 -0.366836 -0.633164 -1.17199 2.19148
23.3057 0.600759 -0.366836 -0.633164 -0.99653 2.29369

23.313 0.59608 -0.390556 -0.609444 -0.863906 2.38195
23.306 0.600586 -0.390556 -0.609444 -0.991415 2.29421

23.3203 0.590957 -0.413211 -0.586789 -0.671889 2.49125
23.317 0.593262 -0.413211 -0.586789 -0.75074 2.45429

23.313 0.596035 -0.412705 -0.587295 -0.861623 2.38172
23.3169 0.593262 -0.412705 -0.587295 -0.750515 2.45334

23.3057 0.600757 -0.377773 -0.622227 -0.996442 2.29368
23.3059 0.600586 -0.377773 -0.622227 -0.99135 2.29416

23.3276 0.585404 -0.439322 -0.560678 -0.493378 2.56597
23.327 0.585938 -0.439322 -0.560678 -0.50996 2.55688

23.3276 0.585304 -0.454564 -0.545436 -0.489442 2.56585
23.335 0.5792 -0.454564 -0.545436 -0.303044 2.63769

23.3496 0.565441 -0.49467 -0.50533 0.0694311 2.70352
23.3436 0.571289 -0.49467 -0.50533 -0.0808962 2.68602

23.3423 0.572593 -0.474617 -0.525383 -0.117026 2.67983
23.3356 0.578613 -0.474617 -0.525383 -0.285087 2.6413

23.335 0.579182 -0.46586 -0.53414 -0.302303 2.63759
23.3356 0.578613 -0.46586 -0.53414 -0.285013 2.64121

23.3423 0.572551 -0.486238 -0.513762 -0.115396 2.67956
23.3436 0.571289 -0.486238 -0.513762 -0.080719 2.68584

23.3643 0.549374 -0.533189 -0.466811 0.437487 2.71383
23.3579 0.556641 -0.533189 -0.466811 0.277393 2.71151

23.3716 0.540372 -0.562698 -0.437302 0.623349 2.70074
23.3703 0.541992 -0.562698 -0.437302 0.592278 2.70683

23.3789 0.530659 -0.576786 -0.423214 0.787534 2.66478
23.376 0.534668 -0.576786 -0.423214 0.717332 2.68603

23.3716 0.540307 -0.563646 -0.436354 0.625154 2.70039
23.3759 0.534668 -0.563646 -0.436354 0.717475 2.68606

23.3703 0.541992 -0.549248 -0.450752 0.592509 2.70678
23.3643 0.549316 -0.549248 -0.450752 0.438913 2.71373

23.3643 0.549356 -0.541124 -0.458876 0.438039 2.71372
23.3643 0.549316 -0.541124 -0.458876 0.438911 2.71373

23.3569 0.557683 -0.515961 -0.484039 0.255289 2.70991
23.351 0.563965 -0.515961 -0.484039 0.107326 2.70407

23.3496 0.565388 -0.50561 -0.49439 0.071387 2.70311
23.351 0.563965 -0.50561 -0.49439 0.107781 2.70375

23.3569 0.557671 -0.523438 -0.476562 0.25565 2.70984
23.3579 0.556641 -0.523438 -0.476562 0.277682 2.7113

23.4009 0.49701 -0.635641 -0.364359 1.29008 2.49125
23.4003 0.498047 -0.635641 -0.364359 1.27048 2.49689

23.4082 0.483883 -0.645355 -0.354645 1.43224 2.39966
23.4044 0.490723 -0.645355 -0.354645 1.3616 2.45428

23.4009 0.496933 -0.635412 -0.364588 1.29207 2.4908
23.4044 0.490723 -0.635412 -0.364588 1.36163 2.45427

23.3936 0.509014 -0.613298 -0.386702 1.1312 2.55893
23.3912 0.512695 -0.613298 -0.386702 1.08992 2.59364

23.3862 0.520292 -0.590037 -0.409963 0.961487 2.62901
23.3813 0.527344 -0.590037 -0.409963 0.829865 2.6558

23.3912 0.512695 -0.602686 -0.397314 1.08997 2.59366
23.3864 0.52002 -0.602686 -0.397314 0.967912 2.62804

23.3862 0.520273 -0.598051 -0.401949 0.96206 2.62888
23.3864 0.52002 -0.598051 -0.401949 0.967913 2.62804

23.4003 0.498047 -0.624284 -0.375716 1.27083 2.49687
23.3958 0.505371 -0.624284 -0.375716 1.16109 2.53576

23.3936 0.508978 -0.613298 -0.386702 1.13182 2.55862
23.3958 0.505371 -0.613298 -0.386702 1.16134 2.53571

23.4155 0.469757 -0.663801 -0.336199 1.57358 2.31681
23.4123 0.476074 -0.663801 -0.336199 1.51492 2.35931

23.4123 0.476074 -0.654727 -0.345273 1.51491 2.35931
23.4085 0.483398 -0.654727 -0.345273 1.43797 2.39695

23.4155 0.469737 -0.663801 -0.336199 1.57391 2.31668
23.416 0.46875 -0.663801 -0.336199 1.5846 2.31162

23.4082 0.48387 -0.646553 -0.353447 1.43247 2.39958
23.4085 0.483398 -0.646553 -0.353447 1.43803 2.39694

23.3789 0.530636 -0.579899 -0.420101 0.788075 2.66459
23.3813 0.527344 -0.579899 -0.420101 0.830436 2.6555

23.3203 0.590905 -0.434212 -0.565788 -0.669958 2.49141
23.3268 0.585938 -0.434212 -0.565788 -0.508848 2.55443

23.5042 0 -0.997485 -0.00251467 2.70812 0
23.5041 0.00732422 -0.997485 -0.00251467 2.70742 0.0320574

23.5041 0.00732422 -0.992645 -0.00735521 2.70742 0.0320595
23.5041 0.0146484 -0.992645 -0.00735521 2.71372 0.0605041

23.5041 0.0146484 -0.988476 -0.0115239 2.71373 0.060513
23.504 0.0219727 -0.988476 -0.0115239 2.7238 0.0861104

23.504 0.0219727 -0.985036 -0.0149637 2.72381 0.0861129
23.5039 0.0292969 -0.985036 -0.0149637 2.72341 0.112383

23.5039 0.0292969 -0.977991 -0.0220089 2.7233 0.112375
23.5036 0.0439453 -0.977991 -0.0220089 2.7271 0.163676

23.5036 0.0439453 -0.968885 -0.0311148 2.72713 0.163677
23.5031 0.0585938 -0.968885 -0.0311148 2.73287 0.218313

23.5031 0.0585938 -0.960401 -0.0395989 2.73287 0.218313
23.5025 0.0732422 -0.960401 -0.0395989 2.73527 0.278831

23.5025 0.0732422 -0.954256 -0.0457445 2.73536 0.27883
23.5021 0.0805664 -0.954256 -0.0457445 2.74043 0.310793

23.5021 0.0805664 -0.950637 -0.0493632 2.74041 0.310794
23.5017 0.0878906 -0.950637 -0.0493632 2.73214 0.340726

23.5018 0.0878906 -0.945505 -0.0544953 2.73209 0.340732
23.5013 0.0952148 -0.945505 -0.0544953 2.7034 0.365671

23.5013 0.0952148 -0.939758 -0.0602416 2.70341 0.365667
23.5009 0.102539 -0.939758 -0.0602416 2.69516 0.392196

23.5009 0.102539 -0.93591 -0.0640896 2.6952 0.392188
23.5004 0.109863 -0.93591 -0.0640896 2.70327 0.431086

23.5004 0.109863 -0.933126 -0.0668741 2.70325 0.431086
23.4998 0.117188 -0.933126 -0.0668741 2.68729 0.472211

23.4961 0.158692 -0.906354 -0.0936459 2.66773 0.64744
23.4958 0.161133 -0.906354 -0.0936459 2.66379 0.659572

23.4958 0.161133 -0.901824 -0.0981764 2.66382 0.659579
23.495 0.168457 -0.901824 -0.0981764 2.65497 0.689006

23.495 0.168457 -0.896901 -0.103099 2.65499 0.689009
23.4942 0.175781 -0.896901 -0.103099 2.65231 0.718935

23.4942 0.175781 -0.892583 -0.107417 2.65231 0.718936
23.4933 0.183105 -0.892583 -0.107417 2.64919 0.750253

23.4933 0.183105 -0.888611 -0.111389 2.6492 0.750254
23.4924 0.19043 -0.888611 -0.111389 2.63693 0.780878

23.4924 0.19043 -0.881938 -0.118062 2.63681 0.780863
23.4904 0.205078 -0.881938 -0.118062 2.62213 0.844069

23.4904 0.205078 -0.873027 -0.126973 2.62213 0.844069
23.4883 0.219727 -0.873027 -0.126973 2.60396 0.909918

23.4883 0.219727 -0.863765 -0.136235 2.60392 0.90992
23.486 0.234375 -0.863765 -0.136235 2.58035 0.976768

23.4998 0.117188 -0.928725 -0.071275 2.68724 0.4722
23.4993 0.124512 -0.928725 -0.071275 2.68369 0.497463

23.4993 0.124512 -0.922995 -0.0770048 2.68369 0.497463
23.4987 0.131836 -0.922995 -0.0770048 2.70466 0.526862

23.4987 0.131836 -0.918129 -0.081871 2.70469 0.526874
23.498 0.13916 -0.918129 -0.081871 2.70291 0.564452

23.498 0.13916 -0.913922 -0.0860776 2.7029 0.56445
23.4973 0.146484 -0.913922 -0.0860776 2.68772 0.595156

23.4961 0.158619 -0.90799 -0.0920101 2.6679 0.64715
23.4973 0.146484 -0.90799 -0.0920101 2.68767 0.595147

23.4814 0.260334 -0.843241 -0.156759 2.5415 1.10504
23.4808 0.263672 -0.843241 -0.156759 2.5331 1.1258

23.486 0.234375 -0.854213 -0.145787 2.58036 0.976768
23.4835 0.249023 -0.854213 -0.145787 2.55831 1.0472

23.4814 0.260282 -0.845111 -0.154889 2.54169 1.10479
23.4835 0.249023 -0.845111 -0.154889 2.55834 1.0472

23.4808 0.263672 -0.838234 -0.161766 2.53313 1.12581
23.4794 0.270996 -0.838234 -0.161766 2.52345 1.16222

23.4794 0.270996 -0.832913 -0.167087 2.52348 1.16222
23.4779 0.27832 -0.832913 -0.167087 2.5183 1.20217

23.4779 0.27832 -0.828129 -0.171871 2.5183 1.20217
23.4764 0.285645 -0.828129 -0.171871 2.49649 1.24056

23.4764 0.285645 -0.82343 -0.17657 2.49649 1.24056
23.4748 0.292969 -0.82343 -0.17657 2.47103 1.27688

23.4668 0.327108 -0.798413 -0.201587 2.36845 1.46587
23.4662 0.32959 -0.798413 -0.201587 2.35549 1.47862

23.4662 0.32959 -0.793402 -0.206598 2.35552 1.47863
23.4643 0.336914 -0.793402 -0.206598 2.32845 1.5182

23.4643 0.336914 -0.78774 -0.21226 2.32843 1.5182
23.4623 0.344238 -0.78774 -0.21226 2.31415 1.55789

23.4623 0.344238 -0.781809 -0.218191 2.31415 1.55789
23.4602 0.351562 -0.781809 -0.218191 2.29127 1.59916

23.4741 0.296249 -0.818667 -0.181333 2.46056 1.29387
23.4732 0.300293 -0.818667 -0.181333 2.45088 1.31396

23.4732 0.300293 -0.813583 -0.186417 2.45088 1.31396
23.4715 0.307617 -0.813583 -0.186417 2.43803 1.35277

23.4741 0.296231 -0.818667 -0.181333 2.46065 1.29378
23.4748 0.292969 -0.818667 -0.181333 2.47104 1.27688

23.4715 0.307617 -0.808302 -0.191698 2.43803 1.35277
23.4698 0.314941 -0.808302 -0.191698 2.42268 1.39452

23.4698 0.314941 -0.803215 -0.196785 2.42268 1.39452
23.468 0.322266 -0.803215 -0.196785 2.3915 1.43744

23.4668 0.327076 -0.798413 -0.201587 2.3687 1.46572
23.468 0.322266 -0.798413 -0.201587 2.39153 1.43745

23.4521 0.378367 -0.758155 -0.241845 2.18806 1.76222
23.4514 0.380859 -0.758155 -0.241845 2.17387 1.77763

23.4595 0.354242 -0.776005 -0.223995 2.28184 1.61609
23.4581 0.358887 -0.776005 -0.223995 2.26437 1.64309

23.4581 0.358887 -0.770093 -0.229907 2.26438 1.64309
23.4559 0.366211 -0.770093 -0.229907 2.23948 1.6869

23.4595 0.354222 -0.776005 -0.223995 2.28197 1.61598
23.4602 0.351562 -0.776005 -0.223995 2.2913 1.59917

23.4559 0.366211 -0.764043 -0.235957 2.23948 1.6869
23.4537 0.373535 -0.764043 -0.235957 2.21012 1.73069

23.4521 0.378331 -0.758155 -0.241845 2.18839 1.76204
23.4537 0.373535 -0.758155 -0.241845 2.21017 1.7307

23.4513 0.380859 -0.75214 -0.24786 2.17393 1.77764
23.4489 0.388184 -0.75214 -0.24786 2.1372 1.82507

23.4489 0.388184 -0.745823 -0.254177 2.1372 1.82506
23.4464 0.395508 -0.745823 -0.254177 2.10061 1.86482

23.4448 0.400112 -0.739437 -0.260563 2.07766 1.89222
23.4439 0.402832 -0.739437 -0.260563 2.06115 1.90777

23.4439 0.402832 -0.732759 -0.267241 2.06121 1.90777
23.4412 0.410156 -0.732759 -0.267241 2.02338 1.95498

23.4448 0.400079 -0.739437 -0.260563 2.07799 1.89205
23.4464 0.395508 -0.739437 -0.260563 2.10065 1.86482

23.4412 0.410156 -0.725721 -0.274279 2.02337 1.95498
23.4384 0.41748 -0.725721 -0.274279 1.98085 1.99777

23.4375 0.419823 -0.718716 -0.281284 1.96651 2.0138
23.4384 0.41748 -0.718716 -0.281284 1.98091 1.99777

