37.9688 0.206729 -0.878337 -0.121663 2.66842 0.865025
37.968 0.212402 -0.878337 -0.121663 2.66006 0.890149

37.968 0.212402 -0.873343 -0.126657 2.66008 0.890151
37.9669 0.219727 -0.873343 -0.126657 2.6549 0.925404

37.9669 0.219727 -0.868923 -0.131077 2.65491 0.925405
37.9658 0.227051 -0.868923 -0.131077 2.64414 0.961292

37.9658 0.227051 -0.864756 -0.135244 2.64413 0.961292
37.9646 0.234375 -0.864756 -0.135244 2.63112 0.995275

37.9646 0.234375 -0.860524 -0.139476 2.63112 0.995274
37.9635 0.241699 -0.860524 -0.139476 2.61608 1.02731

37.9635 0.241699 -0.856176 -0.143824 2.61608 1.02731
37.9622 0.249023 -0.856176 -0.143824 2.60379 1.06011

37.9614 0.253664 -0.851643 -0.148357 2.5977 1.08201
37.961 0.256348 -0.851643 -0.148357 2.59308 1.0949

37.961 0.256348 -0.846949 -0.153051 2.59309 1.0949
37.9596 0.263672 -0.846949 -0.153051 2.58051 1.13077

37.9614 0.253649 -0.851643 -0.148357 2.59775 1.08194
37.9622 0.249023 -0.851643 -0.148357 2.60379 1.06011

37.9541 0.29178 -0.828213 -0.171787 2.5129 1.27362
37.9539 0.292969 -0.828213 -0.171787 2.51048 1.28015

37.9596 0.263672 -0.8422 -0.1578 2.5805 1.13077
37.9583 0.270996 -0.8422 -0.1578 2.56679 1.16763

37.9583 0.270996 -0.837495 -0.162505 2.56679 1.16763
37.9568 0.27832 -0.837495 -0.162505 2.5491 1.20327

37.9568 0.27832 -0.832854 -0.167146 2.5491 1.20328
37.9554 0.285645 -0.832854 -0.167146 2.52791 1.23991

37.9541 0.291757 -0.828213 -0.171787 2.51299 1.2735
37.9554 0.285645 -0.828213 -0.171787 2.52792 1.23991

37.9539 0.292969 -0.823134 -0.176866 2.5105 1.28016
37.9523 0.300293 -0.823134 -0.176866 2.49872 1.32117

37.9523 0.300293 -0.817751 -0.182249 2.49873 1.32117
37.9506 0.307617 -0.817751 -0.182249 2.4879 1.36449

37.9506 0.307617 -0.812652 -0.187348 2.4879 1.36449
37.949 0.314941 -0.812652 -0.187348 2.46344 1.40619

37.949 0.314941 -0.807756 -0.192244 2.46344 1.40619
37.9472 0.322266 -0.807756 -0.192244 2.43386 1.44656

37.9468 0.324053 -0.802783 -0.197217 2.42693 1.45688
37.9454 0.32959 -0.802783 -0.197217 2.40935 1.48773

37.9454 0.32959 -0.79746 -0.20254 2.40935 1.48773
37.9436 0.336914 -0.79746 -0.20254 2.39042 1.52962

37.9468 0.324038 -0.802783 -0.197217 2.42702 1.4568
37.9472 0.322266 -0.802783 -0.197217 2.43388 1.44656

37.9436 0.336914 -0.791948 -0.208052 2.39041 1.52962
37.9416 0.344238 -0.791948 -0.208052 2.36644 1.57255

37.9416 0.344238 -0.786661 -0.213339 2.36645 1.57255
37.9396 0.351562 -0.786661 -0.213339 2.33117 1.61583

37.9102 0.438699 -0.710347 -0.289653 1.88941 2.14037
37.9098 0.439453 -0.710347 -0.289653 1.88316 2.14507

37.9098 0.439453 -0.702836 -0.297164 1.88336 2.14507
37.9067 0.446777 -0.702836 -0.297164 1.83219 2.19722

37.9067 0.446777 -0.694962 -0.305038 1.83217 2.19721
37.9035 0.454102 -0.694962 -0.305038 1.77667 2.23977

37.9028 0.455622 -0.686923 -0.313077 1.76456 2.24994
37.9002 0.461426 -0.686923 -0.313077 1.71831 2.29278

37.9002 0.461426 -0.678456 -0.321544 1.71828 2.29277
37.8967 0.46875 -0.678456 -0.321544 1.64664 2.3354

37.9028 0.455605 -0.686923 -0.313077 1.76479 2.24982
37.9035 0.454102 -0.686923 -0.313077 1.77673 2.23976

37.9395 0.352257 -0.781464 -0.218536 2.32747 1.62002
37.9376 0.358887 -0.781464 -0.218536 2.29868 1.65873

37.9376 0.358887 -0.775902 -0.224098 2.29867 1.65873
37.9355 0.366211 -0.775902 -0.224098 2.27418 1.70103

37.9321 0.37733 -0.763884 -0.236116 2.23207 1.76437
37.931 0.380859 -0.763884 -0.236116 2.21655 1.78536

37.9355 0.366211 -0.769931 -0.230069 2.27416 1.70103
37.9333 0.373535 -0.769931 -0.230069 2.24634 1.74033

37.9321 0.377303 -0.763884 -0.236116 2.23228 1.76423
37.9333 0.373535 -0.763884 -0.236116 2.24638 1.74033

37.9248 0.399798 -0.744872 -0.255128 2.13102 1.89962
37.9238 0.402832 -0.744872 -0.255128 2.1127 1.91806

37.9238 0.402832 -0.738323 -0.261677 2.11275 1.91806
37.9212 0.410156 -0.738323 -0.261677 2.07376 1.96718

37.931 0.380859 -0.757684 -0.242316 2.21658 1.78537
37.9287 0.388184 -0.757684 -0.242316 2.18759 1.83197

37.9287 0.388184 -0.751254 -0.248746 2.18758 1.83197
37.9263 0.395508 -0.751254 -0.248746 2.15234 1.873

37.9248 0.399769 -0.744872 -0.255128 2.13132 1.89946
37.9263 0.395508 -0.744872 -0.255128 2.15239 1.873

37.9395 0.352241 -0.781464 -0.218536 2.3276 1.61993
37.9396 0.351562 -0.781464 -0.218536 2.3312 1.61583

37.9175 0.420113 -0.724674 -0.275326 2.01401 2.02514
37.9157 0.424805 -0.724674 -0.275326 1.98462 2.05517

37.9212 0.410156 -0.73149 -0.26851 2.07375 1.96717
37.9185 0.41748 -0.73149 -0.26851 2.02997 2.00804

37.9175 0.420093 -0.724674 -0.275326 2.01421 2.02501
37.9185 0.41748 -0.724674 -0.275326 2.03003 2.00804

37.9157 0.424805 -0.717654 -0.282346 1.98462 2.05517
37.9128 0.432129 -0.717654 -0.282346 1.93579 2.1023

37.9102 0.438648 -0.710347 -0.289653 1.89009 2.14005
37.9128 0.432129 -0.710347 -0.289653 1.93581 2.10229

37.5 0.500189 0.575832 -0.424168 1.74392 -1.40762
37.5038 0.505371 0.575832 -0.424168 1.69898 -1.47251

37.5038 0.505371 0.568588 -0.431412 1.69905 -1.47161
37.5073 0.510052 0.568588 -0.431412 1.63713 -1.52679

37.5073 0.509963 0.571483 -0.428517 1.63868 -1.52724
37.5094 0.512695 0.571483 -0.428517 1.58398 -1.55167

37.5093 0.512695 0.558575 -0.441425 1.5841 -1.551
37.5146 0.519416 0.558575 -0.441425 1.46228 -1.59173

37.5146 0.519389 0.556335 -0.443665 1.46265 -1.59194
37.5152 0.52002 0.556335 -0.443665 1.45156 -1.59554

37.5151 0.52002 0.548779 -0.451221 1.45164 -1.59529
37.5212 0.527344 0.548779 -0.451221 1.37474 -1.66024

37.5211 0.527344 0.54416 -0.45584 1.37495 -1.65838
37.522 0.528412 0.54416 -0.45584 1.37212 -1.67255

37.522 0.528293 0.539304 -0.460696 1.37218 -1.67326
37.5274 0.534668 0.539304 -0.460696 1.30023 -1.74145

37.5274 0.534668 0.533188 -0.466812 1.30063 -1.74038
37.5293 0.536883 0.533188 -0.466812 1.26067 -1.75324

37.5293 0.536766 0.529443 -0.470557 1.26211 -1.75437
37.5339 0.541992 0.529443 -0.470557 1.1515 -1.77602

37.5339 0.541992 0.520691 -0.479309 1.15171 -1.77568
37.5366 0.544933 0.520691 -0.479309 1.08269 -1.77553

37.5366 0.544833 0.516519 -0.483481 1.08434 -1.77665
37.5408 0.549316 0.516519 -0.483481 1.01509 -1.79046

37.5408 0.549316 0.508736 -0.491264 1.01535 -1.78984
37.5439 0.552593 0.508736 -0.491264 0.968212 -1.81101

37.5439 0.552545 0.501779 -0.498221 0.968581 -1.81149
37.548 0.556641 0.501779 -0.498221 0.895014 -1.8406

37.5479 0.556641 0.494079 -0.505921 0.895484 -1.839
37.5513 0.559889 0.494079 -0.505921 0.839191 -1.88584

37.5513 0.559831 0.484478 -0.515522 0.83979 -1.88638
37.5557 0.563965 0.484478 -0.515522 0.73566 -1.93141

37.5556 0.563965 0.478754 -0.521246 0.736802 -1.92949
37.5586 0.566759 0.478754 -0.521246 0.653629 -1.94694

37.5586 0.566713 0.468681 -0.531319 0.6545 -1.94748
37.5638 0.571289 0.468681 -0.531319 0.525346 -1.96422

37.5636 0.571289 0.463989 -0.536011 0.526738 -1.96274
37.5659 0.573256 0.463989 -0.536011 0.468826 -1.96193

37.5659 0.573205 0.455382 -0.544618 0.469717 -1.96259
37.5724 0.578613 0.455382 -0.544618 0.321488 -1.95575

37.5723 0.578613 0.448553 -0.551447 0.322669 -1.95453
37.5732 0.579413 0.448553 -0.551447 0.303533 -1.95313

37.5732 0.579347 0.439802 -0.560198 0.304369 -1.95403
37.5806 0.585097 0.439802 -0.560198 0.155922 -1.97007

37.5806 0.585076 0.423796 -0.576204 0.156261 -1.97035
37.5817 0.585938 0.423796 -0.576204 0.132166 -1.97546

37.5817 0.585938 0.422721 -0.577279 0.132424 -1.97504
37.5879 0.590465 0.422721 -0.577279 -0.011618 -1.97156

37.5879 0.590418 0.405273 -0.594727 -0.0106956 -1.97229
37.5921 0.593262 0.405273 -0.594727 -0.11014 -1.94956

37.5919 0.593262 0.403604 -0.596396 -0.108877 -1.94925
37.5952 0.59548 0.403604 -0.596396 -0.184886 -1.92896

37.5952 0.595442 0.387737 -0.612263 -0.18415 -1.92945
37.6025 0.60008 0.387737 -0.612263 -0.353956 -1.90488

37.6025 0.600071 0.36835 -0.63165 -0.353728 -1.90501
37.6034 0.600586 0.36835 -0.63165 -0.374168 -1.90496

37.6034 0.600586 0.369055 -0.630945 -0.373913 -1.90475
37.6099 0.604369 0.369055 -0.630945 -0.548582 -1.84142

37.6099 0.604354 0.349486 -0.650514 -0.54827 -1.84167
37.6165 0.60791 0.349486 -0.650514 -0.693279 -1.75623

37.6163 0.60791 0.348586 -0.651414 -0.692196 -1.75593
37.6172 0.608361 0.348586 -0.651414 -0.708299 -1.75306

37.6172 0.608301 0.328709 -0.671291 -0.70706 -1.75369
37.6245 0.611888 0.328709 -0.671291 -0.859883 -1.68466

37.6245 0.611883 0.306567 -0.693433 -0.859765 -1.68473
37.6318 0.615121 0.306567 -0.693433 -1.01914 -1.59261

37.6318 0.615115 0.283055 -0.716945 -1.01897 -1.59268
37.6321 0.615234 0.283055 -0.716945 -1.02521 -1.59133

37.6318 0.615234 0.306567 -0.693433 -1.02214 -1.59148
37.6318 0.615244 0.306567 -0.693433 -1.02261 -1.59137

37.6321 0.615234 0.283055 -0.716945 -1.02497 -1.59134
37.6392 0.618017 0.283055 -0.716945 -1.18863 -1.49824

37.6392 0.618013 0.257939 -0.742061 -1.18848 -1.49828
37.6465 0.620559 0.257939 -0.742061 -1.35011 -1.32073

37.6465 0.620551 0.232484 -0.767516 -1.34989 -1.32085
37.6531 0.622559 0.232484 -0.767516 -1.47372 -1.19346

37.653 0.622559 0.232484 -0.767516 -1.47294 -1.19432
37.6538 0.622793 0.232484 -0.767516 -1.48811 -1.18363

37.6538 0.622777 0.205326 -0.794674 -1.48758 -1.18379
37.6611 0.624669 0.205326 -0.794674 -1.62842 -1.0475

37.6611 0.62467 0.175082 -0.824918 -1.62847 -1.04749
37.6685 0.626225 0.175082 -0.824918 -1.76854 -0.864518

37.6685 0.626225 0.142213 -0.857787 -1.76854 -0.864518
37.6758 0.627439 0.142213 -0.857787 -1.86263 -0.668623

37.6758 0.627438 0.106769 -0.893231 -1.86262 -0.668634
37.6831 0.628314 0.106769 -0.893231 -1.94584 -0.466843

37.6831 0.628313 0.0686999 -0.9313 -1.94581 -0.466857
37.6904 0.628853 0.0686999 -0.9313 -2.01441 -0.251603

37.6904 0.628852 0.0277194 -0.972281 -2.0144 -0.25161
37.6978 0.629061 0.0277194 -0.972281 -2.06092 -0.0248776

37.6978 0.629061 -0.0163818 -0.983618 -2.06093 -0.0248751
37.7051 0.628939 -0.0163818 -0.983618 -2.08062 0.205342

37.7051 0.628941 -0.0587723 -0.941228 -2.08067 0.205344
37.7124 0.628484 -0.0587723 -0.941228 -2.07703 0.431348

37.7124 0.628487 -0.0986787 -0.901321 -2.0771 0.431343
37.7197 0.627685 -0.0986787 -0.901321 -2.05915 0.653252

37.7197 0.627687 -0.136405 -0.863595 -2.05922 0.653243
37.7271 0.62653 -0.136405 -0.863595 -2.03516 0.883159

37.7271 0.626532 -0.171885 -0.828115 -2.03519 0.883149
37.7344 0.625012 -0.171885 -0.828115 -1.95605 1.11055

37.8149 0.582278 -0.454828 -0.545172 -0.317152 2.69402
37.8106 0.585938 -0.454828 -0.545172 -0.426802 2.64805

37.8223 0.575624 -0.479028 -0.520972 -0.128119 2.7331
37.819 0.578613 -0.479028 -0.520972 -0.210356 2.71262

37.8149 0.582165 -0.469395 -0.530605 -0.312233 2.69285
37.819 0.578613 -0.469395 -0.530605 -0.210051 2.71226

37.8442 0.552091 -0.543059 -0.456941 0.448383 2.7642
37.8404 0.556641 -0.543059 -0.456941 0.349406 2.77555

37.8516 0.543033 -0.557361 -0.442639 0.632922 2.75408
37.8466 0.549316 -0.557361 -0.442639 0.500022 2.76558

37.8442 0.552097 -0.54844 -0.45156 0.448201 2.76425
37.8465 0.549316 -0.54844 -0.45156 0.500687 2.76509

37.8296 0.568381 -0.502603 -0.497397 0.0712979 2.7613
37.8267 0.571289 -0.502603 -0.497397 -0.00662385 2.75465

37.8369 0.56054 -0.523886 -0.476114 0.271123 2.77264
37.8338 0.563965 -0.523886 -0.476114 0.183673 2.77036

37.8296 0.568335 -0.512643 -0.487357 0.0728343 2.76123
37.8337 0.563965 -0.512643 -0.487357 0.184093 2.77018

37.8223 0.57554 -0.491374 -0.508626 -0.125321 2.7331
37.8267 0.571289 -0.491374 -0.508626 -0.00631086 2.75448

37.8369 0.56053 -0.531573 -0.468427 0.271457 2.77262
37.8403 0.556641 -0.531573 -0.468427 0.350481 2.77472

37.7344 0.62501 -0.204502 -0.795498 -1.95594 1.11054
37.7417 0.623127 -0.204502 -0.795498 -1.87022 1.29274

37.749 0.620885 -0.234376 -0.765624 -1.78886 1.49737
37.7436 0.622559 -0.234376 -0.765624 -1.85308 1.33354

37.7417 0.623127 -0.234376 -0.765624 -1.87024 1.29274
37.7436 0.622559 -0.234376 -0.765624 -1.85308 1.33355

37.749 0.620893 -0.263307 -0.736693 -1.78912 1.4973
37.7563 0.618275 -0.263307 -0.736693 -1.66312 1.74837

37.7563 0.61827 -0.290546 -0.709454 -1.66283 1.74835
37.7637 0.615271 -0.290546 -0.709454 -1.50474 1.8812

37.771 0.611884 -0.317213 -0.682787 -1.3858 2.05472
37.7638 0.615234 -0.317213 -0.682787 -1.50334 1.88228

37.771 0.611877 -0.342989 -0.657011 -1.38558 2.0548
37.7783 0.608053 -0.342989 -0.657011 -1.20943 2.18083

37.793 0.599176 -0.390638 -0.609362 -0.860971 2.46733
37.7908 0.600586 -0.390638 -0.609362 -0.922736 2.42206

37.7856 0.603812 -0.367351 -0.632649 -1.08385 2.30932
37.7786 0.60791 -0.367351 -0.632649 -1.20469 2.18251

37.7783 0.608051 -0.361516 -0.638484 -1.20935 2.18082
37.7786 0.60791 -0.361516 -0.638484 -1.2046 2.18237

37.7856 0.603778 -0.390699 -0.609301 -1.08189 2.30915
37.7906 0.600586 -0.390699 -0.609301 -0.922622 2.41949

37.7637 0.615274 -0.317213 -0.682787 -1.50489 1.8812
37.7638 0.615234 -0.317213 -0.682787 -1.5033 1.88202

37.793 0.599112 -0.412105 -0.587895 -0.858078 2.46764
37.8003 0.593978 -0.412105 -0.587895 -0.680454 2.54715

37.8076 0.588385 -0.433987 -0.566013 -0.516062 2.61235
37.8013 0.593262 -0.433987 -0.566013 -0.659212 2.54857

37.8003 0.593972 -0.42427 -0.57573 -0.680207 2.54712
37.8013 0.593262 -0.42427 -0.57573 -0.659208 2.54856

37.8076 0.588306 -0.448063 -0.551937 -0.512268 2.6118
37.8105 0.585938 -0.448063 -0.551937 -0.426606 2.64768

37.8662 0.52263 -0.597269 -0.402731 0.968541 2.66027
37.863 0.527344 -0.597269 -0.402731 0.900196 2.68756

37.8735 0.51128 -0.622237 -0.377763 1.17277 2.61448
37.8727 0.512695 -0.622237 -0.377763 1.14533 2.62541

37.8809 0.498926 -0.63158 -0.36842 1.30435 2.51808
37.8771 0.505371 -0.63158 -0.36842 1.23054 2.56764

37.8735 0.511213 -0.621458 -0.378542 1.17459 2.61405
37.8771 0.505371 -0.621458 -0.378542 1.23065 2.56763

37.8727 0.512695 -0.609709 -0.390291 1.14557 2.62546
37.868 0.52002 -0.609709 -0.390291 1.00953 2.65597

37.8662 0.522611 -0.599673 -0.400327 0.968983 2.66014
37.8679 0.52002 -0.599673 -0.400327 1.00984 2.65575

37.8955 0.471211 -0.669915 -0.330085 1.62361 2.35052
37.8931 0.476074 -0.669915 -0.330085 1.5802 2.38607

37.8931 0.476074 -0.661169 -0.338831 1.58019 2.38607
37.8894 0.483398 -0.661169 -0.338831 1.50329 2.43062

37.8882 0.48561 -0.651956 -0.348044 1.48039 2.44427
37.8855 0.490723 -0.651956 -0.348044 1.42052 2.48251

37.8855 0.490723 -0.641946 -0.358054 1.42047 2.4825
37.8814 0.498047 -0.641946 -0.358054 1.31707 2.51432

37.8882 0.485583 -0.651956 -0.348044 1.48086 2.44406
37.8893 0.483398 -0.651956 -0.348044 1.50342 2.43059

37.8955 0.471186 -0.669915 -0.330085 1.62398 2.35035
37.8967 0.46875 -0.669915 -0.330085 1.64676 2.33538

37.8809 0.498912 -0.63385 -0.36615 1.30464 2.51799
37.8814 0.498047 -0.63385 -0.36615 1.31723 2.51426

37.8589 0.533236 -0.587377 -0.412623 0.829181 2.72048
37.8579 0.534668 -0.587377 -0.412623 0.804293 2.73056

37.8579 0.534668 -0.572074 -0.427926 0.80461 2.73057
37.8524 0.541992 -0.572074 -0.427926 0.65569 2.75349

37.8589 0.533178 -0.585335 -0.414665 0.83071 2.7201
37.863 0.527344 -0.585335 -0.414665 0.900299 2.68759

37.8516 0.543016 -0.564241 -0.435759 0.633456 2.75396
37.8524 0.541992 -0.564241 -0.435759 0.655975 2.75329

37.9825 0 -0.990882 -0.00911777 2.77615 0
37.9822 0.0292969 -0.990882 -0.00911777 2.78369 0.105796

37.9822 0.0292969 -0.977752 -0.022248 2.78402 0.105783
37.9819 0.0439453 -0.977752 -0.022248 2.79114 0.165195

37.9819 0.0439453 -0.972162 -0.0278384 2.79118 0.165194
37.9817 0.0512695 -0.972162 -0.0278384 2.79109 0.198178

37.9817 0.0512695 -0.967731 -0.0322686 2.79108 0.198178
37.9814 0.0585938 -0.967731 -0.0322686 2.78929 0.233289

37.9814 0.0585938 -0.963045 -0.0369551 2.78929 0.233289
37.9811 0.065918 -0.963045 -0.0369551 2.78087 0.270344

37.9811 0.065918 -0.95803 -0.0419698 2.78086 0.270343
37.9808 0.0732422 -0.95803 -0.0419698 2.76516 0.303884

37.9808 0.0732422 -0.953118 -0.0468819 2.76517 0.303885
37.9805 0.0805664 -0.953118 -0.0468819 2.75965 0.331546

37.9805 0.0805664 -0.948937 -0.0510633 2.75966 0.331548
37.9801 0.0878906 -0.948937 -0.0510633 2.76341 0.360113

37.9801 0.0878906 -0.945019 -0.0549808 2.76341 0.360112
37.9796 0.0952148 -0.945019 -0.0549808 2.76279 0.391432

37.9796 0.0952148 -0.940812 -0.059188 2.76279 0.391428
37.9792 0.102539 -0.940812 -0.059188 2.75651 0.420318

37.9792 0.102539 -0.936582 -0.0634185 2.75651 0.420321
37.9787 0.109863 -0.936582 -0.0634185 2.75068 0.447978

37.9787 0.109863 -0.93266 -0.0673399 2.75069 0.44798
37.9781 0.117188 -0.93266 -0.0673399 2.74579 0.477999

37.9781 0.117188 -0.928829 -0.0711713 2.74579 0.477998
37.9776 0.124512 -0.928829 -0.0711713 2.74151 0.505659

37.9776 0.124512 -0.92517 -0.0748304 2.74152 0.50566
37.977 0.131836 -0.92517 -0.0748304 2.73438 0.534337

37.977 0.131836 -0.918627 -0.081373 2.73427 0.534324
37.9757 0.146484 -0.918627 -0.081373 2.72836 0.590636

37.9757 0.146484 -0.910075 -0.089925 2.72838 0.590636
37.9743 0.161133 -0.910075 -0.089925 2.72148 0.651338

37.9743 0.161133 -0.901361 -0.098639 2.72143 0.651337
37.9727 0.175781 -0.901361 -0.098639 2.71177 0.718245

37.9727 0.175781 -0.892649 -0.107351 2.7118 0.718247
37.9709 0.19043 -0.892649 -0.107351 2.69565 0.78715

37.9709 0.19043 -0.884532 -0.115468 2.69566 0.78715
37.969 0.205078 -0.884532 -0.115468 2.67122 0.85696

37.9688 0.206685 -0.875811 -0.124189 2.66855 0.86482
37.969 0.205078 -0.875811 -0.124189 2.67126 0.856964

