32.3691 0 0.985151 -0.0148494 2.72865 0
32.3696 0.0292969 0.985151 -0.0148494 2.73146 -0.0161996

32.3696 0.0292969 0.956069 -0.0439309 2.73144 -0.0161938
32.3709 0.0585938 0.956069 -0.0439309 2.74265 -0.0341816

32.371 0.0585938 0.934691 -0.0653087 2.74269 -0.0342332
32.372 0.0732422 0.934691 -0.0653087 2.74575 -0.0445197

32.372 0.0732422 0.921189 -0.0788112 2.74576 -0.0445265
32.373 0.0854445 0.921189 -0.0788112 2.74211 -0.0540601

32.373 0.0851475 0.928014 -0.0719857 2.74226 -0.053874
32.3733 0.0878906 0.928014 -0.0719857 2.73832 -0.0561443

32.3732 0.0878906 0.908084 -0.0919161 2.73831 -0.0561361
32.3747 0.102539 0.908084 -0.0919161 2.73198 -0.0662633

32.3747 0.102539 0.894369 -0.105631 2.73198 -0.0662649
32.3765 0.117188 0.894369 -0.105631 2.73146 -0.0770596

32.3765 0.117188 0.881339 -0.118661 2.73146 -0.0770614
32.3784 0.131836 0.881339 -0.118661 2.7324 -0.085163

32.3784 0.131836 0.868856 -0.131144 2.7324 -0.0851637
32.3806 0.146484 0.868856 -0.131144 2.73493 -0.0910504

32.3806 0.146484 0.85692 -0.14308 2.73493 -0.0910527
32.3831 0.161133 0.85692 -0.14308 2.73743 -0.098596

32.3831 0.161133 0.845254 -0.154746 2.73743 -0.0985929
32.3858 0.175781 0.845254 -0.154746 2.73394 -0.104237

32.3858 0.175781 0.833367 -0.166633 2.73394 -0.104232
32.3877 0.185408 0.833367 -0.166633 2.73155 -0.107105

32.3877 0.185403 0.833367 -0.166633 2.73155 -0.107104
32.3887 0.19043 0.833367 -0.166633 2.73549 -0.109818

32.3887 0.19043 0.824631 -0.175369 2.73551 -0.109845
32.3903 0.197754 0.824631 -0.175369 2.73898 -0.117271

32.3903 0.197754 0.818977 -0.181023 2.73897 -0.117262
32.3919 0.205078 0.818977 -0.181023 2.73058 -0.125067

32.3919 0.205078 0.812818 -0.187182 2.73058 -0.125065
32.3936 0.212402 0.812818 -0.187182 2.71956 -0.118738

32.3936 0.212402 0.8073 -0.1927 2.71956 -0.118737
32.395 0.218423 0.8073 -0.1927 2.71805 -0.113446

32.395 0.218424 0.8073 -0.1927 2.71805 -0.113446
32.3953 0.219727 0.8073 -0.1927 2.71944 -0.113179

32.3953 0.219727 0.801969 -0.198031 2.71944 -0.113179
32.3971 0.227051 0.801969 -0.198031 2.72867 -0.115187

32.3971 0.227051 0.796245 -0.203755 2.72867 -0.115187
32.399 0.234375 0.796245 -0.203755 2.73028 -0.124348

32.399 0.234375 0.790235 -0.209765 2.73028 -0.124348
32.401 0.241699 0.790235 -0.209765 2.71669 -0.139202

32.401 0.241699 0.784522 -0.215478 2.71669 -0.139203
32.4023 0.246753 0.784522 -0.215478 2.70622 -0.145377

32.4023 0.246747 0.784522 -0.215478 2.70624 -0.145373
32.403 0.249023 0.784522 -0.215478 2.70216 -0.147164

32.403 0.249023 0.779115 -0.220885 2.70216 -0.147163
32.405 0.256348 0.779115 -0.220885 2.69663 -0.155328

32.405 0.256348 0.773641 -0.226359 2.69663 -0.155327
32.4072 0.263672 0.773641 -0.226359 2.70087 -0.178005

32.4072 0.263672 0.76806 -0.23194 2.70087 -0.178003
32.4094 0.270996 0.76806 -0.23194 2.69989 -0.204867

32.4094 0.270996 0.762643 -0.237357 2.69988 -0.204844
32.4097 0.271876 0.762643 -0.237357 2.69937 -0.207972

32.4097 0.271859 0.762643 -0.237357 2.69939 -0.207943
32.4117 0.27832 0.762643 -0.237357 2.69631 -0.224811

32.4117 0.27832 0.757263 -0.242737 2.6963 -0.224804
32.414 0.285645 0.757263 -0.242737 2.68999 -0.237758

32.414 0.285645 0.751894 -0.248106 2.68999 -0.23776
32.4164 0.292969 0.751894 -0.248106 2.67482 -0.247046

32.4164 0.292969 0.746571 -0.253429 2.67481 -0.247039
32.417 0.294601 0.746571 -0.253429 2.67114 -0.248095

32.417 0.294588 0.746571 -0.253429 2.67117 -0.248094
32.4189 0.300293 0.746571 -0.253429 2.66401 -0.254032

32.4189 0.300293 0.740988 -0.259012 2.66401 -0.254029
32.4215 0.307617 0.740988 -0.259012 2.66244 -0.272131

32.4215 0.307617 0.735307 -0.264693 2.66244 -0.272132
32.4241 0.314941 0.735307 -0.264693 2.64938 -0.297989

32.4241 0.314941 0.729942 -0.270058 2.64937 -0.297956
32.4243 0.315484 0.729942 -0.270058 2.64782 -0.299711

32.4243 0.315458 0.729942 -0.270058 2.64792 -0.299667
32.4268 0.322266 0.729942 -0.270058 2.6352 -0.318832

32.4268 0.322266 0.724657 -0.275343 2.6352 -0.318824
32.4296 0.32959 0.724657 -0.275343 2.62218 -0.337924

32.4296 0.32959 0.719321 -0.280679 2.62218 -0.337923
32.4316 0.33478 0.719321 -0.280679 2.60891 -0.348289

32.4316 0.334772 0.719321 -0.280679 2.60892 -0.348286
32.4325 0.336914 0.719321 -0.280679 2.60462 -0.351672

32.4325 0.336914 0.71388 -0.28612 2.60462 -0.351659
32.4354 0.344238 0.71388 -0.28612 2.60285 -0.36872

32.4354 0.344238 0.708092 -0.291908 2.60285 -0.368707
32.4384 0.351562 0.708092 -0.291908 2.5887 -0.407583

32.4384 0.351562 0.702529 -0.297471 2.58868 -0.407519
32.439 0.352856 0.702529 -0.297471 2.58415 -0.412934

32.439 0.352823 0.702529 -0.297471 2.58429 -0.412894
32.4415 0.358887 0.702529 -0.297471 2.56991 -0.435056

32.4415 0.358887 0.697191 -0.302809 2.5699 -0.435038
32.4447 0.366211 0.697191 -0.302809 2.54682 -0.459811

32.4447 0.366211 0.691853 -0.308147 2.54682 -0.459793
32.4463 0.369766 0.691853 -0.308147 2.53157 -0.468251

32.4463 0.369746 0.691853 -0.308147 2.53166 -0.468246
32.448 0.373535 0.691853 -0.308147 2.5219 -0.478206

32.448 0.373535 0.686249 -0.313751 2.52188 -0.47818
32.4513 0.380859 0.686249 -0.313751 2.5114 -0.511419

32.4513 0.380859 0.68048 -0.31952 2.5114 -0.511407
32.4536 0.385751 0.68048 -0.31952 2.49919 -0.539821

32.4536 0.385734 0.68048 -0.31952 2.49928 -0.539801
32.4548 0.388184 0.68048 -0.31952 2.48949 -0.550676

32.4548 0.388184 0.674868 -0.325132 2.48948 -0.550633
32.4583 0.395508 0.674868 -0.325132 2.47226 -0.583186

32.4583 0.395508 0.669493 -0.330507 2.47226 -0.583184
32.4609 0.40088 0.669493 -0.330507 2.45157 -0.610414

32.4609 0.400863 0.669493 -0.330507 2.4517 -0.610397
32.4619 0.402832 0.669493 -0.330507 2.439 -0.618545

32.4619 0.402832 0.664043 -0.335957 2.43898 -0.618485
32.4656 0.410156 0.664043 -0.335957 2.41557 -0.654012

32.4656 0.410156 0.658195 -0.341805 2.41557 -0.653968
32.4683 0.415278 0.658195 -0.341805 2.39979 -0.689345

32.4683 0.415259 0.658195 -0.341805 2.39992 -0.689325
32.4694 0.41748 0.658195 -0.341805 2.38868 -0.701229

32.4694 0.41748 0.651877 -0.348123 2.38865 -0.701138
32.4733 0.424805 0.651877 -0.348123 2.36132 -0.745635

32.4733 0.424805 0.645649 -0.354351 2.36131 -0.74558
32.4756 0.42895 0.645649 -0.354351 2.34263 -0.77733

32.4756 0.428914 0.645649 -0.354351 2.34296 -0.777272
32.4774 0.432129 0.645649 -0.354351 2.32035 -0.797388

32.4773 0.432129 0.639579 -0.360421 2.32029 -0.797266
32.4815 0.439453 0.639579 -0.360421 2.26622 -0.835508

32.4814 0.439453 0.633661 -0.366339 2.26621 -0.835382
32.4829 0.441982 0.633661 -0.366339 2.24354 -0.846292

32.4829 0.441932 0.633661 -0.366339 2.24401 -0.846318
32.4857 0.446777 0.633661 -0.366339 2.22933 -0.873138

32.4857 0.446777 0.627286 -0.372714 2.22923 -0.873019
32.49 0.454102 0.627286 -0.372714 2.18555 -0.937721

32.49 0.454102 0.627611 -0.372389 2.18551 -0.937313
32.4902 0.45448 0.627611 -0.372389 2.18156 -0.939927

32.4902 0.454407 0.620213 -0.379787 2.18237 -0.939936
32.4945 0.461426 0.620213 -0.379787 2.1447 -0.99239

32.4945 0.461426 0.613682 -0.386318 2.14469 -0.992241
32.4976 0.466247 0.613682 -0.386318 2.11985 -1.04778

32.4976 0.466204 0.613831 -0.386169 2.12043 -1.04773
32.4992 0.46875 0.613831 -0.386169 1e+30 1e+30

