11.3094 0.46875 0.568061 -0.431939 1.54546 -1.41873
11.315 0.476074 0.568061 -0.431939 1.43292 -1.47361

11.3149 0.476074 0.564173 -0.435827 1.4329 -1.47281
11.3159 0.477353 0.564173 -0.435827 1.41668 -1.48378

11.3159 0.477216 0.559594 -0.440406 1.41845 -1.48403
11.3208 0.483398 0.559594 -0.440406 1.35307 -1.53974

11.3207 0.483398 0.556988 -0.443012 1.35311 -1.53909
11.3232 0.48654 0.556988 -0.443012 1.31846 -1.57048

11.3232 0.486408 0.553187 -0.446813 1.31981 -1.57088
11.3267 0.490723 0.553187 -0.446813 1.25807 -1.60297

11.3267 0.490723 0.544712 -0.455288 1.25812 -1.60274
11.3306 0.495333 0.544712 -0.455288 1.18927 -1.61898

11.3306 0.495261 0.541068 -0.458932 1.18993 -1.61955
11.3329 0.498047 0.541068 -0.458932 1.15315 -1.63003

11.3329 0.498047 0.531181 -0.468819 1.15321 -1.62985
11.3379 0.503683 0.531181 -0.468819 1.088 -1.65452

11.3379 0.503658 0.526887 -0.473113 1.08814 -1.65471
11.3394 0.505371 0.526887 -0.473113 1.07345 -1.66398

11.3394 0.505371 0.519436 -0.480564 1.0735 -1.66376
11.3452 0.511641 0.519436 -0.480564 1.00062 -1.69974

11.3452 0.511629 0.514556 -0.485444 1.00077 -1.69984
11.3462 0.512695 0.514556 -0.485444 0.984573 -1.70571

11.3462 0.512695 0.508386 -0.491614 0.984626 -1.70552
11.3525 0.519243 0.508386 -0.491614 0.871512 -1.72489

11.3525 0.51923 0.502442 -0.497558 0.871694 -1.725
11.3533 0.52002 0.502442 -0.497558 0.856616 -1.7258

11.3533 0.52002 0.495412 -0.504588 0.856766 -1.72554
11.3599 0.52647 0.495412 -0.504588 0.73517 -1.74826

11.3599 0.526452 0.488697 -0.511303 0.73542 -1.74841
11.3608 0.527344 0.488697 -0.511303 0.71819 -1.75348

11.3608 0.527344 0.482617 -0.517383 0.718309 -1.75317
11.3672 0.533328 0.482617 -0.517383 0.608718 -1.78606

11.3672 0.533301 0.473665 -0.526335 0.609006 -1.78631
11.3687 0.534668 0.473665 -0.526335 0.585396 -1.79368

11.3687 0.534668 0.468594 -0.531406 0.585579 -1.79327
11.3745 0.539815 0.468594 -0.531406 0.488561 -1.82138

11.3745 0.539778 0.456763 -0.543237 0.489073 -1.8218
11.3771 0.541992 0.456763 -0.543237 0.439906 -1.83054

11.3771 0.541992 0.453097 -0.546903 0.440446 -1.82951
11.3818 0.545945 0.453097 -0.546903 0.340463 -1.82204

11.3818 0.545931 0.441488 -0.558512 0.340636 -1.82221
11.3861 0.549316 0.441488 -0.558512 0.263941 -1.80812

11.386 0.549316 0.435191 -0.564809 0.264761 -1.80739
11.3892 0.551757 0.435191 -0.564809 0.210657 -1.80246

11.3892 0.551752 0.42802 -0.57198 0.210725 -1.80251
11.3957 0.556641 0.42802 -0.57198 0.101941 -1.79046

11.3956 0.556641 0.420207 -0.579793 0.102659 -1.78979
11.3965 0.557294 0.420207 -0.579793 0.0886709 -1.78867

11.3965 0.557244 0.412596 -0.587404 0.0893004 -1.78919
11.4038 0.562388 0.412596 -0.587404 -0.0341249 -1.78164

11.4038 0.562356 0.39626 -0.60374 -0.0335994 -1.78201
11.4063 0.563965 0.39626 -0.60374 -0.0764033 -1.77704

11.4062 0.563965 0.396929 -0.603071 -0.0759794 -1.77669
11.4111 0.567213 0.396929 -0.603071 -0.172445 -1.74675

11.4111 0.567194 0.381151 -0.618849 -0.172085 -1.74692
11.4178 0.571289 0.381151 -0.618849 -0.292283 -1.69983

11.4176 0.571289 0.374032 -0.625968 -0.291456 -1.69961
11.4185 0.571774 0.374032 -0.625968 -0.30493 -1.69645

11.4185 0.571714 0.364216 -0.635784 -0.30387 -1.697
11.4258 0.57591 0.364216 -0.635784 -0.435324 -1.64708

11.4258 0.575885 0.346871 -0.653129 -0.434872 -1.64737
11.4309 0.578613 0.346871 -0.653129 -0.521773 -1.59665

11.4308 0.578613 0.346871 -0.653129 -0.521114 -1.59672
11.4331 0.579836 0.346871 -0.653129 -0.557921 -1.58578

11.4331 0.579798 0.328793 -0.671207 -0.557189 -1.58608
11.4404 0.583386 0.328793 -0.671207 -0.681526 -1.52579

11.4404 0.58337 0.309724 -0.690276 -0.681186 -1.52598
11.4462 0.585938 0.309724 -0.690276 -0.778093 -1.46251

11.446 0.585938 0.309724 -0.690276 -0.777331 -1.46299
11.4478 0.586707 0.309724 -0.690276 -0.807484 -1.45039

11.4478 0.58667 0.28978 -0.71022 -0.806595 -1.45064
11.4551 0.589659 0.28978 -0.71022 -0.934648 -1.35926

11.4551 0.589654 0.268907 -0.731093 -0.934551 -1.35931
11.4624 0.592348 0.268907 -0.731093 -1.04032 -1.24543

11.4624 0.592335 0.247952 -0.752048 -1.03997 -1.24553
11.4652 0.593262 0.247952 -0.752048 -1.07954 -1.2167

11.4652 0.593262 0.247952 -0.752048 -1.07925 -1.21709
11.4697 0.594766 0.247952 -0.752048 -1.15376 -1.15768

11.4697 0.594765 0.225444 -0.774556 -1.15373 -1.15769
11.4771 0.596897 0.225444 -0.774556 -1.27793 -1.03479

11.4771 0.596896 0.20072 -0.79928 -1.27791 -1.03479
11.4844 0.598736 0.20072 -0.79928 -1.36648 -0.879522

11.4844 0.598732 0.175092 -0.824908 -1.36641 -0.879551
11.4917 0.600287 0.175092 -0.824908 -1.44207 -0.762432

11.4917 0.600283 0.149143 -0.850857 -1.44198 -0.76245
11.4934 0.600586 0.149143 -0.850857 -1.45866 -0.74143

11.4934 0.600586 0.149143 -0.850857 -1.45867 -0.741415
11.499 0.601567 0.149143 -0.850857 -1.51809 -0.659377

11.499 0.601567 0.12225 -0.87775 -1.51809 -0.659376
11.5063 0.602587 0.12225 -0.87775 -1.59581 -0.53033

11.5063 0.602587 0.0935735 -0.906427 -1.59582 -0.53033
11.5137 0.603343 0.0935735 -0.906427 1e+30 1e+30

