5.88867 0.122381 -0.853811 -0.146189 1.81279 0.480492
5.88831 0.124512 -0.853811 -0.146189 1.81131 0.489982

5.88831 0.124512 -0.845454 -0.154546 1.8113 0.489979
5.88697 0.131836 -0.845454 -0.154546 1.82587 0.529722

5.88697 0.131836 -0.836886 -0.163114 1.82588 0.529724
5.88554 0.13916 -0.836886 -0.163114 1.83625 0.572987

5.88554 0.13916 -0.829166 -0.170834 1.83628 0.572994
5.88403 0.146484 -0.829166 -0.170834 1.80524 0.611626

5.88135 0.158651 -0.814728 -0.185272 1.75971 0.655589
5.88078 0.161133 -0.814728 -0.185272 1.75576 0.666132

5.88403 0.146484 -0.822011 -0.177989 1.80524 0.611626
5.88244 0.153809 -0.822011 -0.177989 1.77273 0.637705

5.88135 0.158626 -0.814728 -0.185272 1.75979 0.655493
5.88244 0.153809 -0.814728 -0.185272 1.77274 0.637705

5.88078 0.161133 -0.807121 -0.192879 1.75578 0.666135
5.87903 0.168457 -0.807121 -0.192879 1.74981 0.697823

5.87903 0.168457 -0.799475 -0.200525 1.74981 0.697824
5.87719 0.175781 -0.799475 -0.200525 1.74562 0.729376

5.88867 0.122369 -0.853811 -0.146189 1.81282 0.480442
5.88956 0.117188 -0.853811 -0.146189 1.82279 0.46408

5.87402 0.187677 -0.784813 -0.215187 1.71471 0.784958
5.87327 0.19043 -0.784813 -0.215187 1.70456 0.794437

5.87327 0.19043 -0.777191 -0.222809 1.70459 0.79445
5.87117 0.197754 -0.777191 -0.222809 1.6816 0.821068

5.87117 0.197754 -0.769306 -0.230694 1.6816 0.821067
5.86897 0.205078 -0.769306 -0.230694 1.66498 0.845743

5.87719 0.175781 -0.792101 -0.207899 1.74562 0.729376
5.87527 0.183105 -0.792101 -0.207899 1.72842 0.763121

5.87402 0.187644 -0.784813 -0.215187 1.7149 0.784879
5.87527 0.183105 -0.784813 -0.215187 1.72844 0.763129

5.8667 0.212378 -0.761659 -0.238341 1.64469 0.872527
5.86669 0.212402 -0.761659 -0.238341 1.64461 0.872618

5.86668 0.212402 -0.754276 -0.245724 1.64471 0.872657
5.86429 0.219727 -0.754276 -0.245724 1.62769 0.900169

5.8667 0.21233 -0.761659 -0.238341 1.64493 0.872385
5.86897 0.205078 -0.761659 -0.238341 1.66499 0.845744

5.86429 0.219727 -0.746908 -0.253092 1.62768 0.900167
5.86181 0.227051 -0.746908 -0.253092 1.61322 0.929397

5.85938 0.233961 -0.739525 -0.260475 1.58834 0.959934
5.86181 0.227051 -0.739525 -0.260475 1.61323 0.929399

5.63232 0.511849 -0.330112 -0.669888 -0.38091 1.21409
5.63061 0.512695 -0.330112 -0.669888 -0.392892 1.20661

5.63232 0.511809 -0.342564 -0.657436 -0.380257 1.21413
5.63965 0.507993 -0.342564 -0.657436 -0.330675 1.26217

5.625 0.515402 -0.330112 -0.669888 -0.434384 1.17456
5.63049 0.512695 -0.330112 -0.669888 -0.392766 1.20616

5.64697 0.504001 -0.354756 -0.645244 -0.260502 1.30789
5.64448 0.505371 -0.354756 -0.645244 -0.283293 1.29566

5.63965 0.507972 -0.354756 -0.645244 -0.330215 1.26216
5.64438 0.505371 -0.354756 -0.645244 -0.283213 1.29527

5.64697 0.50397 -0.366911 -0.633089 -0.259929 1.30795
5.6543 0.499725 -0.366911 -0.633089 -0.204959 1.33511

5.66162 0.495267 -0.379055 -0.620945 -0.143194 1.36544
5.65707 0.498047 -0.379055 -0.620945 -0.182425 1.34152

5.66895 0.490659 -0.388309 -0.611691 -0.0929243 1.38181
5.66884 0.490723 -0.388309 -0.611691 -0.0934508 1.38183

5.66162 0.495252 -0.390853 -0.609147 -0.142962 1.36547
5.66868 0.490723 -0.390853 -0.609147 -0.0927882 1.38171

5.68359 0.480436 -0.415191 -0.584809 0.0166867 1.44445
5.67942 0.483398 -0.415191 -0.584809 -0.0154082 1.42162

5.66895 0.490561 -0.402978 -0.597022 -0.091502 1.38167
5.67627 0.485618 -0.402978 -0.597022 -0.0439077 1.40398

5.67627 0.485583 -0.412874 -0.587126 -0.0432852 1.40393
5.67938 0.483398 -0.412874 -0.587126 -0.01525 1.42133

5.6543 0.499702 -0.379044 -0.620956 -0.204522 1.33508
5.65701 0.498047 -0.379044 -0.620956 -0.182234 1.34133

5.69092 0.475038 -0.425908 -0.574092 0.0853083 1.4725
5.68952 0.476074 -0.425908 -0.574092 0.0722048 1.46801

5.68359 0.480396 -0.42653 -0.57347 0.0172593 1.44451
5.6894 0.476074 -0.42653 -0.57347 0.0725108 1.46771

5.69092 0.474972 -0.437579 -0.562421 0.0863786 1.47255
5.69824 0.469273 -0.437579 -0.562421 0.139976 1.48012

5.69824 0.469267 -0.443803 -0.556197 0.140056 1.48011
5.69889 0.46875 -0.443803 -0.556197 0.144131 1.47943

