9.5941 0 -0.986048 -0.0139525 2.44747 0
9.59368 0.0292969 -0.986048 -0.0139525 2.4448 0.121737

9.59369 0.0292969 -0.959103 -0.0408973 2.44477 0.121736
9.59244 0.0585938 -0.959103 -0.0408973 2.43259 0.245925

9.59244 0.0585938 -0.933477 -0.0665234 2.4326 0.245925
9.59035 0.0878906 -0.933477 -0.0665234 2.41294 0.370294

9.59036 0.0878906 -0.908695 -0.0913046 2.41286 0.37029
9.58741 0.117188 -0.908695 -0.0913046 2.38571 0.493852

9.58008 0.168455 -0.856079 -0.143921 2.32529 0.727061
9.57885 0.175781 -0.856079 -0.143921 2.31081 0.760811

9.58741 0.117188 -0.884663 -0.115337 2.38571 0.493852
9.58359 0.146484 -0.884663 -0.115337 2.35403 0.621198

9.58354 0.146484 -0.867462 -0.132538 2.35449 0.621253
9.5813 0.161133 -0.867462 -0.132538 2.33591 0.690317

9.58008 0.168406 -0.856079 -0.143921 2.32544 0.726826
9.5813 0.161133 -0.856079 -0.143921 2.33592 0.690317

9.57884 0.175781 -0.844443 -0.155557 2.31084 0.760815
9.57615 0.19043 -0.844443 -0.155557 2.28498 0.830385

9.57615 0.19043 -0.832887 -0.167113 2.28497 0.830384
9.57321 0.205078 -0.832887 -0.167113 2.25797 0.903432

9.57321 0.205078 -0.821366 -0.178634 2.25795 0.903427
9.57002 0.219727 -0.821366 -0.178634 2.22338 0.976043

9.57001 0.219727 -0.812776 -0.187224 2.22352 0.976079
9.56832 0.227051 -0.812776 -0.187224 2.20692 1.01495

9.56832 0.227051 -0.806983 -0.193017 2.20692 1.01494
9.56657 0.234375 -0.806983 -0.193017 2.18849 1.05101

9.46289 0.467409 -0.576125 -0.423875 0.873382 2.16374
9.4619 0.46875 -0.576125 -0.423875 0.857264 2.17023

9.49219 0.423388 -0.630859 -0.369141 1.31162 1.96264
9.49136 0.424805 -0.630859 -0.369141 1.29165 1.96792

9.48486 0.43531 -0.613156 -0.386844 1.20605 2.02437
9.48225 0.439453 -0.613156 -0.386844 1.17628 2.06395

9.49133 0.424805 -0.621658 -0.378342 1.2919 1.96798
9.48687 0.432129 -0.621658 -0.378342 1.21918 2.00106

9.48486 0.435278 -0.613156 -0.386844 1.20637 2.02421
9.48685 0.432129 -0.613156 -0.386844 1.21936 2.00113

9.47748 0.446777 -0.594765 -0.405235 1.08191 2.09492
9.47249 0.454102 -0.594765 -0.405235 0.979308 2.11228

9.47021 0.4573 -0.584416 -0.415584 0.963972 2.1203
9.46728 0.461426 -0.584416 -0.415584 0.925977 2.14082

9.46289 0.467345 -0.575119 -0.424881 0.874488 2.16362
9.46726 0.461426 -0.575119 -0.424881 0.926061 2.14091

9.47021 0.45728 -0.586529 -0.413471 0.964204 2.12022
9.47246 0.454102 -0.586529 -0.413471 0.979615 2.11222

9.47754 0.446661 -0.604928 -0.395072 1.08443 2.09461
9.48225 0.439453 -0.604928 -0.395072 1.1763 2.06397

9.55078 0.290427 -0.758054 -0.241946 2.02704 1.32407
9.54997 0.292969 -0.758054 -0.241946 2.01408 1.33532

9.54996 0.292969 -0.751957 -0.248043 2.01413 1.33535
9.54755 0.300293 -0.751957 -0.248043 1.98646 1.369

9.54755 0.300293 -0.745486 -0.254514 1.98646 1.369
9.54505 0.307617 -0.745486 -0.254514 1.96454 1.40102

9.54346 0.312145 -0.73903 -0.26097 1.94692 1.42297
9.54247 0.314941 -0.73903 -0.26097 1.93347 1.43416

9.54246 0.314941 -0.732487 -0.267513 1.93351 1.43417
9.53979 0.322266 -0.732487 -0.267513 1.90734 1.46722

9.54346 0.312112 -0.73903 -0.26097 1.94717 1.42287
9.54504 0.307617 -0.73903 -0.26097 1.96458 1.40103

9.53613 0.331874 -0.719349 -0.280651 1.86736 1.51628
9.53417 0.336914 -0.719349 -0.280651 1.8483 1.54516

9.52881 0.350051 -0.705906 -0.294094 1.79071 1.6133
9.52818 0.351562 -0.705906 -0.294094 1.7802 1.61998

9.53417 0.336914 -0.712736 -0.287264 1.8483 1.54516
9.53121 0.344238 -0.712736 -0.287264 1.81905 1.58505

9.52881 0.350004 -0.705906 -0.294094 1.79121 1.61313
9.53121 0.344238 -0.705906 -0.294094 1.81909 1.58506

9.53979 0.322266 -0.725826 -0.274174 1.90733 1.46722
9.53702 0.32959 -0.725826 -0.274174 1.87868 1.5034

9.53613 0.331855 -0.719349 -0.280651 1.86752 1.51621
9.53702 0.32959 -0.719349 -0.280651 1.87873 1.50342

9.56543 0.238993 -0.801142 -0.198858 2.17531 1.07443
9.56476 0.241699 -0.801142 -0.198858 2.16716 1.08606

9.56475 0.241699 -0.794953 -0.205047 2.16719 1.08608
9.56287 0.249023 -0.794953 -0.205047 2.1566 1.11936

9.56287 0.249023 -0.788433 -0.211567 2.1566 1.11936
9.5609 0.256348 -0.788433 -0.211567 2.15045 1.15803

9.5609 0.256348 -0.782182 -0.217818 2.15046 1.15804
9.55886 0.263672 -0.782182 -0.217818 2.12547 1.19741

9.56543 0.238954 -0.801142 -0.198858 2.17551 1.07429
9.56657 0.234375 -0.801142 -0.198858 2.18851 1.05102

9.55811 0.266294 -0.776208 -0.223792 2.11466 1.21176
9.55675 0.270996 -0.776208 -0.223792 2.09638 1.23324

9.55675 0.270996 -0.770159 -0.229841 2.09639 1.23324
9.55456 0.27832 -0.770159 -0.229841 2.07188 1.26587

9.55811 0.266272 -0.776208 -0.223792 2.11479 1.21166
9.55886 0.263672 -0.776208 -0.223792 2.1255 1.19742

9.55456 0.27832 -0.76401 -0.23599 2.07188 1.26586
9.5523 0.285645 -0.76401 -0.23599 2.04635 1.29956

9.55078 0.29039 -0.758054 -0.241946 2.02732 1.32396
9.5523 0.285645 -0.758054 -0.241946 2.04639 1.29957

9.52148 0.366788 -0.685062 -0.314938 1.69473 1.69181
9.51838 0.373535 -0.685062 -0.314938 1.66011 1.73119

9.51838 0.373535 -0.677924 -0.322076 1.66009 1.73119
9.5149 0.380859 -0.677924 -0.322076 1.61458 1.76499

9.50684 0.396926 -0.654939 -0.345061 1.49714 1.83503
9.50372 0.402832 -0.654939 -0.345061 1.46585 1.86722

9.50372 0.402832 -0.647399 -0.352601 1.46585 1.86722
9.49974 0.410156 -0.647399 -0.352601 1.41732 1.89868

9.51416 0.38238 -0.670578 -0.329422 1.60273 1.77232
9.51131 0.388184 -0.670578 -0.329422 1.56364 1.80306

9.51131 0.388184 -0.66276 -0.33724 1.56362 1.80305
9.50758 0.395508 -0.66276 -0.33724 1.50805 1.82946

9.51416 0.382362 -0.670578 -0.329422 1.60295 1.77225
9.5149 0.380859 -0.670578 -0.329422 1.61463 1.765

9.50684 0.396913 -0.654939 -0.345061 1.4973 1.83499
9.50758 0.395508 -0.654939 -0.345061 1.50811 1.82947

9.52817 0.351562 -0.698892 -0.301108 1.78031 1.62002
9.52501 0.358887 -0.698892 -0.301108 1.74104 1.65513

9.52501 0.358887 -0.691925 -0.308075 1.74105 1.65513
9.52175 0.366211 -0.691925 -0.308075 1.69902 1.6889

9.52148 0.366781 -0.685062 -0.314938 1.69481 1.69179
9.52175 0.366211 -0.685062 -0.314938 1.69903 1.68891

9.49951 0.410562 -0.63932 -0.36068 1.41368 1.90044
9.49561 0.41748 -0.63932 -0.36068 1.36121 1.93853

9.49219 0.42331 -0.630693 -0.369307 1.31305 1.96244
9.4956 0.41748 -0.630693 -0.369307 1.36128 1.93853

9.49951 0.410556 -0.641567 -0.358433 1.41376 1.90042
9.49973 0.410156 -0.641567 -0.358433 1.41732 1.89868

9.41162 0.523826 -0.461624 -0.538376 0.0522509 2.16794
9.40752 0.527344 -0.461624 -0.538376 -0.0102208 2.14843

9.41895 0.517101 -0.48068 -0.51932 0.171154 2.18778
9.41579 0.52002 -0.48068 -0.51932 0.121305 2.17784

9.41162 0.523718 -0.47303 -0.52697 0.0545799 2.16816
9.41574 0.52002 -0.47303 -0.52697 0.121507 2.17772

9.42627 0.509949 -0.497643 -0.502357 0.289911 2.20086
9.4235 0.512695 -0.497643 -0.502357 0.244374 2.19728

9.43359 0.50238 -0.51331 -0.48669 0.413301 2.20724
9.43076 0.505371 -0.51331 -0.48669 0.365286 2.20696

9.42627 0.509905 -0.505307 -0.494693 0.290821 2.20086
9.43071 0.505371 -0.505307 -0.494693 0.36552 2.20695

9.41895 0.51702 -0.489387 -0.510613 0.172872 2.18785
9.42346 0.512695 -0.489387 -0.510613 0.244543 2.19723

9.38965 0.541725 -0.418646 -0.581354 -0.285368 2.06492
9.38928 0.541992 -0.418646 -0.581354 -0.29151 2.06227

9.38232 0.546886 -0.401691 -0.598309 -0.407182 2.00573
9.3787 0.549316 -0.401691 -0.598309 -0.462037 1.96942

9.375 0.55175 -0.401526 -0.598474 -0.520524 1.93001
9.37863 0.549316 -0.401526 -0.598474 -0.461765 1.96863

9.38232 0.546849 -0.416818 -0.583182 -0.406242 2.00584
9.38912 0.541992 -0.416818 -0.583182 -0.290943 2.06121

9.38965 0.541637 -0.432259 -0.567741 -0.282891 2.06498
9.39697 0.53606 -0.432259 -0.567741 -0.172391 2.10128

9.4043 0.530117 -0.448217 -0.551783 -0.0652898 2.13271
9.39869 0.534668 -0.448217 -0.551783 -0.146245 2.10413

9.39697 0.53602 -0.441644 -0.558356 -0.171312 2.10113
9.39868 0.534668 -0.441644 -0.558356 -0.146161 2.10407

9.4043 0.530046 -0.457456 -0.542544 -0.0632524 2.13242
9.4075 0.527344 -0.457456 -0.542544 -0.0100965 2.14829

9.44092 0.494341 -0.529409 -0.470591 0.53246 2.20491
9.43762 0.498047 -0.529409 -0.470591 0.477295 2.20894

9.44824 0.485854 -0.542093 -0.457907 0.634722 2.19202
9.44413 0.490723 -0.542093 -0.457907 0.573079 2.20176

9.44092 0.494344 -0.534423 -0.465577 0.532408 2.20492
9.44407 0.490723 -0.534423 -0.465577 0.573652 2.20149

9.45557 0.476901 -0.553117 -0.446883 0.748657 2.18491
9.45032 0.483398 -0.553117 -0.446883 0.66261 2.19285

9.46188 0.46875 -0.564663 -0.435337 0.857465 2.17034
9.45623 0.476074 -0.564663 -0.435337 0.760162 2.1844

9.45557 0.476889 -0.558582 -0.441418 0.7489 2.18487
9.45621 0.476074 -0.558582 -0.441418 0.76029 2.18435

9.44824 0.485857 -0.546658 -0.453342 0.634662 2.19203
9.45028 0.483398 -0.546658 -0.453342 0.662931 2.19268

9.43359 0.502361 -0.520624 -0.479376 0.413678 2.20724
9.43757 0.498047 -0.520624 -0.479376 0.477578 2.20899

