11.4697 0.0252084 -0.980044 -0.0199565 2.53358 0.10115
11.4696 0.0292969 -0.980044 -0.0199565 2.54465 0.119388

11.47 0 -0.997404 -0.00259596 2.59115 0
11.4699 0.00732422 -0.997404 -0.00259596 2.57322 0.0344851

11.4699 0.00732422 -0.992269 -0.00773117 2.57322 0.0344849
11.4699 0.0146484 -0.992269 -0.00773117 2.54159 0.062808

11.4699 0.0146484 -0.986563 -0.0134365 2.54157 0.0628132
11.4698 0.0219727 -0.986563 -0.0134365 2.53085 0.0895633

11.4697 0.0252654 -0.980044 -0.0199565 2.53362 0.101354
11.4698 0.0219727 -0.980044 -0.0199565 2.53084 0.0895629

11.4696 0.0292969 -0.973582 -0.0264175 2.54465 0.119388
11.4694 0.0366211 -0.973582 -0.0264175 2.56009 0.156192

11.4694 0.0366211 -0.96762 -0.0323804 2.5601 0.156194
11.4692 0.0439453 -0.96762 -0.0323804 2.56163 0.195992

11.4692 0.0439453 -0.961883 -0.0381166 2.56163 0.195992
11.4689 0.0512695 -0.961883 -0.0381166 2.55546 0.232802

11.4689 0.0512695 -0.956148 -0.0438521 2.55546 0.232802
11.4686 0.0585938 -0.956148 -0.0438521 2.54971 0.265714

11.4686 0.0585938 -0.950434 -0.0495661 2.54971 0.265714
11.4682 0.065918 -0.950434 -0.0495661 2.54143 0.293977

11.4682 0.065918 -0.944688 -0.0553123 2.54143 0.293977
11.4678 0.0732422 -0.944688 -0.0553123 2.53123 0.319535

11.4678 0.0732422 -0.939156 -0.0608442 2.53124 0.319536
11.4673 0.0805664 -0.939156 -0.0608442 2.52461 0.346519

11.4673 0.0805664 -0.93437 -0.0656301 2.52462 0.346521
11.4668 0.0878906 -0.93437 -0.0656301 2.51962 0.374204

11.4668 0.0878906 -0.926073 -0.073927 2.51949 0.374188
11.4656 0.102539 -0.926073 -0.073927 2.5156 0.433518

11.4656 0.102539 -0.914966 -0.0850339 2.5156 0.433519
11.4643 0.117188 -0.914966 -0.0850339 2.50894 0.49671

11.4643 0.117188 -0.903906 -0.0960944 2.50892 0.496708
11.4627 0.131836 -0.903906 -0.0960944 2.49679 0.559849

11.4627 0.131836 -0.892908 -0.107092 2.49679 0.559849
11.4609 0.146484 -0.892908 -0.107092 2.47841 0.620509

11.4609 0.146484 -0.881908 -0.118092 2.47839 0.620509
11.459 0.161133 -0.881908 -0.118092 2.45219 0.681549

11.459 0.161133 -0.870808 -0.129192 2.45218 0.681549
11.4568 0.175781 -0.870808 -0.129192 2.43196 0.748497

11.4551 0.186511 -0.858576 -0.141424 2.41908 0.801011
11.4544 0.19043 -0.858576 -0.141424 2.41177 0.820454

11.4544 0.19043 -0.850423 -0.149577 2.41168 0.820439
11.4519 0.205078 -0.850423 -0.149577 2.38065 0.893073

11.4519 0.205078 -0.842285 -0.157715 2.38077 0.893104
11.4505 0.212402 -0.842285 -0.157715 2.36865 0.927029

11.4505 0.212402 -0.836675 -0.163325 2.36864 0.927027
11.4491 0.219727 -0.836675 -0.163325 2.3588 0.961857

11.4491 0.219727 -0.828087 -0.171913 2.35866 0.961821
11.446 0.234375 -0.828087 -0.171913 2.33349 1.0344

11.4551 0.186438 -0.860605 -0.139395 2.41933 0.800667
11.4568 0.175781 -0.860605 -0.139395 2.43204 0.748505

11.3672 0.4469 -0.624587 -0.375413 1.30199 2.11703
11.3629 0.454102 -0.624587 -0.375413 1.23535 2.15717

11.3599 0.458937 -0.615868 -0.384132 1.2144 2.19992
11.3583 0.461426 -0.615868 -0.384132 1.18171 2.22183

11.3583 0.461426 -0.606154 -0.393846 1.1818 2.2219
11.3535 0.46875 -0.606154 -0.393846 1.06455 2.23848

11.3599 0.45888 -0.615855 -0.384145 1.2155 2.19968
11.3628 0.454102 -0.615855 -0.384145 1.23555 2.15722

11.4258 0.311522 -0.762142 -0.237858 2.10934 1.44234
11.4247 0.314941 -0.762142 -0.237858 2.09192 1.45903

11.4247 0.314941 -0.756397 -0.243603 2.09196 1.45904
11.4224 0.322266 -0.756397 -0.243603 2.0605 1.49755

11.4185 0.333851 -0.744121 -0.255879 2.01534 1.54974
11.4174 0.336914 -0.744121 -0.255879 2.00061 1.56375

11.4224 0.322266 -0.750348 -0.249652 2.0605 1.49755
11.4199 0.32959 -0.750348 -0.249652 2.03268 1.52835

11.4185 0.333821 -0.744121 -0.255879 2.01557 1.54963
11.4199 0.32959 -0.744121 -0.255879 2.03271 1.52836

11.4174 0.336914 -0.737576 -0.262424 2.00065 1.56376
11.4148 0.344238 -0.737576 -0.262424 1.97455 1.60115

11.4148 0.344238 -0.730778 -0.269222 1.97454 1.60115
11.4121 0.351562 -0.730778 -0.269222 1.94524 1.63888

11.4404 0.25868 -0.80377 -0.19623 2.27483 1.15146
11.4392 0.263672 -0.80377 -0.19623 2.25667 1.17884

11.446 0.234375 -0.819649 -0.180351 2.33362 1.03443
11.4444 0.241699 -0.819649 -0.180351 2.31349 1.07196

11.4444 0.241699 -0.813905 -0.186095 2.31348 1.07196
11.4427 0.249023 -0.813905 -0.186095 2.29816 1.10387

11.4404 0.258614 -0.805976 -0.194024 2.27516 1.15117
11.4427 0.249023 -0.805976 -0.194024 2.29805 1.10385

11.4392 0.263672 -0.79768 -0.20232 2.25668 1.17884
11.4374 0.270996 -0.79768 -0.20232 2.2447 1.21353

11.4373 0.270996 -0.791226 -0.208774 2.24471 1.21353
11.4354 0.27832 -0.791226 -0.208774 2.23356 1.25738

11.4331 0.286747 -0.779802 -0.220198 2.20045 1.30922
11.4313 0.292969 -0.779802 -0.220198 2.17769 1.34347

11.4354 0.27832 -0.785451 -0.214549 2.23358 1.25739
11.4334 0.285645 -0.785451 -0.214549 2.20557 1.30249

11.4331 0.286734 -0.779802 -0.220198 2.20055 1.30915
11.4334 0.285645 -0.779802 -0.220198 2.20558 1.3025

11.4313 0.292969 -0.773899 -0.226101 2.17769 1.34347
11.4292 0.300293 -0.773899 -0.226101 2.15693 1.3815

11.4292 0.300293 -0.767908 -0.232092 2.15693 1.3815
11.427 0.307617 -0.767908 -0.232092 2.12729 1.41951

11.4258 0.31149 -0.762142 -0.237858 2.1096 1.44223
11.427 0.307617 -0.762142 -0.237858 2.12734 1.41953

11.3965 0.389726 -0.689562 -0.310438 1.74129 1.8318
11.3939 0.395508 -0.689562 -0.310438 1.71191 1.86723

11.3892 0.405561 -0.674597 -0.325403 1.64561 1.91778
11.3869 0.410156 -0.674597 -0.325403 1.61059 1.94169

11.3939 0.395508 -0.682211 -0.317789 1.7119 1.86722
11.3905 0.402832 -0.682211 -0.317789 1.66426 1.90361

11.3892 0.405532 -0.674597 -0.325403 1.64594 1.91764
11.3905 0.402832 -0.674597 -0.325403 1.66434 1.90362

11.4111 0.354097 -0.724171 -0.275829 1.93203 1.65449
11.4093 0.358887 -0.724171 -0.275829 1.90967 1.68226

11.4093 0.358887 -0.717571 -0.282429 1.90968 1.68227
11.4064 0.366211 -0.717571 -0.282429 1.87489 1.72205

11.4038 0.372684 -0.71081 -0.28919 1.83961 1.75053
11.4035 0.373535 -0.71081 -0.28919 1.83354 1.75421

11.4034 0.373535 -0.703865 -0.296135 1.83367 1.75423
11.4004 0.380859 -0.703865 -0.296135 1.79146 1.78973

11.4038 0.372636 -0.71081 -0.28919 1.84013 1.75035
11.4064 0.366211 -0.71081 -0.28919 1.87491 1.72205

11.4111 0.354075 -0.724171 -0.275829 1.93222 1.65439
11.4121 0.351562 -0.724171 -0.275829 1.94529 1.63891

11.4004 0.380859 -0.696677 -0.303323 1.79146 1.78973
11.3972 0.388184 -0.696677 -0.303323 1.7507 1.82321

11.3965 0.389711 -0.689562 -0.310438 1.74144 1.83174
11.3972 0.388184 -0.689562 -0.310438 1.75075 1.82322

11.3818 0.420274 -0.658803 -0.341197 1.53726 1.98805
11.3795 0.424805 -0.658803 -0.341197 1.50906 2.01552

11.3745 0.434024 -0.642559 -0.357441 1.4316 2.05704
11.3715 0.439453 -0.642559 -0.357441 1.38605 2.09006

11.3795 0.424805 -0.650918 -0.349082 1.50907 2.01552
11.3756 0.432129 -0.650918 -0.349082 1.44853 2.04868

11.3745 0.434001 -0.642559 -0.357441 1.43194 2.05693
11.3756 0.432129 -0.642559 -0.357441 1.4486 2.04868

11.3869 0.410156 -0.666689 -0.333311 1.6106 1.9417
11.3833 0.41748 -0.666689 -0.333311 1.55404 1.97394

11.3818 0.42025 -0.658803 -0.341197 1.53752 1.98794
11.3833 0.41748 -0.658803 -0.341197 1.55414 1.97395

11.3715 0.439453 -0.633738 -0.366262 1.38604 2.09006
11.3673 0.446777 -0.633738 -0.366262 1.30368 2.11663

11.3672 0.446891 -0.631692 -0.368308 1.30215 2.117
11.3673 0.446777 -0.631692 -0.368308 1.30373 2.11662

11.3086 0.525077 -0.505393 -0.494607 0.300137 2.35815
11.3064 0.527344 -0.505393 -0.494607 0.257126 2.35729

11.2793 0.551706 -0.433934 -0.566066 -0.265293 2.24795
11.2729 0.556641 -0.433934 -0.566066 -0.367183 2.21235

11.2573 0.567424 -0.382043 -0.617957 -0.679422 2.05354
11.2511 0.571289 -0.382043 -0.617957 -0.755823 1.97355

11.2646 0.562601 -0.398901 -0.601099 -0.511615 2.16669
11.2626 0.563965 -0.398901 -0.601099 -0.55486 2.13564

11.2573 0.567396 -0.400058 -0.599942 -0.678183 2.05344
11.2625 0.563965 -0.400058 -0.599942 -0.554679 2.13408

11.25 0.571934 -0.377013 -0.622987 -0.768782 1.9711
11.2511 0.571289 -0.377013 -0.622987 -0.75578 1.97352

11.2646 0.562535 -0.416742 -0.583258 -0.509393 2.16694
11.272 0.557302 -0.416742 -0.583258 -0.380635 2.21423

11.272 0.557297 -0.425846 -0.574154 -0.380493 2.21421
11.2729 0.556641 -0.425846 -0.574154 -0.367169 2.21234

11.2939 0.53928 -0.469312 -0.530688 0.019573 2.33135
11.2909 0.541992 -0.469312 -0.530688 -0.0381968 2.31839

11.2866 0.545704 -0.45059 -0.54941 -0.122832 2.30423
11.2822 0.549316 -0.45059 -0.54941 -0.202 2.27216

11.2793 0.551637 -0.444526 -0.555474 -0.26287 2.24766
11.2822 0.549316 -0.444526 -0.555474 -0.20186 2.27192

11.2866 0.545595 -0.461481 -0.538519 -0.11957 2.30398
11.2908 0.541992 -0.461481 -0.538519 -0.0379775 2.31819

11.3013 0.532408 -0.488261 -0.511739 0.158146 2.34932
11.2989 0.534668 -0.488261 -0.511739 0.113395 2.34444

11.2939 0.539171 -0.478853 -0.521147 0.0224204 2.33143
11.2988 0.534668 -0.478853 -0.521147 0.113689 2.3443

11.3013 0.532332 -0.496598 -0.503402 0.16008 2.34927
11.3063 0.527344 -0.496598 -0.503402 0.257429 2.35719

11.3379 0.490826 -0.562986 -0.437014 0.818559 2.32216
11.3323 0.498047 -0.562986 -0.437014 0.703613 2.33279

11.3232 0.508948 -0.539205 -0.460795 0.56212 2.35083
11.32 0.512695 -0.539205 -0.460795 0.504537 2.35947

11.3159 0.517268 -0.522068 -0.477932 0.436446 2.35909
11.3134 0.52002 -0.522068 -0.477932 0.388551 2.36032

11.3086 0.525042 -0.513924 -0.486076 0.301018 2.3581
11.3133 0.52002 -0.513924 -0.486076 0.388893 2.36025

11.3159 0.517261 -0.529891 -0.470109 0.436595 2.35908
11.32 0.512695 -0.529891 -0.470109 0.504955 2.35956

11.3306 0.500159 -0.550392 -0.449608 0.678871 2.33233
11.3263 0.505371 -0.550392 -0.449608 0.60725 2.34572

11.3232 0.508961 -0.543699 -0.456301 0.561821 2.35091
11.3263 0.505371 -0.543699 -0.456301 0.607836 2.34544

11.3306 0.500154 -0.556126 -0.443874 0.67896 2.33231
11.3322 0.498047 -0.556126 -0.443874 0.703964 2.33259

11.3452 0.480819 -0.587358 -0.412642 0.941553 2.27863
11.3434 0.483398 -0.587358 -0.412642 0.918418 2.2957

11.3525 0.47023 -0.595448 -0.404552 1.03786 2.2378
11.3486 0.476074 -0.595448 -0.404552 0.966848 2.25504

11.3452 0.480785 -0.585041 -0.414959 0.94207 2.27852
11.3486 0.476074 -0.585041 -0.414959 0.967006 2.25503

11.3434 0.483398 -0.574651 -0.425349 0.918661 2.29583
11.338 0.490723 -0.574651 -0.425349 0.820597 2.32187

11.3379 0.490813 -0.569226 -0.430774 0.818868 2.32211
11.338 0.490723 -0.569226 -0.430774 0.820555 2.32187

11.3525 0.470233 -0.603271 -0.396729 1.0378 2.23781
11.3535 0.46875 -0.603271 -0.396729 1.06473 2.23833

