35.0391 0.537391 0.534034 -0.465966 1.26414 -1.75871
35.0431 0.541992 0.534034 -0.465966 1.17234 -1.78237

35.0431 0.541992 0.524142 -0.475858 1.17237 -1.78233
35.0464 0.545641 0.524142 -0.475858 1.09463 -1.78643

35.0464 0.545553 0.519327 -0.480673 1.09595 -1.78739
35.0499 0.549316 0.519327 -0.480673 1.04412 -1.79928

35.0498 0.549316 0.512269 -0.487731 1.04424 -1.79896
35.0537 0.553374 0.512269 -0.487731 0.980067 -1.81225

35.0537 0.553335 0.505507 -0.494493 0.980549 -1.81258
35.0569 0.556641 0.505507 -0.494493 0.923699 -1.82731

35.0569 0.556641 0.497661 -0.502339 0.923952 -1.82666
35.061 0.560742 0.497661 -0.502339 0.859215 -1.88355

35.061 0.560686 0.489094 -0.510906 0.860297 -1.8841
35.0645 0.563965 0.489094 -0.510906 0.778073 -1.92353

35.0644 0.563965 0.481759 -0.518241 0.778592 -1.92159
35.0684 0.567676 0.481759 -0.518241 0.673578 -1.9512

35.0684 0.56765 0.471341 -0.528659 0.673991 -1.95152
35.0724 0.571289 0.471341 -0.528659 0.578998 -1.97648

35.0723 0.571289 0.466002 -0.533998 0.580084 -1.97528
35.0757 0.574215 0.466002 -0.533998 0.49771 -1.97518

35.0757 0.57419 0.456869 -0.543131 0.498139 -1.97551
35.0809 0.578613 0.456869 -0.543131 0.374769 -1.97161

35.0808 0.578613 0.450796 -0.549204 0.376025 -1.97031
35.083 0.58041 0.450796 -0.549204 0.326612 -1.96926

35.083 0.580376 0.441576 -0.558424 0.327137 -1.96973
35.09 0.585938 0.441576 -0.558424 0.176312 -1.96774

35.0899 0.585938 0.433543 -0.566457 0.177385 -1.9665
35.0903 0.586255 0.433543 -0.566457 0.169586 -1.96652

35.0903 0.586175 0.424532 -0.575468 0.170637 -1.96755
35.0977 0.591579 0.424532 -0.575468 0.0186345 -1.97541

35.0977 0.591543 0.405554 -0.594446 0.0193625 -1.97593
35.1002 0.593262 0.405554 -0.594446 -0.037634 -1.97509

35.1001 0.593262 0.407022 -0.592978 -0.0369554 -1.97436
35.105 0.596612 0.407022 -0.592978 -0.160331 -1.94284

35.105 0.596585 0.389157 -0.610843 -0.15974 -1.94319
35.1113 0.600586 0.389157 -0.610843 -0.309367 -1.89533

35.1111 0.600586 0.38153 -0.61847 -0.308033 -1.89495
35.1123 0.601328 0.38153 -0.61847 -0.333531 -1.889

35.1123 0.601264 0.369932 -0.630068 -0.332204 -1.88976
35.1196 0.605565 0.369932 -0.630068 -0.497197 -1.83888

35.1196 0.605533 0.350244 -0.649756 -0.496394 -1.83933
35.124 0.60791 0.350244 -0.649756 -0.597733 -1.79137

35.1239 0.60791 0.350244 -0.649756 -0.596708 -1.79175
35.127 0.609543 0.350244 -0.649756 -0.664776 -1.76343

35.127 0.609513 0.329282 -0.670718 -0.664004 -1.76378
35.1343 0.613109 0.329282 -0.670718 -0.830043 -1.67685

35.1343 0.613086 0.306698 -0.693302 -0.829391 -1.67713
35.1391 0.615234 0.306698 -0.693302 -0.935438 -1.61007

35.139 0.615234 0.306698 -0.693302 -0.934432 -1.61088
35.1416 0.616377 0.306698 -0.693302 -0.992175 -1.58268

35.1416 0.616346 0.282953 -0.717047 -0.991219 -1.58296
35.1489 0.619236 0.282953 -0.717047 -1.15009 -1.46065

35.1489 0.619232 0.257749 -0.742251 -1.14997 -1.46069
35.1562 0.621776 0.257749 -0.742251 -1.29942 -1.31905

35.4925 0 -0.990729 -0.00927088 2.77502 0
35.4922 0.0292969 -0.990729 -0.00927088 2.7741 0.112028

35.4922 0.0292969 -0.973053 -0.026947 2.77414 0.112027
35.4914 0.0585938 -0.973053 -0.026947 2.76924 0.225252

35.4914 0.0585938 -0.956061 -0.0439394 2.76921 0.225254
35.4901 0.0878906 -0.956061 -0.0439394 2.75476 0.341369

35.49 0.0878906 -0.943414 -0.056586 2.75501 0.341365
35.4891 0.102539 -0.943414 -0.056586 2.74867 0.402014

35.4891 0.102539 -0.934764 -0.0652358 2.74867 0.402014
35.4881 0.117188 -0.934764 -0.0652358 2.73715 0.463354

35.4881 0.117188 -0.926204 -0.073796 2.73715 0.463354
35.487 0.131836 -0.926204 -0.073796 2.72534 0.525484

35.487 0.131836 -0.917809 -0.0821906 2.72534 0.525484
35.4856 0.146484 -0.917809 -0.0821906 2.72057 0.590161

35.4856 0.146484 -0.909083 -0.0909168 2.72053 0.590162
35.4842 0.161133 -0.909083 -0.0909168 2.7066 0.660589

35.4842 0.161133 -0.902272 -0.0977285 2.70671 0.660594
35.4834 0.168457 -0.902272 -0.0977285 2.70069 0.698787

35.4834 0.168457 -0.898054 -0.101946 2.70069 0.698787
35.4825 0.175781 -0.898054 -0.101946 2.69317 0.736338

35.4785 0.207386 -0.877209 -0.122791 2.63815 0.876014
35.4778 0.212402 -0.877209 -0.122791 2.62991 0.899222

35.4778 0.212402 -0.872408 -0.127592 2.62993 0.899225
35.4767 0.219727 -0.872408 -0.127592 2.6249 0.93245

35.4767 0.219727 -0.86788 -0.13212 2.62491 0.932451
35.4756 0.227051 -0.86788 -0.13212 2.61513 0.96708

35.4756 0.227051 -0.863475 -0.136525 2.61513 0.967079
35.4745 0.234375 -0.863475 -0.136525 2.60254 1.00009

35.4825 0.175781 -0.893733 -0.106267 2.69316 0.736337
35.4817 0.183105 -0.893733 -0.106267 2.67717 0.770878

35.4817 0.183105 -0.889463 -0.110537 2.67718 0.770878
35.4808 0.19043 -0.889463 -0.110537 2.66519 0.802691

35.4808 0.19043 -0.885437 -0.114563 2.66519 0.802692
35.4798 0.197754 -0.885437 -0.114563 2.65612 0.835303

35.4798 0.197754 -0.881569 -0.118431 2.65612 0.835304
35.4788 0.205078 -0.881569 -0.118431 2.64242 0.865466

35.4785 0.207328 -0.874736 -0.125264 2.63832 0.875759
35.4788 0.205078 -0.874736 -0.125264 2.64239 0.865462

35.4492 0.351159 -0.784454 -0.215546 2.31041 1.60384
35.4491 0.351562 -0.784454 -0.215546 2.30826 1.60615

35.4745 0.234375 -0.858986 -0.141014 2.60254 1.00009
35.4733 0.241699 -0.858986 -0.141014 2.58726 1.03046

35.4733 0.241699 -0.854385 -0.145615 2.58726 1.03046
35.472 0.249023 -0.854385 -0.145615 2.57503 1.06259

35.4712 0.253701 -0.849617 -0.150383 2.5698 1.08506
35.4707 0.256348 -0.849617 -0.150383 2.5662 1.0981

35.4707 0.256348 -0.84477 -0.15523 2.56621 1.0981
35.4694 0.263672 -0.84477 -0.15523 2.55409 1.13419

35.4712 0.253687 -0.849617 -0.150383 2.56984 1.08499
35.472 0.249023 -0.849617 -0.150383 2.57503 1.06259

35.4639 0.291254 -0.825922 -0.174078 2.48627 1.27104
35.4635 0.292969 -0.825922 -0.174078 2.48204 1.2802

35.4694 0.263672 -0.840026 -0.159974 2.55409 1.13419
35.468 0.270996 -0.840026 -0.159974 2.53832 1.16994

35.468 0.270996 -0.835401 -0.164599 2.53832 1.16994
35.4665 0.27832 -0.835401 -0.164599 2.52002 1.20453

35.4665 0.27832 -0.830723 -0.169277 2.52001 1.20453
35.465 0.285645 -0.830723 -0.169277 2.50038 1.24071

35.4639 0.291231 -0.825922 -0.174078 2.48638 1.27092
35.465 0.285645 -0.825922 -0.174078 2.50039 1.24071

35.4635 0.292969 -0.820946 -0.179054 2.48207 1.28021
35.4619 0.300293 -0.820946 -0.179054 2.46865 1.32087

35.4619 0.300293 -0.815788 -0.184212 2.46865 1.32087
35.4603 0.307617 -0.815788 -0.184212 2.45632 1.36312

35.4603 0.307617 -0.810637 -0.189363 2.45632 1.36312
35.4585 0.314941 -0.810637 -0.189363 2.43442 1.40123

35.4585 0.314941 -0.805605 -0.194395 2.43442 1.40123
35.4568 0.322266 -0.805605 -0.194395 2.40809 1.44052

35.4565 0.323197 -0.800487 -0.199513 2.40466 1.44571
35.4549 0.32959 -0.800487 -0.199513 2.38552 1.4803

35.455 0.32959 -0.795051 -0.204949 2.38551 1.4803
35.4531 0.336914 -0.795051 -0.204949 2.36839 1.5208

35.4565 0.323183 -0.800487 -0.199513 2.40474 1.44564
35.4568 0.322266 -0.800487 -0.199513 2.4081 1.44052

35.4531 0.336914 -0.789607 -0.210393 2.36839 1.5208
35.4511 0.344238 -0.789607 -0.210393 2.34353 1.56343

35.4492 0.351116 -0.784454 -0.215546 2.31076 1.60361
35.4511 0.344238 -0.784454 -0.215546 2.34354 1.56343

35.4491 0.351562 -0.779321 -0.220679 2.30836 1.60617
35.447 0.358887 -0.779321 -0.220679 2.27543 1.6473

35.447 0.358887 -0.773785 -0.226215 2.27541 1.64729
35.4449 0.366211 -0.773785 -0.226215 2.24919 1.68585

35.4419 0.376028 -0.761965 -0.238035 2.21099 1.73953
35.4404 0.380859 -0.761965 -0.238035 2.19241 1.76903

35.4449 0.366211 -0.767894 -0.232106 2.24918 1.68585
35.4427 0.373535 -0.767894 -0.232106 2.22067 1.72396

35.4419 0.376009 -0.761965 -0.238035 2.21113 1.73941
35.4427 0.373535 -0.761965 -0.238035 2.22071 1.72396

35.4346 0.398422 -0.743377 -0.256623 2.11223 1.87806
35.433 0.402832 -0.743377 -0.256623 2.08903 1.90494

35.433 0.402832 -0.736983 -0.263017 2.08904 1.90495
35.4304 0.410156 -0.736983 -0.263017 2.05258 1.95153

35.4404 0.380859 -0.75588 -0.24412 2.19242 1.76903
35.438 0.388184 -0.75588 -0.24412 2.16592 1.81628

35.438 0.388184 -0.749592 -0.250408 2.16592 1.81628
35.4356 0.395508 -0.749592 -0.250408 2.12875 1.85888

35.4346 0.398398 -0.743377 -0.256623 2.11246 1.87791
35.4356 0.395508 -0.743377 -0.256623 2.1288 1.85889

35.4199 0.437331 -0.709493 -0.290507 1.89491 2.11006
35.4191 0.439453 -0.709493 -0.290507 1.87828 2.12329

35.419 0.439453 -0.702113 -0.297887 1.87839 2.1233
35.4159 0.446777 -0.702113 -0.297887 1.83014 2.17592

35.4159 0.446777 -0.694521 -0.305479 1.83014 2.17592
35.4127 0.454102 -0.694521 -0.305479 1.77452 2.22145

35.4126 0.454365 -0.686704 -0.313296 1.77203 2.22323
35.4094 0.461426 -0.686704 -0.313296 1.71423 2.27578

35.4094 0.461426 -0.678374 -0.321626 1.7142 2.27577
35.4059 0.46875 -0.678374 -0.321626 1.64614 2.31574

35.4126 0.454355 -0.686704 -0.313296 1.77218 2.22316
35.4127 0.454102 -0.686704 -0.313296 1.77453 2.22145

35.4272 0.418748 -0.723686 -0.276314 2.00458 1.99854
35.4249 0.424805 -0.723686 -0.276314 1.9719 2.03627

35.4304 0.410156 -0.730337 -0.269663 2.05257 1.95153
35.4277 0.41748 -0.730337 -0.269663 2.01185 1.99083

35.4272 0.418736 -0.723686 -0.276314 2.0047 1.99847
35.4277 0.41748 -0.723686 -0.276314 2.01189 1.99083

35.4249 0.424805 -0.716691 -0.283309 1.97188 2.03627
35.422 0.432129 -0.716691 -0.283309 1.92685 2.07901

35.4199 0.43729 -0.709493 -0.290507 1.89543 2.10983
35.422 0.432129 -0.709493 -0.290507 1.92691 2.07901

35.1562 0.621763 0.231846 -0.768154 -1.29895 -1.31917
35.1589 0.622559 0.231846 -0.768154 -1.34967 -1.28294

35.1588 0.622559 0.231846 -0.768154 -1.34929 -1.28345
35.1636 0.623988 0.231846 -0.768154 -1.44663 -1.19074

35.1636 0.623988 0.203836 -0.796164 -1.44663 -1.19074
35.1709 0.625863 0.203836 -0.796164 -1.58472 -1.01545

35.1709 0.625863 0.172836 -0.827164 -1.58471 -1.01545
35.1782 0.627393 0.172836 -0.827164 -1.69537 -0.815079

35.1782 0.627393 0.139414 -0.860586 -1.69537 -0.815079
35.1855 0.628579 0.139414 -0.860586 -1.79488 -0.622305

35.1855 0.628579 0.103379 -0.896621 -1.79484 -0.622314
35.1929 0.629423 0.103379 -0.896621 -1.89067 -0.425859

35.1929 0.629422 0.0648179 -0.935182 -1.89061 -0.425875
35.1995 0.629883 0.0648179 -0.935182 -1.97443 -0.243283

35.1996 0.629883 0.0648179 -0.935182 -1.97516 -0.241364
35.2002 0.629924 0.0648179 -0.935182 -1.98314 -0.224654

35.2002 0.629929 0.0232451 -0.976755 -1.98334 -0.224601
35.2075 0.630103 0.0232451 -0.976755 -2.0569 -0.0092843

35.2075 0.630104 -0.0214161 -0.978584 -2.05692 -0.00927895
35.2148 0.629944 -0.0214161 -0.978584 -2.1068 0.226362

35.2222 0.629445 -0.0635751 -0.936425 -2.10939 0.459758
35.2157 0.629883 -0.0635751 -0.936425 -2.11154 0.255405

35.2222 0.629451 -0.103335 -0.896665 -2.10954 0.459727
35.2295 0.628607 -0.103335 -0.896665 -2.07068 0.682115

35.2148 0.629958 -0.0635751 -0.936425 -2.1072 0.226399
35.216 0.629883 -0.0635751 -0.936425 -2.11329 0.263346

35.2295 0.628609 -0.141179 -0.858821 -2.07074 0.682101
35.2368 0.627405 -0.141179 -0.858821 -2.03429 0.908441

35.2368 0.627408 -0.176774 -0.823226 -2.03434 0.908427
35.2441 0.625835 -0.176774 -0.823226 -1.97542 1.14922

35.2441 0.625834 -0.209772 -0.790228 -1.97537 1.14922
35.2515 0.62389 -0.209772 -0.790228 -1.86601 1.34768

35.2588 0.621587 -0.239772 -0.760228 -1.76415 1.54032
35.2557 0.622559 -0.239772 -0.760228 -1.81176 1.45557

35.2515 0.623881 -0.239772 -0.760228 -1.86557 1.34767
35.2557 0.622559 -0.239772 -0.760228 -1.81194 1.45425

35.2588 0.621585 -0.268282 -0.731718 -1.76405 1.54034
35.2661 0.618899 -0.268282 -0.731718 -1.64958 1.79528

35.2661 0.618898 -0.295525 -0.704475 -1.64955 1.79529
35.2734 0.615826 -0.295525 -0.704475 -1.48228 1.9231

35.3247 0.582211 -0.45835 -0.54165 -0.26541 2.69461
35.3203 0.585938 -0.45835 -0.54165 -0.374588 2.65509

35.332 0.575452 -0.482698 -0.517302 -0.0717089 2.72945
35.3286 0.578613 -0.482698 -0.517302 -0.160626 2.7109

35.3247 0.582096 -0.473193 -0.526807 -0.260376 2.69342
35.3286 0.578613 -0.473193 -0.526807 -0.160327 2.71059

35.376 0.521885 -0.598438 -0.401562 0.998128 2.63576
35.3723 0.527344 -0.598438 -0.401562 0.914158 2.66327

35.3833 0.510382 -0.621999 -0.378001 1.20455 2.58493
35.3819 0.512695 -0.621999 -0.378001 1.16756 2.60599

35.3906 0.498047 -0.632184 -0.367816 1.32725 2.49286
35.3863 0.505371 -0.632184 -0.367816 1.2394 2.54103

35.3833 0.510329 -0.621999 -0.378001 1.20582 2.58458
35.3863 0.505371 -0.621999 -0.378001 1.23962 2.54102

35.3819 0.512695 -0.61083 -0.38917 1.16764 2.60601
35.3772 0.52002 -0.61083 -0.38917 1.03363 2.63397

35.376 0.521873 -0.603676 -0.396324 0.998443 2.63568
35.3772 0.52002 -0.603676 -0.396324 1.03394 2.63374

35.354 0.551645 -0.543974 -0.456026 0.491679 2.74461
35.3498 0.556641 -0.543974 -0.456026 0.388037 2.75755

35.3613 0.54249 -0.559141 -0.440859 0.675496 2.73262
35.3559 0.549316 -0.559141 -0.440859 0.533093 2.7433

35.354 0.551643 -0.550198 -0.449802 0.491748 2.74459
35.3559 0.549316 -0.550198 -0.449802 0.533667 2.74292

35.3394 0.568111 -0.505846 -0.494154 0.123647 2.74848
35.3363 0.571289 -0.505846 -0.494154 0.0429932 2.74392

35.3467 0.56017 -0.527198 -0.472802 0.31898 2.756
35.3433 0.563965 -0.527198 -0.472802 0.224146 2.75558

35.3394 0.568073 -0.515417 -0.484583 0.124881 2.74841
35.3432 0.563965 -0.515417 -0.484583 0.224561 2.75542

35.332 0.575374 -0.494673 -0.505327 -0.0690698 2.72946
35.3362 0.571289 -0.494673 -0.505327 0.0433472 2.74375

35.3467 0.560168 -0.533761 -0.466239 0.319033 2.75599
35.3498 0.556641 -0.533761 -0.466239 0.388877 2.75691

35.3687 0.532552 -0.58989 -0.41011 0.861846 2.6935
35.3672 0.534668 -0.58989 -0.41011 0.829278 2.7103

35.3672 0.534668 -0.573476 -0.426524 0.829651 2.71037
35.3617 0.541992 -0.573476 -0.426524 0.686894 2.73238

35.3687 0.532511 -0.586255 -0.413745 0.862847 2.69323
35.3723 0.527344 -0.586255 -0.413745 0.914408 2.6632

35.3613 0.542454 -0.566237 -0.433763 0.676638 2.73239
35.3617 0.541992 -0.566237 -0.433763 0.687141 2.7322

35.2808 0.61236 -0.322022 -0.677978 -1.35097 2.09017
35.2747 0.615234 -0.322022 -0.677978 -1.46013 1.93203

35.2808 0.612357 -0.347788 -0.652212 -1.35088 2.0902
35.2881 0.608451 -0.347788 -0.652212 -1.17272 2.21605

35.3027 0.599405 -0.394418 -0.605582 -0.814926 2.49255
35.3009 0.600586 -0.394418 -0.605582 -0.866386 2.4569

35.2954 0.604116 -0.372206 -0.627794 -1.04728 2.33806
35.289 0.60791 -0.372206 -0.627794 -1.15521 2.21928

35.2881 0.608442 -0.368252 -0.631748 -1.17231 2.21599
35.289 0.60791 -0.368252 -0.631748 -1.15513 2.2192

35.2954 0.604086 -0.395247 -0.604753 -1.04549 2.33789
35.3008 0.600586 -0.395247 -0.604753 -0.866138 2.45426

35.2734 0.615826 -0.322022 -0.677978 -1.48229 1.9231
35.2747 0.615234 -0.322022 -0.677978 -1.46003 1.93182

35.3027 0.599327 -0.416549 -0.583451 -0.811293 2.49288
35.3101 0.594097 -0.416549 -0.583451 -0.629366 2.56799

35.3174 0.588409 -0.438097 -0.561903 -0.461593 2.62421
35.3112 0.593262 -0.438097 -0.561903 -0.60396 2.56861

35.3101 0.594085 -0.428736 -0.571264 -0.628831 2.56791
35.3112 0.593262 -0.428736 -0.571264 -0.603929 2.56859

35.3174 0.58833 -0.452047 -0.547953 -0.457911 2.62365
35.3203 0.585938 -0.452047 -0.547953 -0.374387 2.65474

35.4053 0.470036 -0.670013 -0.329987 1.63351 2.32371
35.4023 0.476074 -0.670013 -0.329987 1.57802 2.36755

35.4023 0.476074 -0.661406 -0.338594 1.57798 2.36754
35.3986 0.483398 -0.661406 -0.338594 1.50239 2.40645

35.3979 0.484538 -0.652339 -0.347661 1.49077 2.4133
35.3947 0.490723 -0.652339 -0.347661 1.42709 2.46277

35.3906 0.497974 -0.642649 -0.357351 1.3285 2.49255
35.3947 0.490723 -0.642649 -0.357351 1.42704 2.46276

35.3979 0.484519 -0.652339 -0.347661 1.49109 2.41316
35.3985 0.483398 -0.652339 -0.347661 1.50248 2.40643

35.4053 0.470021 -0.670013 -0.329987 1.63375 2.32361
35.4059 0.46875 -0.670013 -0.329987 1.64621 2.31573

