29.055 0 0.995899 -0.00410142 2.74296 0
29.055 0.00732422 0.995899 -0.00410142 2.74874 -0.00509642

29.055 0.00732422 0.98785 -0.0121502 2.74874 -0.00509659
29.0551 0.0146484 0.98785 -0.0121502 2.76106 -0.0110128

29.0551 0.0146484 0.980951 -0.0190488 2.76107 -0.011021
29.0552 0.0183125 0.980951 -0.0190488 2.76762 -0.0155842

29.0552 0.0183702 0.980951 -0.0190488 2.76771 -0.0156755
29.0552 0.0219727 0.980951 -0.0190488 2.77305 -0.0215868

29.0552 0.0219727 0.974681 -0.0253187 2.77305 -0.0215836
29.0554 0.0292969 0.974681 -0.0253187 2.77886 -0.0326571

29.0554 0.0292969 0.96742 -0.03258 2.77885 -0.0326487
29.0557 0.0366211 0.96742 -0.03258 2.77681 -0.0400009

29.0557 0.0366211 0.959798 -0.0402022 2.77681 -0.0400025
29.056 0.0439453 0.959798 -0.0402022 2.77525 -0.0448038

29.056 0.0439453 0.949115 -0.0508853 2.77523 -0.0447961
29.0568 0.0585938 0.949115 -0.0508853 2.77299 -0.0525534

29.0567 0.0585938 0.927565 -0.0724347 2.77288 -0.0525191
29.059 0.0878906 0.927565 -0.0724347 2.76568 -0.0726351

29.059 0.0878906 0.906991 -0.0930093 2.76576 -0.0726819
29.0605 0.102539 0.906991 -0.0930093 2.7589 -0.0807115

29.0606 0.102539 0.897592 -0.102408 2.75891 -0.0807367
29.0614 0.109863 0.897592 -0.102408 2.76196 -0.0860778

29.0614 0.109863 0.892081 -0.107919 2.76196 -0.0860825
29.0623 0.117188 0.892081 -0.107919 2.79599 -0.0920765

29.0623 0.117188 0.885158 -0.114842 2.79594 -0.0920643
29.0625 0.118889 0.885158 -0.114842 2.80893 -0.0932032

29.0625 0.118893 0.885158 -0.114842 2.80896 -0.093205
29.0632 0.124512 0.885158 -0.114842 2.80387 -0.11139

29.0632 0.124512 0.877058 -0.122942 2.80389 -0.111396
29.0643 0.131836 0.877058 -0.122942 2.75579 -0.123082

29.0643 0.131836 0.870692 -0.129308 2.75579 -0.123093
29.0654 0.13916 0.870692 -0.129308 2.73278 -0.110188

29.0654 0.13916 0.865273 -0.134727 2.73279 -0.110187
29.0665 0.146484 0.865273 -0.134727 2.75134 -0.105663

29.0665 0.146484 0.859685 -0.140315 2.75134 -0.105662
29.0677 0.153809 0.859685 -0.140315 2.76777 -0.116553

29.0677 0.153809 0.854175 -0.145825 2.76777 -0.116554
29.0689 0.161133 0.854175 -0.145825 2.76062 -0.127694

29.0689 0.161133 0.845182 -0.154818 2.76059 -0.127671
29.0716 0.175781 0.845182 -0.154818 2.74678 -0.137406

29.0716 0.175781 0.833042 -0.166958 2.74678 -0.137403
29.0745 0.19043 0.833042 -0.166958 2.73756 -0.143514

29.0745 0.19043 0.820964 -0.179036 2.73756 -0.143514
29.0771 0.202418 0.820964 -0.179036 2.73896 -0.151658

29.0771 0.202415 0.820964 -0.179036 2.73896 -0.151657
29.0777 0.205078 0.820964 -0.179036 2.74921 -0.15531

29.0778 0.205078 0.812421 -0.187579 2.74929 -0.15535
29.0794 0.212402 0.812421 -0.187579 2.74878 -0.167981

29.0794 0.212402 0.806824 -0.193176 2.74875 -0.167957
29.0812 0.219727 0.806824 -0.193176 2.72206 -0.171864

29.0812 0.219727 0.800497 -0.199503 2.72206 -0.17185
29.083 0.227051 0.800497 -0.199503 2.71791 -0.161687

29.083 0.227051 0.795165 -0.204835 2.71791 -0.161685
29.0845 0.232691 0.795165 -0.204835 2.72023 -0.161295

29.0845 0.232692 0.795165 -0.204835 2.72023 -0.161296
29.0849 0.234375 0.795165 -0.204835 2.72018 -0.161762

29.0849 0.234375 0.790011 -0.209989 2.72017 -0.161762
29.0869 0.241699 0.790011 -0.209989 2.72214 -0.1663

29.0869 0.241699 0.784555 -0.215445 2.72214 -0.1663
29.0889 0.249023 0.784555 -0.215445 2.72367 -0.179117

29.0889 0.249023 0.778866 -0.221134 2.72367 -0.179115
29.0909 0.256348 0.778866 -0.221134 2.71759 -0.196674

29.0909 0.256348 0.773362 -0.226638 2.71759 -0.196671
29.0918 0.259269 0.773362 -0.226638 2.71445 -0.202349

29.0918 0.259259 0.773362 -0.226638 2.71447 -0.202339
29.0931 0.263672 0.773362 -0.226638 2.70835 -0.210852

29.0931 0.263672 0.767992 -0.232008 2.70835 -0.210848
29.0953 0.270996 0.767992 -0.232008 2.70401 -0.224386

29.0953 0.270996 0.762538 -0.237462 2.70401 -0.224385
29.0976 0.27832 0.762538 -0.237462 2.69737 -0.240491

29.0976 0.27832 0.756913 -0.243087 2.69737 -0.240486
29.0991 0.283121 0.756913 -0.243087 2.68966 -0.249484

29.0991 0.283113 0.756913 -0.243087 2.68967 -0.249478
29.0999 0.285645 0.756913 -0.243087 2.6855 -0.252999

29.0999 0.285645 0.751117 -0.248883 2.6855 -0.252995
29.1024 0.292969 0.751117 -0.248883 2.67743 -0.264155

29.1024 0.292969 0.745444 -0.254556 2.67743 -0.264157
29.1049 0.300293 0.745444 -0.254556 2.66778 -0.277862

29.1049 0.300293 0.740181 -0.259819 2.66778 -0.277862
29.1064 0.304807 0.740181 -0.259819 2.65859 -0.284745

29.1064 0.304798 0.740181 -0.259819 2.65862 -0.284737
29.1074 0.307617 0.740181 -0.259819 2.65309 -0.288991

29.1074 0.307617 0.735088 -0.264912 2.65309 -0.288986
29.1101 0.314941 0.735088 -0.264912 2.64917 -0.302837

29.1101 0.314941 0.729775 -0.270225 2.64917 -0.302835
29.1128 0.322266 0.729775 -0.270225 2.6432 -0.33242

29.1128 0.322266 0.724395 -0.275605 2.6432 -0.332396
29.1138 0.324871 0.724395 -0.275605 2.63832 -0.341514

29.1138 0.324853 0.724395 -0.275605 2.63837 -0.341491
29.1156 0.32959 0.724395 -0.275605 2.63149 -0.354956

29.1156 0.32959 0.718949 -0.281051 2.63148 -0.35494
29.1184 0.336914 0.718949 -0.281051 2.62482 -0.377121

29.1184 0.336914 0.713489 -0.286511 2.62482 -0.377123
29.1211 0.343543 0.713489 -0.286511 2.60605 -0.398785

29.1211 0.34354 0.713489 -0.286511 2.60607 -0.398782
29.1214 0.344238 0.713489 -0.286511 2.60298 -0.400705

29.1214 0.344238 0.708201 -0.291799 2.60298 -0.4007
29.1244 0.351562 0.708201 -0.291799 2.58651 -0.420923

29.1244 0.351562 0.702699 -0.297301 2.5865 -0.420915
29.1275 0.358887 0.702699 -0.297301 2.57081 -0.452089

29.1275 0.358887 0.697104 -0.302896 2.5708 -0.45205
29.1284 0.361043 0.697104 -0.302896 2.56289 -0.459827

29.1284 0.361019 0.697104 -0.302896 2.56299 -0.459805
29.1307 0.366211 0.697104 -0.302896 2.55374 -0.476279

29.1307 0.366211 0.691507 -0.308493 2.55373 -0.476258
29.1339 0.373535 0.691507 -0.308493 2.54115 -0.507609

29.1339 0.373535 0.686181 -0.313819 2.54115 -0.507597
29.1357 0.377487 0.686181 -0.313819 2.52806 -0.525437

29.1357 0.377465 0.686181 -0.313819 2.52817 -0.525401
29.1373 0.380859 0.686181 -0.313819 2.51559 -0.539208

29.1373 0.380859 0.680918 -0.319082 2.51556 -0.539162
29.1407 0.388184 0.680918 -0.319082 2.49803 -0.574133

29.1407 0.388184 0.675421 -0.324579 2.49803 -0.574114
29.1431 0.393074 0.675421 -0.324579 2.48207 -0.600638

29.1431 0.393057 0.675421 -0.324579 2.48216 -0.600618
29.1442 0.395508 0.675421 -0.324579 2.47232 -0.611377

29.1442 0.395508 0.669602 -0.330398 2.47229 -0.611314
29.1478 0.402832 0.669602 -0.330398 2.45618 -0.652438

29.1478 0.402832 0.663632 -0.336368 2.45617 -0.652418
29.1504 0.407851 0.663632 -0.336368 2.43739 -0.689796

29.1504 0.407828 0.663632 -0.336368 2.4376 -0.689761
29.1516 0.410156 0.663632 -0.336368 2.42059 -0.70308

29.1516 0.410156 0.657736 -0.342264 2.42056 -0.702998
29.1554 0.41748 0.657736 -0.342264 2.38235 -0.742081

29.1554 0.41748 0.651974 -0.348026 2.38235 -0.742047
29.1577 0.421876 0.651974 -0.348026 2.35925 -0.767071

29.1577 0.421848 0.651974 -0.348026 2.35948 -0.767025
29.1593 0.424805 0.651974 -0.348026 2.34159 -0.782472

29.1593 0.424805 0.645875 -0.354125 2.34153 -0.782368
29.1633 0.432129 0.645875 -0.354125 2.30234 -0.828003

29.1633 0.432129 0.639449 -0.360551 2.30232 -0.827883
29.165 0.435244 0.639449 -0.360551 2.28197 -0.849432

29.165 0.435203 0.639449 -0.360551 2.28227 -0.849403
29.1674 0.439453 0.639449 -0.360551 2.26597 -0.877745

29.1674 0.439453 0.632891 -0.367109 2.2659 -0.877633
29.1717 0.446777 0.632891 -0.367109 2.2118 -0.92982

29.1716 0.446777 0.628621 -0.371379 2.21176 -0.929541
29.1724 0.448001 0.628621 -0.371379 2.19751 -0.937117

29.1724 0.447921 0.6265 -0.3735 2.19851 -0.93708
29.176 0.454102 0.6265 -0.3735 2.166 -0.975021

29.176 0.454102 0.620458 -0.379542 2.16599 -0.974834
29.1797 0.460071 0.620458 -0.379542 2.12289 -1.03111

29.1797 0.460046 0.622048 -0.377952 2.12321 -1.0311
29.1805 0.461426 0.622048 -0.377952 2.10763 -1.04027

29.1805 0.461426 0.613573 -0.386427 2.1076 -1.04013
29.1851 0.46875 0.613573 -0.386427 1e+30 1e+30

