12.0879 0.46875 0.574268 -0.425732 1.61671 -1.37898
12.0923 0.474641 0.574268 -0.425732 1.55042 -1.4378

12.0923 0.474602 0.575582 -0.424418 1.55116 -1.43791
12.0934 0.476074 0.575582 -0.424418 1.52165 -1.44887

12.0933 0.476074 0.564532 -0.435468 1.52167 -1.44855
12.099 0.483398 0.564532 -0.435468 1.40952 -1.49179

12.0989 0.483398 0.560199 -0.439801 1.40956 -1.49092
12.0996 0.484263 0.560199 -0.439801 1.39955 -1.49712

12.0996 0.484136 0.555673 -0.444327 1.40097 -1.49751
12.1049 0.490723 0.555673 -0.444327 1.33671 -1.55405

12.1048 0.490723 0.55206 -0.44794 1.33677 -1.55315
12.1069 0.493321 0.55206 -0.44794 1.31233 -1.58122

12.1069 0.493196 0.547911 -0.452089 1.31338 -1.58166
12.1109 0.498047 0.547911 -0.452089 1.24723 -1.61988

12.1109 0.498047 0.542274 -0.457726 1.24728 -1.6197
12.1143 0.502 0.542274 -0.457726 1.18341 -1.63243

12.1143 0.501901 0.537594 -0.462406 1.18439 -1.63323
12.1172 0.505371 0.537594 -0.462406 1.13581 -1.64453

12.1173 0.505371 0.530144 -0.469856 1.13575 -1.64471
12.1216 0.510252 0.530144 -0.469856 1.07038 -1.65864

12.1216 0.51019 0.5233 -0.4767 1.07082 -1.65909
12.1239 0.512695 0.5233 -0.4767 1.04501 -1.66959

12.1239 0.512695 0.518008 -0.481992 1.04498 -1.66969
12.1289 0.518106 0.518008 -0.481992 0.98085 -1.70286

12.1289 0.518046 0.510687 -0.489313 0.981536 -1.70328
12.1308 0.52002 0.510687 -0.489313 0.952589 -1.71627

12.1308 0.52002 0.505011 -0.494989 0.952664 -1.71594
12.1362 0.525587 0.505011 -0.494989 0.858304 -1.74769

12.1362 0.525558 0.498171 -0.501829 0.858773 -1.74795
12.138 0.527344 0.498171 -0.501829 0.819818 -1.75522

12.138 0.527344 0.490215 -0.509785 0.820093 -1.75459
12.1436 0.532704 0.490215 -0.509785 0.706873 -1.76928

12.1436 0.53269 0.483295 -0.516705 0.707026 -1.7694
12.1457 0.534668 0.483295 -0.516705 0.67334 -1.77754

12.1456 0.534668 0.475587 -0.524413 0.673679 -1.77679
12.1509 0.539448 0.475587 -0.524413 0.593141 -1.81429

12.1509 0.539437 0.467148 -0.532852 0.593288 -1.81441
12.1538 0.541992 0.467148 -0.532852 0.542382 -1.83137

12.1537 0.541992 0.460276 -0.539724 0.542973 -1.82988
12.1582 0.545838 0.460276 -0.539724 0.455128 -1.83812

12.1582 0.54585 0.450085 -0.549915 0.454964 -1.83798
12.1624 0.549316 0.450085 -0.549915 0.373734 -1.83825

12.1623 0.549316 0.445403 -0.554597 0.374628 -1.83747
12.1655 0.551897 0.445403 -0.554597 0.312415 -1.83133

12.1655 0.551884 0.437762 -0.562238 0.312616 -1.83146
12.1716 0.556641 0.437762 -0.562238 0.20061 -1.81618

12.1715 0.556641 0.430659 -0.569341 0.201425 -1.81554
12.1729 0.55765 0.430659 -0.569341 0.179548 -1.81203

12.1729 0.557601 0.422985 -0.577015 0.180171 -1.81255
12.1802 0.56297 0.422985 -0.577015 0.056583 -1.81539

12.1802 0.562952 0.404897 -0.595103 0.0568564 -1.81558
12.1817 0.563965 0.404897 -0.595103 0.0312854 -1.81915

12.1816 0.563965 0.407614 -0.592386 0.0315848 -1.8187
12.1875 0.568012 0.407614 -0.592386 1e+30 1e+30

12.627 0.0387564 -0.971584 -0.0284157 2.62139 0.180407
12.6268 0.0439453 -0.971584 -0.0284157 2.61263 0.202317

12.6268 0.0439453 -0.964709 -0.0352911 2.61262 0.202318
12.6265 0.0512695 -0.964709 -0.0352911 2.59585 0.228882

12.6265 0.0512695 -0.957903 -0.0420972 2.59586 0.228881
12.6262 0.0585938 -0.957903 -0.0420972 2.58028 0.253285

12.6274 0 -0.997846 -0.00215448 2.536 0
12.6274 0.00732422 -0.997846 -0.00215448 2.54977 0.0262203

12.6274 0.00732422 -0.993512 -0.00648755 2.54977 0.0262199
12.6274 0.0146484 -0.993512 -0.00648755 2.58098 0.0566502

12.6274 0.0146484 -0.98895 -0.01105 2.58097 0.0566479
12.6273 0.0219727 -0.98895 -0.01105 2.60982 0.0929533

12.6273 0.0219727 -0.983836 -0.0161642 2.60981 0.0929507
12.6272 0.0292969 -0.983836 -0.0161642 2.62365 0.132532

12.6272 0.0292969 -0.978036 -0.0219638 2.62363 0.132531
12.627 0.0366211 -0.978036 -0.0219638 2.62307 0.170011

12.627 0.0387277 -0.971584 -0.0284157 2.62142 0.180267
12.627 0.0366211 -0.971584 -0.0284157 2.62306 0.170011

12.6262 0.0585938 -0.951698 -0.048302 2.58029 0.253283
12.6258 0.065918 -0.951698 -0.048302 2.57219 0.279574

12.6258 0.065918 -0.946249 -0.0537513 2.5722 0.279573
12.6254 0.0732422 -0.946249 -0.0537513 2.56893 0.308906

12.6254 0.0732422 -0.941188 -0.0588119 2.56893 0.308906
12.625 0.0805664 -0.941188 -0.0588119 2.56685 0.338801

12.625 0.0805664 -0.93645 -0.0635498 2.56686 0.338801
12.6245 0.0878906 -0.93645 -0.0635498 2.56157 0.368834

12.6245 0.0878906 -0.928164 -0.0718362 2.56144 0.368824
12.6233 0.102539 -0.928164 -0.0718362 2.55564 0.428016

12.6233 0.102539 -0.91741 -0.0825896 2.55566 0.428018
12.622 0.117188 -0.91741 -0.0825896 2.5478 0.4905

12.622 0.117188 -0.90714 -0.0928601 2.54779 0.4905
12.6205 0.131836 -0.90714 -0.0928601 2.53106 0.55491

12.6205 0.131836 -0.896531 -0.103469 2.53102 0.554906
12.6188 0.146484 -0.896531 -0.103469 2.50474 0.61703

12.6188 0.146484 -0.888567 -0.111433 2.50488 0.617033
12.6179 0.153809 -0.888567 -0.111433 2.49507 0.649543

12.6179 0.153809 -0.88427 -0.11573 2.49507 0.649543
12.6169 0.161133 -0.88427 -0.11573 2.49394 0.681132

12.617 0.161133 -0.876367 -0.123633 2.49379 0.681124
12.6149 0.175781 -0.876367 -0.123633 2.47976 0.745278

12.6123 0.192359 -0.854946 -0.145054 2.45733 0.820544
12.6101 0.205078 -0.854946 -0.145054 2.44298 0.882322

12.6149 0.175781 -0.865733 -0.134267 2.47976 0.745277
12.6126 0.19043 -0.865733 -0.134267 2.45958 0.811451

12.6123 0.192273 -0.854946 -0.145054 2.45756 0.820154
12.6126 0.19043 -0.854946 -0.145054 2.45967 0.811462

12.6101 0.205078 -0.844072 -0.155928 2.443 0.882324
12.6074 0.219727 -0.844072 -0.155928 2.42116 0.955846

12.6074 0.219727 -0.833489 -0.166511 2.42116 0.955846
12.6045 0.234375 -0.833489 -0.166511 2.38406 1.03012

12.5391 0.429009 -0.663727 -0.336273 1.56909 2.04837
12.5375 0.432129 -0.663727 -0.336273 1.54212 2.06787

12.5375 0.432129 -0.655554 -0.344446 1.54218 2.06789
12.5336 0.439453 -0.655554 -0.344446 1.47598 2.1061

12.5171 0.468163 -0.623768 -0.376232 1.19504 2.2692
12.5167 0.46875 -0.623768 -0.376232 1e+30 1e+30

12.5244 0.455904 -0.629185 -0.370815 1.31892 2.18766
12.5212 0.461426 -0.629185 -0.370815 1.27296 2.23306

12.5171 0.468077 -0.620381 -0.379619 1.19719 2.26888
12.5212 0.461426 -0.620381 -0.379619 1.27296 2.23306

12.5317 0.442934 -0.646906 -0.353094 1.44809 2.12252
12.5296 0.446777 -0.646906 -0.353094 1.40956 2.14294

12.5296 0.446777 -0.63794 -0.36206 1.4096 2.14295
12.5255 0.454102 -0.63794 -0.36206 1.33505 2.17803

12.5317 0.442895 -0.646906 -0.353094 1.44862 2.1223
12.5336 0.439453 -0.646906 -0.353094 1.47609 2.10608

12.5244 0.455888 -0.629568 -0.370432 1.31916 2.18758
12.5255 0.454102 -0.629568 -0.370432 1.33518 2.17804

12.5977 0.265063 -0.804938 -0.195062 2.30115 1.20519
12.5962 0.270996 -0.804938 -0.195062 2.28756 1.23876

12.5962 0.270996 -0.798853 -0.201147 2.28756 1.23876
12.5944 0.27832 -0.798853 -0.201147 2.28518 1.28264

12.5944 0.27832 -0.792698 -0.207302 2.28518 1.28264
12.5925 0.285645 -0.792698 -0.207302 2.27443 1.32538

12.5925 0.285645 -0.787071 -0.212929 2.27445 1.32538
12.5905 0.292969 -0.787071 -0.212929 2.24389 1.36306

12.583 0.318611 -0.764544 -0.235456 2.15387 1.47832
12.5819 0.322266 -0.764544 -0.235456 2.13858 1.49496

12.5903 0.293489 -0.781692 -0.218308 2.24099 1.36556
12.5884 0.300293 -0.781692 -0.218308 2.21076 1.39526

12.5884 0.300293 -0.776041 -0.223959 2.21075 1.39526
12.5863 0.307617 -0.776041 -0.223959 2.19178 1.42506

12.5903 0.293475 -0.781692 -0.218308 2.2411 1.36551
12.5905 0.292969 -0.781692 -0.218308 2.2439 1.36307

12.5863 0.307617 -0.770223 -0.229777 2.19178 1.42506
12.5841 0.314941 -0.770223 -0.229777 2.16888 1.4576

12.583 0.318582 -0.764544 -0.235456 2.15406 1.47821
12.5841 0.314941 -0.764544 -0.235456 2.16893 1.45762

12.5819 0.322266 -0.758682 -0.241318 2.1386 1.49497
12.5796 0.32959 -0.758682 -0.241318 2.11209 1.5307

12.5796 0.32959 -0.752551 -0.247449 2.11209 1.5307
12.5771 0.336914 -0.752551 -0.247449 2.08466 1.56249

12.5757 0.341229 -0.746538 -0.253462 2.06576 1.58411
12.5747 0.344238 -0.746538 -0.253462 2.0503 1.59717

12.5747 0.344238 -0.740392 -0.259608 2.05034 1.59719
12.5721 0.351562 -0.740392 -0.259608 2.02177 1.63254

12.5757 0.341198 -0.746538 -0.253462 2.06601 1.584
12.5771 0.336914 -0.746538 -0.253462 2.0847 1.5625

12.6045 0.234375 -0.825857 -0.174143 2.38422 1.03015
12.603 0.241699 -0.825857 -0.174143 2.36766 1.06963

12.603 0.241699 -0.82107 -0.17893 2.36764 1.06963
12.6014 0.249023 -0.82107 -0.17893 2.35346 1.11237

12.6014 0.249023 -0.815786 -0.184214 2.35344 1.11237
12.5997 0.256348 -0.815786 -0.184214 2.33534 1.15382

12.5997 0.256348 -0.810459 -0.189541 2.33535 1.15382
12.598 0.263672 -0.810459 -0.189541 2.30783 1.19668

12.5977 0.265052 -0.804938 -0.195062 2.30123 1.20513
12.598 0.263672 -0.804938 -0.195062 2.30783 1.19668

12.5684 0.36177 -0.727622 -0.272378 1.97848 1.68556
12.5667 0.366211 -0.727622 -0.272378 1.95872 1.71103

12.561 0.380665 -0.714417 -0.285583 1.88044 1.79277
12.561 0.380859 -0.714417 -0.285583 1.87887 1.79384

12.5667 0.366211 -0.721057 -0.278943 1.95874 1.71103
12.5639 0.373535 -0.721057 -0.278943 1.9256 1.75486

12.561 0.380604 -0.714417 -0.285583 1.88115 1.7925
12.5639 0.373535 -0.714417 -0.285583 1.92561 1.75487

12.5537 0.39796 -0.69403 -0.30597 1.77379 1.88928
12.5516 0.402832 -0.69403 -0.30597 1.74167 1.91728

12.5516 0.402832 -0.686738 -0.313262 1.74167 1.91727
12.5482 0.410156 -0.686738 -0.313262 1.69135 1.95248

12.5609 0.380859 -0.70782 -0.29218 1.87907 1.79389
12.5579 0.388184 -0.70782 -0.29218 1.83515 1.83821

12.5579 0.388184 -0.70095 -0.29905 1.83514 1.8382
12.5548 0.395508 -0.70095 -0.29905 1.79124 1.87488

12.5537 0.397936 -0.69403 -0.30597 1.77406 1.88915
12.5548 0.395508 -0.69403 -0.30597 1.79131 1.87489

12.5721 0.351562 -0.734002 -0.265998 2.02176 1.63254
12.5694 0.358887 -0.734002 -0.265998 1.99216 1.66873

12.5684 0.361746 -0.727622 -0.272378 1.97867 1.68544
12.5694 0.358887 -0.727622 -0.272378 1.99221 1.66874

12.5464 0.41406 -0.679185 -0.320815 1.66759 1.97116
12.5448 0.41748 -0.679185 -0.320815 1.6406 1.98667

12.5448 0.41748 -0.671503 -0.328497 1.64065 1.98668
12.5412 0.424805 -0.671503 -0.328497 1.58983 2.02389

12.5464 0.414025 -0.679185 -0.320815 1.66801 1.97103
12.5482 0.410156 -0.679185 -0.320815 1.69143 1.95248

12.5391 0.42897 -0.663727 -0.336273 1.56963 2.0482
12.5412 0.424805 -0.663727 -0.336273 1.58993 2.0239

