15.9301 0 0.99188 -0.0081196 2.68392 0
15.9302 0.0146484 0.99188 -0.0081196 2.68128 -0.0168832

15.9302 0.0146484 0.979883 -0.0201175 2.68131 -0.0169017
15.9304 0.0219727 0.979883 -0.0201175 2.67899 -0.024586

15.9304 0.0219727 0.971791 -0.0282095 2.67899 -0.0245868
15.9306 0.0292969 0.971791 -0.0282095 2.68396 -0.0327523

15.9306 0.0292969 0.963758 -0.0362415 2.68396 -0.0327501
15.9309 0.0366211 0.963758 -0.0362415 2.68477 -0.0418102

15.9309 0.0366211 0.955947 -0.0440534 2.68477 -0.0418137
15.9312 0.0439453 0.955947 -0.0440534 2.67981 -0.0477871

15.9312 0.0439453 0.94845 -0.0515505 2.67981 -0.0477866
15.9316 0.0512695 0.94845 -0.0515505 2.67722 -0.0499304

15.9316 0.0512695 0.941712 -0.058288 2.67722 -0.0499373
15.9321 0.0585938 0.941712 -0.058288 2.67589 -0.0501063

15.9321 0.0585938 0.931427 -0.0685727 2.67587 -0.0501078
15.9331 0.0732422 0.931427 -0.0685727 2.66997 -0.0564412

15.9331 0.0732422 0.917726 -0.0822741 2.66997 -0.056441
15.9344 0.0878906 0.917726 -0.0822741 2.66582 -0.0638419

15.9345 0.0878906 0.904831 -0.0951687 2.66582 -0.0638452
15.936 0.102539 0.904831 -0.0951687 2.66583 -0.0743907

15.936 0.102539 0.892394 -0.107606 2.66582 -0.074386
15.9375 0.115072 0.892394 -0.107606 2.66527 -0.0853108

15.9375 0.11507 0.892394 -0.107606 2.66527 -0.0853091
15.9378 0.117188 0.892394 -0.107606 1e+30 1e+30

