30.2963 0 0.995431 -0.00456911 2.79083 0
30.2964 0.00732422 0.995431 -0.00456911 2.79825 -0.0182167

30.2964 0.00732422 0.986707 -0.0132933 2.79825 -0.0182176
30.2965 0.0146484 0.986707 -0.0132933 2.81007 -0.0357648

30.2965 0.0146484 0.978625 -0.0213751 2.81008 -0.0357661
30.2966 0.0219727 0.978625 -0.0213751 2.81117 -0.0492563

30.2966 0.0219727 0.970987 -0.0290126 2.81117 -0.0492571
30.2968 0.0292969 0.970987 -0.0290126 2.80431 -0.0604585

30.2968 0.0292969 0.963971 -0.0360289 2.80431 -0.0604483
30.2971 0.0366211 0.963971 -0.0360289 2.78083 -0.0637107

30.2971 0.0366211 0.958316 -0.0416843 2.78084 -0.0636883
30.2974 0.0439453 0.958316 -0.0416843 2.74339 -0.0595656

30.2974 0.0439453 0.95268 -0.0473204 2.74338 -0.0595754
30.2978 0.0512695 0.95268 -0.0473204 2.72516 -0.0489815

30.2978 0.0512695 0.945685 -0.0543148 2.72516 -0.0489735
30.2982 0.0585938 0.945685 -0.0543148 2.74644 -0.0460988

30.2982 0.0585938 0.937735 -0.0622646 2.74644 -0.0460816
30.2987 0.065918 0.937735 -0.0622646 2.78076 -0.0579502

30.2987 0.065918 0.929737 -0.0702631 2.78076 -0.0579583
30.2993 0.0732422 0.929737 -0.0702631 2.78582 -0.070974

30.2993 0.0732422 0.922896 -0.0771043 2.78582 -0.0709764
30.2999 0.0805664 0.922896 -0.0771043 2.76894 -0.0771679

30.2999 0.0805664 0.916801 -0.0831985 2.76894 -0.0771689
30.3003 0.0852348 0.916801 -0.0831985 2.75902 -0.0801059

30.3003 0.0852184 0.916801 -0.0831985 2.75904 -0.0800829
30.3005 0.0878906 0.916801 -0.0831985 2.75624 -0.0836865

30.3005 0.0878906 0.910502 -0.0894976 2.75623 -0.0836877
30.3013 0.0952148 0.910502 -0.0894976 2.75313 -0.0985824

30.3013 0.0952148 0.904008 -0.095992 2.75313 -0.0985821
30.302 0.102539 0.904008 -0.095992 2.75514 -0.119497

30.302 0.102539 0.897395 -0.102605 2.75513 -0.119493
30.3029 0.109863 0.897395 -0.102605 2.75865 -0.13443

30.3029 0.109863 0.890689 -0.109311 2.75865 -0.13443
30.3038 0.117188 0.890689 -0.109311 2.7578 -0.140137

30.3038 0.117188 0.884349 -0.115651 2.7578 -0.140144
30.3047 0.124512 0.884349 -0.115651 2.75293 -0.13143

30.3047 0.124512 0.878614 -0.121386 2.75293 -0.131429
30.3057 0.131836 0.878614 -0.121386 2.7592 -0.115246

30.3057 0.131836 0.868893 -0.131107 2.75919 -0.115229
30.3076 0.144424 0.868893 -0.131107 2.75874 -0.115052

30.3076 0.144425 0.868893 -0.131107 2.75874 -0.115052
30.3079 0.146484 0.868893 -0.131107 2.758 -0.115555

30.3079 0.146484 0.856694 -0.143306 2.758 -0.115562
30.3104 0.161133 0.856694 -0.143306 2.76062 -0.122351

30.3104 0.161133 0.848298 -0.151702 2.76065 -0.122364
30.3117 0.168457 0.848298 -0.151702 2.75851 -0.130286

30.3117 0.168457 0.842381 -0.157619 2.75851 -0.13029
30.3131 0.175781 0.842381 -0.157619 2.74087 -0.130413

30.3131 0.175781 0.835908 -0.164092 2.74087 -0.130415
30.3145 0.183105 0.835908 -0.164092 2.7311 -0.125298

30.3145 0.183105 0.829575 -0.170425 2.7311 -0.125294
30.3149 0.185177 0.829575 -0.170425 2.72981 -0.123457

30.3149 0.185179 0.829575 -0.170425 2.7298 -0.123457
30.316 0.19043 0.829575 -0.170425 2.72895 -0.120594

30.316 0.19043 0.823829 -0.176171 2.72895 -0.12059
30.3176 0.197754 0.823829 -0.176171 2.73054 -0.123765

30.3176 0.197754 0.818732 -0.181268 2.73054 -0.123764
30.3192 0.205078 0.818732 -0.181268 2.73723 -0.131617

30.3192 0.205078 0.813766 -0.186234 2.73723 -0.131613
30.3209 0.212402 0.813766 -0.186234 2.74561 -0.141995

30.3209 0.212402 0.808134 -0.191866 2.74561 -0.14198
30.3223 0.218227 0.808134 -0.191866 2.74488 -0.155501

30.3223 0.218202 0.810692 -0.189308 2.74489 -0.155487
30.3226 0.219727 0.810692 -0.189308 2.74679 -0.151734

30.3226 0.219727 0.802321 -0.197679 2.74679 -0.15174
30.3244 0.227051 0.802321 -0.197679 2.74997 -0.160212

30.3244 0.227051 0.796307 -0.203693 2.74997 -0.160205
30.3263 0.234375 0.796307 -0.203693 2.74467 -0.17062

30.3263 0.234375 0.789956 -0.210044 2.74467 -0.17062
30.3282 0.241699 0.789956 -0.210044 2.72622 -0.172628

30.3282 0.241699 0.784046 -0.215954 2.72622 -0.172627
30.3296 0.246572 0.784046 -0.215954 2.71764 -0.171792

30.3296 0.246568 0.784046 -0.215954 2.71764 -0.17179
30.3303 0.249023 0.784046 -0.215954 2.71436 -0.171744

30.3303 0.249023 0.778401 -0.221599 2.71436 -0.171745
30.3324 0.256348 0.778401 -0.221599 2.70614 -0.176278

30.3324 0.256348 0.772783 -0.227217 2.70614 -0.176278
30.3345 0.263672 0.772783 -0.227217 2.70621 -0.195582

30.3345 0.263672 0.767358 -0.232642 2.70621 -0.195586
30.3367 0.270996 0.767358 -0.232642 2.70552 -0.213804

30.3367 0.270996 0.762327 -0.237673 2.70552 -0.213793
30.3369 0.271612 0.762327 -0.237673 2.70525 -0.215009

30.3369 0.271597 0.762327 -0.237673 2.70527 -0.214998
30.339 0.27832 0.762327 -0.237673 2.7047 -0.228602

30.339 0.27832 0.757248 -0.242752 2.70469 -0.228595
30.3414 0.285645 0.757248 -0.242752 2.70365 -0.248433

30.3414 0.285645 0.751906 -0.248094 2.70365 -0.248432
30.3438 0.292969 0.751906 -0.248094 2.69201 -0.268106

30.3438 0.292969 0.746458 -0.253542 2.692 -0.268085
30.3442 0.294358 0.746458 -0.253542 2.6893 -0.270832

30.3442 0.294341 0.746458 -0.253542 2.68934 -0.270819
30.3463 0.300293 0.746458 -0.253542 2.68051 -0.281356

30.3463 0.300293 0.74071 -0.25929 2.6805 -0.281349
30.3488 0.307617 0.74071 -0.25929 2.6723 -0.296392

30.3488 0.307617 0.734957 -0.265043 2.6723 -0.296396
30.3515 0.314941 0.734957 -0.265043 2.6552 -0.313351

30.3515 0.314941 0.729603 -0.270397 2.65519 -0.313329
30.3516 0.315229 0.729603 -0.270397 2.65432 -0.313972

30.3516 0.315204 0.729603 -0.270397 2.65441 -0.313944
30.3542 0.322266 0.729603 -0.270397 2.64149 -0.329813

30.3542 0.322266 0.724334 -0.275666 2.64148 -0.329808
30.357 0.32959 0.724334 -0.275666 2.6337 -0.350554

30.357 0.32959 0.718998 -0.281002 2.63369 -0.35055
30.3589 0.334508 0.718998 -0.281002 2.62482 -0.36393

30.3589 0.3345 0.718998 -0.281002 2.62484 -0.363921
30.3598 0.336914 0.718998 -0.281002 2.62056 -0.369698

30.3598 0.336914 0.713517 -0.286483 2.62055 -0.369684
30.3628 0.344238 0.713517 -0.286483 2.61686 -0.390616

30.3628 0.344238 0.707792 -0.292208 2.61686 -0.390611
30.3658 0.351562 0.707792 -0.292208 2.59848 -0.425276

30.3658 0.351562 0.702294 -0.297706 2.59845 -0.425214
30.3662 0.35258 0.702294 -0.297706 2.59398 -0.429338

30.3662 0.352547 0.702294 -0.297706 2.59415 -0.429285
30.3689 0.358887 0.702294 -0.297706 2.57892 -0.451965

30.3689 0.358887 0.696842 -0.303158 2.5789 -0.451948
30.3721 0.366211 0.696842 -0.303158 2.56126 -0.482008

30.3721 0.366211 0.691408 -0.308592 2.56126 -0.481982
30.3735 0.369478 0.691408 -0.308592 2.54859 -0.493528

30.3735 0.369456 0.691408 -0.308592 2.54869 -0.493511
30.3754 0.373535 0.691408 -0.308592 2.53917 -0.507451

30.3753 0.373535 0.685788 -0.314212 2.53915 -0.507413
30.3787 0.380859 0.685788 -0.314212 2.52723 -0.543653

30.3787 0.380859 0.680044 -0.319956 2.52722 -0.543637
30.3809 0.385445 0.680044 -0.319956 2.5133 -0.570234

30.3809 0.385425 0.680044 -0.319956 2.51343 -0.570207
30.3822 0.388184 0.680044 -0.319956 2.49989 -0.583003

30.3821 0.388184 0.674382 -0.325618 2.49987 -0.582951
30.3857 0.395508 0.674382 -0.325618 2.47553 -0.615933

30.3857 0.395508 0.668843 -0.331157 2.47553 -0.615927
30.3882 0.400554 0.668843 -0.331157 2.45421 -0.639381

30.3882 0.400535 0.668843 -0.331157 2.45434 -0.639361
30.3893 0.402832 0.668843 -0.331157 2.44079 -0.648108

30.3893 0.402832 0.663219 -0.336781 2.44076 -0.648053
30.393 0.410156 0.663219 -0.336781 2.41728 -0.686233

30.393 0.410156 0.657414 -0.342586 2.41728 -0.6862
30.3955 0.414916 0.657414 -0.342586 2.40081 -0.721064

30.3955 0.414894 0.657414 -0.342586 2.40098 -0.721033
30.3969 0.41748 0.657414 -0.342586 2.38718 -0.735399

30.3968 0.41748 0.651296 -0.348704 2.38714 -0.7353
30.4008 0.424805 0.651296 -0.348704 2.35499 -0.781489

30.4008 0.424805 0.645291 -0.354709 2.35498 -0.781421
30.4028 0.428576 0.645291 -0.354709 2.3359 -0.809142

30.4028 0.428536 0.645291 -0.354709 2.33623 -0.809056
30.4048 0.432129 0.645291 -0.354709 2.31509 -0.832983

30.4048 0.432129 0.639272 -0.360728 2.31501 -0.832842
30.4089 0.439453 0.639272 -0.360728 2.26299 -0.879227

30.4089 0.439453 0.63315 -0.36685 2.26298 -0.879044
30.4102 0.441615 0.63315 -0.36685 2.2428 -0.890743

30.4102 0.441559 0.633142 -0.366858 2.24335 -0.890757
30.4132 0.446777 0.633142 -0.366858 2.22516 -0.922752

30.4132 0.446777 0.626661 -0.373339 2.22506 -0.922627
30.4175 0.454026 0.626661 -0.373339 2.17329 -0.986839

30.4175 0.454018 0.631657 -0.368343 2.1734 -0.986837
30.4175 0.454102 0.631657 -0.368343 2.17237 -0.987406

30.4175 0.454102 0.619632 -0.380368 2.17236 -0.987384
30.422 0.461426 0.619632 -0.380368 2.12008 -1.04122

30.422 0.461426 0.613289 -0.386711 2.12006 -1.04108
30.4248 0.46585 0.613289 -0.386711 2.09705 -1.0891

30.4248 0.465803 0.613289 -0.386711 2.09764 -1.08903
30.4267 0.46875 0.613289 -0.386711 2.0688 -1.11597

30.4266 0.46875 0.606455 -0.393545 2.06868 -1.11564
30.4314 0.476074 0.606455 -0.393545 1.98403 -1.17006

30.4314 0.476074 0.607353 -0.392647 1.98404 -1.16969
30.4321 0.477268 0.607353 -0.392647 1.96738 -1.17688

30.4321 0.477163 0.599185 -0.400815 1.96884 -1.17707
30.4363 0.483398 0.599185 -0.400815 1.92585 -1.22672

30.4363 0.483398 0.592103 -0.407897 1.92582 -1.22616
30.4395 0.488013 0.592103 -0.407897 1.90189 -1.29433

30.4395 0.487951 0.593613 -0.406387 1.90279 -1.29432
30.4414 0.490723 0.593613 -0.406387 1.86869 -1.32682

30.4413 0.490723 0.583448 -0.416552 1.8686 -1.32627
30.4465 0.498047 0.583448 -0.416552 1.75541 -1.38616

30.4465 0.498047 0.580149 -0.419851 1.7555 -1.38523
30.4468 0.498459 0.580149 -0.419851 1.74769 -1.38816

30.4468 0.498333 0.574915 -0.425085 1.74995 -1.38851
30.452 0.505371 0.574915 -0.425085 1.65967 -1.45113

30.452 0.505371 0.573938 -0.426062 1.65968 -1.45061
30.4541 0.508262 0.573938 -0.426062 1.63346 -1.48831

30.4541 0.508126 0.567628 -0.432372 1.63464 -1.48861
30.4576 0.512695 0.567628 -0.432372 1.58044 -1.54042

30.4575 0.512695 0.559197 -0.440803 1.58045 -1.53949
30.4614 0.517635 0.559197 -0.440803 1.507 -1.5891

30.4614 0.517568 0.559755 -0.440245 1.50796 -1.58953
30.4634 0.52002 0.559755 -0.440245 1.46451 -1.61071

30.4633 0.52002 0.54776 -0.45224 1.46466 -1.61003
30.4688 0.526598 0.54776 -0.45224 1e+30 1e+30

