7.57386 0.46875 0.516618 -0.483382 0.985727 -1.49384
7.58057 0.475914 0.516618 -0.483382 0.919369 -1.52654

7.58057 0.475913 0.511658 -0.488342 0.919382 -1.52655
7.58072 0.476074 0.511658 -0.488342 0.917499 -1.52722

7.58071 0.476074 0.505542 -0.494458 0.91752 -1.52711
7.58787 0.483398 0.505542 -0.494458 0.814408 -1.54811

7.58778 0.483398 0.499903 -0.500097 0.814715 -1.54743
7.58789 0.483512 0.499903 -0.500097 0.812787 -1.54756

7.58789 0.483422 0.493872 -0.506128 0.814025 -1.5481
7.59521 0.490569 0.493872 -0.506128 0.69628 -1.55569

7.59521 0.490556 0.48727 -0.51273 0.696443 -1.55577
7.59539 0.490723 0.48727 -0.51273 0.693786 -1.55607

7.59539 0.490723 0.481829 -0.518171 0.6938 -1.55604
7.60254 0.497374 0.481829 -0.518171 0.598767 -1.57755

7.60254 0.497356 0.474153 -0.525847 0.598935 -1.57766
7.6033 0.498047 0.474153 -0.525847 0.590006 -1.5805

7.60329 0.498047 0.46942 -0.53058 0.590037 -1.5804
7.60986 0.503858 0.46942 -0.53058 0.508151 -1.60448

7.60986 0.503822 0.458927 -0.541073 0.508566 -1.60477
7.61169 0.505371 0.458927 -0.541073 0.483674 -1.60987

7.61165 0.505371 0.455976 -0.544024 0.48381 -1.60952
7.61719 0.51001 0.455976 -0.544024 0.398669 -1.60754

7.61719 0.509996 0.441379 -0.558621 0.398837 -1.60767
7.6206 0.512695 0.441379 -0.558621 0.348659 -1.60039

7.6205 0.512695 0.439928 -0.560072 0.349237 -1.59983
7.62451 0.51585 0.439928 -0.560072 0.290993 -1.59308

7.62451 0.515838 0.431216 -0.568784 0.291161 -1.59315
7.63003 0.52002 0.431216 -0.568784 0.219335 -1.57779

7.62992 0.52002 0.423988 -0.576012 0.219741 -1.57751
7.63184 0.521431 0.423988 -0.576012 0.195939 -1.57273

7.63184 0.521406 0.417946 -0.582054 0.19623 -1.5729
7.63916 0.526665 0.417946 -0.582054 0.105137 -1.56962

7.63916 0.526653 0.401909 -0.598091 0.105295 -1.56971
7.64019 0.527344 0.401909 -0.598091 0.092695 -1.57154

7.64016 0.527344 0.404334 -0.595666 0.0927954 -1.57137
7.64648 0.531636 0.404334 -0.595666 -0.00158085 -1.54893

7.64648 0.53161 0.390582 -0.609418 -0.00124456 -1.54919
7.65125 0.534668 0.390582 -0.609418 -0.0660852 -1.51116

7.65115 0.534668 0.38935 -0.61065 -0.0657718 -1.51118
7.65381 0.536361 0.38935 -0.61065 -0.0975997 -1.50033

7.65381 0.536327 0.376261 -0.623739 -0.0971303 -1.50053
7.66113 0.540746 0.376261 -0.623739 -0.184772 -1.48187

7.66113 0.540719 0.361778 -0.638222 -0.184387 -1.48206
7.66338 0.541992 0.361778 -0.638222 -0.211735 -1.479

7.66333 0.541992 0.361778 -0.638222 -0.211539 -1.47885
7.66846 0.5449 0.361778 -0.638222 -0.285247 -1.4423

7.66846 0.544894 0.347027 -0.652973 -0.28513 -1.44233
7.67578 0.548786 0.347027 -0.652973 -0.376933 -1.39328

7.67578 0.548776 0.331487 -0.668513 -0.376756 -1.39334
7.67687 0.549316 0.331487 -0.668513 -0.3892 -1.39104

7.67685 0.549316 0.331487 -0.668513 -0.389133 -1.39103
7.68311 0.552418 0.331487 -0.668513 -0.47537 -1.34084

7.68311 0.552415 0.315591 -0.684409 -0.475304 -1.34086
7.69043 0.555792 0.315591 -0.684409 -0.56049 -1.27206

7.69043 0.555776 0.299703 -0.700297 -0.560219 -1.27215
7.69245 0.556641 0.299703 -0.700297 -0.580109 -1.26424

7.69241 0.556641 0.299703 -0.700297 -0.579995 -1.26431
7.69775 0.558927 0.299703 -0.700297 -0.642945 -1.22567

7.69775 0.558926 0.283135 -0.716865 -0.642926 -1.22568
7.70508 0.561819 0.283135 -0.716865 -0.730986 -1.144

7.70508 0.561811 0.265573 -0.734427 -0.730845 -1.14405
7.71103 0.563965 0.265573 -0.734427 -0.791159 -1.08789

7.71095 0.563965 0.265573 -0.734427 -0.790869 -1.08824
7.7124 0.564489 0.265573 -0.734427 -0.806332 -1.08006

7.7124 0.564466 0.2474 -0.7526 -0.805871 -1.08014
7.71973 0.566873 0.2474 -0.7526 -0.889567 -1.0145

7.71973 0.566871 0.228614 -0.771386 -0.889506 -1.0145
7.72705 0.569041 0.228614 -0.771386 -0.962167 -0.906729

7.72705 0.56904 0.20957 -0.79043 -0.962138 -0.906739
7.73438 0.570982 0.20957 -0.79043 -1.02347 -0.826149

7.73438 0.57098 0.189898 -0.810102 -1.02344 -0.826156
7.73569 0.571289 0.189898 -0.810102 -1.03488 -0.816657

7.73569 0.571289 0.189898 -0.810102 -1.03486 -0.816702
7.7417 0.572699 0.189898 -0.810102 -1.09265 -0.749718

7.7417 0.5727 0.168963 -0.831037 -1.09268 -0.749713
7.74902 0.574189 0.168963 -0.831037 -1.16256 -0.645051

7.74902 0.574189 0.146637 -0.853363 -1.16255 -0.645051
7.75635 0.575447 0.146637 -0.853363 -1.2153 -0.5397

7.75635 0.575447 0.123247 -0.876753 -1.21529 -0.539704
7.76367 0.576476 0.123247 -0.876753 -1.25244 -0.438779

7.76367 0.576476 0.0987482 -0.901252 -1.25243 -0.438781
7.771 0.577279 0.0987482 -0.901252 -1.28884 -0.335127

7.771 0.577278 0.0730703 -0.92693 -1.28883 -0.33513
7.77832 0.577855 0.0730703 -0.92693 -1.32344 -0.223663

7.77832 0.577855 0.0462335 -0.953766 -1.32343 -0.223668
7.78564 0.57821 0.0462335 -0.953766 -1.35237 -0.106722

7.78564 0.578209 0.0181839 -0.981816 -1.35236 -0.106725
7.79297 0.578345 0.0181839 -0.981816 -1.37118 0.0103792

7.79297 0.578345 -0.0111388 -0.988861 -1.37118 0.0103793
7.80029 0.578262 -0.0111388 -0.988861 -1.37787 0.124125

7.80029 0.578263 -0.0396587 -0.960341 -1.37788 0.124125
7.80762 0.577961 -0.0396587 -0.960341 -1.375 0.234687

7.80762 0.577962 -0.0670828 -0.932917 -1.37501 0.234685
7.81494 0.577435 -0.0670828 -0.932917 -1.36643 0.344823

7.81494 0.577436 -0.0934602 -0.90654 -1.36644 0.344821
7.82227 0.576681 -0.0934602 -0.90654 -1.35371 0.457582

7.82227 0.576681 -0.118594 -0.881406 -1.35371 0.457582
7.82959 0.575696 -0.118594 -0.881406 -1.33763 0.575467

7.82959 0.575695 -0.142363 -0.857637 -1.33763 0.575468
7.83691 0.57448 -0.142363 -0.857637 -1.30814 0.698649

7.83691 0.57448 -0.164878 -0.835122 -1.30814 0.698649
7.84424 0.573034 -0.164878 -0.835122 -1.25316 0.815201

7.84424 0.573032 -0.185958 -0.814042 -1.25311 0.815199
7.85156 0.571359 -0.185958 -0.814042 -1.20408 0.90258

7.85889 0.569459 -0.206271 -0.793729 -1.1633 0.999575
7.85184 0.571289 -0.206271 -0.793729 -1.20248 0.905169

7.85889 0.569461 -0.22651 -0.77349 -1.16334 0.999563
7.86621 0.567316 -0.22651 -0.77349 -1.11037 1.12315

7.85156 0.57136 -0.206271 -0.793729 -1.20411 0.902578
7.85184 0.571289 -0.206271 -0.793729 -1.20248 0.905108

7.86621 0.567316 -0.246073 -0.753927 -1.11037 1.12315
7.87354 0.564926 -0.246073 -0.753927 -1.0426 1.19017

7.88086 0.562296 -0.264511 -0.735489 -0.991586 1.26294
7.87622 0.563965 -0.264511 -0.735489 -1.02531 1.20778

7.87354 0.564915 -0.264511 -0.735489 -1.04234 1.19016
7.87618 0.563965 -0.264511 -0.735489 -1.02521 1.20749

7.89551 0.556319 -0.299578 -0.700422 -0.838002 1.44496
7.89476 0.556641 -0.299578 -0.700422 -0.845679 1.44004

7.89551 0.556281 -0.316214 -0.683786 -0.837008 1.44502
7.90283 0.552894 -0.316214 -0.683786 -0.764919 1.54173

7.91016 0.549264 -0.332314 -0.667686 -0.667995 1.59343
7.91005 0.549316 -0.332314 -0.667686 -0.669012 1.59349

7.90283 0.55289 -0.332314 -0.667686 -0.764782 1.54172
7.91001 0.549316 -0.332314 -0.667686 -0.668913 1.59349

7.88086 0.562294 -0.282456 -0.717544 -0.991546 1.26295
7.88818 0.559411 -0.282456 -0.717544 -0.924832 1.37033

7.88818 0.559402 -0.299578 -0.700422 -0.924538 1.37032
7.89464 0.556641 -0.299578 -0.700422 -0.845585 1.43936

7.94678 0.526898 -0.40831 -0.59169 -0.236307 1.87734
7.94613 0.527344 -0.40831 -0.59169 -0.244934 1.87365

7.94678 0.526817 -0.423486 -0.576514 -0.234348 1.87742
7.9541 0.521437 -0.423486 -0.576514 -0.145966 1.90819

7.96875 0.509721 -0.449862 -0.550138 1e+30 1e+30
7.96511 0.512695 -0.449862 -0.550138 -0.00296214 1.96064

7.96143 0.515723 -0.438294 -0.561706 -0.0573873 1.94123
7.95592 0.52002 -0.438294 -0.561706 -0.123318 1.9119

7.9541 0.521393 -0.431672 -0.568328 -0.144942 1.90805
7.95591 0.52002 -0.431672 -0.568328 -0.123258 1.91185

7.96143 0.515647 -0.445543 -0.554457 -0.0554426 1.941
7.9651 0.512695 -0.445543 -0.554457 -0.00292845 1.9606

7.9248 0.541205 -0.364347 -0.635653 -0.507032 1.71289
7.92343 0.541992 -0.364347 -0.635653 -0.522489 1.70599

7.91016 0.549254 -0.348278 -0.651722 -0.667744 1.59341
7.91748 0.54534 -0.348278 -0.651722 -0.60306 1.64671

7.91748 0.545322 -0.364347 -0.635653 -0.602541 1.64668
7.92329 0.541992 -0.364347 -0.635653 -0.522181 1.70537

7.9248 0.541145 -0.38003 -0.61997 -0.50562 1.71297
7.93213 0.536656 -0.38003 -0.61997 -0.430957 1.75797

7.93945 0.531884 -0.395051 -0.604949 -0.342017 1.82117
7.93519 0.534668 -0.395051 -0.604949 -0.393944 1.77802

7.93213 0.536628 -0.39456 -0.60544 -0.43022 1.75789
7.93514 0.534668 -0.39456 -0.60544 -0.393666 1.77757

7.93945 0.531857 -0.408895 -0.591105 -0.341457 1.82125
7.94598 0.527344 -0.408895 -0.591105 -0.244425 1.87287

8.15852 0 -0.995989 -0.0040109 2.30122 0
8.15849 0.00732422 -0.995989 -0.0040109 2.31114 0.0324521

8.15849 0.00732422 -0.988361 -0.0116395 2.31115 0.0324538
8.1584 0.0146484 -0.988361 -0.0116395 2.3312 0.0702903

8.1584 0.0146484 -0.981261 -0.0187391 2.33121 0.0702914
8.15826 0.0219727 -0.981261 -0.0187391 2.34528 0.110017

8.15826 0.0219727 -0.97423 -0.0257696 2.34528 0.110016
8.15807 0.0292969 -0.97423 -0.0257696 1e+30 1e+30

