5.3733 0 0.994443 -0.00555658 2.14864 0
5.37334 0.00732422 0.994443 -0.00555658 2.14272 -0.0420918

5.37334 0.00732422 0.983534 -0.0164661 2.14272 -0.0420916
5.37347 0.0146484 0.983534 -0.0164661 2.13015 -0.0784344

5.37347 0.0146484 0.973047 -0.0269532 2.13016 -0.0784317
5.37367 0.0219727 0.973047 -0.0269532 2.11749 -0.106155

5.37367 0.0219727 0.96318 -0.0368204 2.1175 -0.106151
5.37395 0.0292969 0.96318 -0.0368204 2.10695 -0.128982

5.37395 0.0292969 0.953918 -0.0460816 2.10695 -0.12898
5.37431 0.0366211 0.953918 -0.0460816 2.09847 -0.152245

5.37431 0.0366211 0.944978 -0.0550224 2.09846 -0.152246
5.37473 0.0439453 0.944978 -0.0550224 2.09007 -0.171239

5.37473 0.0439453 0.935843 -0.0641572 2.09006 -0.17124
5.37523 0.0512695 0.935843 -0.0641572 2.08384 -0.185881

5.37523 0.0512695 0.926162 -0.0738382 2.08383 -0.185879
5.37581 0.0585938 0.926162 -0.0738382 2.0837 -0.201641

5.37581 0.0585938 0.916261 -0.0837392 2.0837 -0.20164
5.37598 0.0603648 0.916261 -0.0837392 2.08459 -0.20624

5.37598 0.0603629 0.916261 -0.0837392 2.08459 -0.206236
5.37648 0.065918 0.916261 -0.0837392 2.08348 -0.21886

5.37649 0.065918 0.907015 -0.0929851 2.08349 -0.218868
5.37724 0.0732422 0.907015 -0.0929851 2.07769 -0.233257

5.37724 0.0732422 0.898767 -0.101233 2.07769 -0.233264
5.37806 0.0805664 0.898767 -0.101233 2.07008 -0.244784

5.37806 0.0805664 0.890948 -0.109052 2.07008 -0.244783
5.37896 0.0878906 0.890948 -0.109052 2.06775 -0.257537

5.37896 0.0878906 0.883055 -0.116945 2.06774 -0.257535
5.37993 0.0952148 0.883055 -0.116945 2.06974 -0.269772

5.37993 0.0952148 0.875109 -0.124891 2.06974 -0.269772
5.38097 0.102539 0.875109 -0.124891 2.07281 -0.280283

5.38097 0.102539 0.867185 -0.132815 2.07281 -0.280283
5.3821 0.109863 0.867185 -0.132815 2.0637 -0.293455

5.38209 0.109863 0.859189 -0.140811 2.06369 -0.293457
5.3833 0.117188 0.859189 -0.140811 2.04175 -0.299028

5.38329 0.117188 0.851239 -0.148761 2.04174 -0.299037
5.3833 0.117232 0.851239 -0.148761 2.04162 -0.299029

5.3833 0.117218 0.851239 -0.148761 2.04166 -0.299022
5.38458 0.124512 0.851239 -0.148761 2.02627 -0.304666

5.38458 0.124512 0.843763 -0.156237 2.02628 -0.304661
5.38593 0.131836 0.843763 -0.156237 2.01987 -0.325817

5.38591 0.131836 0.832253 -0.167747 2.01976 -0.325791
5.38886 0.146484 0.832253 -0.167747 2.0033 -0.358281

5.38884 0.146484 0.81618 -0.18382 2.00322 -0.358249
5.39062 0.154398 0.81618 -0.18382 1.99205 -0.371509

5.39062 0.154423 0.811581 -0.188419 1.992 -0.371549
5.39218 0.161133 0.811581 -0.188419 1.9994 -0.387774

5.39218 0.161133 0.80417 -0.19583 1.99936 -0.387769
5.39396 0.168457 0.80417 -0.19583 2.00929 -0.418421

5.39396 0.168457 0.796052 -0.203948 2.0093 -0.418426
5.39584 0.175781 0.796052 -0.203948 1.98539 -0.440894

5.39584 0.175781 0.78846 -0.21154 1.98539 -0.440894
5.3978 0.183105 0.78846 -0.21154 1.96643 -0.447782

5.39781 0.183105 0.781801 -0.218199 1.96644 -0.447779
5.39795 0.183622 0.781801 -0.218199 1.96577 -0.448227

5.39795 0.183609 0.781801 -0.218199 1.9658 -0.44821
5.39985 0.19043 0.781801 -0.218199 1.95718 -0.46259

5.39984 0.19043 0.774669 -0.225331 1.95714 -0.462586
5.40197 0.197754 0.774669 -0.225331 1.94809 -0.489832

5.40198 0.197754 0.766441 -0.233559 1.94809 -0.489835
5.40421 0.205078 0.766441 -0.233559 1.942 -0.513187

5.40421 0.205078 0.759388 -0.240612 1.94201 -0.513195
5.40527 0.208435 0.759388 -0.240612 1.94141 -0.52192

5.40527 0.208417 0.759388 -0.240612 1.94144 -0.521889
5.40654 0.212402 0.759388 -0.240612 1.93138 -0.537367

5.40653 0.212402 0.752921 -0.247079 1.93135 -0.537352
5.40893 0.219727 0.752921 -0.247079 1.91524 -0.562546

5.40893 0.219727 0.745349 -0.254651 1.91521 -0.562531
5.41143 0.227051 0.745349 -0.254651 1.89818 -0.591085

5.41144 0.227051 0.737061 -0.262939 1.89821 -0.591133
5.4126 0.230294 0.737061 -0.262939 1.88935 -0.602789

5.4126 0.230344 0.737061 -0.262939 1.88913 -0.602878
5.41404 0.234375 0.737061 -0.262939 1.87194 -0.614702

5.41405 0.234375 0.729779 -0.270221 1.87201 -0.614768
5.41676 0.241699 0.729779 -0.270221 1.86201 -0.639383

5.41676 0.241699 0.723464 -0.276536 1.862 -0.639383
5.41956 0.249023 0.723464 -0.276536 1.83578 -0.647629

5.41953 0.249023 0.716939 -0.283061 1.83572 -0.647635
5.41992 0.250005 0.716939 -0.283061 1.82876 -0.647959

5.41992 0.249932 0.716939 -0.283061 1.82934 -0.647928
5.42245 0.256348 0.716939 -0.283061 1.79312 -0.64924

5.42245 0.256348 0.710023 -0.289977 1.79311 -0.649238
5.42544 0.263672 0.710023 -0.289977 1.782 -0.6691

5.42543 0.263672 0.702652 -0.297348 1.78195 -0.669042
5.42725 0.267968 0.702652 -0.297348 1.78626 -0.68615

5.42725 0.267912 0.702652 -0.297348 1.78655 -0.686063
5.42855 0.270996 0.702652 -0.297348 1.77635 -0.696028

5.42854 0.270996 0.695383 -0.304617 1.7763 -0.69598
5.43175 0.27832 0.695383 -0.304617 1.75934 -0.722053

5.43174 0.27832 0.688051 -0.311949 1.75932 -0.722028
5.43457 0.284555 0.688051 -0.311949 1.74028 -0.746651

5.43457 0.284544 0.688051 -0.311949 1.74036 -0.746637
5.43507 0.285645 0.688051 -0.311949 1.73405 -0.750512

5.43507 0.285645 0.680608 -0.319392 1.73404 -0.750499
5.4385 0.292969 0.680608 -0.319392 1.71114 -0.774025

5.4385 0.292969 0.673243 -0.326757 1.71113 -0.774012
5.44189 0.29996 0.673243 -0.326757 1.68529 -0.796779

5.44189 0.299956 0.673243 -0.326757 1.68533 -0.796776
5.44206 0.300293 0.673243 -0.326757 1.68319 -0.797968

5.44206 0.300293 0.665814 -0.334186 1.68319 -0.797958
5.44573 0.307617 0.665814 -0.334186 1.66406 -0.827579

5.44573 0.307617 0.658134 -0.341866 1.66404 -0.827558
5.44922 0.314342 0.658134 -0.341866 1.63569 -0.840105

5.44922 0.314277 0.654392 -0.345608 1.63603 -0.840048
5.45344 0.322266 0.654392 -0.345608 1.61754 -0.869168

5.45346 0.322266 0.64335 -0.35665 1.61765 -0.869261
5.45654 0.327824 0.64335 -0.35665 1.60332 -0.89153

5.45654 0.327805 0.64335 -0.35665 1.60353 -0.891479
5.45753 0.32959 0.64335 -0.35665 1.58888 -0.900354

5.45752 0.32959 0.635195 -0.364805 1.58882 -0.900308
5.46173 0.336914 0.635195 -0.364805 1.53448 -0.92683

5.46172 0.336914 0.627048 -0.372952 1.53445 -0.926816
5.46387 0.340526 0.627048 -0.372952 1.50643 -0.934242

5.46387 0.340492 0.627048 -0.372952 1.50676 -0.934208
5.4661 0.344238 0.627048 -0.372952 1.4929 -0.944561

5.46608 0.344238 0.619004 -0.380996 1.49285 -0.944522
5.47059 0.351562 0.619004 -0.380996 1.45436 -0.9732

5.47056 0.351562 0.61768 -0.38232 1.45424 -0.973029
5.47119 0.352583 0.61768 -0.38232 1.44701 -0.97783

5.47119 0.352491 0.611219 -0.388781 1.44788 -0.977711
5.47526 0.358887 0.611219 -0.388781 1.42904 -1.01389

5.47525 0.358887 0.603634 -0.396366 1.429 -1.01384
5.47852 0.363867 0.603634 -0.396366 1.39362 -1.02652

5.47852 0.363812 0.610533 -0.389467 1.39409 -1.02649
5.48005 0.366211 0.610533 -0.389467 1.3793 -1.03477

5.48001 0.366211 0.591067 -0.408933 1.37917 -1.03459
5.49014 0.380859 0.591067 -0.408933 1.29372 -1.08785

5.49018 0.380859 0.57947 -0.42053 1.29382 -1.08805
5.49316 0.384978 0.57947 -0.42053 1.27011 -1.10849

5.49316 0.384923 0.580171 -0.419829 1.27056 -1.10846
5.49552 0.388184 0.580171 -0.419829 1.25253 -1.12598

5.49551 0.388184 0.57031 -0.42969 1.25247 -1.12586
5.50049 0.394795 0.57031 -0.42969 1.19509 -1.1502

5.50049 0.394783 0.569752 -0.430248 1.19525 -1.15021
5.50104 0.395508 0.569752 -0.430248 1.18636 -1.15225

5.50102 0.395508 0.561221 -0.438779 1.18634 -1.15219
5.50675 0.402832 0.561221 -0.438779 1.11969 -1.17356

5.50671 0.402832 0.556967 -0.443033 1.11962 -1.17335
5.50781 0.404217 0.556967 -0.443033 1.10979 -1.1785

5.50781 0.404128 0.55224 -0.44776 1.11056 -1.17855
5.5127 0.410156 0.55224 -0.44776 1.06911 -1.20409

5.51268 0.410156 0.548023 -0.451977 1.06907 -1.2039
5.51514 0.41314 0.548023 -0.451977 1.04844 -1.22084

5.51514 0.413034 0.54498 -0.45502 1.04933 -1.22092
5.51885 0.41748 0.54498 -0.45502 1.00943 -1.24594

5.51886 0.41748 0.537885 -0.462115 1.00945 -1.24602
5.52246 0.421669 0.537885 -0.462115 0.968675 -1.2632

5.52246 0.421582 0.532538 -0.467462 0.969606 -1.2635
5.52529 0.424805 0.532538 -0.467462 0.933163 -1.27502

5.5253 0.424805 0.526551 -0.473449 0.933158 -1.27509
5.52979 0.429795 0.526551 -0.473449 0.878466 -1.27993

5.52979 0.42973 0.519586 -0.480414 0.879079 -1.28024
5.532 0.432129 0.519586 -0.480414 0.854025 -1.28081

5.53201 0.432129 0.514732 -0.485268 0.85402 -1.28083
5.53711 0.43754 0.514732 -0.485268 0.799409 -1.27247

5.53711 0.437504 0.508033 -0.491967 0.799617 -1.27256
5.539 0.439453 0.508033 -0.491967 0.789107 -1.27115

5.53899 0.439453 0.502735 -0.497265 0.789104 -1.27113
5.54443 0.444957 0.502735 -0.497265 0.753726 -1.29342

5.54443 0.444935 0.496837 -0.503163 0.753967 -1.29348
5.5463 0.446777 0.496837 -0.503163 0.734166 -1.30057

5.54626 0.446777 0.489995 -0.510005 0.734155 -1.30028
5.55176 0.452063 0.489995 -0.510005 0.673906 -1.31693

5.55176 0.452055 0.484325 -0.515675 0.67399 -1.31697
5.55394 0.454102 0.484325 -0.515675 0.650276 -1.32436

5.55388 0.454102 0.476869 -0.523131 0.650366 -1.32391
5.55908 0.458847 0.476869 -0.523131 0.593019 -1.33041

5.55908 0.45885 0.470571 -0.529429 0.592991 -1.33039
5.56198 0.461426 0.470571 -0.529429 0.56449 -1.33154

5.5619 0.461426 0.464148 -0.535852 0.564654 -1.33113
5.56641 0.465327 0.464148 -0.535852 0.519483 -1.3364

5.56641 0.465352 0.455869 -0.544131 0.519255 -1.33626
5.57046 0.46875 0.455869 -0.544131 1e+30 1e+30

