16.7388 0 0.984318 -0.0156821 2.69532 0
16.7393 0.0292969 0.984318 -0.0156821 2.69729 -0.0254315

16.7394 0.0292969 0.961806 -0.0381942 2.6974 -0.0254342
16.7399 0.0439453 0.961806 -0.0381942 2.69389 -0.0377956

16.7399 0.0439453 0.947723 -0.0522774 2.69389 -0.0377955
16.7407 0.0585938 0.947723 -0.0522774 2.68883 -0.0489519

16.7407 0.0585938 0.933716 -0.0662845 2.68883 -0.0489514
16.7418 0.0732422 0.933716 -0.0662845 2.68793 -0.060556

16.7418 0.0732422 0.919884 -0.0801161 2.68793 -0.0605551
16.7431 0.0878906 0.919884 -0.0801161 2.69215 -0.0721299

16.7431 0.0878906 0.905903 -0.0940971 2.69217 -0.0721409
16.7432 0.0888316 0.905903 -0.0940971 2.69281 -0.0728139

16.7432 0.0889842 0.905903 -0.0940971 2.69289 -0.0729068
16.7446 0.102539 0.905903 -0.0940971 2.70766 -0.0846621

16.7446 0.102539 0.89549 -0.10451 2.70772 -0.0846693
16.7454 0.109863 0.89549 -0.10451 2.7189 -0.0988477

16.7454 0.109863 0.889134 -0.110866 2.71889 -0.0988442
16.7464 0.117188 0.889134 -0.110866 2.71001 -0.118051

16.7464 0.117188 0.882482 -0.117518 2.71002 -0.118054
16.7473 0.124512 0.882482 -0.117518 2.69384 -0.124772

16.7473 0.124512 0.876758 -0.123242 2.69384 -0.124762
16.7484 0.131836 0.876758 -0.123242 2.69428 -0.123653

16.7484 0.131836 0.87095 -0.12905 2.69427 -0.123658
16.7494 0.13916 0.87095 -0.12905 2.69031 -0.12816

16.7494 0.13916 0.864221 -0.135779 2.69031 -0.12816
16.7505 0.145788 0.864221 -0.135779 2.68557 -0.133478

16.7505 0.145786 0.864221 -0.135779 2.68557 -0.133477
16.7506 0.146484 0.864221 -0.135779 2.68857 -0.132992

16.7506 0.146484 0.854822 -0.145178 2.68855 -0.132994
16.7531 0.161133 0.854822 -0.145178 2.68488 -0.14272

16.7531 0.161133 0.842703 -0.157297 2.68488 -0.142719
16.7558 0.175781 0.842703 -0.157297 2.6791 -0.15269

16.7558 0.175781 0.830414 -0.169586 2.67909 -0.152688
16.7578 0.185633 0.830414 -0.169586 2.67257 -0.155689

16.7578 0.185666 0.82719 -0.17281 2.67254 -0.155698
16.7588 0.19043 0.82719 -0.17281 2.66785 -0.155004

16.7588 0.19043 0.821188 -0.178812 2.66785 -0.155003
16.7604 0.197754 0.821188 -0.178812 2.66372 -0.155895

16.7604 0.197754 0.815194 -0.184806 2.66372 -0.155894
16.7621 0.205078 0.815194 -0.184806 2.66689 -0.162479

16.7621 0.205078 0.809473 -0.190527 2.6669 -0.16248
16.7638 0.212402 0.809473 -0.190527 2.66777 -0.172911

16.7638 0.212402 0.803906 -0.196094 2.66777 -0.17291
16.7651 0.217919 0.803906 -0.196094 2.66332 -0.179645

16.7651 0.217915 0.803906 -0.196094 2.66333 -0.179642
16.7656 0.219727 0.803906 -0.196094 2.66045 -0.181162

16.7656 0.219727 0.798288 -0.201712 2.66045 -0.181161
16.7674 0.227051 0.798288 -0.201712 2.65006 -0.187683

16.7674 0.227051 0.792529 -0.207471 2.65006 -0.187683
16.7693 0.234375 0.792529 -0.207471 2.64567 -0.204593

16.7693 0.234375 0.786728 -0.213272 2.64567 -0.204592
16.7713 0.241699 0.786728 -0.213272 2.64712 -0.229292

16.7713 0.241699 0.78112 -0.21888 2.64712 -0.229291
16.7725 0.245736 0.78112 -0.21888 2.64744 -0.241266

16.7725 0.245728 0.78112 -0.21888 2.64746 -0.241254
16.7734 0.249023 0.78112 -0.21888 2.64165 -0.249614

16.7734 0.249023 0.775764 -0.224236 2.64165 -0.249612
16.7755 0.256348 0.775764 -0.224236 2.6368 -0.269959

16.7755 0.256348 0.770404 -0.229596 2.6368 -0.269957
16.7777 0.263672 0.770404 -0.229596 2.62642 -0.290015

16.7777 0.263672 0.76475 -0.23525 2.62642 -0.290012
16.7798 0.270512 0.76475 -0.23525 2.61009 -0.301773

16.7798 0.270506 0.76475 -0.23525 2.61011 -0.301766
16.7799 0.270996 0.76475 -0.23525 2.60899 -0.302572

16.7799 0.270996 0.758834 -0.241166 2.60899 -0.302568
16.7823 0.27832 0.758834 -0.241166 2.59623 -0.313946

16.7823 0.27832 0.752811 -0.247189 2.59622 -0.313945
16.7847 0.285645 0.752811 -0.247189 2.58797 -0.329168

16.7847 0.285645 0.746966 -0.253034 2.58797 -0.329172
16.7871 0.292856 0.746966 -0.253034 2.57296 -0.345443

16.7871 0.292854 0.746966 -0.253034 2.57296 -0.34544
16.7871 0.292969 0.746966 -0.253034 2.57265 -0.345678

16.7871 0.292969 0.741615 -0.258385 2.57265 -0.345681
16.7897 0.300293 0.741615 -0.258385 2.56138 -0.362223

16.7897 0.300293 0.736359 -0.263641 2.56137 -0.36222
16.7923 0.307617 0.736359 -0.263641 2.55599 -0.385669

16.7923 0.307617 0.730873 -0.269127 2.55598 -0.385664
16.7944 0.313355 0.730873 -0.269127 2.54543 -0.403011

16.7944 0.31335 0.730873 -0.269127 2.54544 -0.403006
16.795 0.314941 0.730873 -0.269127 2.54236 -0.407004

16.795 0.314941 0.725203 -0.274797 2.54235 -0.406992
16.7978 0.322266 0.725203 -0.274797 1e+30 1e+30

