14.1797 0.584302 0.360769 -0.639231 -0.368751 -1.79585
14.1826 0.585938 0.360769 -0.639231 -0.428292 -1.78456

14.1825 0.585938 0.360769 -0.639231 -0.427629 -1.78429
14.187 0.588481 0.360769 -0.639231 -0.530888 -1.73358

14.187 0.588469 0.342189 -0.657811 -0.530597 -1.7337
14.1943 0.592279 0.342189 -0.657811 -0.678462 -1.65584

14.1943 0.592257 0.322608 -0.677392 -0.677957 -1.65607
14.1964 0.593262 0.322608 -0.677392 -0.716132 -1.64066

14.1964 0.593262 0.322608 -0.677392 -0.715802 -1.64077
14.2017 0.595767 0.322608 -0.677392 -0.822216 -1.57179

14.2017 0.595763 0.302371 -0.697629 -0.822121 -1.57182
14.209 0.598938 0.302371 -0.697629 -0.958633 -1.45997

14.209 0.598921 0.280932 -0.719068 -0.958234 -1.46014
14.2132 0.600586 0.280932 -0.719068 -1.02683 -1.40913

14.2132 0.600586 0.280932 -0.719068 -1.0262 -1.4097
14.2163 0.601816 0.280932 -0.719068 -1.08256 -1.38008

14.2163 0.601799 0.258204 -0.741796 -1.08211 -1.3802
14.2236 0.604348 0.258204 -0.741796 -1.21988 -1.27873

14.2236 0.604346 0.23399 -0.76601 -1.21982 -1.27877
14.231 0.606583 0.23399 -0.76601 -1.33657 -1.12939

14.231 0.606573 0.209329 -0.790671 -1.3363 -1.12951
14.236 0.60791 0.209329 -0.790671 -1.41369 -1.04117

14.2359 0.60791 0.209329 -0.790671 -1.41316 -1.04208
14.2383 0.60853 0.209329 -0.790671 -1.45104 -1.00606

14.2383 0.608519 0.183636 -0.816364 -1.45069 -1.00614
14.2456 0.610166 0.183636 -0.816364 -1.56668 -0.872231

14.2456 0.610167 0.155921 -0.844079 -1.5667 -0.872229
14.2529 0.61152 0.155921 -0.844079 -1.67601 -0.705826

14.2529 0.611521 0.125856 -0.874144 -1.67607 -0.705819
14.2603 0.612576 0.125856 -0.874144 -1.74072 -0.531781

14.2603 0.612577 0.0930204 -0.90698 -1.74073 -0.531772
14.2676 0.613328 0.0930204 -0.90698 -1.79479 -0.362371

14.2676 0.613328 0.0574566 -0.942543 -1.79479 -0.362373
14.2749 0.613774 0.0574566 -0.942543 -1.84036 -0.190288

14.2749 0.613773 0.019266 -0.980734 -1.84035 -0.190294
14.2822 0.613917 0.019266 -0.980734 -1.87369 -0.00678501

14.2822 0.613916 -0.0208127 -0.979187 -1.87368 -0.00678843
14.2896 0.613761 -0.0208127 -0.979187 -1.8892 0.189583

14.2896 0.613761 -0.0583725 -0.941627 -1.8892 0.189584
14.2969 0.613307 -0.0583725 -0.941627 -1.88468 0.391322

14.3848 0.582803 -0.378654 -0.621346 -0.810217 2.18982
14.3796 0.585938 -0.378654 -0.621346 -0.896697 2.0952

14.3921 0.578059 -0.395416 -0.604584 -0.624653 2.30509
14.3912 0.578613 -0.395416 -0.604584 -0.64368 2.29496

14.3848 0.58278 -0.397718 -0.602282 -0.809517 2.18995
14.3911 0.578613 -0.397718 -0.602282 -0.643176 2.29321

14.3921 0.57797 -0.416726 -0.583274 -0.621216 2.30528
14.3994 0.572738 -0.416726 -0.583274 -0.479493 2.35284

14.4067 0.56709 -0.435763 -0.564237 -0.346125 2.39561
14.4013 0.571289 -0.435763 -0.564237 -0.444528 2.35219

14.4141 0.561042 -0.453029 -0.546971 -0.18243 2.44903
14.4105 0.563965 -0.453029 -0.546971 -0.254324 2.42709

14.4067 0.567004 -0.447063 -0.552937 -0.342776 2.39513
14.4105 0.563965 -0.447063 -0.552937 -0.254177 2.42692

14.3994 0.572692 -0.427696 -0.572304 -0.477926 2.35256
14.4013 0.571289 -0.427696 -0.572304 -0.444451 2.35215

14.2969 0.613308 -0.0934433 -0.906557 -1.88471 0.39132
14.3042 0.612553 -0.0934433 -0.906557 -1.86474 0.589947

14.3042 0.612555 -0.126679 -0.873321 -1.86478 0.589937
14.3115 0.611493 -0.126679 -0.873321 -1.83573 0.785133

14.3115 0.611495 -0.158417 -0.841583 -1.83584 0.78514
14.3188 0.610116 -0.158417 -0.841583 -1.76389 0.959664

14.3188 0.610116 -0.18827 -0.81173 -1.76387 0.959662
14.3262 0.608417 -0.18827 -0.81173 -1.70401 1.09609

14.3335 0.6064 -0.21593 -0.78407 -1.65072 1.25277
14.328 0.60791 -0.21593 -0.78407 -1.69322 1.12609

14.3262 0.608417 -0.21593 -0.78407 -1.70399 1.09609
14.328 0.60791 -0.21593 -0.78407 -1.69322 1.12607

14.3335 0.606404 -0.242372 -0.757628 -1.65083 1.25275
14.3408 0.604061 -0.242372 -0.757628 -1.56623 1.47484

14.3555 0.598393 -0.29052 -0.70948 -1.32036 1.75269
14.3501 0.600586 -0.29052 -0.70948 -1.40183 1.63169

14.3408 0.604058 -0.267268 -0.732732 -1.56606 1.47482
14.3481 0.601386 -0.267268 -0.732732 -1.4302 1.60879

14.3481 0.601379 -0.29052 -0.70948 -1.42989 1.60878
14.3501 0.600586 -0.29052 -0.70948 -1.40173 1.63129

14.3555 0.598398 -0.313767 -0.686233 -1.32051 1.75265
14.3628 0.595049 -0.313767 -0.686233 -1.19048 1.88285

14.3701 0.591361 -0.336251 -0.663749 -1.05814 1.99038
14.3664 0.593262 -0.336251 -0.663749 -1.1301 1.9219

14.3628 0.59502 -0.336251 -0.663749 -1.18919 1.88278
14.3663 0.593262 -0.336251 -0.663749 -1.12958 1.92065

14.3701 0.591344 -0.357893 -0.642107 -1.05756 1.99049
14.3774 0.587262 -0.357893 -0.642107 -0.931669 2.08004

14.3774 0.587237 -0.377807 -0.622193 -0.930701 2.07991
14.3796 0.585938 -0.377807 -0.622193 -0.896381 2.09478

14.4727 0.493798 -0.594883 -0.405117 0.992989 2.39754
14.4698 0.498047 -0.594883 -0.405117 0.944649 2.4194

14.4507 0.523241 -0.548655 -0.451345 0.579157 2.48957
14.4473 0.527344 -0.548655 -0.451345 0.513754 2.50367

14.458 0.514103 -0.559784 -0.440216 0.718491 2.47365
14.4534 0.52002 -0.559784 -0.440216 0.622083 2.48481

14.4507 0.523262 -0.552884 -0.447116 0.578654 2.48972
14.4533 0.52002 -0.552884 -0.447116 0.622686 2.48449

14.4653 0.504325 -0.585876 -0.414124 0.880191 2.45006
14.4646 0.505371 -0.585876 -0.414124 0.865316 2.45617

14.4646 0.505371 -0.572799 -0.427201 0.865563 2.4562
14.4591 0.512695 -0.572799 -0.427201 0.743525 2.47425

14.4653 0.504266 -0.584595 -0.415405 0.881478 2.44978
14.4698 0.498047 -0.584595 -0.415405 0.944727 2.41943

14.458 0.514091 -0.56611 -0.43389 0.718777 2.4736
14.4591 0.512695 -0.56611 -0.43389 0.743794 2.47405

14.4214 0.554489 -0.476018 -0.523982 -0.0266761 2.47883
14.419 0.556641 -0.476018 -0.523982 -0.0763757 2.46761

14.4287 0.547452 -0.495397 -0.504603 0.127148 2.49853
14.4268 0.549316 -0.495397 -0.504603 0.0869484 2.49547

14.4214 0.554384 -0.485149 -0.514851 -0.0235982 2.47877
14.4268 0.549316 -0.485149 -0.514851 0.0872599 2.49531

14.436 0.53993 -0.513075 -0.486925 0.284347 2.50711
14.4341 0.541992 -0.513075 -0.486925 0.242109 2.50621

14.4434 0.531862 -0.531084 -0.468916 0.445855 2.50709
14.4409 0.534668 -0.531084 -0.468916 0.389361 2.51051

14.436 0.539897 -0.522029 -0.477971 0.285236 2.50703
14.4408 0.534668 -0.522029 -0.477971 0.389782 2.51044

14.4287 0.54739 -0.50431 -0.49569 0.1289 2.49843
14.434 0.541992 -0.50431 -0.49569 0.242545 2.50604

14.4141 0.560924 -0.467578 -0.532422 -0.178937 2.44925
14.4189 0.556641 -0.467578 -0.532422 -0.0759451 2.46719

14.4434 0.531856 -0.538089 -0.461911 0.446019 2.50708
14.4472 0.527344 -0.538089 -0.461911 0.514266 2.50375

14.48 0.482691 -0.62046 -0.37954 1.15673 2.36473
14.4795 0.483398 -0.62046 -0.37954 1.14279 2.36846

14.4873 0.470624 -0.625718 -0.374282 1.27806 2.28134
14.484 0.476074 -0.625718 -0.374282 1.22943 2.32434

14.48 0.482612 -0.616786 -0.383214 1.15876 2.36439
14.484 0.476074 -0.616786 -0.383214 1.22945 2.32435

14.4795 0.483398 -0.605968 -0.394032 1.14313 2.36852
14.4747 0.490723 -0.605968 -0.394032 1.02534 2.39189

14.4727 0.493774 -0.596162 -0.403838 0.993417 2.3974
14.4747 0.490723 -0.596162 -0.403838 1.02562 2.39175

14.4873 0.470608 -0.626277 -0.373723 1.27832 2.28125
14.4884 0.46875 -0.626277 -0.373723 1.29761 2.27271

14.5898 0.0761416 -0.947278 -0.0527221 2.62391 0.311896
14.5892 0.0878906 -0.947278 -0.0527221 2.61266 0.361198

14.5892 0.0878906 -0.932379 -0.0676211 2.61298 0.361206
14.5881 0.102539 -0.932379 -0.0676211 2.60123 0.421007

14.5881 0.102539 -0.92207 -0.0779297 2.60122 0.421006
14.5869 0.117188 -0.92207 -0.0779297 2.59398 0.481569

14.5921 0 -0.988911 -0.0110891 2.63256 0
14.5918 0.0292969 -0.988911 -0.0110891 2.63366 0.119241

14.5918 0.0292969 -0.967606 -0.0323936 2.63368 0.119241
14.5908 0.0585938 -0.967606 -0.0323936 2.62983 0.239188

14.5898 0.0760658 -0.947278 -0.0527221 2.62401 0.311588
14.5908 0.0585938 -0.947278 -0.0527221 2.62983 0.239189

14.5869 0.117188 -0.912015 -0.0879846 2.594 0.48157
14.5854 0.131836 -0.912015 -0.0879846 2.58735 0.545326

14.5854 0.131836 -0.902537 -0.0974633 2.58736 0.545327
14.5839 0.146484 -0.902537 -0.0974633 2.57966 0.610099

14.5839 0.146484 -0.893186 -0.106814 2.57964 0.610097
14.5821 0.161133 -0.893186 -0.106814 2.5713 0.676199

14.5821 0.161133 -0.883707 -0.116293 2.57129 0.676198
14.5802 0.175781 -0.883707 -0.116293 2.55439 0.741326

14.5802 0.175781 -0.873947 -0.126053 2.55437 0.741326
14.5781 0.19043 -0.873947 -0.126053 2.53613 0.807238

14.5781 0.19043 -0.866486 -0.133514 2.53622 0.80724
14.5769 0.197754 -0.866486 -0.133514 2.52865 0.840744

14.5769 0.197754 -0.861676 -0.138324 2.52866 0.840744
14.5758 0.205078 -0.861676 -0.138324 2.51114 0.874234

14.5752 0.208448 -0.853995 -0.146005 2.50319 0.890196
14.5733 0.219727 -0.853995 -0.146005 2.48253 0.942944

14.5733 0.219727 -0.84366 -0.15634 2.48255 0.942946
14.5706 0.234375 -0.84366 -0.15634 2.46116 1.01683

14.5752 0.208399 -0.853995 -0.146005 2.50337 0.889967
14.5758 0.205078 -0.853995 -0.146005 2.51104 0.874229

14.5605 0.280579 -0.805601 -0.194399 2.33456 1.25187
14.5593 0.285645 -0.805601 -0.194399 2.31736 1.27474

14.5593 0.285645 -0.800249 -0.199751 2.31735 1.27474
14.5575 0.292969 -0.800249 -0.199751 2.30558 1.31064

14.5679 0.247767 -0.830831 -0.169169 2.42965 1.08754
14.5676 0.249023 -0.830831 -0.169169 2.42612 1.09401

14.5705 0.234375 -0.836051 -0.163949 2.46126 1.01684
14.5691 0.241699 -0.836051 -0.163949 2.44607 1.05569

14.5679 0.24774 -0.830831 -0.169169 2.42977 1.08741
14.5691 0.241699 -0.830831 -0.169169 2.44608 1.05569

14.5676 0.249023 -0.82561 -0.17439 2.42615 1.09401
14.5661 0.256348 -0.82561 -0.17439 2.40968 1.1309

14.5661 0.256348 -0.82043 -0.17957 2.40968 1.1309
14.5645 0.263672 -0.82043 -0.17957 2.3978 1.16813

14.5645 0.263672 -0.815404 -0.184596 2.39781 1.16813
14.5628 0.270996 -0.815404 -0.184596 2.37799 1.20535

14.5628 0.270996 -0.810513 -0.189487 2.37799 1.20535
14.5611 0.27832 -0.810513 -0.189487 2.34581 1.24067

14.5605 0.280561 -0.805601 -0.194399 2.33468 1.25179
14.5611 0.27832 -0.805601 -0.194399 2.34583 1.24068

14.5575 0.292969 -0.79444 -0.20556 2.30558 1.31064
14.5556 0.300293 -0.79444 -0.20556 2.29501 1.34865

14.5556 0.300293 -0.788711 -0.211289 2.29502 1.34865
14.5536 0.307617 -0.788711 -0.211289 2.27061 1.38832

14.5532 0.309129 -0.783105 -0.216895 2.26464 1.39702
14.5516 0.314941 -0.783105 -0.216895 2.24519 1.42789

14.5516 0.314941 -0.777351 -0.222649 2.24519 1.42789
14.5495 0.322266 -0.777351 -0.222649 2.22505 1.46661

14.5532 0.309115 -0.783105 -0.216895 2.26473 1.39695
14.5536 0.307617 -0.783105 -0.216895 2.27063 1.38833

14.5459 0.334347 -0.765875 -0.234125 2.17989 1.53703
14.5451 0.336914 -0.765875 -0.234125 2.16602 1.55147

14.5451 0.336914 -0.760009 -0.239991 2.16607 1.55149
14.5428 0.344238 -0.760009 -0.239991 2.13497 1.594

14.5428 0.344238 -0.753769 -0.246231 2.13497 1.594
14.5404 0.351562 -0.753769 -0.246231 2.11009 1.63279

14.5495 0.322266 -0.77154 -0.22846 2.22505 1.46661
14.5473 0.32959 -0.77154 -0.22846 2.19993 1.50736

14.5459 0.334312 -0.765875 -0.234125 2.18018 1.53688
14.5473 0.32959 -0.765875 -0.234125 2.19997 1.50738

14.5386 0.357008 -0.747509 -0.252491 2.08756 1.66334
14.5379 0.358887 -0.747509 -0.252491 2.07745 1.67307

14.5379 0.358887 -0.741025 -0.258975 2.07751 1.67308
14.5354 0.366211 -0.741025 -0.258975 2.04465 1.71226

14.5386 0.356972 -0.747509 -0.252491 2.08787 1.66318
14.5404 0.351562 -0.747509 -0.252491 2.11012 1.63279

14.5354 0.366211 -0.734272 -0.265728 2.04465 1.71226
14.5327 0.373535 -0.734272 -0.265728 2.01258 1.75118

14.5312 0.377455 -0.72765 -0.27235 1.99567 1.77534
14.5327 0.373535 -0.72765 -0.27235 2.01264 1.75119

