8.50198 0 0.991505 -0.00849482 2.44353 0
8.5021 0.0146484 0.991505 -0.00849482 2.44119 -0.0248891

8.50212 0.0146484 0.978816 -0.0211838 2.44122 -0.0248943
8.50227 0.0219727 0.978816 -0.0211838 2.43793 -0.0388541

8.50228 0.0219727 0.969599 -0.0304014 2.43794 -0.0388551
8.5025 0.0292969 0.969599 -0.0304014 2.43595 -0.0538211

8.50251 0.0292969 0.961339 -0.0386609 2.43596 -0.0538288
8.5028 0.0366211 0.961339 -0.0386609 2.44184 -0.0731075

8.5028 0.0366211 0.953731 -0.0462685 2.44184 -0.0731058
8.50316 0.0439453 0.953731 -0.0462685 2.45058 -0.0950767

8.50316 0.0439453 0.94617 -0.0538303 2.45058 -0.0950771
8.50342 0.0485358 0.94617 -0.0538303 2.45356 -0.108646

8.50342 0.048537 0.94617 -0.0538303 2.45356 -0.108648
8.50357 0.0512695 0.94617 -0.0538303 2.45569 -0.115784

8.50357 0.0512695 0.938687 -0.0613126 2.45569 -0.115783
8.50405 0.0585938 0.938687 -0.0613126 2.44998 -0.127314

8.50403 0.0585938 0.926904 -0.0730961 2.44991 -0.12731
8.50519 0.0732422 0.926904 -0.0730961 2.44087 -0.152635

8.50519 0.0732422 0.911738 -0.0882618 2.44088 -0.152636
8.50661 0.0878906 0.911738 -0.0882618 2.43615 -0.178006

8.50661 0.0878906 0.897237 -0.102763 2.43615 -0.178006
8.50829 0.102539 0.897237 -0.102763 2.43242 -0.201141

8.50828 0.102539 0.882899 -0.117101 2.43241 -0.201137
8.51023 0.117188 0.882899 -0.117101 2.43903 -0.219986

8.51019 0.117188 0.867588 -0.132412 2.4389 -0.219948
8.51074 0.12079 0.867588 -0.132412 2.48655 -0.234994

8.51074 0.120587 0.871361 -0.128639 2.48533 -0.234736
8.51132 0.124512 0.871361 -0.128639 2.45034 -0.245426

8.51132 0.124512 0.862489 -0.137511 2.45032 -0.245413
8.51249 0.131836 0.862489 -0.137511 2.40791 -0.256228

8.51248 0.131836 0.856647 -0.143353 2.40792 -0.256221
8.51371 0.13916 0.856647 -0.143353 2.41461 -0.257339

8.51371 0.13916 0.850296 -0.149704 2.4146 -0.257337
8.515 0.146484 0.850296 -0.149704 2.41207 -0.262552

8.515 0.146484 0.843839 -0.156161 2.41207 -0.262552
8.51635 0.153809 0.843839 -0.156161 2.40821 -0.270552

8.51635 0.153809 0.83717 -0.16283 2.4082 -0.270554
8.51778 0.161133 0.83717 -0.16283 2.40192 -0.276751

8.51778 0.161133 0.830599 -0.169401 2.40192 -0.27675
8.51807 0.162545 0.830599 -0.169401 2.40071 -0.277012

8.51807 0.162542 0.830599 -0.169401 2.40071 -0.277011
8.51927 0.168457 0.830599 -0.169401 2.39785 -0.282331

8.51927 0.168457 0.824315 -0.175685 2.39785 -0.282331
8.52083 0.175781 0.824315 -0.175685 2.3907 -0.28859

8.52083 0.175781 0.817741 -0.182259 2.3907 -0.288592
8.52246 0.183105 0.817741 -0.182259 2.37878 -0.299806

8.52246 0.183105 0.810791 -0.189209 2.37878 -0.299801
8.52417 0.19043 0.810791 -0.189209 2.38118 -0.318878

8.52417 0.19043 0.804093 -0.195907 2.38118 -0.318884
8.52539 0.195424 0.804093 -0.195907 2.38441 -0.331071

8.52539 0.195421 0.804093 -0.195907 2.38442 -0.331065
8.52596 0.197754 0.804093 -0.195907 2.37981 -0.336185

8.52596 0.197754 0.797936 -0.202064 2.37981 -0.336184
8.52781 0.205078 0.797936 -0.202064 2.36977 -0.35159

8.52781 0.205078 0.791314 -0.208686 2.36976 -0.351583
8.52974 0.212402 0.791314 -0.208686 2.36798 -0.367605

8.52974 0.212402 0.784439 -0.215561 2.36798 -0.367617
8.53176 0.219727 0.784439 -0.215561 2.36257 -0.390065

8.53175 0.219727 0.777838 -0.222162 2.36257 -0.390045
8.53271 0.223096 0.777838 -0.222162 2.35775 -0.399908

8.53271 0.223079 0.777838 -0.222162 2.35779 -0.399889
8.53385 0.227051 0.777838 -0.222162 2.34666 -0.407555

8.53385 0.227051 0.771174 -0.228826 2.34665 -0.407543
8.53602 0.234375 0.771174 -0.228826 2.33384 -0.419471

8.53602 0.234375 0.764555 -0.235445 2.33384 -0.419471
8.53828 0.241699 0.764555 -0.235445 2.32731 -0.435051

8.53828 0.241699 0.758307 -0.241693 2.32731 -0.435051
8.54004 0.247233 0.758307 -0.241693 2.31832 -0.44976

8.54004 0.247196 0.761484 -0.238516 2.31839 -0.449711
8.54061 0.249023 0.761484 -0.238516 2.31656 -0.449636

8.54061 0.249023 0.752163 -0.247837 2.31656 -0.44963
8.54302 0.256348 0.752163 -0.247837 2.31012 -0.463239

8.54302 0.256348 0.745848 -0.254152 2.31012 -0.463238
8.54552 0.263672 0.745848 -0.254152 2.30725 -0.486746

8.54552 0.263672 0.739712 -0.260288 2.30725 -0.486744
8.54736 0.268915 0.739712 -0.260288 2.29628 -0.503803

8.54736 0.268904 0.739712 -0.260288 2.29633 -0.503786
8.5481 0.270996 0.739712 -0.260288 2.28941 -0.50966

8.5481 0.270996 0.733731 -0.266269 2.2894 -0.509648
8.55075 0.27832 0.733731 -0.266269 2.2755 -0.530542

8.55075 0.27832 0.727644 -0.272356 2.2755 -0.530538
8.55349 0.285645 0.727644 -0.272356 2.2601 -0.555321

8.55349 0.285645 0.721456 -0.278544 2.2601 -0.555301
8.55469 0.288746 0.721456 -0.278544 2.25051 -0.563997

8.55469 0.288727 0.721456 -0.278544 2.25059 -0.563976
8.55633 0.292969 0.721456 -0.278544 2.24202 -0.574388

8.55632 0.292969 0.715123 -0.284877 2.242 -0.574372
8.55924 0.300293 0.715123 -0.284877 2.23735 -0.603411

8.55924 0.300293 0.708668 -0.291332 2.23734 -0.603409
8.56201 0.30704 0.708668 -0.291332 2.2154 -0.637757

8.56201 0.307037 0.708668 -0.291332 2.21542 -0.637753
8.56225 0.307617 0.708668 -0.291332 2.21236 -0.640033

8.56225 0.307617 0.702503 -0.297497 2.21236 -0.640035
8.56535 0.314941 0.702503 -0.297497 2.1932 -0.665967

8.56535 0.314941 0.696391 -0.303609 2.19319 -0.665957
8.56854 0.322266 0.696391 -0.303609 2.17027 -0.692537

8.56853 0.322266 0.690156 -0.309844 2.17025 -0.692481
8.56934 0.324055 0.690156 -0.309844 2.16093 -0.698092

8.56934 0.324022 0.690156 -0.309844 2.16112 -0.698063
8.57184 0.32959 0.690156 -0.309844 2.14637 -0.715594

8.57183 0.32959 0.683768 -0.316232 2.14635 -0.715571
8.57522 0.336914 0.683768 -0.316232 2.13 -0.751762

8.57521 0.336914 0.677362 -0.322638 2.12998 -0.751702
8.57666 0.33996 0.677362 -0.322638 2.11742 -0.767417

8.57666 0.339928 0.677362 -0.322638 2.11759 -0.767368
8.57871 0.344238 0.677362 -0.322638 2.10462 -0.78685

8.5787 0.344238 0.670858 -0.329142 2.10458 -0.786798
8.5823 0.351562 0.670858 -0.329142 2.07869 -0.823477

8.58229 0.351562 0.664449 -0.335551 2.07867 -0.823428
8.58398 0.354917 0.664449 -0.335551 2.06064 -0.840883

8.58398 0.354882 0.664449 -0.335551 2.06088 -0.84082
8.58601 0.358887 0.664449 -0.335551 2.04212 -0.859017

8.58599 0.358887 0.657928 -0.342072 2.04206 -0.858951
8.5898 0.366211 0.657928 -0.342072 2.00448 -0.89213

8.58979 0.366211 0.651112 -0.348888 2.00445 -0.892066
8.59131 0.369042 0.651112 -0.348888 1.98531 -0.903292

8.59131 0.369007 0.651112 -0.348888 1.98559 -0.903266
8.59373 0.373535 0.651112 -0.348888 1.97071 -0.923242

8.59372 0.373535 0.644037 -0.355963 1.97065 -0.92319
8.59777 0.380859 0.644037 -0.355963 1.93427 -0.966838

8.59775 0.380859 0.63715 -0.36285 1.9342 -0.966672
8.59863 0.382412 0.63715 -0.36285 1.92204 -0.974895

8.59863 0.382355 0.63686 -0.36314 1.92258 -0.97483
8.60196 0.388184 0.63686 -0.36314 1.90108 -1.00652

8.60195 0.388184 0.629728 -0.370272 1.90101 -1.00646
8.60596 0.395005 0.629728 -0.370272 1.84888 -1.04995

8.60596 0.394995 0.632275 -0.367725 1.84901 -1.04994
8.60626 0.395508 0.632275 -0.367725 1.84321 -1.05189

8.60625 0.395508 0.622406 -0.377594 1.8432 -1.05187
8.6107 0.402832 0.622406 -0.377594 1.78813 -1.08273

8.61069 0.402832 0.615351 -0.384649 1.78811 -1.08265
8.61328 0.406982 0.615351 -0.384649 1.76316 -1.10719

8.61328 0.406944 0.615351 -0.384649 1.76349 -1.10714
8.61529 0.410156 0.615351 -0.384649 1.74487 -1.12455

8.61527 0.410156 0.607698 -0.392302 1.74477 -1.12442
8.62 0.41748 0.607698 -0.392302 1.68964 -1.16937

8.61997 0.41748 0.607666 -0.392334 1.68958 -1.16913
8.62061 0.418468 0.607666 -0.392334 1.67958 -1.17479

8.62061 0.418384 0.599432 -0.400568 1.68054 -1.17478
8.6249 0.424805 0.599432 -0.400568 1.6361 -1.21294

8.62488 0.424805 0.591723 -0.408277 1.63607 -1.21276
8.62793 0.429224 0.591723 -0.408277 1.60707 -1.24949

8.62793 0.42917 0.592752 -0.407248 1.60768 -1.24945
8.62996 0.432129 0.592752 -0.407248 1.58191 -1.27134

8.62993 0.432129 0.58338 -0.41662 1.5818 -1.27107
8.63517 0.439453 0.58338 -0.41662 1.495 -1.30966

8.6351 0.439453 0.580018 -0.419982 1.49498 -1.30913
8.63525 0.439666 0.580018 -0.419982 1.4917 -1.31003

8.63525 0.439563 0.574656 -0.425344 1.4933 -1.3102
8.64059 0.446777 0.574656 -0.425344 1.41961 -1.34994

8.64058 0.446777 0.572658 -0.427342 1.41959 -1.34976
8.64258 0.449456 0.572658 -0.427342 1.40228 -1.37258

8.64258 0.449352 0.566266 -0.433734 1.40305 -1.37269
8.64622 0.454102 0.566266 -0.433734 1.36496 -1.41265

8.64619 0.454102 0.558351 -0.441649 1.3649 -1.41229
8.6499 0.458799 0.558351 -0.441649 1.3188 -1.45566

8.6499 0.458727 0.558632 -0.441368 1.31983 -1.45588
8.65203 0.461426 0.558632 -0.441368 1.28061 -1.4773

8.652 0.461426 0.546946 -0.453054 1.28063 -1.47688
8.65723 0.46773 0.546946 -0.453054 1.18878 -1.50234

8.65723 0.467708 0.544448 -0.455552 1.18909 -1.50246
8.6581 0.46875 0.544448 -0.455552 1e+30 1e+30

