22.8642 0 0.997495 -0.0025046 2.77255 0
22.8643 0.00732422 0.997495 -0.0025046 2.77813 -0.00621012

22.8643 0.00732422 0.991365 -0.008635 2.77812 -0.00620191
22.8643 0.0146484 0.991365 -0.008635 2.77807 -0.0205694

22.8643 0.0146484 0.983103 -0.0168973 2.77806 -0.0205722
22.8644 0.0219727 0.983103 -0.0168973 2.75866 -0.0249949

22.8644 0.0219727 0.973871 -0.0261288 2.75866 -0.0249956
22.8646 0.0292969 0.973871 -0.0261288 2.73375 -0.0213614

22.8646 0.0292969 0.965142 -0.0348581 2.73375 -0.0213566
22.8649 0.0366211 0.965142 -0.0348581 2.7185 -0.0178031

22.8649 0.0366211 0.957296 -0.0427043 2.7185 -0.0178007
22.8652 0.0439453 0.957296 -0.0427043 2.71575 -0.0172335

22.8652 0.0439453 0.950481 -0.0495186 2.71576 -0.0172333
22.8656 0.0512695 0.950481 -0.0495186 2.71943 -0.0210286

22.8656 0.0512695 0.943266 -0.0567336 2.71943 -0.0210265
22.8661 0.0585938 0.943266 -0.0567336 2.72087 -0.0275554

22.866 0.0585938 0.936257 -0.0637431 2.72087 -0.0275511
22.8662 0.06097 0.936257 -0.0637431 2.72005 -0.032049

22.8662 0.0608303 0.933587 -0.0664128 2.72005 -0.0319308
22.8671 0.0732422 0.933587 -0.0664128 2.72334 -0.0428125

22.8671 0.0732422 0.920091 -0.0799088 2.72332 -0.0428096
22.8684 0.0878906 0.920091 -0.0799088 2.71885 -0.0539653

22.8684 0.0878906 0.909405 -0.0905946 2.71888 -0.0539758
22.8691 0.0952148 0.909405 -0.0905946 2.71027 -0.0563747

22.8691 0.0952148 0.903192 -0.0968079 2.71027 -0.0563742
22.8699 0.102539 0.903192 -0.0968079 2.72065 -0.058279

22.8699 0.102539 0.896598 -0.103402 2.72065 -0.058278
22.8707 0.109863 0.896598 -0.103402 2.73686 -0.0686556

22.8707 0.109863 0.889946 -0.110054 2.73686 -0.0686553
22.8716 0.117188 0.889946 -0.110054 2.73294 -0.07693

22.8716 0.117188 0.883263 -0.116737 2.73294 -0.0769301
22.8726 0.124512 0.883263 -0.116737 2.72911 -0.0812276

22.8726 0.124512 0.877577 -0.122423 2.72911 -0.0812242
22.8735 0.131153 0.877577 -0.122423 2.72767 -0.08687

22.8735 0.131154 0.877577 -0.122423 2.72767 -0.0868708
22.8736 0.131836 0.877577 -0.122423 2.72675 -0.0874169

22.8736 0.131836 0.868228 -0.131772 2.72672 -0.0873945
22.8758 0.146484 0.868228 -0.131772 2.7182 -0.0982625

22.8758 0.146484 0.855704 -0.144296 2.7182 -0.0982627
22.8783 0.161133 0.855704 -0.144296 2.70645 -0.102345

22.8783 0.161133 0.846647 -0.153353 2.70647 -0.102367
22.8796 0.168457 0.846647 -0.153353 2.70998 -0.105693

22.8796 0.168457 0.840649 -0.159351 2.70998 -0.105688
22.8809 0.174875 0.840649 -0.159351 2.71235 -0.111544

22.8809 0.174875 0.840649 -0.159351 2.71235 -0.111544
22.881 0.175781 0.840649 -0.159351 2.71019 -0.112239

22.881 0.175781 0.834675 -0.165325 2.71019 -0.112243
22.8825 0.183105 0.834675 -0.165325 2.69837 -0.116128

22.8825 0.183105 0.829245 -0.170755 2.69837 -0.116129
22.884 0.19043 0.829245 -0.170755 2.70842 -0.120623

22.884 0.19043 0.823618 -0.176382 2.70842 -0.120619
22.8856 0.197754 0.823618 -0.176382 2.72002 -0.136353

22.8856 0.197754 0.817556 -0.182444 2.72002 -0.136346
22.8872 0.205078 0.817556 -0.182444 2.71311 -0.154532

22.8872 0.205078 0.808597 -0.191403 2.71308 -0.154501
22.8906 0.219727 0.808597 -0.191403 2.69845 -0.174998

22.8907 0.219727 0.799907 -0.200093 2.69848 -0.175034
22.8925 0.227051 0.799907 -0.200093 2.68344 -0.181081

22.8925 0.227051 0.794576 -0.205424 2.68345 -0.181085
22.8944 0.234375 0.794576 -0.205424 2.6896 -0.202001

22.8944 0.234375 0.787533 -0.212467 2.68946 -0.201838
22.8955 0.238615 0.787533 -0.212467 2.70578 -0.219047

22.8955 0.238498 0.787533 -0.212467 2.70662 -0.219122
22.8964 0.241699 0.787533 -0.212467 2.68545 -0.221727

22.8964 0.241699 0.780697 -0.219303 2.68544 -0.221694
22.8984 0.249023 0.780697 -0.219303 2.6543 -0.22204

22.8984 0.249023 0.775567 -0.224433 2.6543 -0.222035
22.9005 0.256348 0.775567 -0.224433 2.65855 -0.225528

22.9005 0.256348 0.770124 -0.229876 2.65855 -0.225528
22.9027 0.263672 0.770124 -0.229876 2.65138 -0.233473

22.9027 0.263672 0.764761 -0.235239 2.65137 -0.23347
22.9028 0.264023 0.764761 -0.235239 2.65111 -0.233758

22.9028 0.264015 0.764761 -0.235239 2.65112 -0.233755
22.905 0.270996 0.764761 -0.235239 2.64874 -0.23993

22.905 0.270996 0.759436 -0.240564 2.64874 -0.239929
22.9073 0.27832 0.759436 -0.240564 2.64918 -0.251982

22.9073 0.27832 0.75421 -0.24579 2.64918 -0.251984
22.9097 0.285645 0.75421 -0.24579 2.64179 -0.266992

22.9097 0.285645 0.749096 -0.250904 2.64178 -0.266979
22.9102 0.28706 0.749096 -0.250904 2.63985 -0.26911

22.9102 0.287046 0.749096 -0.250904 2.63988 -0.269103
22.9121 0.292969 0.749096 -0.250904 2.63645 -0.279147

22.9121 0.292969 0.743686 -0.256314 2.63644 -0.279141
22.9147 0.300293 0.743686 -0.256314 2.63781 -0.301069

22.9147 0.300293 0.738049 -0.261951 2.63781 -0.30107
22.9173 0.307617 0.738049 -0.261951 2.62737 -0.328567

22.9173 0.307617 0.732716 -0.267284 2.62736 -0.328529
22.9175 0.308238 0.732716 -0.267284 2.62601 -0.330529

22.9175 0.308213 0.732716 -0.267284 2.62608 -0.330499
22.9199 0.314941 0.732716 -0.267284 2.61929 -0.349802

22.9199 0.314941 0.727313 -0.272687 2.61928 -0.349788
22.9227 0.322266 0.727313 -0.272687 2.61242 -0.372662

22.9227 0.322266 0.721819 -0.278181 2.61242 -0.372664
22.9248 0.327783 0.721819 -0.278181 2.59859 -0.388569

22.9248 0.327775 0.721819 -0.278181 2.59862 -0.388559
22.9255 0.32959 0.721819 -0.278181 2.59294 -0.393345

22.9255 0.32959 0.716388 -0.283612 2.59294 -0.393331
22.9284 0.336914 0.716388 -0.283612 2.58184 -0.413432

22.9284 0.336914 0.710599 -0.289401 2.58183 -0.413426
22.9314 0.344238 0.710599 -0.289401 2.56464 -0.445975

22.9314 0.344238 0.704785 -0.295215 2.56462 -0.445932
22.9321 0.346042 0.704785 -0.295215 2.55795 -0.45298

22.9321 0.346015 0.704785 -0.295215 2.55807 -0.452939
22.9345 0.351562 0.704785 -0.295215 2.54392 -0.471373

22.9344 0.351562 0.699061 -0.300939 2.54391 -0.471356
22.9376 0.358887 0.699061 -0.300939 2.52504 -0.49659

22.9376 0.358887 0.693582 -0.306418 2.52503 -0.496584
22.9395 0.363079 0.693582 -0.306418 2.50985 -0.509829

22.9395 0.363062 0.693582 -0.306418 2.50994 -0.509808
22.9408 0.366211 0.693582 -0.306418 2.49795 -0.519132

22.9408 0.366211 0.68818 -0.31182 2.49793 -0.519106
22.9442 0.373535 0.68818 -0.31182 2.48256 -0.547198

22.9442 0.373535 0.682595 -0.317405 2.48256 -0.54719
22.9468 0.379174 0.682595 -0.317405 2.46803 -0.573772

22.9468 0.379164 0.682595 -0.317405 2.46808 -0.57376
22.9476 0.380859 0.682595 -0.317405 2.46186 -0.58014

22.9476 0.380859 0.676978 -0.323022 2.46185 -0.580112
22.9511 0.388184 0.676978 -0.323022 2.44776 -0.611053

22.9511 0.388184 0.671405 -0.328595 2.44777 -0.611053
22.9541 0.394407 0.671405 -0.328595 2.4219 -0.645384

22.9541 0.394398 0.671405 -0.328595 2.42197 -0.645372
22.9546 0.395508 0.671405 -0.328595 2.41427 -0.650278

22.9546 0.395508 0.666002 -0.333998 2.41426 -0.650255
22.9583 0.402832 0.666002 -0.333998 2.38867 -0.683815

22.9583 0.402832 0.660548 -0.339452 2.38866 -0.683794
22.9614 0.408891 0.660548 -0.339452 2.36446 -0.720957

22.9614 0.40888 0.660548 -0.339452 2.36453 -0.720949
22.9621 0.410156 0.660548 -0.339452 2.35724 -0.726599

22.9621 0.410156 0.654636 -0.345364 2.35722 -0.72654
22.9659 0.41748 0.654636 -0.345364 2.3371 -0.769216

22.9659 0.41748 0.648463 -0.351537 2.3371 -0.769168
22.9688 0.422675 0.648463 -0.351537 2.31642 -0.815236

22.9688 0.422651 0.648463 -0.351537 2.31666 -0.815203
22.9699 0.424805 0.648463 -0.351537 2.29914 -0.829122

22.9699 0.424805 0.642099 -0.357901 2.2991 -0.829004
22.974 0.432129 0.642099 -0.357901 2.25347 -0.873577

22.974 0.432129 0.636025 -0.363975 2.25345 -0.873492
22.9761 0.435789 0.636025 -0.363975 2.23203 -0.898202

22.9761 0.435745 0.636025 -0.363975 2.23234 -0.898165
22.9782 0.439453 0.636025 -0.363975 2.20792 -0.921663

22.9782 0.439453 0.629609 -0.370391 2.20782 -0.921497
22.9825 0.446777 0.629609 -0.370391 2.14867 -0.97093

22.9825 0.446777 0.62449 -0.37551 2.14865 -0.970688
22.9834 0.448338 0.62449 -0.37551 2.13249 -0.980143

22.9834 0.448269 0.622746 -0.377254 2.13326 -0.980149
22.9869 0.454102 0.622746 -0.377254 2.10946 -1.01813

22.9869 0.454102 0.615945 -0.384055 2.10937 -1.01802
22.9907 0.460204 0.615945 -0.384055 2.06899 -1.08277

22.9907 0.460176 0.618546 -0.381454 2.06939 -1.08275
22.9915 0.461426 0.618546 -0.381454 2.05309 -1.0926

22.9915 0.461426 0.608681 -0.391319 2.05307 -1.0925
22.9962 0.46875 0.608681 -0.391319 1e+30 1e+30

