37.5 0.423334 -0.73011 -0.26989 2.0208 2.04793
37.4995 0.424805 -0.73011 -0.26989 2.00959 2.05703

37.4994 0.424805 -0.723099 -0.276901 2.00972 2.05705
37.4966 0.432129 -0.723099 -0.276901 1.96318 2.10706

37.4966 0.432129 -0.715731 -0.284269 1.96317 2.10705
37.4937 0.439453 -0.715731 -0.284269 1.91355 2.14848

37.4854 0.45917 -0.692462 -0.307538 1.75858 2.27395
37.4843 0.461426 -0.692462 -0.307538 1.73588 2.2877

37.4843 0.461426 -0.684204 -0.315796 1.73601 2.28769
37.481 0.46875 -0.684204 -0.315796 1.67089 2.34013

37.4927 0.442028 -0.708295 -0.291705 1.89554 2.16559
37.4907 0.446777 -0.708295 -0.291705 1.85877 2.1975

37.4907 0.446777 -0.700529 -0.299471 1.85877 2.1975
37.4876 0.454102 -0.700529 -0.299471 1.79773 2.24418

37.4927 0.442005 -0.708295 -0.291705 1.89581 2.16542
37.4937 0.439453 -0.708295 -0.291705 1.91362 2.14847

37.4854 0.459125 -0.692462 -0.307538 1.75929 2.27367
37.4876 0.454102 -0.692462 -0.307538 1.7978 2.24416

37.0631 0.46875 0.603732 -0.396268 2.0833 -1.06732
37.0679 0.476071 0.603732 -0.396268 2.00964 -1.13055

37.0678 0.476074 0.602784 -0.397216 2.00958 -1.12993
37.0679 0.476152 0.602784 -0.397216 2.00848 -1.13046

37.0679 0.476061 0.606344 -0.393656 2.00978 -1.13057
37.0679 0.476074 0.606344 -0.393656 2.0096 -1.13065

37.0679 0.476074 0.596106 -0.403894 2.0096 -1.13059
37.0728 0.483398 0.596106 -0.403894 1.9424 -1.1901

37.0728 0.483398 0.590193 -0.409807 1.94238 -1.18974
37.0752 0.486823 0.590193 -0.409807 1.92444 -1.23368

37.0752 0.486741 0.589063 -0.410937 1.92495 -1.2337
37.078 0.490723 0.589063 -0.410937 1.89502 -1.28233

37.0779 0.490723 0.581355 -0.418645 1.89484 -1.28172
37.0825 0.49709 0.581355 -0.418645 1.80595 -1.34646

37.0825 0.497057 0.582792 -0.417208 1.80663 -1.34655
37.0832 0.498047 0.582792 -0.417208 1.78519 -1.35434

37.0832 0.498047 0.5729 -0.4271 1.78521 -1.35412
37.0887 0.505371 0.5729 -0.4271 1.67805 -1.41304

37.0886 0.505371 0.570429 -0.429571 1.67808 -1.4122
37.0898 0.506988 0.570429 -0.429571 1.66373 -1.42905

37.0898 0.506864 0.565277 -0.434723 1.66477 -1.42941
37.0943 0.512695 0.565277 -0.434723 1.61649 -1.49587

37.0943 0.512695 0.562114 -0.437886 1.61656 -1.49513
37.0972 0.516382 0.562114 -0.437886 1.58295 -1.54695

37.0972 0.516249 0.559736 -0.440264 1.58414 -1.54749
37.1001 0.52002 0.559736 -0.440264 1.52104 -1.5902

37.1001 0.52002 0.547532 -0.452468 1.52111 -1.5897
37.1045 0.525322 0.547532 -0.452468 1.43055 -1.62806

37.1045 0.525266 0.545858 -0.454142 1.43133 -1.62853
37.1062 0.527344 0.545858 -0.454142 1.39307 -1.64149

37.1062 0.527344 0.536834 -0.463166 1.39323 -1.64099
37.1118 0.533862 0.536834 -0.463166 1.2895 -1.66939

37.1118 0.533853 0.533931 -0.466069 1.28955 -1.66947
37.1125 0.534668 0.533931 -0.466069 1.28123 -1.67374

37.1125 0.534668 0.527042 -0.472958 1.28136 -1.67334
37.1191 0.541992 0.527042 -0.472958 1.18769 -1.72692

37.119 0.541992 0.521788 -0.478212 1.18836 -1.72488
37.1191 0.542186 0.521788 -0.478212 1.18542 -1.72629

37.1191 0.542082 0.515332 -0.484668 1.18643 -1.72726
37.1259 0.549316 0.515332 -0.484668 1.06803 -1.78243

37.1259 0.549316 0.508557 -0.491443 1.06849 -1.78104
37.1265 0.549936 0.508557 -0.491443 1.05783 -1.78612

37.1265 0.549844 0.50213 -0.49787 1.05889 -1.78694
37.1332 0.556641 0.50213 -0.49787 0.917738 -1.83611

37.1331 0.556641 0.49491 -0.50509 0.918729 -1.83412
37.1338 0.557336 0.49491 -0.50509 0.9012 -1.83844

37.1338 0.557204 0.488328 -0.511672 0.903448 -1.83978
37.1409 0.563965 0.488328 -0.511672 0.734041 -1.8674

37.1407 0.563965 0.482425 -0.517575 0.735464 -1.86522
37.1411 0.564331 0.482425 -0.517575 0.726394 -1.86639

37.1411 0.564209 0.475403 -0.524597 0.728195 -1.86787
37.1484 0.570847 0.475403 -0.524597 0.575917 -1.90009

37.1484 0.570833 0.466288 -0.533712 0.57607 -1.90026
37.149 0.571289 0.466288 -0.533712 0.566635 -1.90288

37.1489 0.571289 0.460544 -0.539456 0.56674 -1.90268
37.1558 0.577107 0.460544 -0.539456 0.434804 -1.94954

37.1558 0.577066 0.446376 -0.553624 0.435443 -1.9501
37.1577 0.578613 0.446376 -0.553624 0.394718 -1.964

37.1576 0.578613 0.444369 -0.555631 0.395129 -1.96315
37.1631 0.582974 0.444369 -0.555631 0.26554 -1.9727

37.1631 0.582928 0.428644 -0.571356 0.266384 -1.97342
37.1671 0.585938 0.428644 -0.571356 0.169162 -1.96453

37.167 0.585938 0.42452 -0.57548 0.170595 -1.96378
37.1704 0.58848 0.42452 -0.57548 0.0857606 -1.94845

37.1704 0.588458 0.413094 -0.586906 0.0861785 -1.94875
37.1772 0.593262 0.413094 -0.586906 -0.0698032 -1.92448

37.1771 0.593262 0.403626 -0.596374 -0.0685062 -1.9235
37.1777 0.593695 0.403626 -0.596374 -0.0815536 -1.92228

37.1777 0.593625 0.395594 -0.604406 -0.0803903 -1.9232
37.1851 0.598418 0.395594 -0.604406 -0.243874 -1.89769

37.1851 0.59838 0.377331 -0.622669 -0.243078 -1.89828
37.1887 0.600586 0.377331 -0.622669 -0.324833 -1.87223

37.1886 0.600586 0.377331 -0.622669 -0.323843 -1.87202
37.1924 0.602879 0.377331 -0.622669 -0.406771 -1.84456

37.1924 0.602855 0.358101 -0.641899 -0.406312 -1.84485
37.1997 0.606941 0.358101 -0.641899 -0.568423 -1.80989

37.1997 0.606918 0.337415 -0.662585 -0.567819 -1.81019
37.2017 0.60791 0.337415 -0.662585 -0.611627 -1.80525

37.2016 0.60791 0.337415 -0.662585 -0.611149 -1.80504
37.207 0.610674 0.337415 -0.662585 -0.75054 -1.7359

37.207 0.610666 0.316024 -0.683976 -0.750314 -1.73599
37.2144 0.61405 0.316024 -0.683976 -0.921852 -1.62762

37.2144 0.614024 0.294369 -0.705631 -0.921168 -1.62794
37.2173 0.615234 0.294369 -0.705631 -0.979908 -1.59901

37.2172 0.615234 0.294369 -0.705631 -0.979263 -1.59934
37.2217 0.617109 0.294369 -0.705631 -1.08048 -1.53695

37.2217 0.617107 0.271147 -0.728853 -1.0804 -1.53697
37.229 0.619831 0.271147 -0.728853 -1.24382 -1.39068

37.229 0.619829 0.245317 -0.754683 -1.24376 -1.39071
37.2363 0.62221 0.245317 -0.754683 -1.38256 -1.26579

37.2363 0.622204 0.218228 -0.781772 -1.38239 -1.26584
37.2376 0.622559 0.218228 -0.781772 -1.40557 -1.25422

37.2376 0.622559 0.218228 -0.781772 -1.4054 -1.25433
37.2437 0.624254 0.218228 -0.781772 -1.52855 -1.15794

37.2437 0.624254 0.18919 -0.81081 -1.52857 -1.15793
37.251 0.625963 0.18919 -0.81081 -1.68578 -0.989101

37.251 0.625962 0.157935 -0.842065 -1.68572 -0.98911
37.2583 0.627335 0.157935 -0.842065 -1.80485 -0.775774

37.2583 0.627335 0.124535 -0.875465 -1.80485 -0.77578
37.2656 0.628377 0.124535 -0.875465 -1.89924 -0.554957

37.2656 0.628377 0.0883357 -0.911664 -1.89925 -0.55495
37.2729 0.629087 0.0883357 -0.911664 -1.97522 -0.342542

37.2729 0.629088 0.0486179 -0.951382 -1.97525 -0.342531
37.2803 0.629462 0.0486179 -0.951382 -2.03504 -0.138991

37.2803 0.629463 0.00472113 -0.995279 -2.03506 -0.138982
37.2876 0.629498 0.00472113 -0.995279 -2.07626 0.0664483

37.2876 0.629499 -0.0404307 -0.959569 -2.07628 0.0664527
37.2949 0.62919 -0.0404307 -0.959569 -2.09491 0.282557

37.2949 0.629191 -0.0820279 -0.917972 -2.09492 0.282558
37.3022 0.628536 -0.0820279 -0.917972 -2.09044 0.512146

37.3022 0.628537 -0.120313 -0.879687 -2.09045 0.512146
37.3096 0.627535 -0.120313 -0.879687 -2.06686 0.759165

37.3096 0.627537 -0.155939 -0.844061 -2.06691 0.759158
37.3169 0.626184 -0.155939 -0.844061 -2.02639 1.02393

37.3169 0.626186 -0.189608 -0.810392 -2.02657 1.02394
37.3242 0.624473 -0.189608 -0.810392 -1.91122 1.24577

37.3535 0.613841 -0.30822 -0.69178 -1.44556 1.97583
37.3504 0.615234 -0.30822 -0.69178 -1.50979 1.89553

37.3315 0.622413 -0.221009 -0.778991 -1.81377 1.41035
37.331 0.622559 -0.221009 -0.778991 -1.81931 1.40091

37.3242 0.62447 -0.221009 -0.778991 -1.9111 1.24577
37.331 0.622559 -0.221009 -0.778991 -1.81929 1.39962

37.3315 0.622404 -0.251504 -0.748496 -1.81341 1.41037
37.3389 0.619943 -0.251504 -0.748496 -1.72738 1.61839

37.3389 0.619943 -0.281102 -0.718898 -1.72737 1.6184
37.3462 0.617079 -0.281102 -0.718898 -1.59035 1.81344

37.3462 0.617057 -0.30822 -0.69178 -1.58916 1.81336
37.3503 0.615234 -0.30822 -0.69178 -1.5101 1.89306

37.3535 0.61382 -0.333915 -0.666085 -1.44471 1.97596
37.3608 0.610148 -0.333915 -0.666085 -1.29078 2.15224

37.3682 0.606093 -0.358288 -0.641712 -1.09145 2.31612
37.3649 0.60791 -0.358288 -0.641712 -1.1823 2.23715

37.3608 0.610118 -0.358288 -0.641712 -1.28898 2.15212
37.3648 0.60791 -0.358288 -0.641712 -1.18263 2.23484

37.3828 0.596548 -0.405899 -0.594101 -0.788915 2.49642
37.3769 0.600586 -0.405899 -0.594101 -0.903426 2.40417

37.3682 0.60607 -0.382036 -0.617964 -1.09039 2.31631
37.3755 0.601542 -0.382036 -0.617964 -0.929577 2.40357

37.3755 0.601513 -0.39553 -0.60447 -0.928393 2.40335
37.3769 0.600586 -0.39553 -0.60447 -0.903447 2.40418

37.3975 0.585148 -0.456518 -0.543482 -0.374918 2.67153
37.3965 0.585938 -0.456518 -0.543482 -0.399255 2.66249

37.3975 0.585061 -0.471011 -0.528989 -0.371431 2.67128
37.4047 0.578613 -0.471011 -0.528989 -0.181113 2.72635

37.4048 0.578552 -0.491732 -0.508268 -0.179465 2.72693
37.4121 0.571466 -0.491732 -0.508268 0.0238056 2.76123

37.4268 0.555476 -0.542169 -0.457831 0.422686 2.77349
37.4258 0.556641 -0.542169 -0.457831 0.395469 2.77501

37.4414 0.536705 -0.575936 -0.424064 0.772553 2.72558
37.4375 0.541992 -0.575936 -0.424064 0.673581 2.74575

37.4341 0.54641 -0.563726 -0.436274 0.606411 2.75396
37.4318 0.549316 -0.563726 -0.436274 0.548666 2.76494

37.4268 0.555401 -0.546524 -0.453476 0.425189 2.77303
37.4318 0.549316 -0.546524 -0.453476 0.548946 2.76488

37.4341 0.546388 -0.563508 -0.436492 0.607043 2.75384
37.4375 0.541992 -0.563508 -0.436492 0.674019 2.74548

37.4194 0.563845 -0.522029 -0.477971 0.221823 2.7738
37.4193 0.563965 -0.522029 -0.477971 0.218972 2.77372

37.4193 0.563965 -0.511388 -0.488612 0.219594 2.77329
37.4123 0.571289 -0.511388 -0.488612 0.0291156 2.76152

37.4194 0.563757 -0.529717 -0.470283 0.224846 2.7732
37.4258 0.556641 -0.529717 -0.470283 0.395742 2.77487

37.4121 0.571421 -0.501938 -0.498062 0.0255773 2.76093
37.4122 0.571289 -0.501938 -0.498062 0.0294495 2.76123

37.4707 0.489343 -0.656781 -0.343219 1.46676 2.46479
37.47 0.490723 -0.656781 -0.343219 1.44851 2.47285

37.47 0.490723 -0.646875 -0.353125 1.4488 2.47282
37.466 0.498047 -0.646875 -0.353125 1.36661 2.52764

37.4487 0.52624 -0.607039 -0.392961 0.979121 2.69643
37.448 0.527344 -0.607039 -0.392961 0.958046 2.70375

37.4561 0.514851 -0.613796 -0.386204 1.12233 2.62163
37.4528 0.52002 -0.613796 -0.386204 1.05408 2.65741

37.4487 0.526185 -0.602638 -0.397362 0.980654 2.69604
37.4528 0.52002 -0.602638 -0.397362 1.05414 2.65742

37.4634 0.502609 -0.636779 -0.363221 1.32913 2.56386
37.4618 0.505371 -0.636779 -0.363221 1.28167 2.58523

37.4618 0.505371 -0.625469 -0.374531 1.28174 2.58524
37.4574 0.512695 -0.625469 -0.374531 1.15473 2.61582

37.4634 0.502556 -0.636779 -0.363221 1.33042 2.56352
37.466 0.498047 -0.636779 -0.363221 1.36677 2.52762

37.4561 0.514831 -0.615184 -0.384816 1.12277 2.62149
37.4574 0.512695 -0.615184 -0.384816 1.15498 2.61567

37.478 0.474905 -0.675603 -0.324397 1.61881 2.37724
37.4775 0.476074 -0.675603 -0.324397 1.60436 2.38448

37.4774 0.476074 -0.666447 -0.333553 1.60459 2.38447
37.4738 0.483398 -0.666447 -0.333553 1.52413 2.43515

37.478 0.474848 -0.675603 -0.324397 1.61985 2.37687
37.481 0.46875 -0.675603 -0.324397 1.67093 2.34012

37.4707 0.489282 -0.656781 -0.343219 1.46796 2.46439
37.4738 0.483398 -0.656781 -0.343219 1.52419 2.43513

37.448 0.527344 -0.589844 -0.410156 0.958405 2.70373
37.4429 0.534668 -0.589844 -0.410156 0.811009 2.72637

37.4414 0.536701 -0.584013 -0.415987 0.772647 2.72556
37.4429 0.534668 -0.584013 -0.415987 0.811556 2.7259

37.3901 0.591114 -0.426751 -0.573249 -0.566773 2.60924
37.3873 0.593262 -0.426751 -0.573249 -0.642353 2.57685

37.3828 0.596501 -0.427624 -0.572376 -0.78634 2.49613
37.3871 0.593262 -0.427624 -0.572376 -0.641951 2.57586

37.3901 0.591034 -0.450241 -0.549759 -0.563534 2.60943
37.3964 0.585938 -0.450241 -0.549759 -0.398 2.66054

37.5639 0 -0.997781 -0.00221873 2.79471 0
37.5639 0.00732422 -0.997781 -0.00221873 2.79315 0.0263929

37.5639 0.00732422 -0.9936 -0.00640036 2.79316 0.0263926
37.5638 0.0146484 -0.9936 -0.00640036 2.78836 0.0527756

37.5638 0.0146484 -0.986724 -0.0132763 2.78829 0.0527804
37.5636 0.0292969 -0.986724 -0.0132763 2.78207 0.106972

37.5636 0.0292969 -0.978055 -0.0219449 2.7821 0.10697
37.5633 0.0439453 -0.978055 -0.0219449 2.77623 0.162993

37.5633 0.0439453 -0.969944 -0.0300556 2.77622 0.162993
37.5629 0.0585938 -0.969944 -0.0300556 2.7689 0.218553

37.5629 0.0585938 -0.957678 -0.0423222 2.76866 0.218566
37.5616 0.0878906 -0.957678 -0.0423222 2.75252 0.333124

37.5616 0.0878906 -0.945706 -0.0542943 2.75276 0.333107
37.5607 0.102539 -0.945706 -0.0542943 2.74555 0.392287

37.5607 0.102539 -0.937755 -0.062245 2.74554 0.392288
37.5597 0.117188 -0.937755 -0.062245 2.74012 0.45412

37.5586 0.132361 -0.921462 -0.0785379 2.73313 0.519177
37.5574 0.146484 -0.921462 -0.0785379 2.72574 0.580216

37.5574 0.146484 -0.913403 -0.0865973 2.72574 0.580216
37.556 0.161133 -0.913403 -0.0865973 2.71413 0.644455

37.556 0.161133 -0.905228 -0.094772 2.71411 0.644455
37.5545 0.175781 -0.905228 -0.094772 2.69818 0.708715

37.5545 0.175781 -0.897007 -0.102993 2.69818 0.708715
37.5528 0.19043 -0.897007 -0.102993 2.6853 0.774304

37.5528 0.19043 -0.888861 -0.111139 2.6853 0.774304
37.551 0.205078 -0.888861 -0.111139 2.66719 0.842406

37.5509 0.205078 -0.882831 -0.117169 2.66729 0.8424
37.55 0.212402 -0.882831 -0.117169 2.65829 0.878438

37.55 0.212402 -0.878642 -0.121358 2.65828 0.878439
37.549 0.219727 -0.878642 -0.121358 2.6517 0.914518

37.549 0.219727 -0.87411 -0.12589 2.6517 0.914518
37.5479 0.227051 -0.87411 -0.12589 2.64149 0.950519

37.5479 0.227051 -0.869784 -0.130216 2.6415 0.950519
37.5468 0.234375 -0.869784 -0.130216 2.6285 0.985821

37.5597 0.117188 -0.929603 -0.0703974 2.74012 0.45412
37.5586 0.131836 -0.929603 -0.0703974 2.73335 0.516916

37.5586 0.132342 -0.921462 -0.0785379 2.73315 0.519094
37.5586 0.131836 -0.921462 -0.0785379 2.73336 0.516916

37.5439 0.252317 -0.856567 -0.143433 2.59263 1.07317
37.5433 0.256348 -0.856567 -0.143433 2.58755 1.09382

37.5433 0.256348 -0.851838 -0.148162 2.58755 1.09383
37.542 0.263672 -0.851838 -0.148162 2.57892 1.13296

37.5468 0.234375 -0.865546 -0.134454 2.62849 0.985821
37.5457 0.241699 -0.865546 -0.134454 2.61347 1.02038

37.5457 0.241699 -0.861147 -0.138853 2.61347 1.02038
37.5445 0.249023 -0.861147 -0.138853 2.59792 1.05612

37.5439 0.252304 -0.856567 -0.143433 2.59267 1.0731
37.5445 0.249023 -0.856567 -0.143433 2.59792 1.05612

37.542 0.263672 -0.847104 -0.152896 2.57892 1.13296
37.5407 0.270996 -0.847104 -0.152896 2.56825 1.17293

37.5407 0.270996 -0.842481 -0.157519 2.56826 1.17293
37.5393 0.27832 -0.842481 -0.157519 2.55069 1.20959

37.5366 0.291996 -0.833265 -0.166735 2.51283 1.27664
37.5364 0.292969 -0.833265 -0.166735 2.51069 1.28145

37.5393 0.27832 -0.837921 -0.162079 2.55068 1.20959
37.5379 0.285645 -0.837921 -0.162079 2.52915 1.24505

37.5366 0.291974 -0.833265 -0.166735 2.51292 1.27653
37.5379 0.285645 -0.833265 -0.166735 2.52915 1.24505

37.5293 0.325315 -0.808452 -0.191548 2.42736 1.45148
37.5283 0.32959 -0.808452 -0.191548 2.41291 1.47415

37.5283 0.32959 -0.803218 -0.196782 2.4129 1.47415
37.5265 0.336914 -0.803218 -0.196782 2.39599 1.51595

37.5265 0.336914 -0.797552 -0.202448 2.39598 1.51595
37.5246 0.344238 -0.797552 -0.202448 2.37988 1.55983

37.5246 0.344238 -0.791965 -0.208035 2.37988 1.55983
37.5227 0.351562 -0.791965 -0.208035 2.35072 1.60484

37.5364 0.292969 -0.82825 -0.17175 2.51071 1.28145
37.5349 0.300293 -0.82825 -0.17175 2.49997 1.31882

37.5349 0.300293 -0.822994 -0.177006 2.49997 1.31882
37.5333 0.307617 -0.822994 -0.177006 2.49145 1.35823

37.5333 0.307617 -0.817974 -0.182026 2.49146 1.35823
37.5317 0.314941 -0.817974 -0.182026 2.46922 1.39714

37.5317 0.314941 -0.813218 -0.186782 2.46922 1.39714
37.53 0.322266 -0.813218 -0.186782 2.43879 1.43491

37.5293 0.325296 -0.808452 -0.191548 2.42748 1.45138
37.53 0.322266 -0.808452 -0.191548 2.43881 1.43491

37.5146 0.379867 -0.769008 -0.230992 2.2386 1.77581
37.5144 0.380859 -0.769008 -0.230992 2.23292 1.78184

37.522 0.354276 -0.78656 -0.21344 2.33934 1.62275
37.5207 0.358887 -0.78656 -0.21344 2.31999 1.65031

37.5207 0.358887 -0.78093 -0.21907 2.31999 1.65031
37.5187 0.366211 -0.78093 -0.21907 2.29432 1.69468

37.522 0.354255 -0.78656 -0.21344 2.33948 1.62262
37.5227 0.351562 -0.78656 -0.21344 2.35076 1.60484

37.5187 0.366211 -0.774941 -0.225059 2.29431 1.69468
37.5165 0.373535 -0.774941 -0.225059 2.26822 1.73699

37.5146 0.379826 -0.769008 -0.230992 2.23897 1.77559
37.5165 0.373535 -0.769008 -0.230992 2.26825 1.73699

37.5143 0.380859 -0.763045 -0.236955 2.23302 1.78186
37.5121 0.388184 -0.763045 -0.236955 2.19839 1.8272

37.5121 0.388184 -0.756816 -0.243184 2.19838 1.8272
37.5097 0.395508 -0.756816 -0.243184 2.16643 1.87059

37.5073 0.402743 -0.750515 -0.249485 2.12781 1.91368
37.5073 0.402832 -0.750515 -0.249485 2.1273 1.91425

37.5073 0.402832 -0.744034 -0.255966 2.12744 1.91427
37.5048 0.410156 -0.744034 -0.255966 2.0927 1.96344

37.5073 0.402697 -0.750515 -0.249485 2.12825 1.9134
37.5097 0.395508 -0.750515 -0.249485 2.16643 1.87059

37.5048 0.410156 -0.737095 -0.262905 2.09267 1.96343
37.5022 0.41748 -0.737095 -0.262905 2.056 2.01054

37.5 0.423289 -0.73011 -0.26989 2.02135 2.04767
37.5021 0.41748 -0.73011 -0.26989 2.05605 2.01054

