35.2726 0 0.996186 -0.00381429 2.75557 0
35.2726 0.00732422 0.996186 -0.00381429 2.75508 -0.00120546

35.2726 0.00732422 0.989177 -0.0108225 2.75508 -0.00120609
35.2727 0.0146484 0.989177 -0.0108225 2.75427 -0.00771915

35.2727 0.0146484 0.97766 -0.0223398 2.75426 -0.00772387
35.273 0.0292969 0.97766 -0.0223398 2.74888 -0.0174913

35.273 0.0292969 0.962287 -0.037713 2.74885 -0.0174965
35.2734 0.0407647 0.962287 -0.037713 2.74341 -0.0238972

35.2734 0.0392787 0.955915 -0.044085 2.74397 -0.0230282
35.2743 0.0585938 0.955915 -0.044085 2.74508 -0.0355536

35.2744 0.0585938 0.935378 -0.064622 2.74511 -0.0355556
35.2754 0.0732422 0.935378 -0.064622 2.74195 -0.0471965

35.2754 0.0732422 0.920018 -0.0799818 2.74197 -0.0472003
35.2767 0.0878906 0.920018 -0.0799818 2.73154 -0.0567441

35.2767 0.0878906 0.909999 -0.0900009 2.73155 -0.0567529
35.2774 0.0952148 0.909999 -0.0900009 2.72976 -0.0601474

35.2774 0.0952148 0.903752 -0.0962482 2.72976 -0.0601473
35.2782 0.102539 0.903752 -0.0962482 2.73393 -0.0656688

35.2782 0.102539 0.893819 -0.106181 2.73391 -0.0656525
35.2799 0.117188 0.893819 -0.106181 2.73757 -0.0719407

35.2798 0.117188 0.87508 -0.12492 2.73752 -0.071895
35.284 0.146484 0.87508 -0.12492 2.73749 -0.0850361

35.2841 0.146484 0.857181 -0.142819 2.73754 -0.0851075
35.2865 0.161133 0.857181 -0.142819 2.74085 -0.091542

35.2865 0.161133 0.848139 -0.151861 2.74086 -0.0915482
35.2878 0.168457 0.848139 -0.151861 2.73978 -0.0947722

35.2878 0.168457 0.841485 -0.158515 2.73978 -0.094776
35.2881 0.169737 0.841485 -0.158515 2.7383 -0.0952332

35.2881 0.169743 0.841485 -0.158515 2.73829 -0.0952346
35.2892 0.175781 0.841485 -0.158515 2.72642 -0.0963538

35.2892 0.175781 0.836046 -0.163954 2.72642 -0.0963542
35.2907 0.183105 0.836046 -0.163954 2.71428 -0.0943829

35.2907 0.183105 0.830351 -0.169649 2.71428 -0.0943822
35.2922 0.19043 0.830351 -0.169649 2.7212 -0.101275

35.2921 0.19043 0.821424 -0.178576 2.72119 -0.101258
35.2953 0.205078 0.821424 -0.178576 2.72429 -0.114271

35.2953 0.205078 0.812656 -0.187344 2.7243 -0.114293
35.2954 0.205395 0.812656 -0.187344 2.7242 -0.114607

35.2954 0.20539 0.812656 -0.187344 2.7242 -0.114604
35.297 0.212402 0.812656 -0.187344 2.72235 -0.119187

35.297 0.212402 0.806716 -0.193284 2.72235 -0.119187
35.2988 0.219727 0.806716 -0.193284 2.72057 -0.123752

35.2988 0.219727 0.800927 -0.199073 2.72057 -0.123753
35.3006 0.227051 0.800927 -0.199073 2.71436 -0.125771

35.3006 0.227051 0.795406 -0.204594 2.71436 -0.125772
35.3025 0.234375 0.795406 -0.204594 2.70595 -0.126401

35.3025 0.234375 0.789985 -0.210015 2.70595 -0.1264
35.3027 0.235313 0.789985 -0.210015 2.70535 -0.126433

35.3027 0.235307 0.789985 -0.210015 2.70535 -0.126434
35.3044 0.241699 0.789985 -0.210015 2.70517 -0.128915

35.3044 0.241699 0.784162 -0.215838 2.70516 -0.128915
35.3064 0.249023 0.784162 -0.215838 2.70633 -0.137265

35.3064 0.249023 0.778003 -0.221997 2.70633 -0.137262
35.3085 0.256348 0.778003 -0.221997 2.69868 -0.156845

35.3085 0.256348 0.772124 -0.227876 2.69868 -0.156848
35.3101 0.2615 0.772124 -0.227876 2.692 -0.166359

35.3101 0.261494 0.772124 -0.227876 2.69202 -0.166352
35.3107 0.263672 0.772124 -0.227876 2.68843 -0.169916

35.3107 0.263672 0.766801 -0.233199 2.68843 -0.169916
35.3129 0.270996 0.766801 -0.233199 2.68216 -0.182641

35.3129 0.270996 0.761585 -0.238415 2.68216 -0.182639
35.3152 0.27832 0.761585 -0.238415 2.68105 -0.20215

35.3152 0.27832 0.756206 -0.243794 2.68105 -0.202149
35.3174 0.285028 0.756206 -0.243794 2.67841 -0.217401

35.3174 0.285029 0.756206 -0.243794 2.67841 -0.217401
35.3176 0.285645 0.756206 -0.243794 2.67798 -0.218621

35.3176 0.285645 0.750854 -0.249146 2.67798 -0.218621
35.32 0.292969 0.750854 -0.249146 2.67793 -0.232753

35.32 0.292969 0.745417 -0.254583 2.67793 -0.232749
35.3225 0.300293 0.745417 -0.254583 2.67553 -0.250772

35.3225 0.300293 0.739946 -0.260054 2.67553 -0.250773
35.3247 0.306537 0.739946 -0.260054 2.66065 -0.264455

35.3247 0.306534 0.739946 -0.260054 2.66066 -0.264452
35.3251 0.307617 0.739946 -0.260054 2.65704 -0.266403

35.3251 0.307617 0.734589 -0.265411 2.65704 -0.2664
35.3277 0.314941 0.734589 -0.265411 2.64212 -0.279727

35.3277 0.314941 0.729025 -0.270975 2.64212 -0.279723
35.3305 0.322266 0.729025 -0.270975 2.63256 -0.302183

35.3305 0.322266 0.723334 -0.276666 2.63256 -0.302176
35.332 0.326395 0.723334 -0.276666 2.62521 -0.314571

35.332 0.326384 0.723334 -0.276666 2.62524 -0.314561
35.3333 0.32959 0.723334 -0.276666 2.62017 -0.32226

35.3333 0.32959 0.71777 -0.28223 2.62016 -0.322251
35.3361 0.336914 0.71777 -0.28223 2.61508 -0.33965

35.3361 0.336914 0.712422 -0.287578 2.61508 -0.339654
35.3391 0.344238 0.712422 -0.287578 2.59958 -0.357074

35.3391 0.344238 0.707409 -0.292591 2.59956 -0.357045
35.3394 0.344899 0.707409 -0.292591 2.59743 -0.358338

35.3394 0.344869 0.707409 -0.292591 2.59755 -0.358313
35.3421 0.351562 0.707409 -0.292591 2.58674 -0.376177

35.3421 0.351562 0.702159 -0.297841 2.58672 -0.376167
35.3452 0.358887 0.702159 -0.297841 2.5749 -0.413223

35.3452 0.358887 0.696658 -0.303342 2.57489 -0.413193
35.3467 0.362234 0.696658 -0.303342 2.56543 -0.427773

35.3467 0.362214 0.696658 -0.303342 2.5655 -0.427749
35.3484 0.366211 0.696658 -0.303342 2.55881 -0.441854

35.3484 0.366211 0.691039 -0.308961 2.55879 -0.44182
35.3517 0.373535 0.691039 -0.308961 2.54826 -0.472818

35.3517 0.373535 0.685438 -0.314562 2.54825 -0.472811
35.354 0.378582 0.685438 -0.314562 2.5301 -0.496449

35.354 0.378565 0.685438 -0.314562 2.53022 -0.496427
35.3551 0.380859 0.685438 -0.314562 2.51643 -0.505049

35.355 0.380859 0.679904 -0.320096 2.51641 -0.505009
35.3585 0.388184 0.679904 -0.320096 2.49098 -0.53258

35.3585 0.388184 0.674133 -0.325867 2.49097 -0.532565
35.3613 0.394042 0.674133 -0.325867 2.47158 -0.55956

35.3613 0.394032 0.674133 -0.325867 2.47164 -0.559553
35.362 0.395508 0.674133 -0.325867 2.46517 -0.564909

35.362 0.395508 0.668127 -0.331873 2.46516 -0.564872
35.3657 0.402832 0.668127 -0.331873 2.45029 -0.59737

35.3657 0.402832 0.662046 -0.337954 2.45028 -0.597358
35.3687 0.408669 0.662046 -0.337954 2.42972 -0.635346

35.3687 0.408655 0.662046 -0.337954 2.42985 -0.63533
35.3694 0.410156 0.662046 -0.337954 2.41892 -0.643002

35.3694 0.410156 0.656172 -0.343828 2.41891 -0.642958
35.3733 0.41748 0.656172 -0.343828 2.38673 -0.676632

35.3732 0.41748 0.65069 -0.34931 2.38673 -0.676622
35.376 0.42256 0.65069 -0.34931 2.36421 -0.701319

35.376 0.42254 0.65069 -0.34931 2.36435 -0.701304
35.3772 0.424805 0.65069 -0.34931 2.35136 -0.710508

35.3772 0.424805 0.644909 -0.355091 2.35133 -0.71043
35.3812 0.432129 0.644909 -0.355091 2.32458 -0.755031

35.3812 0.432129 0.638908 -0.361092 2.32457 -0.754929
35.3833 0.435838 0.638908 -0.361092 2.31082 -0.786291

35.3833 0.435801 0.638908 -0.361092 2.31103 -0.786208
35.3854 0.439453 0.638908 -0.361092 2.2999 -0.813438

35.3853 0.439453 0.632552 -0.367448 2.29982 -0.813279
35.3896 0.446777 0.632552 -0.367448 2.25306 -0.871089

35.3896 0.446777 0.627098 -0.372902 2.25303 -0.870794
35.3906 0.448539 0.627098 -0.372902 2.23417 -0.883934

35.3906 0.448463 0.626305 -0.373695 2.23504 -0.883903
35.394 0.454102 0.626305 -0.373695 2.208 -0.923325

35.394 0.454102 0.620234 -0.379766 2.2079 -0.923182
35.3979 0.460597 0.620234 -0.379766 2.1544 -0.98102

35.3979 0.460579 0.623562 -0.376438 2.15465 -0.981023
35.3985 0.461426 0.623562 -0.376438 2.14381 -0.986445

35.3985 0.461426 0.613209 -0.386791 2.1438 -0.986365
35.4031 0.46875 0.613209 -0.386791 1e+30 1e+30

