31.9551 0 0.99588 -0.00412036 2.75924 0
31.9551 0.00732422 0.99588 -0.00412036 2.76886 -0.00477576

31.9551 0.00732422 0.988021 -0.0119793 2.76887 -0.00477629
31.9552 0.0146484 0.988021 -0.0119793 2.78604 -0.0132829

31.9552 0.0146484 0.980733 -0.0192668 2.78604 -0.0132834
31.9554 0.0219727 0.980733 -0.0192668 2.79205 -0.0184959

31.9554 0.0219727 0.974211 -0.0257888 2.79205 -0.0184955
31.9556 0.0292969 0.974211 -0.0257888 2.77916 -0.0216684

31.9555 0.0292969 0.963404 -0.0365962 2.77914 -0.0216713
31.9561 0.0439453 0.963404 -0.0365962 2.76518 -0.028371

31.9561 0.0439453 0.948339 -0.0516607 2.76517 -0.0283679
31.9569 0.0585938 0.948339 -0.0516607 2.77166 -0.0408196

31.9569 0.0585938 0.936857 -0.0631432 2.77171 -0.0408287
31.9574 0.065918 0.936857 -0.0631432 2.77062 -0.0526492

31.9574 0.065918 0.929224 -0.0707756 2.77061 -0.0526472
31.9579 0.0732422 0.929224 -0.0707756 2.76035 -0.0632603

31.9579 0.0732422 0.921765 -0.0782354 2.76035 -0.0632638
31.9586 0.0805664 0.921765 -0.0782354 2.75946 -0.0677796

31.9586 0.0805664 0.914972 -0.0850275 2.75946 -0.0677818
31.9593 0.0878906 0.914972 -0.0850275 2.75923 -0.0647835

31.9592 0.0878906 0.906035 -0.0939646 2.75922 -0.0647765
31.9608 0.102539 0.906035 -0.0939646 2.76257 -0.0733137

31.9608 0.102539 0.893869 -0.106131 2.76257 -0.0733077
31.9625 0.117188 0.893869 -0.106131 2.76491 -0.0841717

31.9625 0.117188 0.881434 -0.118566 2.76491 -0.0841705
31.9629 0.120152 0.881434 -0.118566 2.76402 -0.0865484

31.9629 0.120136 0.881434 -0.118566 2.76403 -0.0865375
31.9645 0.131836 0.881434 -0.118566 2.76111 -0.0927328

31.9645 0.131836 0.869337 -0.130663 2.76111 -0.092732
31.9667 0.146484 0.869337 -0.130663 2.76766 -0.102176

31.9667 0.146484 0.86067 -0.13933 2.76768 -0.102206
31.9679 0.153809 0.86067 -0.13933 2.77503 -0.110997

31.9679 0.153809 0.855245 -0.144755 2.77502 -0.110991
31.9691 0.161133 0.855245 -0.144755 2.76539 -0.117474

31.9691 0.161133 0.845693 -0.154307 2.76536 -0.117453
31.9718 0.175781 0.845693 -0.154307 2.75019 -0.126734

31.9718 0.175781 0.833613 -0.166387 2.7502 -0.126737
31.9747 0.19043 0.833613 -0.166387 2.73166 -0.127941

31.9747 0.19043 0.82513 -0.17487 2.73167 -0.127952
31.9763 0.197754 0.82513 -0.17487 2.73217 -0.124716

31.9763 0.197754 0.819381 -0.180619 2.73216 -0.124708
31.9775 0.203574 0.819381 -0.180619 2.74391 -0.126969

31.9775 0.20358 0.819381 -0.180619 2.74391 -0.126975
31.9779 0.205078 0.819381 -0.180619 2.74499 -0.129459

31.9779 0.205078 0.813932 -0.186068 2.745 -0.129476
31.9795 0.212402 0.813932 -0.186068 2.75165 -0.133733

31.9795 0.212402 0.808241 -0.191759 2.75165 -0.133723
31.9813 0.219727 0.808241 -0.191759 2.74996 -0.131644

31.9813 0.219727 0.801973 -0.198027 2.74996 -0.131643
31.9831 0.227051 0.801973 -0.198027 2.73972 -0.131682

31.9831 0.227051 0.796422 -0.203578 2.73972 -0.131681
31.9849 0.233977 0.796422 -0.203578 2.72903 -0.13054

31.9849 0.233974 0.796422 -0.203578 2.72904 -0.130541
31.985 0.234375 0.796422 -0.203578 2.72829 -0.130251

31.985 0.234375 0.791152 -0.208848 2.72829 -0.130252
31.9869 0.241699 0.791152 -0.208848 2.72014 -0.130036

31.9869 0.241699 0.785899 -0.214101 2.72014 -0.130037
31.9889 0.249023 0.785899 -0.214101 2.72395 -0.144821

31.9889 0.249023 0.780486 -0.219514 2.72395 -0.144815
31.991 0.256348 0.780486 -0.219514 2.72652 -0.173373

31.991 0.256348 0.775004 -0.224996 2.72652 -0.173367
31.9922 0.260605 0.775004 -0.224996 2.72536 -0.187321

31.9922 0.260596 0.775004 -0.224996 2.72538 -0.187306
31.9931 0.263672 0.775004 -0.224996 2.71905 -0.195849

31.9931 0.263672 0.769649 -0.230351 2.71905 -0.195844
31.9953 0.270996 0.769649 -0.230351 2.71183 -0.213134

31.9953 0.270996 0.76433 -0.23567 2.71182 -0.213132
31.9975 0.27832 0.76433 -0.23567 2.70606 -0.227976

31.9975 0.27832 0.758881 -0.241119 2.70606 -0.227973
31.9995 0.284563 0.758881 -0.241119 2.69756 -0.236544

31.9995 0.28456 0.758881 -0.241119 2.69757 -0.236544
31.9999 0.285645 0.758881 -0.241119 2.69648 -0.237545

31.9999 0.285645 0.753239 -0.246761 2.69648 -0.23754
32.0023 0.292969 0.753239 -0.246761 2.69545 -0.245945

32.0023 0.292969 0.747383 -0.252617 2.69545 -0.245943
32.0047 0.300293 0.747383 -0.252617 2.69453 -0.266773

32.0047 0.300293 0.741713 -0.258287 2.69453 -0.266779
32.0068 0.306341 0.741713 -0.258287 2.67958 -0.28485

32.0068 0.306338 0.741713 -0.258287 2.67959 -0.284846
32.0073 0.307617 0.741713 -0.258287 2.67455 -0.288024

32.0073 0.307617 0.736514 -0.263486 2.67455 -0.288025
32.0099 0.314941 0.736514 -0.263486 2.65787 -0.30551

32.0099 0.314941 0.731286 -0.268714 2.65787 -0.305504
32.0126 0.322266 0.731286 -0.268714 2.64765 -0.327567

32.0126 0.322266 0.725822 -0.274178 2.64764 -0.327558
32.0142 0.326424 0.725822 -0.274178 2.63969 -0.338021

32.0142 0.326414 0.725822 -0.274178 2.63971 -0.338015
32.0154 0.32959 0.725822 -0.274178 2.63634 -0.344443

32.0154 0.32959 0.720241 -0.279759 2.63633 -0.344431
32.0182 0.336914 0.720241 -0.279759 2.63576 -0.362369

32.0182 0.336914 0.714652 -0.285348 2.63576 -0.362371
32.0211 0.344238 0.714652 -0.285348 2.61827 -0.390882

32.0211 0.344238 0.709451 -0.290549 2.61825 -0.390828
32.0215 0.345139 0.709451 -0.290549 2.61421 -0.394207

32.0215 0.345103 0.709451 -0.290549 2.6144 -0.394144
32.0241 0.351562 0.709451 -0.290549 2.59572 -0.415702

32.0241 0.351562 0.704232 -0.295768 2.5957 -0.415686
32.0272 0.358887 0.704232 -0.295768 2.57727 -0.441447

32.0272 0.358887 0.69876 -0.30124 2.57727 -0.44143
32.0288 0.362622 0.69876 -0.30124 2.56449 -0.452801

32.0288 0.362607 0.69876 -0.30124 2.56453 -0.452781
32.0304 0.366211 0.69876 -0.30124 2.55895 -0.463734

32.0304 0.366211 0.693053 -0.306947 2.55894 -0.463709
32.0336 0.373535 0.693053 -0.306947 2.5533 -0.496595

32.0336 0.373535 0.687363 -0.312637 2.5533 -0.496598
32.0361 0.379102 0.687363 -0.312637 2.53561 -0.527648

32.0361 0.379088 0.687363 -0.312637 2.53572 -0.527626
32.0369 0.380859 0.687363 -0.312637 2.52453 -0.53571

32.0369 0.380859 0.682031 -0.317969 2.52452 -0.535679
32.0403 0.388184 0.682031 -0.317969 2.49937 -0.565286

32.0403 0.388184 0.676645 -0.323355 2.49937 -0.565273
32.0435 0.394692 0.676645 -0.323355 2.47261 -0.592896

32.0435 0.394687 0.676645 -0.323355 2.47264 -0.592895
32.0438 0.395508 0.676645 -0.323355 2.46778 -0.595455

32.0438 0.395508 0.67098 -0.32902 2.46778 -0.595432
32.0474 0.402832 0.67098 -0.32902 2.45321 -0.625479

32.0474 0.402832 0.664788 -0.335212 2.45321 -0.625431
32.0508 0.409472 0.664788 -0.335212 2.43121 -0.676717

32.0508 0.409468 0.664788 -0.335212 2.43124 -0.676712
32.0511 0.410156 0.664788 -0.335212 2.42598 -0.680814

32.0511 0.410156 0.658546 -0.341454 2.42598 -0.680816
32.0549 0.41748 0.658546 -0.341454 2.39715 -0.720838

32.0549 0.41748 0.652789 -0.347211 2.39715 -0.720833
32.0581 0.423458 0.652789 -0.347211 2.36493 -0.757543

32.0581 0.423443 0.652789 -0.347211 2.3651 -0.75753
32.0588 0.424805 0.652789 -0.347211 2.35249 -0.764102

32.0588 0.424805 0.647038 -0.352962 2.35248 -0.764035
32.0628 0.432129 0.647038 -0.352962 2.31549 -0.804089

32.0628 0.432129 0.64115 -0.35885 2.31548 -0.80402
32.0654 0.436807 0.64115 -0.35885 2.29741 -0.840577

32.0654 0.436782 0.64115 -0.35885 2.29759 -0.840535
32.0669 0.439453 0.64115 -0.35885 2.28479 -0.858312

32.0669 0.439453 0.634586 -0.365414 2.28472 -0.858168
32.0711 0.446777 0.634586 -0.365414 2.24412 -0.916553

32.0711 0.446777 0.628141 -0.371859 2.2441 -0.916335
32.0728 0.449554 0.628141 -0.371859 2.22128 -0.941952

32.0728 0.449492 0.628141 -0.371859 2.22185 -0.941882
32.0755 0.454102 0.628141 -0.371859 2.19926 -0.979516

32.0755 0.454102 0.621853 -0.378147 2.19914 -0.979319
32.0799 0.461426 0.621853 -0.378147 2.12308 -1.03258

32.0799 0.461426 0.62421 -0.37579 2.12307 -1.03213
32.0801 0.461773 0.62421 -0.37579 2.1178 -1.03391

32.0801 0.461679 0.615155 -0.384845 2.11926 -1.03397
32.0845 0.46875 0.615155 -0.384845 1e+30 1e+30

