15.5273 0 0.996326 -0.00367443 2.68362 0
15.5273 0.00732422 0.996326 -0.00367443 2.68133 -0.00670364

15.5273 0.00732422 0.989544 -0.0104558 2.68133 -0.00670406
15.5273 0.0106444 0.989544 -0.0104558 2.67871 -0.00909681

15.5273 0.0292969 0.954547 -0.0454529 2.67863 -0.0214371
15.5273 0.0300534 0.954547 -0.0454529 2.67646 -0.0233661

15.5273 0.00866323 0.992841 -0.00715927 2.67921 -0.00748748
15.5274 0.0146484 0.992841 -0.00715927 2.67778 -0.0123559

15.5274 0.0146484 0.97771 -0.0222899 2.67775 -0.0123535
15.5277 0.0292969 0.97771 -0.0222899 2.67691 -0.0230287

15.5277 0.0292969 0.961925 -0.0380752 2.67691 -0.023029
15.5283 0.0439453 0.961925 -0.0380752 2.67743 -0.0311381

15.5283 0.0439453 0.947038 -0.0529616 2.67743 -0.0311388
15.5291 0.0585938 0.947038 -0.0529616 2.67584 -0.0383945

15.5291 0.0585938 0.932691 -0.067309 2.67584 -0.0383942
15.5302 0.0732422 0.932691 -0.067309 2.67637 -0.0456514

15.5302 0.0732422 0.918351 -0.0816489 2.67637 -0.0456514
15.5315 0.0878906 0.918351 -0.0816489 2.67604 -0.0535986

15.5315 0.0878906 0.908086 -0.091914 2.67606 -0.0535982
15.5322 0.0952148 0.908086 -0.091914 2.67288 -0.0573638

15.5322 0.0952148 0.902253 -0.0977474 2.67287 -0.0573655
15.533 0.102539 0.902253 -0.0977474 2.67132 -0.0587501

15.533 0.102539 0.895539 -0.104461 2.67132 -0.0587511
15.5339 0.109863 0.895539 -0.104461 2.67164 -0.060456

15.5339 0.109863 0.888715 -0.111285 2.67164 -0.0604556
15.5347 0.116236 0.888715 -0.111285 2.6737 -0.0619395

15.5347 0.116238 0.888715 -0.111285 2.6737 -0.0619398
15.5348 0.117188 0.888715 -0.111285 2.67452 -0.0620372

15.5348 0.117188 0.882358 -0.117642 2.67452 -0.0620367
15.5358 0.124512 0.882358 -0.117642 2.67991 -0.0651787

15.5358 0.124512 0.87623 -0.12377 2.67991 -0.0651787
15.5368 0.131836 0.87623 -0.12377 2.67983 -0.0663415

15.5368 0.131836 0.869873 -0.130127 2.67983 -0.0663421
15.5379 0.13916 0.869873 -0.130127 2.67643 -0.0655393

15.5379 0.13916 0.86353 -0.13647 2.67643 -0.0655386
15.5391 0.146484 0.86353 -0.13647 2.67674 -0.0682882

15.5391 0.146484 0.85726 -0.14274 2.67674 -0.0682854
15.5403 0.153809 0.85726 -0.14274 2.67694 -0.0755054

15.5403 0.153809 0.850667 -0.149333 2.67694 -0.0755019
15.5416 0.161133 0.850667 -0.149333 2.67029 -0.0855243

15.5416 0.161133 0.844042 -0.155958 2.67029 -0.0855234
15.542 0.163503 0.844042 -0.155958 2.66656 -0.0879769

15.542 0.163494 0.844042 -0.155958 2.66658 -0.08797
15.5429 0.168457 0.844042 -0.155958 2.65798 -0.0911146

15.5429 0.168457 0.837737 -0.162263 2.65798 -0.0911146
15.5443 0.175781 0.837737 -0.162263 2.65107 -0.094774

15.5443 0.175781 0.831531 -0.168469 2.65107 -0.094774
15.5458 0.183105 0.831531 -0.168469 2.65298 -0.102305

15.5458 0.183105 0.825278 -0.174722 2.65298 -0.102303
15.5474 0.19043 0.825278 -0.174722 2.65533 -0.121726

15.5474 0.19043 0.819044 -0.180956 2.65533 -0.121725
15.549 0.197754 0.819044 -0.180956 2.65384 -0.1395

15.549 0.197754 0.813031 -0.186969 2.65384 -0.139496
15.5493 0.199223 0.813031 -0.186969 2.65307 -0.142887

15.5493 0.199212 0.813031 -0.186969 2.65308 -0.142872
15.5507 0.205078 0.813031 -0.186969 2.6475 -0.153569

15.5507 0.205078 0.80717 -0.19283 2.6475 -0.153566
15.5524 0.212402 0.80717 -0.19283 2.64089 -0.165983

15.5524 0.212402 0.80127 -0.19873 2.64089 -0.165982
15.5542 0.219727 0.80127 -0.19873 2.6345 -0.1804

15.5542 0.219727 0.795325 -0.204675 2.6345 -0.180398
15.5561 0.227051 0.795325 -0.204675 2.62893 -0.192717

15.5561 0.227051 0.789352 -0.210648 2.62893 -0.192713
15.5566 0.229028 0.789352 -0.210648 2.62795 -0.196182

15.5566 0.22902 0.789352 -0.210648 2.62796 -0.196173
15.5581 0.234375 0.789352 -0.210648 2.62526 -0.204719

15.5581 0.234375 0.783379 -0.216621 2.62525 -0.204717
15.5601 0.241699 0.783379 -0.216621 2.62227 -0.215202

15.5601 0.241699 0.777519 -0.222481 2.62227 -0.215204
15.5622 0.249023 0.777519 -0.222481 2.61623 -0.222825

15.5622 0.249023 0.771904 -0.228096 2.61623 -0.222825
15.564 0.255028 0.771904 -0.228096 2.60896 -0.227956

15.564 0.255024 0.771904 -0.228096 2.60896 -0.227954
15.5644 0.256348 0.771904 -0.228096 2.60732 -0.228955

15.5644 0.256348 0.766374 -0.233626 2.60732 -0.228955
15.5666 0.263672 0.766374 -0.233626 2.60363 -0.238711

15.5666 0.263672 0.760688 -0.239312 2.60363 -0.23871
15.5689 0.270996 0.760688 -0.239312 2.60189 -0.261184

15.5689 0.270996 0.754972 -0.245028 2.60189 -0.261185
15.5713 0.27832 0.754972 -0.245028 2.58978 -0.283231

15.5713 0.27832 0.749553 -0.250447 2.58976 -0.283209
15.5713 0.278403 0.749553 -0.250447 2.58958 -0.28343

15.5713 0.27838 0.749553 -0.250447 2.58965 -0.283394
15.5737 0.285645 0.749553 -0.250447 2.5798 -0.301795

15.5737 0.285645 0.74421 -0.25579 2.5798 -0.301792
15.5762 0.292969 0.74421 -0.25579 2.57383 -0.322288

15.5762 0.292969 0.738836 -0.261164 2.57383 -0.322289
15.5786 0.299703 0.738836 -0.261164 2.56079 -0.338697

15.5786 0.299701 0.738836 -0.261164 2.56079 -0.338695
15.5788 0.300293 0.738836 -0.261164 2.55954 -0.339835

15.5788 0.300293 0.733447 -0.266553 2.55954 -0.33983
15.5815 0.307617 0.733447 -0.266553 2.55426 -0.355712

15.5815 0.307617 0.727676 -0.272324 2.55425 -0.355706
15.5842 0.314941 0.727676 -0.272324 2.54938 -0.387654

15.5842 0.314941 0.721852 -0.278148 2.54938 -0.387646
15.5859 0.319398 0.721852 -0.278148 1e+30 1e+30

