15.5859 0.319381 0.721852 -0.278148 2.53871 -0.40704
15.587 0.322266 0.721852 -0.278148 2.52722 -0.417116

15.587 0.322266 0.716211 -0.283789 2.52721 -0.417093
15.5899 0.32959 0.716211 -0.283789 2.50948 -0.439455

15.5899 0.32959 0.710522 -0.289478 2.50948 -0.439453
15.5929 0.336914 0.710522 -0.289478 2.48775 -0.460227

15.5929 0.336914 0.704789 -0.295211 2.48773 -0.460185
15.5933 0.337731 0.704789 -0.295211 2.4846 -0.462068

15.5933 0.337704 0.704789 -0.295211 2.48472 -0.46205
15.596 0.344238 0.704789 -0.295211 2.47084 -0.477913

15.596 0.344238 0.698842 -0.301158 2.47083 -0.477904
15.5992 0.351562 0.698842 -0.301158 2.45594 -0.512298

15.5991 0.351562 0.693086 -0.306914 2.45594 -0.512269
15.6006 0.35481 0.693086 -0.306914 2.44398 -0.528129

15.6006 0.354784 0.693086 -0.306914 2.4441 -0.528082
15.6024 0.358887 0.693086 -0.306914 2.43281 -0.54363

15.6024 0.358887 0.687489 -0.312511 2.43278 -0.543594
15.6057 0.366211 0.687489 -0.312511 2.4151 -0.574387

15.6057 0.366211 0.682021 -0.317979 2.4151 -0.574381
15.6079 0.370899 0.682021 -0.317979 2.39725 -0.594099

15.6079 0.370881 0.682021 -0.317979 2.39735 -0.594079
15.6091 0.373535 0.682021 -0.317979 2.38539 -0.603393

15.6091 0.373535 0.676461 -0.323539 2.38537 -0.603347
15.6126 0.380859 0.676461 -0.323539 2.36962 -0.637417

15.6126 0.380859 0.670567 -0.329433 2.36962 -0.637393
15.6152 0.386142 0.670567 -0.329433 2.35463 -0.671737

15.6152 0.386125 0.670567 -0.329433 2.35473 -0.671716
15.6162 0.388184 0.670567 -0.329433 2.34529 -0.68231

15.6162 0.388184 0.664404 -0.335596 2.34527 -0.682238
15.6199 0.395508 0.664404 -0.335596 2.32736 -0.723241

15.6199 0.395508 0.658206 -0.341794 2.32736 -0.723222
15.6226 0.400561 0.658206 -0.341794 2.30563 -0.758654

15.6226 0.400539 0.658206 -0.341794 2.30583 -0.758631
15.6237 0.402832 0.658206 -0.341794 2.28852 -0.770172

15.6237 0.402832 0.652134 -0.347866 2.28849 -0.770096
15.6276 0.410156 0.652134 -0.347866 2.25102 -0.808313

15.6276 0.410156 0.646197 -0.353803 2.25101 -0.808254
15.6299 0.414251 0.646197 -0.353803 2.22976 -0.833502

15.6299 0.414219 0.646197 -0.353803 2.22998 -0.833442
15.6317 0.41748 0.646197 -0.353803 2.21477 -0.852143

15.6317 0.41748 0.639799 -0.360201 2.2147 -0.852024
15.6358 0.424805 0.639799 -0.360201 2.1762 -0.9048

15.6358 0.424805 0.633219 -0.366781 2.17618 -0.904598
15.6372 0.427306 0.633219 -0.366781 2.15646 -0.923485

15.6372 0.427251 0.633219 -0.366781 2.15695 -0.923453
15.64 0.432129 0.633219 -0.366781 2.14033 -0.958438

15.64 0.432129 0.626586 -0.373414 2.14023 -0.958296
15.6444 0.439453 0.626586 -0.373414 2.07952 -1.01421

15.6443 0.439453 0.62762 -0.37238 2.07947 -1.01378
15.6445 0.439782 0.62762 -0.37238 2.07503 -1.01576

15.6445 0.439691 0.619735 -0.380265 2.07632 -1.01573
15.6489 0.446777 0.619735 -0.380265 2.0229 -1.06058

15.6489 0.446777 0.613204 -0.386796 2.02288 -1.0604
15.6519 0.451514 0.613204 -0.386796 1.9951 -1.1075

15.6519 0.451475 0.613317 -0.386683 1.99554 -1.10744
15.6535 0.454102 0.613317 -0.386683 1.9728 -1.12957

15.6535 0.454102 0.605689 -0.394311 1.9727 -1.12929
15.6583 0.461426 0.605689 -0.394311 1.89967 -1.18839

15.6582 0.461426 0.605544 -0.394456 1.89965 -1.18806
15.6592 0.462884 0.605544 -0.394456 1.88117 -1.19926

15.6592 0.462779 0.597796 -0.402204 1.88257 -1.19934
15.6632 0.46875 0.597796 -0.402204 1.84111 -1.25032

15.6632 0.46875 0.590534 -0.409466 1.84107 -1.24991
15.6665 0.473552 0.590534 -0.409466 1.80549 -1.30937

15.6665 0.473489 0.592795 -0.407205 1.80651 -1.30938
15.6683 0.476074 0.592795 -0.407205 1.76886 -1.33425

15.6683 0.476074 0.582265 -0.417735 1.76879 -1.33385
15.6735 0.483398 0.582265 -0.417735 1.65299 -1.38052

15.6734 0.483398 0.579131 -0.420869 1.65308 -1.37975
15.6738 0.483932 0.579131 -0.420869 1.64367 -1.38252

15.6738 0.483813 0.573804 -0.426196 1.64567 -1.3829
15.679 0.490723 0.573804 -0.426196 1.57184 -1.43784

15.6789 0.490723 0.572229 -0.427771 1.57183 -1.4374
15.6812 0.493683 0.572229 -0.427771 1.55532 -1.47769

15.6812 0.493559 0.565893 -0.434107 1.55605 -1.4779
15.6846 0.498047 0.565893 -0.434107 1.50778 -1.53284

15.6846 0.498047 0.557029 -0.442971 1.50775 -1.53211
15.6885 0.502977 0.557029 -0.442971 1.43726 -1.57942

15.6885 0.502907 0.557069 -0.442931 1.43842 -1.57986
15.6904 0.505371 0.557069 -0.442931 1.38942 -1.59809

15.6904 0.505371 0.545775 -0.454225 1.38957 -1.59749
15.6958 0.51186 0.545775 -0.454225 1.27811 -1.62445

15.6958 0.511834 0.542922 -0.457078 1.27837 -1.62464
15.6965 0.512695 0.542922 -0.457078 1.26629 -1.62857

15.6965 0.512695 0.535861 -0.464139 1.26638 -1.62828
15.7028 0.52002 0.535861 -0.464139 1.18402 -1.67382

15.7028 0.52002 0.5311 -0.4689 1.18439 -1.67219
15.7031 0.520439 0.5311 -0.4689 1.18107 -1.67535

15.7031 0.520335 0.525776 -0.474224 1.18153 -1.67614
15.7094 0.527344 0.525776 -0.474224 1.09752 -1.72338

15.7094 0.527344 0.519442 -0.480558 1.09795 -1.72225
15.7104 0.528507 0.519442 -0.480558 1.08069 -1.7274

15.7104 0.528416 0.513688 -0.486312 1.08155 -1.72828
15.7164 0.534668 0.513688 -0.486312 0.9708 -1.76331

15.7163 0.534668 0.505843 -0.494157 0.971166 -1.76237
15.7178 0.536169 0.505843 -0.494157 0.941334 -1.7722

15.7178 0.536078 0.49925 -0.50075 0.942605 -1.77298
15.7237 0.541992 0.49925 -0.50075 0.827593 -1.81646

15.7236 0.541992 0.493058 -0.506942 0.828405 -1.81415
15.7251 0.54347 0.493058 -0.506942 0.797614 -1.8293

15.7251 0.543368 0.48531 -0.51469 0.799059 -1.83017
15.7314 0.549316 0.48531 -0.51469 0.665076 -1.86048

15.7313 0.549316 0.479729 -0.520271 0.666168 -1.85923
15.7324 0.550362 0.479729 -0.520271 0.639542 -1.85874

15.7324 0.550289 0.472254 -0.527746 0.640671 -1.85961
15.7395 0.556641 0.472254 -0.527746 0.498338 -1.86337

15.7394 0.556641 0.465568 -0.534432 0.499202 -1.86195
15.7397 0.55694 0.465568 -0.534432 0.493751 -1.86265

15.7397 0.556851 0.457902 -0.542098 0.494627 -1.86368
15.7471 0.563037 0.457902 -0.542098 0.371605 -1.89741

15.7471 0.563011 0.445518 -0.554482 0.371941 -1.89773
15.7483 0.563965 0.445518 -0.554482 0.350994 -1.90453

15.7482 0.563965 0.442592 -0.557408 0.351159 -1.90419
15.7544 0.568855 0.442592 -0.557408 0.22759 -1.91547

15.7544 0.568817 0.425613 -0.574387 0.228218 -1.91601
15.7577 0.571289 0.425613 -0.574387 0.156915 -1.909

15.7576 0.571289 0.425626 -0.574374 0.157888 -1.90807
15.7617 0.574325 0.425626 -0.574374 0.0654602 -1.88956

15.7617 0.574298 0.411876 -0.588124 0.0659546 -1.88988
15.7679 0.578613 0.411876 -0.588124 -0.0605047 -1.86178

15.7677 0.578613 0.40229 -0.59771 -0.0594456 -1.8612
15.769 0.57949 0.40229 -0.59771 -0.0829984 -1.85655

15.769 0.579443 0.39494 -0.60506 -0.0822688 -1.85708
15.7764 0.584224 0.39494 -0.60506 -0.225535 -1.83755

15.7764 0.584187 0.377574 -0.622426 -0.22478 -1.83804
15.7793 0.585938 0.377574 -0.622426 -0.283601 -1.82815

15.7792 0.585938 0.377574 -0.622426 -0.282956 -1.8278
15.7837 0.588677 0.377574 -0.622426 -0.380665 -1.78512

15.7837 0.588663 0.359597 -0.640403 -0.380371 -1.78527
15.791 0.592776 0.359597 -0.640403 -0.528985 -1.73651

15.791 0.592765 0.340091 -0.659909 -0.528732 -1.73662
15.792 0.593262 0.340091 -0.659909 -0.547421 -1.73507

15.792 0.593262 0.340091 -0.659909 -0.54726 -1.73499
15.7983 0.596551 0.340091 -0.659909 -0.689724 -1.66113

15.7983 0.596545 0.320117 -0.679883 -0.68954 -1.66119
15.8057 0.599993 0.320117 -0.679883 -0.828751 -1.56799

15.8057 0.599981 0.299841 -0.700159 -0.82845 -1.5681
15.8071 0.600586 0.299841 -0.700159 -0.852111 -1.56282

15.807 0.600586 0.299841 -0.700159 -0.851913 -1.56282
15.813 0.60313 0.299841 -0.700159 -0.967089 -1.48894

15.813 0.603131 0.278145 -0.721855 -0.967106 -1.48894
15.8203 0.605953 0.278145 -0.721855 -1.10829 -1.35558

15.8203 0.605942 0.255154 -0.744846 -1.10799 -1.3557
15.8261 0.60791 0.255154 -0.744846 -1.20199 -1.27956

15.826 0.60791 0.255154 -0.744846 -1.20123 -1.28017
15.8276 0.608486 0.255154 -0.744846 -1.22978 -1.2663

15.8276 0.608461 0.230879 -0.769121 -1.22908 -1.26647
15.835 0.610659 0.230879 -0.769121 -1.35715 -1.17233

15.835 0.610659 0.204656 -0.795344 -1.35714 -1.17233
15.8423 0.612544 0.204656 -0.795344 -1.48265 -1.00871

15.8423 0.612543 0.176776 -0.823224 -1.48263 -1.00871
15.8496 0.614116 0.176776 -0.823224 -1.58913 -0.82427

15.8496 0.614112 0.14766 -0.85234 -1.589 -0.824308
15.8561 0.615234 0.14766 -0.85234 -1.67793 -0.67986

15.8561 0.615234 0.14766 -0.85234 -1.67789 -0.679968
15.8569 0.615382 0.14766 -0.85234 -1.69043 -0.663844

15.8569 0.615383 0.116746 -0.883254 -1.69046 -0.663837
15.8643 0.616351 0.116746 -0.883254 -1.78269 -0.502123

15.8643 0.616352 0.0828473 -0.917153 -1.78273 -0.502118
15.8716 0.617014 0.0828473 -0.917153 -1.85407 -0.313464

15.8716 0.617015 0.0456419 -0.954358 -1.85413 -0.313458
15.8789 0.617365 0.0456419 -0.954358 -1.90296 -0.123614

15.8789 0.617366 0.00481774 -0.995182 -1.90298 -0.123613
15.8862 0.617401 0.00481774 -0.995182 -1.92947 0.0714925

15.8862 0.617401 -0.0366693 -0.963331 -1.92945 0.0714907
15.8936 0.617122 -0.0366693 -0.963331 -1.93488 0.27522

15.8936 0.617121 -0.0746377 -0.925362 -1.93485 0.275218
15.9009 0.61653 -0.0746377 -0.925362 -1.9203 0.481086

15.9009 0.61653 -0.109464 -0.890536 -1.92027 0.481084
15.9082 0.61563 -0.109464 -0.890536 -1.89642 0.674496

15.9155 0.614416 -0.141775 -0.858225 -1.85532 0.862857
15.9106 0.615234 -0.141775 -0.858225 -1.88958 0.736366

15.9155 0.614426 -0.172936 -0.827064 -1.85557 0.862797
15.9229 0.612894 -0.172936 -0.827064 -1.79527 1.05979

15.9229 0.612898 -0.20346 -0.79654 -1.79537 1.05976
15.9302 0.611027 -0.20346 -0.79654 -1.72308 1.26221

15.9302 0.611026 -0.23219 -0.76781 -1.72301 1.2622
15.9375 0.608811 -0.23219 -0.76781 1e+30 1e+30

15.9082 0.615638 -0.141775 -0.858225 -1.89671 0.674489
15.9106 0.615234 -0.141775 -0.858225 -1.88977 0.738229

