21.4453 0.190352 -0.886616 -0.113384 2.6214 0.785135
21.4453 0.19043 -0.886616 -0.113384 2.6213 0.785495

21.4453 0.19043 -0.877583 -0.122417 2.62135 0.785497
21.4433 0.205078 -0.877583 -0.122417 2.60324 0.85277

21.4433 0.205078 -0.868303 -0.131697 2.60322 0.852769
21.441 0.219727 -0.868303 -0.131697 2.58457 0.920969

21.441 0.219727 -0.859039 -0.140961 2.58458 0.92097
21.4386 0.234375 -0.859039 -0.140961 2.56603 0.99277

21.4577 0 -0.990384 -0.00961562 2.71136 0
21.4574 0.0292969 -0.990384 -0.00961562 2.7082 0.108203

21.4573 0.0292969 -0.976271 -0.0237287 2.70846 0.108202
21.457 0.0439453 -0.976271 -0.0237287 2.70718 0.162779

21.457 0.0439453 -0.966997 -0.0330027 2.70718 0.162779
21.4565 0.0585938 -0.966997 -0.0330027 2.70348 0.217588

21.4565 0.0585938 -0.953159 -0.0468406 2.7032 0.21759
21.4551 0.0878906 -0.953159 -0.0468406 2.70118 0.331956

21.455 0.0878906 -0.93978 -0.06022 2.70151 0.331952
21.4541 0.102539 -0.93978 -0.06022 2.70253 0.392793

21.4541 0.102539 -0.931105 -0.0688946 2.70249 0.392794
21.453 0.117188 -0.931105 -0.0688946 2.6959 0.457868

21.4526 0.121747 -0.924389 -0.0756106 2.69357 0.478897
21.4524 0.124512 -0.924389 -0.0756106 2.69091 0.491357

21.4524 0.124512 -0.920461 -0.0795392 2.69086 0.491359
21.4518 0.131836 -0.920461 -0.0795392 2.68214 0.524483

21.4526 0.121849 -0.924389 -0.0756106 2.6934 0.479363
21.453 0.117188 -0.924389 -0.0756106 2.69598 0.457865

21.4518 0.131836 -0.913873 -0.0861273 2.68204 0.524491
21.4504 0.146484 -0.913873 -0.0861273 2.66577 0.589137

21.4504 0.146484 -0.90481 -0.09519 2.66575 0.589139
21.4489 0.161133 -0.90481 -0.09519 2.65146 0.652749

21.4489 0.161133 -0.89563 -0.10437 2.65146 0.652749
21.4472 0.175781 -0.89563 -0.10437 2.63723 0.718252

21.4453 0.190297 -0.886616 -0.113384 2.62152 0.784888
21.4472 0.175781 -0.886616 -0.113384 2.63723 0.718252

21.4386 0.234375 -0.849645 -0.150355 2.56599 0.992765
21.436 0.249023 -0.849645 -0.150355 2.5451 1.06758

21.436 0.249023 -0.840148 -0.159852 2.54511 1.06758
21.4333 0.263672 -0.840148 -0.159852 2.512 1.14391

21.4307 0.276386 -0.828501 -0.171499 2.47487 1.2094
21.4303 0.27832 -0.828501 -0.171499 2.47087 1.2194

21.4303 0.27832 -0.823469 -0.176531 2.47088 1.2194
21.4287 0.285645 -0.823469 -0.176531 2.46022 1.25658

21.4287 0.285645 -0.818181 -0.181819 2.46023 1.25659
21.4271 0.292969 -0.818181 -0.181819 2.44919 1.29524

21.4332 0.263672 -0.83318 -0.16682 2.51209 1.14393
21.4318 0.270996 -0.83318 -0.16682 2.48921 1.18149

21.4307 0.276362 -0.828501 -0.171499 2.47496 1.20929
21.4318 0.270996 -0.828501 -0.171499 2.48923 1.1815

21.416 0.337142 -0.781285 -0.218715 2.30483 1.53347
21.414 0.344238 -0.781285 -0.218715 2.27772 1.57501

21.414 0.344238 -0.775661 -0.224339 2.2777 1.575
21.4119 0.351562 -0.775661 -0.224339 2.25523 1.61593

21.4271 0.292969 -0.813181 -0.186819 2.4492 1.29524
21.4254 0.300293 -0.813181 -0.186819 2.4219 1.33127

21.4254 0.300293 -0.808226 -0.191774 2.4219 1.33127
21.4236 0.307617 -0.808226 -0.191774 2.39554 1.3657

21.4233 0.308863 -0.803039 -0.196961 2.39175 1.37192
21.4218 0.314941 -0.803039 -0.196961 2.37618 1.40356

21.4218 0.314941 -0.797534 -0.202466 2.37617 1.40356
21.42 0.322266 -0.797534 -0.202466 2.35989 1.44528

21.4233 0.308851 -0.803039 -0.196961 2.39182 1.37185
21.4236 0.307617 -0.803039 -0.196961 2.39555 1.3657

21.42 0.322266 -0.791966 -0.208034 2.35989 1.44528
21.4181 0.32959 -0.791966 -0.208034 2.3377 1.48835

21.4181 0.32959 -0.786609 -0.213391 2.3377 1.48835
21.4161 0.336914 -0.786609 -0.213391 2.30593 1.53209

21.416 0.337128 -0.781285 -0.218715 2.30494 1.53339
21.4161 0.336914 -0.781285 -0.218715 2.30595 1.5321

21.3867 0.423949 -0.712028 -0.287972 1.88948 2.03615
21.3864 0.424805 -0.712028 -0.287972 1.88311 2.04138

21.3864 0.424805 -0.704808 -0.295192 1.88328 2.04139
21.3833 0.432129 -0.704808 -0.295192 1.83585 2.09129

21.3833 0.432129 -0.697127 -0.302873 1.83583 2.09128
21.3801 0.439453 -0.697127 -0.302873 1.78241 2.12984

21.3721 0.456817 -0.673109 -0.326891 1.65114 2.23843
21.3698 0.461426 -0.673109 -0.326891 1.6106 2.27036

21.3698 0.461426 -0.664663 -0.335337 1.6106 2.27036
21.3661 0.46875 -0.664663 -0.335337 1.53543 2.30945

21.3794 0.441045 -0.689315 -0.310685 1.77039 2.13946
21.3768 0.446777 -0.689315 -0.310685 1.72953 2.17771

21.3768 0.446777 -0.681246 -0.318754 1.72951 2.1777
21.3734 0.454102 -0.681246 -0.318754 1.67068 2.22087

21.3794 0.441029 -0.689315 -0.310685 1.77059 2.13936
21.3801 0.439453 -0.689315 -0.310685 1.78247 2.12983

21.3721 0.45679 -0.673109 -0.326891 1.65149 2.23824
21.3734 0.454102 -0.673109 -0.326891 1.67079 2.22086

21.4087 0.362234 -0.763957 -0.236043 2.21227 1.67503
21.4075 0.366211 -0.763957 -0.236043 2.19615 1.69832

21.4119 0.351562 -0.769809 -0.230191 2.25522 1.61593
21.4097 0.358887 -0.769809 -0.230191 2.22564 1.65469

21.4087 0.362211 -0.763957 -0.236043 2.21244 1.6749
21.4097 0.358887 -0.763957 -0.236043 2.22568 1.6547

21.4075 0.366211 -0.757913 -0.242087 2.19616 1.69833
21.4051 0.373535 -0.757913 -0.242087 2.16998 1.74404

21.4051 0.373535 -0.751605 -0.248395 2.16997 1.74403
21.4027 0.380859 -0.751605 -0.248395 2.13529 1.78481

21.4014 0.38478 -0.745417 -0.254583 2.11599 1.80935
21.4002 0.388184 -0.745417 -0.254583 2.09699 1.82975

21.4002 0.388184 -0.73913 -0.26087 2.09703 1.82976
21.3976 0.395508 -0.73913 -0.26087 2.05992 1.87805

21.394 0.405222 -0.725874 -0.274126 2.00242 1.92841
21.3922 0.410156 -0.725874 -0.274126 1.97302 1.95644

21.3976 0.395508 -0.73252 -0.26748 2.05991 1.87805
21.3949 0.402832 -0.73252 -0.26748 2.01693 1.91462

21.394 0.405204 -0.725874 -0.274126 2.0026 1.9283
21.3949 0.402832 -0.725874 -0.274126 2.01698 1.91462

21.4014 0.384752 -0.745417 -0.254583 2.11625 1.8092
21.4027 0.380859 -0.745417 -0.254583 2.13534 1.78482

21.3922 0.410156 -0.719044 -0.280956 1.97303 1.95644
21.3893 0.41748 -0.719044 -0.280956 1.92894 1.99908

21.3867 0.423901 -0.712028 -0.287972 1.89007 2.03587
21.3893 0.41748 -0.712028 -0.287972 1.92896 1.99908

21.0938 0.609158 0.290278 -0.709722 -0.935989 -1.5902
21.1011 0.612154 0.290278 -0.709722 -1.09757 -1.46239

21.1011 0.61215 0.266887 -0.733113 -1.09745 -1.46244
21.1084 0.614816 0.266887 -0.733113 -1.23494 -1.33953

21.1084 0.614811 0.242493 -0.757507 -1.23478 -1.33957
21.1097 0.615234 0.242493 -0.757507 -1.25845 -1.32863

21.1097 0.615234 0.242493 -0.757507 -1.25828 -1.32875
21.1157 0.617162 0.242493 -0.757507 -1.37535 -1.23239

21.1157 0.617164 0.215825 -0.784175 -1.37542 -1.23238
21.123 0.61918 0.215825 -0.784175 -1.51396 -1.06533

21.123 0.619179 0.186761 -0.813239 -1.51394 -1.06534
21.1304 0.620861 0.186761 -0.813239 -1.61947 -0.882677

21.1304 0.620859 0.155983 -0.844017 -1.6194 -0.882699
21.1377 0.622213 0.155983 -0.844017 -1.7221 -0.72457

21.1377 0.622214 0.123786 -0.876214 -1.72214 -0.724562
21.1401 0.622559 0.123786 -0.876214 -1.75623 -0.678142

21.1402 0.622559 0.123786 -0.876214 -1.75656 -0.677436
21.145 0.623243 0.123786 -0.876214 -1.82725 -0.562111

21.145 0.623247 0.0891926 -0.910807 -1.82743 -0.562084
21.1523 0.623964 0.0891926 -0.910807 -1.91586 -0.361105

21.1523 0.623964 0.0513457 -0.948654 -1.91584 -0.361107
21.1597 0.62436 0.0513457 -0.948654 -1.97407 -0.142131

21.1597 0.624361 0.0100148 -0.989985 -1.97412 -0.142126
21.167 0.624435 0.0100148 -0.989985 -2.00385 0.074337

21.167 0.624437 -0.0335501 -0.96645 -2.00394 0.0743448
21.1743 0.624183 -0.0335501 -0.96645 -2.01216 0.286811

21.1743 0.624184 -0.0743034 -0.925697 -2.0122 0.286814
21.1816 0.623596 -0.0743034 -0.925697 -2.00262 0.491225

21.1816 0.623595 -0.111729 -0.888271 -2.00258 0.491222
21.189 0.622674 -0.111729 -0.888271 -1.98759 0.682947

21.1963 0.621419 -0.146255 -0.853745 -1.95522 0.893772
21.1896 0.622559 -0.146255 -0.853745 -1.98641 0.700394

21.189 0.622682 -0.146255 -0.853745 -1.98785 0.682947
21.1897 0.622559 -0.146255 -0.853745 -1.98658 0.701649

21.1963 0.621422 -0.178827 -0.821173 -1.9553 0.893752
21.2036 0.619827 -0.178827 -0.821173 -1.89001 1.1355

21.2036 0.619829 -0.209666 -0.790334 -1.89005 1.13548
21.2109 0.617886 -0.209666 -0.790334 -1.7821 1.36511

21.2769 0.583351 -0.428884 -0.571116 -0.473767 2.52969
21.2734 0.585938 -0.428884 -0.571116 -0.558487 2.50096

21.2842 0.577412 -0.454068 -0.545932 -0.302732 2.57594
21.2827 0.578613 -0.454068 -0.545932 -0.335519 2.56351

21.2769 0.583286 -0.449464 -0.550536 -0.471389 2.52987
21.2826 0.578613 -0.449464 -0.550536 -0.334438 2.56194

21.2915 0.570962 -0.477633 -0.522367 -0.133 2.62048
21.2911 0.571289 -0.477633 -0.522367 -0.141405 2.61889

21.2915 0.570864 -0.48842 -0.51158 -0.129562 2.62006
21.2987 0.563965 -0.48842 -0.51158 0.0481259 2.65364

21.2842 0.57733 -0.469269 -0.530731 -0.299821 2.5758
21.291 0.571289 -0.469269 -0.530731 -0.14025 2.61775

21.3062 0.556401 -0.51615 -0.48385 0.229274 2.67062
21.3059 0.556641 -0.51615 -0.48385 0.224022 2.67076

21.3135 0.548243 -0.534976 -0.465024 0.407903 2.67003
21.3125 0.549316 -0.534976 -0.465024 0.384778 2.67026

21.3062 0.556314 -0.523568 -0.476432 0.232054 2.67011
21.3125 0.549316 -0.523568 -0.476432 0.385022 2.67013

21.3208 0.539455 -0.554656 -0.445344 0.580307 2.65973
21.3188 0.541992 -0.554656 -0.445344 0.531361 2.6672

21.3281 0.530063 -0.567944 -0.432056 0.735987 2.63298
21.3246 0.534668 -0.567944 -0.432056 0.654381 2.65409

21.3208 0.539419 -0.55599 -0.44401 0.581264 2.65958
21.3246 0.534668 -0.55599 -0.44401 0.654576 2.65413

21.3135 0.548172 -0.539881 -0.460119 0.41006 2.66967
21.3187 0.541992 -0.539881 -0.460119 0.531546 2.66717

21.2988 0.563864 -0.506318 -0.493682 0.0508719 2.65408
21.3059 0.556641 -0.506318 -0.493682 0.224621 2.67043

21.2256 0.612949 -0.265826 -0.734174 -1.57417 1.67208
21.2193 0.615234 -0.265826 -0.734174 -1.65421 1.51351

21.2256 0.612952 -0.292951 -0.707049 -1.57427 1.67205
21.2329 0.609918 -0.292951 -0.707049 -1.43681 1.84752

21.2402 0.606529 -0.318275 -0.681725 -1.29491 1.97965
21.2373 0.60791 -0.318275 -0.681725 -1.35254 1.91946

21.2329 0.609892 -0.318275 -0.681725 -1.43549 1.84744
21.2372 0.60791 -0.318275 -0.681725 -1.35276 1.9173

21.2109 0.617885 -0.238297 -0.761703 -1.78203 1.3651
21.2183 0.615593 -0.238297 -0.761703 -1.66626 1.50103

21.2183 0.615598 -0.265826 -0.734174 -1.66645 1.50103
21.2193 0.615234 -0.265826 -0.734174 -1.65419 1.5134

21.2549 0.598507 -0.36494 -0.63506 -0.971132 2.27583
21.2513 0.600586 -0.36494 -0.63506 -1.06686 2.18714

21.2402 0.606502 -0.342251 -0.657749 -1.29388 1.9798
21.2476 0.602691 -0.342251 -0.657749 -1.1535 2.12153

21.2476 0.60266 -0.36494 -0.63506 -1.15185 2.12141
21.2512 0.600586 -0.36494 -0.63506 -1.06661 2.18519

21.2549 0.598485 -0.386411 -0.613589 -0.970214 2.276
21.2622 0.593872 -0.386411 -0.613589 -0.8112 2.35877

21.2695 0.588832 -0.408409 -0.591591 -0.674254 2.43491
21.2631 0.593262 -0.408409 -0.591591 -0.795111 2.35819

21.2622 0.593862 -0.397493 -0.602507 -0.81083 2.35871
21.2631 0.593262 -0.397493 -0.602507 -0.795139 2.3582

21.2695 0.588773 -0.427071 -0.572929 -0.671356 2.43462
21.2733 0.585938 -0.427071 -0.572929 -0.558265 2.50049

21.3501 0.497584 -0.62981 -0.37019 1.21973 2.48788
21.3498 0.498047 -0.62981 -0.37019 1.21024 2.49012

21.3574 0.484926 -0.637052 -0.362948 1.36597 2.39957
21.3541 0.490723 -0.637052 -0.362948 1.31064 2.44991

21.3501 0.497498 -0.627409 -0.372591 1.22202 2.48741
21.3541 0.490723 -0.627409 -0.372591 1.31062 2.4499

21.3428 0.509131 -0.604907 -0.395093 1.06616 2.54482
21.3404 0.512695 -0.604907 -0.395093 1.02576 2.57523

21.3354 0.52003 -0.581545 -0.418455 0.911049 2.60598
21.3302 0.527344 -0.581545 -0.418455 0.776195 2.62858

21.3354 0.520001 -0.594246 -0.405754 0.911877 2.6058
21.3404 0.512695 -0.594246 -0.405754 1.02584 2.57526

21.3498 0.498047 -0.616134 -0.383866 1.21065 2.49008
21.3452 0.505371 -0.616134 -0.383866 1.0965 2.52478

21.3428 0.509091 -0.604907 -0.395093 1.06688 2.5446
21.3452 0.505371 -0.604907 -0.395093 1.09677 2.5247

21.3647 0.471412 -0.655772 -0.344228 1.51104 2.32321
21.3623 0.476074 -0.655772 -0.344228 1.46266 2.35231

21.3623 0.476074 -0.646449 -0.353551 1.46266 2.35231
21.3583 0.483398 -0.646449 -0.353551 1.38093 2.39078

21.3647 0.471382 -0.655772 -0.344228 1.51151 2.323
21.3661 0.46875 -0.655772 -0.344228 1.53556 2.30942

21.3574 0.484912 -0.63729 -0.36271 1.3662 2.39948
21.3583 0.483398 -0.63729 -0.36271 1.38105 2.39077

21.3281 0.530066 -0.575551 -0.424449 0.735933 2.63299
21.3301 0.527344 -0.575551 -0.424449 0.776907 2.62816

