8.13268 0 0.990885 -0.00911508 2.46177 0
8.13282 0.0146484 0.990885 -0.00911508 2.46589 -0.0467029

8.13283 0.0146484 0.977388 -0.0226119 2.46599 -0.0467239
8.133 0.0219727 0.977388 -0.0226119 2.47248 -0.0757899

8.133 0.0219727 0.96809 -0.0319102 2.47248 -0.075792
8.13324 0.0292969 0.96809 -0.0319102 2.47676 -0.101756

8.13324 0.0292969 0.959778 -0.0402222 2.47677 -0.101765
8.13355 0.0366211 0.959778 -0.0402222 2.47019 -0.120961

8.13355 0.0366211 0.952745 -0.0472553 2.4702 -0.120954
8.13392 0.0439453 0.952745 -0.0472553 2.45584 -0.133457

8.13391 0.0439453 0.945647 -0.0543531 2.45583 -0.133464
8.13433 0.0512695 0.945647 -0.0543531 2.44545 -0.14417

8.13433 0.0512695 0.937577 -0.0624225 2.44544 -0.144174
8.13482 0.0585938 0.937577 -0.0624225 2.43526 -0.150034

8.13482 0.0585938 0.929204 -0.0707965 2.43526 -0.150035
8.13538 0.065918 0.929204 -0.0707965 2.4229 -0.154625

8.13538 0.065918 0.921063 -0.0789371 2.4229 -0.154624
8.13601 0.0732422 0.921063 -0.0789371 2.41304 -0.157869

8.13601 0.0732422 0.913246 -0.0867537 2.41304 -0.157868
8.1367 0.0805664 0.913246 -0.0867537 2.40893 -0.159518

8.1367 0.0805664 0.90565 -0.0943496 2.40893 -0.159518
8.13721 0.0854057 0.90565 -0.0943496 2.41002 -0.162148

8.13721 0.0854082 0.90565 -0.0943496 2.41003 -0.16215
8.13747 0.0878906 0.90565 -0.0943496 2.41255 -0.164983

8.13747 0.0878906 0.89848 -0.10152 2.41255 -0.164986
8.13829 0.0952148 0.89848 -0.10152 2.41825 -0.174289

8.13829 0.0952148 0.891486 -0.108514 2.41825 -0.174286
8.13919 0.102539 0.891486 -0.108514 2.41814 -0.18156

8.13918 0.102539 0.884166 -0.115834 2.41814 -0.181557
8.14014 0.109863 0.884166 -0.115834 2.4132 -0.18955

8.14014 0.109863 0.876786 -0.123214 2.4132 -0.18955
8.14117 0.117188 0.876786 -0.123214 2.4014 -0.202906

8.14117 0.117188 0.869878 -0.130122 2.4014 -0.202908
8.14227 0.124512 0.869878 -0.130122 2.3842 -0.221672

8.14227 0.124512 0.863064 -0.136936 2.38419 -0.221668
8.14343 0.131836 0.863064 -0.136936 2.38217 -0.241297

8.14343 0.131836 0.855383 -0.144617 2.38216 -0.241285
8.14453 0.138364 0.855383 -0.144617 1e+30 1e+30

