28.0362 0 -0.995226 -0.00477441 2.7745 0
28.0361 0.0146484 -0.995226 -0.00477441 2.77552 0.0566068

28.0361 0.0146484 -0.985866 -0.0141337 2.77552 0.0566067
28.0359 0.0292969 -0.985866 -0.0141337 2.77349 0.114178

28.0359 0.0292969 -0.976693 -0.0233067 2.77349 0.114178
28.0356 0.0439453 -0.976693 -0.0233067 2.76906 0.171694

28.0356 0.0439453 -0.96784 -0.0321597 2.76907 0.171694
28.0351 0.0585938 -0.96784 -0.0321597 2.76662 0.229375

28.0351 0.0585938 -0.959431 -0.040569 2.76662 0.229375
28.0344 0.0732422 -0.959431 -0.040569 2.76214 0.285625

28.0344 0.0732422 -0.95146 -0.0485397 2.76215 0.285625
28.0337 0.0878906 -0.95146 -0.0485397 2.75547 0.342709

28.0337 0.0878906 -0.94358 -0.05642 2.75546 0.342709
28.0328 0.102539 -0.94358 -0.05642 2.75033 0.403258

28.0328 0.102539 -0.935564 -0.0644358 2.75032 0.403258
28.0318 0.117188 -0.935564 -0.0644358 2.74262 0.466971

28.0318 0.117188 -0.927289 -0.0727113 2.74259 0.46697
28.0307 0.131836 -0.927289 -0.0727113 2.72728 0.530765

28.0298 0.141872 -0.917075 -0.0829247 2.72004 0.57525
28.0294 0.146484 -0.917075 -0.0829247 2.71497 0.595271

28.0307 0.131836 -0.921033 -0.0789666 2.72737 0.530756
28.03 0.13916 -0.921033 -0.0789666 2.7211 0.563469

28.0298 0.14186 -0.917075 -0.0829247 2.72005 0.575199
28.03 0.13916 -0.917075 -0.0829247 2.72109 0.56347

28.0294 0.146484 -0.912728 -0.0872716 2.71498 0.595271
28.0287 0.153809 -0.912728 -0.0872716 2.70419 0.626955

28.0287 0.153809 -0.90869 -0.0913104 2.7042 0.626955
28.0279 0.161133 -0.90869 -0.0913104 2.69511 0.657689

28.0279 0.161133 -0.904468 -0.095532 2.69509 0.657689
28.0272 0.168457 -0.904468 -0.095532 2.6888 0.688462

28.0272 0.168457 -0.899985 -0.100015 2.68881 0.688462
28.0263 0.175781 -0.899985 -0.100015 2.68214 0.719051

28.0264 0.175781 -0.893423 -0.106577 2.68206 0.719055
28.0246 0.19043 -0.893423 -0.106577 2.66966 0.785873

28.0246 0.19043 -0.884333 -0.115667 2.66962 0.785873
28.0227 0.205078 -0.884333 -0.115667 2.65407 0.855472

28.0225 0.206662 -0.8774 -0.1226 2.65233 0.863106
28.0217 0.212402 -0.8774 -0.1226 2.6462 0.893076

28.0217 0.212402 -0.873026 -0.126974 2.64619 0.893074
28.0206 0.219727 -0.873026 -0.126974 2.64032 0.929024

28.0206 0.219727 -0.868349 -0.131651 2.64032 0.929025
28.0195 0.227051 -0.868349 -0.131651 2.63109 0.966788

28.0195 0.227051 -0.863834 -0.136166 2.63109 0.966788
28.0183 0.234375 -0.863834 -0.136166 2.61735 1.00261

28.0225 0.206622 -0.875129 -0.124871 2.65243 0.862916
28.0227 0.205078 -0.875129 -0.124871 2.65419 0.855475

28.0078 0.291181 -0.827381 -0.172619 2.48816 1.2801
28.0074 0.292969 -0.827381 -0.172619 2.48427 1.28835

28.0074 0.292969 -0.822318 -0.177682 2.48428 1.28835
28.0059 0.300293 -0.822318 -0.177682 2.47566 1.32426

28.0059 0.300293 -0.817007 -0.182993 2.47566 1.32426
28.0042 0.307617 -0.817007 -0.182993 2.46651 1.36424

28.0042 0.307617 -0.811884 -0.188116 2.46651 1.36424
28.0025 0.314941 -0.811884 -0.188116 2.43988 1.40423

28.0025 0.314941 -0.806933 -0.193067 2.43988 1.40423
28.0008 0.322266 -0.806933 -0.193067 2.40989 1.4456

27.9932 0.351493 -0.784887 -0.215113 2.3126 1.61728
27.9931 0.351562 -0.784887 -0.215113 2.31222 1.61771

28.0005 0.323392 -0.801807 -0.198193 2.40537 1.45235
27.999 0.32959 -0.801807 -0.198193 2.38591 1.48784

27.999 0.32959 -0.796212 -0.203788 2.3859 1.48784
27.9971 0.336914 -0.796212 -0.203788 2.36929 1.53067

28.0005 0.323378 -0.801807 -0.198193 2.40546 1.45226
28.0008 0.322266 -0.801807 -0.198193 2.4099 1.4456

27.9971 0.336914 -0.790417 -0.209583 2.36929 1.53067
27.9951 0.344238 -0.790417 -0.209583 2.34685 1.57379

27.9932 0.351446 -0.784887 -0.215113 2.31298 1.61703
27.9951 0.344238 -0.784887 -0.215113 2.34687 1.57379

27.9785 0.398574 -0.742656 -0.257344 2.10992 1.89342
27.977 0.402832 -0.742656 -0.257344 2.08528 1.91977

27.977 0.402832 -0.736289 -0.263711 2.0853 1.91977
27.9744 0.410156 -0.736289 -0.263711 2.04392 1.96742

27.9931 0.351562 -0.779456 -0.220544 2.31234 1.61774
27.9911 0.358887 -0.779456 -0.220544 2.2802 1.6613

27.9911 0.358887 -0.773653 -0.226347 2.28018 1.66129
27.9889 0.366211 -0.773653 -0.226347 2.25573 1.70239

27.9858 0.376292 -0.761322 -0.238678 2.21849 1.75617
27.9844 0.380859 -0.761322 -0.238678 2.20173 1.7834

27.9889 0.366211 -0.767506 -0.232494 2.25572 1.70239
27.9867 0.373535 -0.767506 -0.232494 2.22804 1.73998

27.9858 0.376273 -0.761322 -0.238678 2.21861 1.75606
27.9867 0.373535 -0.761322 -0.238678 2.22808 1.73998

27.9844 0.380859 -0.755091 -0.244909 2.20174 1.7834
27.982 0.388184 -0.755091 -0.244909 2.17199 1.82946

27.982 0.388184 -0.748813 -0.251187 2.17199 1.82946
27.9796 0.395508 -0.748813 -0.251187 2.12908 1.87306

27.9785 0.398548 -0.742656 -0.257344 2.11018 1.89325
27.9796 0.395508 -0.742656 -0.257344 2.12914 1.87306

27.9639 0.437306 -0.708377 -0.291623 1.87336 2.1249
27.963 0.439453 -0.708377 -0.291623 1.85552 2.1372

27.9712 0.418814 -0.722826 -0.277174 1.98961 2.01628
27.9689 0.424805 -0.722826 -0.277174 1.95501 2.05339

27.9744 0.410156 -0.729581 -0.270419 2.04392 1.96742
27.9717 0.41748 -0.729581 -0.270419 1.99764 2.00837

27.9712 0.418801 -0.722826 -0.277174 1.98974 2.01621
27.9717 0.41748 -0.722826 -0.277174 1.99768 2.00837

27.9689 0.424805 -0.715732 -0.284268 1.95498 2.05339
27.966 0.432129 -0.715732 -0.284268 1.90723 2.0957

27.9639 0.437266 -0.708377 -0.291623 1.87389 2.12468
27.966 0.432129 -0.708377 -0.291623 1.90728 2.09569

27.963 0.439453 -0.700781 -0.299219 1.85562 2.1372
27.9598 0.446777 -0.700781 -0.299219 1.80358 2.18625

27.9598 0.446777 -0.692874 -0.307126 1.80357 2.18625
27.9566 0.454102 -0.692874 -0.307126 1.74926 2.22827

27.9565 0.454235 -0.684698 -0.315302 1.74805 2.22913
27.9532 0.461426 -0.684698 -0.315302 1.6927 2.28203

27.9532 0.461426 -0.676047 -0.323953 1.69267 2.28202
27.9497 0.46875 -0.676047 -0.323953 1.6229 2.32071

27.9565 0.454225 -0.684698 -0.315302 1.74819 2.22906
27.9566 0.454102 -0.684698 -0.315302 1.74928 2.22827

28.0183 0.234375 -0.859382 -0.140618 2.61735 1.00261
28.0171 0.241699 -0.859382 -0.140618 2.60144 1.03599

28.0171 0.241699 -0.854916 -0.145084 2.60144 1.03599
28.0159 0.249023 -0.854916 -0.145084 2.58738 1.07113

28.0151 0.253306 -0.850281 -0.149719 2.58129 1.09311
28.0146 0.256348 -0.850281 -0.149719 2.57702 1.10857

28.0146 0.256348 -0.845509 -0.154491 2.57703 1.10857
28.0133 0.263672 -0.845509 -0.154491 2.56581 1.14636

28.0151 0.25329 -0.850281 -0.149719 2.58134 1.09304
28.0159 0.249023 -0.850281 -0.149719 2.58738 1.07113

28.0133 0.263672 -0.840877 -0.159123 2.56582 1.14636
28.0119 0.270996 -0.840877 -0.159123 2.5512 1.18429

28.0119 0.270996 -0.836415 -0.163585 2.5512 1.18429
28.0104 0.27832 -0.836415 -0.163585 2.52948 1.21991

28.0104 0.27832 -0.831982 -0.168018 2.52948 1.21991
28.009 0.285645 -0.831982 -0.168018 2.50401 1.25394

28.0078 0.291159 -0.827381 -0.172619 2.48825 1.28001
28.009 0.285645 -0.827381 -0.172619 2.50402 1.25394

27.6562 0.599894 0.363682 -0.636318 -0.378651 -1.89397
27.6575 0.600586 0.363682 -0.636318 -0.406805 -1.89597

27.6574 0.600586 0.363687 -0.636313 -0.406477 -1.89565
27.6636 0.6041 0.363687 -0.636313 -0.576205 -1.83052

27.6636 0.604089 0.343863 -0.656137 -0.575871 -1.83066
27.6709 0.60791 0.343863 -0.656137 -0.740892 -1.73431

27.6708 0.60791 0.342178 -0.657822 -0.740527 -1.73427
27.6709 0.60795 0.342178 -0.657822 -0.742064 -1.73395

27.6709 0.60793 0.323385 -0.676615 -0.741626 -1.73414
27.6782 0.611431 0.323385 -0.676615 -0.898627 -1.65094

27.6782 0.611431 0.301254 -0.698746 -0.898617 -1.65094
27.6855 0.614588 0.301254 -0.698746 -1.05204 -1.54216

27.6855 0.614576 0.27787 -0.72213 -1.0517 -1.54229
27.6873 0.615234 0.27787 -0.72213 -1.08469 -1.53223

27.6872 0.615234 0.27787 -0.72213 -1.08437 -1.5323
27.6929 0.617409 0.27787 -0.72213 -1.21005 -1.45562

27.6929 0.617408 0.252578 -0.747422 -1.21004 -1.45562
27.7002 0.619884 0.252578 -0.747422 -1.36845 -1.29761

27.7002 0.619879 0.225621 -0.774379 -1.36833 -1.29768
27.7075 0.622013 0.225621 -0.774379 -1.49961 -1.1526

27.7075 0.622005 0.198153 -0.801847 -1.49934 -1.15268
27.7098 0.622559 0.198153 -0.801847 -1.53991 -1.11982

27.7097 0.622559 0.198153 -0.801847 -1.53969 -1.12009
27.7148 0.623821 0.198153 -0.801847 -1.63993 -1.01485

27.7148 0.623823 0.168791 -0.831209 -1.64 -1.01483
27.7222 0.62531 0.168791 -0.831209 -1.77841 -0.832132

27.7222 0.62531 0.136364 -0.863636 -1.77843 -0.832129
27.7295 0.626467 0.136364 -0.863636 -1.88952 -0.630555

27.7295 0.626467 0.101047 -0.898953 -1.88953 -0.630546
27.7368 0.627291 0.101047 -0.898953 -1.95699 -0.430297

27.7368 0.627292 0.0623497 -0.93765 -1.957 -0.430288
27.7441 0.627779 0.0623497 -0.93765 -2.01308 -0.229746

27.7441 0.627779 0.0199676 -0.980032 -2.01308 -0.229747
27.7515 0.627928 0.0199676 -0.980032 -2.05545 -0.0169319

27.7515 0.627927 -0.0248818 -0.975118 -2.05544 -0.0169369
27.7588 0.62774 -0.0248818 -0.975118 -2.07832 0.211545

27.7588 0.62774 -0.0664082 -0.933592 -2.07831 0.211545
27.7661 0.627219 -0.0664082 -0.933592 -2.07905 0.452107

27.7661 0.62722 -0.104813 -0.895187 -2.07908 0.452106
27.7734 0.626363 -0.104813 -0.895187 -2.06239 0.699893

27.8687 0.580538 -0.455799 -0.544201 -0.288451 2.65675
27.8622 0.585938 -0.455799 -0.544201 -0.445823 2.61241

27.876 0.573896 -0.475733 -0.524267 -0.0985844 2.70403
27.8708 0.578613 -0.475733 -0.524267 -0.22939 2.67131

27.8687 0.580477 -0.468867 -0.531133 -0.285906 2.65633
27.8708 0.578613 -0.468867 -0.531133 -0.229249 2.67114

27.8833 0.56664 -0.499926 -0.500074 0.0909948 2.72349
27.8787 0.571289 -0.499926 -0.500074 -0.0274245 2.7147

27.8906 0.55879 -0.522507 -0.477493 0.280987 2.72624
27.8859 0.563965 -0.522507 -0.477493 0.157719 2.72415

27.8833 0.566597 -0.509731 -0.490269 0.0926039 2.7231
27.8858 0.563965 -0.509731 -0.490269 0.158571 2.72353

27.876 0.573821 -0.489785 -0.510215 -0.0955682 2.70339
27.8786 0.571289 -0.489785 -0.510215 -0.0269674 2.71425

27.7734 0.626366 -0.141105 -0.858895 -2.06245 0.699875
27.7808 0.625163 -0.141105 -0.858895 -1.99396 0.931201

27.7808 0.625164 -0.175415 -0.824585 -1.99404 0.931208
27.7881 0.623606 -0.175415 -0.824585 -1.92056 1.11629

27.7954 0.621695 -0.207384 -0.792616 -1.85231 1.29076
27.7921 0.622559 -0.207384 -0.792616 -1.88869 1.20993

27.7881 0.623602 -0.207384 -0.792616 -1.92041 1.11629
27.7921 0.622559 -0.207384 -0.792616 -1.88878 1.20918

27.7954 0.621696 -0.237997 -0.762003 -1.85236 1.29075
27.8027 0.619409 -0.237997 -0.762003 -1.76988 1.51979

27.8174 0.61371 -0.293535 -0.706465 -1.4874 1.88751
27.8137 0.615234 -0.293535 -0.706465 -1.56342 1.78566

27.8174 0.613701 -0.318872 -0.681128 -1.48704 1.88758
27.8247 0.610272 -0.318872 -0.681128 -1.33828 2.06523

27.832 0.606486 -0.343526 -0.656474 -1.16282 2.19993
27.8293 0.60791 -0.343526 -0.656474 -1.22642 2.14875

27.8247 0.610247 -0.343526 -0.656474 -1.33686 2.06514
27.8292 0.60791 -0.343526 -0.656474 -1.22662 2.14658

27.8027 0.619407 -0.267037 -0.732963 -1.76984 1.51981
27.8101 0.616739 -0.267037 -0.732963 -1.62894 1.70956

27.8101 0.616721 -0.293535 -0.706465 -1.62798 1.70952
27.8136 0.615234 -0.293535 -0.706465 -1.56311 1.78398

27.8467 0.597477 -0.39176 -0.60824 -0.868443 2.41173
27.8419 0.600586 -0.39176 -0.60824 -0.965182 2.32432

27.832 0.606455 -0.368137 -0.631863 -1.1615 2.20011
27.8394 0.602188 -0.368137 -0.631863 -1.0155 2.30186

27.8394 0.602151 -0.389954 -0.610046 -1.01385 2.30162
27.8418 0.600586 -0.389954 -0.610046 -0.964746 2.32367

27.854 0.592402 -0.41434 -0.58566 -0.66287 2.53277
27.8528 0.593262 -0.41434 -0.58566 -0.694576 2.51148

27.8467 0.597451 -0.413949 -0.586051 -0.867539 2.41186
27.8526 0.593262 -0.413949 -0.586051 -0.693842 2.50858

27.854 0.592297 -0.435115 -0.564885 -0.6584 2.53296
27.8613 0.586656 -0.435115 -0.564885 -0.468802 2.60997

27.8613 0.586642 -0.446953 -0.553047 -0.468219 2.60989
27.8622 0.585938 -0.446953 -0.553047 -0.445776 2.61237

27.9199 0.521 -0.594011 -0.405989 0.972604 2.6372
27.9156 0.527344 -0.594011 -0.405989 0.865688 2.66325

27.9346 0.497441 -0.639574 -0.360426 1.31173 2.50003
27.9342 0.498047 -0.639574 -0.360426 1.30042 2.50287

27.9492 0.469768 -0.66726 -0.33274 1.61203 2.32653
27.9461 0.476074 -0.66726 -0.33274 1.55429 2.37118

27.9461 0.476074 -0.658331 -0.341669 1.55427 2.37118
27.9423 0.483398 -0.658331 -0.341669 1.4779 2.41064

27.9419 0.484107 -0.649041 -0.350959 1.46979 2.41483
27.9383 0.490723 -0.649041 -0.350959 1.3992 2.46826

27.9346 0.497358 -0.639086 -0.360914 1.3138 2.49953
27.9383 0.490723 -0.639086 -0.360914 1.39919 2.46826

27.9419 0.484088 -0.649448 -0.350552 1.47014 2.41469
27.9423 0.483398 -0.649448 -0.350552 1.47799 2.41062

27.9272 0.509603 -0.617645 -0.382355 1.16938 2.58058
27.9253 0.512695 -0.617645 -0.382355 1.12588 2.60955

27.9342 0.498047 -0.628194 -0.371806 1.30085 2.50279
27.9299 0.505371 -0.628194 -0.371806 1.19888 2.54681

27.9272 0.509561 -0.617645 -0.382355 1.1703 2.58031
27.9298 0.505371 -0.617645 -0.382355 1.19913 2.54678

27.9253 0.512695 -0.606651 -0.393349 1.1259 2.60956
27.9206 0.52002 -0.606651 -0.393349 0.993476 2.63573

27.9199 0.520984 -0.60277 -0.39723 0.973034 2.63711
27.9206 0.52002 -0.60277 -0.39723 0.993717 2.63556

27.9053 0.541368 -0.565717 -0.434283 0.649893 2.7211
27.9048 0.541992 -0.565717 -0.434283 0.636451 2.72307

27.8979 0.5504 -0.538025 -0.461975 0.455447 2.72726
27.8926 0.556641 -0.538025 -0.461975 0.32425 2.72899

27.9048 0.541992 -0.553909 -0.446091 0.636799 2.72296
27.8989 0.549316 -0.553909 -0.446091 0.477063 2.72872

27.8979 0.55039 -0.544912 -0.455088 0.455754 2.72718
27.8988 0.549316 -0.544912 -0.455088 0.477324 2.72852

27.9126 0.531507 -0.582134 -0.417866 0.820065 2.67888
27.9103 0.534668 -0.582134 -0.417866 0.76831 2.6981

27.9053 0.541293 -0.568292 -0.431708 0.652211 2.72064
27.9103 0.534668 -0.568292 -0.431708 0.768538 2.69813

27.9126 0.53147 -0.581638 -0.418362 0.820938 2.67869
27.9156 0.527344 -0.581638 -0.418362 0.866004 2.66311

27.8906 0.558796 -0.5278 -0.4722 0.280796 2.72629
27.8926 0.556641 -0.5278 -0.4722 0.324763 2.7286

27.9492 0.469749 -0.66726 -0.33274 1.61233 2.32641
27.9497 0.46875 -0.66726 -0.33274 1.62299 2.3207

