25.8788 0.46875 0.603231 -0.396769 2.03107 -1.11803
25.8836 0.476074 0.603231 -0.396769 1.95568 -1.18222

25.8835 0.476074 0.602239 -0.397761 1.95566 -1.18162
25.8838 0.476481 0.602239 -0.397761 1.94962 -1.1846

25.8838 0.476388 0.595386 -0.404614 1.95103 -1.1847
25.8886 0.483398 0.595386 -0.404614 1.88259 -1.24153

25.8885 0.483398 0.589165 -0.410835 1.88257 -1.24114
25.8911 0.487101 0.589165 -0.410835 1.85717 -1.28577

25.8911 0.487022 0.588723 -0.411277 1.85794 -1.28577
25.8937 0.490723 0.588723 -0.411277 1.82349 -1.32719

25.8937 0.490723 0.580718 -0.419282 1.82333 -1.32655
25.8984 0.497344 0.580718 -0.419282 1.72668 -1.38704

25.8984 0.497317 0.581428 -0.418572 1.72721 -1.38714
25.899 0.498047 0.581428 -0.418572 1.71167 -1.3922

25.8989 0.498047 0.571876 -0.428124 1.7117 -1.392
25.9044 0.505371 0.571876 -0.428124 1.61237 -1.45267

25.9044 0.505371 0.569141 -0.430859 1.61239 -1.45179
25.9058 0.507187 0.569141 -0.430859 1.60017 -1.47392

25.9058 0.507059 0.563858 -0.436142 1.601 -1.47426
25.9101 0.512695 0.563858 -0.436142 1.55175 -1.54259

25.9101 0.512695 0.560147 -0.439853 1.55184 -1.54187
25.9131 0.516513 0.560147 -0.439853 1.5074 -1.58966

25.9131 0.516374 0.558906 -0.441094 1.50946 -1.59056
25.916 0.52002 0.558906 -0.441094 1.44374 -1.62521

25.9159 0.52002 0.545997 -0.454003 1.44382 -1.62479
25.9204 0.525393 0.545997 -0.454003 1.34782 -1.65291

25.9204 0.525345 0.544165 -0.455835 1.34837 -1.65334
25.9221 0.527344 0.544165 -0.455835 1.3156 -1.66335

25.9221 0.527344 0.535003 -0.464997 1.31578 -1.66286
25.9277 0.533878 0.535003 -0.464997 1.22491 -1.69764

25.9277 0.533872 0.531729 -0.468271 1.22494 -1.69769
25.9284 0.534668 0.531729 -0.468271 1.21763 -1.7028

25.9284 0.534668 0.524389 -0.475611 1.21775 -1.70237
25.9351 0.541992 0.524389 -0.475611 1.12455 -1.76054

25.9349 0.541992 0.518773 -0.481227 1.12519 -1.75855
25.9351 0.542115 0.518773 -0.481227 1.12321 -1.75951

25.9351 0.542016 0.512011 -0.487989 1.12426 -1.76042
25.942 0.549316 0.512011 -0.487989 0.985331 -1.80819

25.9419 0.549316 0.505127 -0.494873 0.986023 -1.80662
25.9424 0.549792 0.505127 -0.494873 0.975554 -1.8093

25.9424 0.549687 0.498205 -0.501795 0.977159 -1.81033
25.9494 0.556641 0.498205 -0.501795 0.826465 -1.85194

25.9492 0.556641 0.491804 -0.508196 0.827509 -1.84962
25.9497 0.557087 0.491804 -0.508196 0.817635 -1.85288

25.9497 0.556958 0.485046 -0.514954 0.819498 -1.85413
25.957 0.563857 0.485046 -0.514954 0.664812 -1.88964

25.957 0.563965 0.478339 -0.521661 0.663514 -1.88806
25.957 0.563982 0.478339 -0.521661 0.663112 -1.88811

25.957 0.563848 0.477663 -0.522337 0.664932 -1.88974
25.9572 0.563965 0.477663 -0.522337 0.66225 -1.89009

25.9571 0.563965 0.471281 -0.528719 0.662368 -1.8899
25.9644 0.570392 0.471281 -0.528719 0.513158 -1.92062

25.9644 0.570363 0.460548 -0.539452 0.51353 -1.92097
25.9654 0.571289 0.460548 -0.539452 0.4926 -1.92661

25.9654 0.571289 0.45617 -0.54383 0.492765 -1.92629
25.9717 0.57654 0.45617 -0.54383 0.363477 -1.95774

25.9717 0.576498 0.440034 -0.559966 0.364167 -1.95834
25.9744 0.578613 0.440034 -0.559966 0.305346 -1.96761

25.9743 0.578613 0.439269 -0.560731 0.30613 -1.96634
25.979 0.58231 0.439269 -0.560731 0.193474 -1.96453

25.979 0.582276 0.424934 -0.575066 0.194077 -1.96503
25.984 0.585938 0.424934 -0.575066 0.0811354 -1.95153

25.9838 0.585938 0.416036 -0.583964 0.082627 -1.95063
25.9863 0.587735 0.416036 -0.583964 0.029153 -1.94205

25.9863 0.587711 0.408445 -0.591555 0.0295457 -1.94236
25.9937 0.592768 0.408445 -0.591555 -0.13188 -1.93374

25.9937 0.59276 0.387737 -0.612263 -0.131721 -1.93385
25.9944 0.593262 0.387737 -0.612263 -0.148946 -1.93502

25.9944 0.593262 0.391142 -0.608858 -0.148672 -1.93474
26.001 0.597477 0.391142 -0.608858 -0.314019 -1.89398

26.001 0.597449 0.372993 -0.627007 -0.313442 -1.89445
26.0063 0.600586 0.372993 -0.627007 -0.432915 -1.83394

26.0061 0.600586 0.372264 -0.627736 -0.431749 -1.83358
26.0083 0.601883 0.372264 -0.627736 -0.474796 -1.82402

26.0083 0.601832 0.35381 -0.64619 -0.473828 -1.82462
26.0156 0.605842 0.35381 -0.64619 -0.626668 -1.78197

26.0156 0.605817 0.333422 -0.666578 -0.626054 -1.78235
26.0198 0.60791 0.333422 -0.666578 -0.719831 -1.74386

26.0197 0.60791 0.333422 -0.666578 -0.718782 -1.7443
26.0229 0.609532 0.333422 -0.666578 -0.79574 -1.71187

26.0229 0.609506 0.311598 -0.688402 -0.79506 -1.71216
26.0303 0.612822 0.311598 -0.688402 -0.967711 -1.61058

26.0303 0.612803 0.288981 -0.711019 -0.967226 -1.61086
26.0363 0.615234 0.288981 -0.711019 -1.09401 -1.51975

26.0361 0.615234 0.288981 -0.711019 -1.09278 -1.52048
26.0376 0.61583 0.288981 -0.711019 -1.12493 -1.506

26.0376 0.615793 0.265685 -0.734315 -1.12383 -1.50636
26.0449 0.618443 0.265685 -0.734315 -1.28714 -1.39282

26.0449 0.618442 0.240357 -0.759643 -1.28713 -1.39282
26.0522 0.62076 0.240357 -0.759643 -1.43238 -1.21256

26.0522 0.620756 0.213586 -0.786414 -1.43227 -1.21261
26.0589 0.622559 0.213586 -0.786414 -1.54832 -1.08764

26.0588 0.622559 0.213586 -0.786414 -1.54776 -1.0883
26.0596 0.622761 0.213586 -0.786414 -1.56137 -1.07797

26.0596 0.62275 0.184682 -0.815318 -1.56101 -1.07808
26.0669 0.624409 0.184682 -0.815318 -1.694 -0.948337

26.0669 0.624409 0.15304 -0.84696 -1.69398 -0.94834
26.0742 0.625732 0.15304 -0.84696 -1.82984 -0.771613

26.0742 0.625731 0.119118 -0.880882 -1.8298 -0.771618
26.0815 0.626722 0.119118 -0.880882 -1.9327 -0.563911

26.0815 0.626721 0.0827968 -0.917203 -1.93269 -0.563924
26.0889 0.627382 0.0827968 -0.917203 -1.99751 -0.336322

26.0889 0.627382 0.0436032 -0.956397 -1.99751 -0.336322
26.0962 0.627716 0.0436032 -0.956397 -2.03954 -0.107854

26.0962 0.627717 0.000530822 -0.999469 -2.03957 -0.107846
26.1035 0.627721 0.000530822 -0.999469 -2.06202 0.113051

26.1035 0.627723 -0.0435756 -0.956424 -2.06206 0.113056
26.1108 0.62739 -0.0435756 -0.956424 -2.07072 0.328597

26.1108 0.627392 -0.0849404 -0.91506 -2.07076 0.328597
26.1182 0.626712 -0.0849404 -0.91506 -2.07176 0.548109

26.1182 0.626713 -0.123558 -0.876442 -2.07179 0.548107
26.1255 0.625681 -0.123558 -0.876442 -2.04358 0.778886

26.1255 0.62568 -0.159269 -0.840731 -2.04357 0.778885
26.1328 0.624293 -0.159269 -0.840731 -1.96924 1.00443

26.2134 0.583577 -0.44616 -0.55384 -0.389203 2.6346
26.2104 0.585938 -0.44616 -0.55384 -0.461612 2.60886

26.2207 0.577165 -0.47306 -0.52694 -0.202753 2.67785
26.2191 0.578613 -0.47306 -0.52694 -0.243377 2.66729

26.2134 0.583479 -0.465545 -0.534455 -0.385592 2.63474
26.219 0.578613 -0.465545 -0.534455 -0.24245 2.66619

26.2427 0.554522 -0.534873 -0.465127 0.374759 2.74112
26.2408 0.556641 -0.534873 -0.465127 0.32261 2.74176

26.25 0.545717 -0.555992 -0.444008 0.546806 2.72825
26.2471 0.549316 -0.555992 -0.444008 0.47617 2.74065

26.2427 0.554479 -0.54003 -0.45997 0.37617 2.74093
26.2471 0.549316 -0.54003 -0.45997 0.476626 2.74064

26.228 0.5702 -0.494899 -0.505101 -0.0119819 2.7162
26.2269 0.571289 -0.494899 -0.505101 -0.0418785 2.71063

26.2354 0.562676 -0.514651 -0.485349 0.178514 2.73645
26.2341 0.563965 -0.514651 -0.485349 0.147865 2.73613

26.228 0.570128 -0.505138 -0.494862 -0.00940622 2.71595
26.2341 0.563965 -0.505138 -0.494862 0.148569 2.73576

26.2207 0.577068 -0.485158 -0.514842 -0.199235 2.67761
26.2268 0.571289 -0.485158 -0.514842 -0.0412063 2.70995

26.2354 0.562605 -0.522421 -0.477579 0.180874 2.73611
26.2408 0.556641 -0.522421 -0.477579 0.322882 2.74163

26.1621 0.615196 -0.279367 -0.720633 -1.54992 1.77812
26.162 0.615234 -0.279367 -0.720633 -1.55129 1.7771

26.1328 0.624289 -0.191472 -0.808528 -1.96905 1.00442
26.1401 0.622559 -0.191472 -0.808528 -1.89267 1.19662

26.1475 0.620474 -0.221717 -0.778283 -1.81571 1.42024
26.1401 0.622559 -0.221717 -0.778283 -1.89269 1.1972

26.1475 0.620479 -0.251473 -0.748527 -1.81586 1.4202
26.1548 0.618019 -0.251473 -0.748527 -1.69068 1.65583

26.1548 0.618016 -0.279367 -0.720633 -1.69052 1.65582
26.162 0.615234 -0.279367 -0.720633 -1.55117 1.77657

26.1621 0.61519 -0.30672 -0.69328 -1.54967 1.77812
26.1694 0.61195 -0.30672 -0.69328 -1.44243 1.96099

26.1694 0.611943 -0.332891 -0.667109 -1.44222 1.96106
26.1768 0.608288 -0.332891 -0.667109 -1.27334 2.10015

26.1914 0.599818 -0.379567 -0.620433 -0.916813 2.41173
26.1902 0.600586 -0.379567 -0.620433 -0.950619 2.39233

26.1841 0.604226 -0.357188 -0.642812 -1.15222 2.25367
26.1775 0.60791 -0.357188 -0.642812 -1.26065 2.10506

26.1768 0.608285 -0.355327 -0.644673 -1.27321 2.10014
26.1774 0.60791 -0.355327 -0.644673 -1.26057 2.10493

26.1841 0.604202 -0.380025 -0.619975 -1.15066 2.25356
26.19 0.600586 -0.380025 -0.619975 -0.95031 2.39007

26.1914 0.599747 -0.402383 -0.597617 -0.91348 2.41198
26.1987 0.594816 -0.402383 -0.597617 -0.75186 2.48228

26.2061 0.58942 -0.424682 -0.575318 -0.596141 2.55852
26.2008 0.593262 -0.424682 -0.575318 -0.706305 2.48818

26.1987 0.594762 -0.414976 -0.585024 -0.749586 2.48187
26.2008 0.593262 -0.414976 -0.585024 -0.706264 2.48814

26.2061 0.589355 -0.442873 -0.557127 -0.592948 2.55805
26.2104 0.585938 -0.442873 -0.557127 -0.461144 2.60814

26.3672 0.229777 -0.864441 -0.135559 2.61694 0.956302
26.3665 0.234375 -0.864441 -0.135559 2.60737 0.983162

26.3844 0 -0.997965 -0.00203499 2.77104 0
26.3843 0.00732422 -0.997965 -0.00203499 2.77076 0.025831

26.3843 0.00732422 -0.993994 -0.00600612 2.77077 0.025831
26.3843 0.0146484 -0.993994 -0.00600612 2.77017 0.051851

26.3843 0.0146484 -0.989992 -0.0100079 2.77016 0.0518514
26.3842 0.0219727 -0.989992 -0.0100079 2.77138 0.0776598

26.3842 0.0219727 -0.986001 -0.0139994 2.77139 0.0776594
26.3841 0.0292969 -0.986001 -0.0139994 2.78063 0.105122

26.3841 0.0292969 -0.981881 -0.0181186 2.78062 0.105124
26.384 0.0366211 -0.981881 -0.0181186 2.78433 0.135333

26.384 0.0366211 -0.977168 -0.0228317 2.78432 0.135338
26.3838 0.0439453 -0.977168 -0.0228317 2.76714 0.165816

26.3838 0.0439453 -0.972015 -0.0279848 2.76714 0.165819
26.3836 0.0512695 -0.972015 -0.0279848 2.73939 0.19044

26.3836 0.0512695 -0.96664 -0.0333603 2.73939 0.190442
26.3833 0.0585938 -0.96664 -0.0333603 2.72487 0.214002

26.3833 0.0585938 -0.961859 -0.0381413 2.72489 0.214
26.3831 0.065918 -0.961859 -0.0381413 2.72941 0.240045

26.3831 0.065918 -0.957752 -0.0422481 2.7294 0.240045
26.3827 0.0732422 -0.957752 -0.0422481 2.7348 0.273687

26.3827 0.0732422 -0.951814 -0.048186 2.73475 0.273684
26.382 0.0878906 -0.951814 -0.048186 2.73671 0.333861

26.3818 0.0906555 -0.943505 -0.0564947 2.73648 0.345207
26.3811 0.102539 -0.943505 -0.0564947 2.73384 0.399031

26.3811 0.102539 -0.937046 -0.0629542 2.73394 0.399035
26.3806 0.109863 -0.937046 -0.0629542 2.73101 0.437698

26.3806 0.109863 -0.932697 -0.0673026 2.73099 0.437695
26.3801 0.117188 -0.932697 -0.0673026 2.72414 0.478488

26.3818 0.0906515 -0.943505 -0.0564947 2.73648 0.34519
26.382 0.0878906 -0.943505 -0.0564947 2.73667 0.333859

26.3801 0.117188 -0.927946 -0.0720538 2.72414 0.478489
26.3795 0.124512 -0.927946 -0.0720538 2.71584 0.509731

26.3795 0.124512 -0.923555 -0.0764455 2.71585 0.509733
26.3789 0.131836 -0.923555 -0.0764455 2.71195 0.535668

26.3789 0.131836 -0.919488 -0.0805117 2.71195 0.535668
26.3783 0.13916 -0.919488 -0.0805117 2.71042 0.564499

26.3783 0.13916 -0.915744 -0.0842561 2.71043 0.5645
26.3776 0.146484 -0.915744 -0.0842561 2.70062 0.593052

26.3776 0.146484 -0.911652 -0.0883476 2.7006 0.593051
26.3769 0.153809 -0.911652 -0.0883476 2.69004 0.620442

26.3769 0.153809 -0.907206 -0.0927944 2.69004 0.620442
26.3761 0.161133 -0.907206 -0.0927944 2.68558 0.648815

26.3762 0.161133 -0.900461 -0.0995389 2.68548 0.648809
26.3745 0.175781 -0.900461 -0.0995389 2.67716 0.711206

26.3745 0.175781 -0.891717 -0.108283 2.67717 0.711207
26.3728 0.19043 -0.891717 -0.108283 2.66287 0.775125

26.3728 0.19043 -0.883392 -0.116608 2.66287 0.775125
26.3708 0.205078 -0.883392 -0.116608 2.6418 0.838426

26.3708 0.205078 -0.874879 -0.125121 2.64177 0.838427
26.3687 0.219727 -0.874879 -0.125121 2.62516 0.905653

26.3672 0.22971 -0.866243 -0.133757 2.61716 0.955967
26.3687 0.219727 -0.866243 -0.133757 2.62518 0.905653

26.3665 0.234375 -0.859678 -0.140322 2.60739 0.983166
26.3653 0.241699 -0.859678 -0.140322 2.59843 1.01865

26.3653 0.241699 -0.854698 -0.145302 2.59845 1.01866
26.364 0.249023 -0.854698 -0.145302 2.5917 1.05524

26.364 0.249023 -0.850104 -0.149896 2.5917 1.05524
26.3627 0.256348 -0.850104 -0.149896 2.57912 1.09134

26.3627 0.256348 -0.845609 -0.154391 2.57912 1.09134
26.3614 0.263672 -0.845609 -0.154391 2.55974 1.12615

26.3599 0.271751 -0.836528 -0.163472 2.54036 1.16934
26.3586 0.27832 -0.836528 -0.163472 2.52753 1.20785

26.3614 0.263672 -0.841118 -0.158882 2.55974 1.12615
26.36 0.270996 -0.841118 -0.158882 2.54191 1.16489

26.3599 0.271738 -0.836528 -0.163472 2.54041 1.16927
26.36 0.270996 -0.836528 -0.163472 2.54193 1.16489

26.3586 0.27832 -0.831798 -0.168202 2.52753 1.20785
26.3571 0.285645 -0.831798 -0.168202 2.51053 1.24953

26.3571 0.285645 -0.827014 -0.172986 2.51053 1.24953
26.3556 0.292969 -0.827014 -0.172986 2.48884 1.28719

26.3525 0.306795 -0.817566 -0.182434 2.43876 1.35626
26.3524 0.307617 -0.817566 -0.182434 2.43594 1.36053

26.3524 0.307617 -0.812484 -0.187516 2.43598 1.36054
26.3507 0.314941 -0.812484 -0.187516 2.41992 1.39918

26.3507 0.314941 -0.807027 -0.192973 2.41992 1.39918
26.3489 0.322266 -0.807027 -0.192973 2.40753 1.44008

26.3556 0.292969 -0.822285 -0.177715 2.48884 1.28719
26.354 0.300293 -0.822285 -0.177715 2.4619 1.32287

26.3525 0.306765 -0.817566 -0.182434 2.43893 1.35611
26.354 0.300293 -0.817566 -0.182434 2.4619 1.32287

26.3489 0.322266 -0.80163 -0.19837 2.40753 1.44008
26.3471 0.32959 -0.80163 -0.19837 2.38215 1.47823

26.3471 0.32959 -0.796385 -0.203615 2.38215 1.47823
26.3452 0.336914 -0.796385 -0.203615 2.3521 1.51847

26.3452 0.336956 -0.791023 -0.208977 2.35191 1.51871
26.3433 0.344238 -0.791023 -0.208977 2.32622 1.55972

26.3433 0.344238 -0.785347 -0.214653 2.3262 1.55972
26.3413 0.351562 -0.785347 -0.214653 2.30439 1.60115

26.3452 0.336942 -0.791023 -0.208977 2.35201 1.51863
26.3452 0.336914 -0.791023 -0.208977 2.35213 1.51847

26.3086 0.445515 -0.700866 -0.299134 1.81832 2.18014
26.3081 0.446777 -0.700866 -0.299134 1.80621 2.18802

26.308 0.446777 -0.693044 -0.306956 1.80639 2.18803
26.3048 0.454102 -0.693044 -0.306956 1.74466 2.24006

26.3013 0.461761 -0.676471 -0.323529 1.67691 2.27819
26.2979 0.46875 -0.676471 -0.323529 1.62228 2.3313

26.3048 0.454102 -0.684891 -0.315109 1.74465 2.24006
26.3014 0.461426 -0.684891 -0.315109 1.68029 2.27622

26.3013 0.461752 -0.676471 -0.323529 1.67707 2.27813
26.3014 0.461426 -0.676471 -0.323529 1.6803 2.27622

26.3379 0.36345 -0.773889 -0.226111 2.25812 1.67145
26.3371 0.366211 -0.773889 -0.226111 2.24483 1.68727

26.3371 0.366211 -0.768153 -0.231847 2.24488 1.68728
26.3349 0.373535 -0.768153 -0.231847 2.21502 1.73042

26.3349 0.373535 -0.762003 -0.237997 2.21501 1.73042
26.3326 0.380859 -0.762003 -0.237997 2.18773 1.77033

26.3232 0.40842 -0.736229 -0.263771 2.06187 1.94435
26.3226 0.410156 -0.736229 -0.263771 2.04986 1.95559

26.3306 0.387134 -0.755776 -0.244224 2.16037 1.80741
26.3302 0.388184 -0.755776 -0.244224 2.15481 1.81375

26.3302 0.388184 -0.749424 -0.250576 2.15491 1.81377
26.3278 0.395508 -0.749424 -0.250576 2.12412 1.86064

26.3306 0.387095 -0.755776 -0.244224 2.16071 1.80719
26.3326 0.380859 -0.755776 -0.244224 2.18775 1.77033

26.3278 0.395508 -0.742776 -0.257224 2.12411 1.86064
26.3252 0.402832 -0.742776 -0.257224 2.09193 1.90729

26.3232 0.408378 -0.736229 -0.263771 2.06234 1.94411
26.3252 0.402832 -0.736229 -0.263771 2.09198 1.90729

26.3413 0.351562 -0.77953 -0.22047 2.30438 1.60115
26.3392 0.358887 -0.77953 -0.22047 2.27637 1.64304

26.3379 0.363419 -0.773889 -0.226111 2.25836 1.67129
26.3392 0.358887 -0.773889 -0.226111 2.27641 1.64304

26.3226 0.410156 -0.729626 -0.270374 2.04997 1.95561
26.3199 0.41748 -0.729626 -0.270374 2.00755 2.00639

26.3199 0.41748 -0.722625 -0.277375 2.00753 2.00638
26.3171 0.424805 -0.722625 -0.277375 1.96029 2.04747

26.3159 0.427754 -0.71557 -0.28443 1.94033 2.06621
26.3142 0.432129 -0.71557 -0.28443 1.91171 2.09373

26.3142 0.432129 -0.70835 -0.29165 1.91172 2.09373
26.3112 0.439453 -0.70835 -0.29165 1.86244 2.14263

26.3159 0.427731 -0.71557 -0.28443 1.94059 2.06605
26.3171 0.424805 -0.71557 -0.28443 1.96035 2.04747

26.3086 0.445463 -0.700866 -0.299134 1.81908 2.17983
26.3112 0.439453 -0.700866 -0.299134 1.86248 2.14262

26.2646 0.526167 -0.597929 -0.402071 0.914004 2.67367
26.2639 0.527344 -0.597929 -0.402071 0.892916 2.68232

26.2793 0.503349 -0.629196 -0.370804 1.25217 2.55335
26.2781 0.505371 -0.629196 -0.370804 1.21409 2.56821

26.2781 0.505371 -0.617921 -0.382079 1.21424 2.56824
26.2736 0.512695 -0.617921 -0.382079 1.08301 2.59661

26.272 0.515146 -0.606072 -0.393928 1.04712 2.60214
26.2688 0.52002 -0.606072 -0.393928 0.98427 2.63344

26.2646 0.526106 -0.5948 -0.4052 0.915624 2.67326
26.2688 0.52002 -0.5948 -0.4052 0.984361 2.63347

26.272 0.515126 -0.607671 -0.392329 1.04757 2.602
26.2735 0.512695 -0.607671 -0.392329 1.08327 2.59646

26.2939 0.476737 -0.658513 -0.341487 1.54279 2.37758
26.2905 0.483398 -0.658513 -0.341487 1.47086 2.42649

26.2866 0.490629 -0.649275 -0.350725 1.38476 2.45858
26.2866 0.490723 -0.649275 -0.350725 1.38341 2.45905

26.2865 0.490723 -0.63907 -0.36093 1.38388 2.45895
26.2824 0.498047 -0.63907 -0.36093 1.30052 2.51232

26.2866 0.490549 -0.648854 -0.351146 1.3864 2.45806
26.2905 0.483398 -0.648854 -0.351146 1.47086 2.42649

26.2979 0.46875 -0.667721 -0.332279 1.62226 2.3313
26.2943 0.476074 -0.667721 -0.332279 1.55107 2.37362

26.2939 0.476717 -0.658523 -0.341477 1.54316 2.37745
26.2943 0.476074 -0.658523 -0.341477 1.55113 2.37361

26.2793 0.503286 -0.629196 -0.370804 1.25382 2.55297
26.2824 0.498047 -0.629196 -0.370804 1.30066 2.5123

26.2573 0.536317 -0.567763 -0.432237 0.711639 2.70445
26.253 0.541992 -0.567763 -0.432237 0.603668 2.7206

26.2638 0.527344 -0.581964 -0.418036 0.893259 2.68235
26.2586 0.534668 -0.581964 -0.418036 0.745726 2.7052

26.2573 0.536304 -0.575042 -0.424958 0.712018 2.70436
26.2585 0.534668 -0.575042 -0.424958 0.746143 2.70485

26.25 0.545735 -0.558921 -0.441079 0.546343 2.72832
26.253 0.541992 -0.558921 -0.441079 0.604452 2.72012

