29.1851 0.46875 0.607257 -0.392743 2.04559 -1.09478
29.187 0.471696 0.607257 -0.392743 2.02317 -1.12363

29.187 0.471626 0.606776 -0.393224 2.02376 -1.12366
29.1899 0.476074 0.606776 -0.393224 2.00873 -1.16924

29.1899 0.476074 0.599479 -0.400521 2.00854 -1.16886
29.1943 0.482768 0.599479 -0.400521 1.93824 -1.24066

29.1943 0.482746 0.602869 -0.397131 1.93866 -1.24068
29.1948 0.483398 0.602869 -0.397131 1.92603 -1.24584

29.1948 0.483398 0.591559 -0.408441 1.92603 -1.24579
29.1998 0.490723 0.591559 -0.408441 1.82671 -1.30124

29.1998 0.490723 0.589009 -0.410991 1.82671 -1.3009
29.2017 0.493391 0.589009 -0.410991 1.80139 -1.32659

29.2017 0.493276 0.58453 -0.41547 1.80247 -1.32682
29.2051 0.498047 0.58453 -0.41547 1.76863 -1.37636

29.205 0.498047 0.576724 -0.423276 1.76848 -1.37569
29.209 0.503468 0.576724 -0.423276 1.70942 -1.44829

29.209 0.503409 0.579575 -0.420425 1.71046 -1.44848
29.2104 0.505371 0.579575 -0.420425 1.67418 -1.46913

29.2104 0.505371 0.566789 -0.433211 1.67422 -1.46856
29.216 0.512695 0.566789 -0.433211 1.55609 -1.52941

29.2159 0.512695 0.562271 -0.437729 1.55626 -1.52809
29.2163 0.513222 0.562271 -0.437729 1.5483 -1.53274

29.2163 0.513083 0.557751 -0.442249 1.55017 -1.53336
29.2218 0.52002 0.557751 -0.442249 1.46778 -1.60555

29.2217 0.52002 0.554431 -0.445569 1.46795 -1.60411
29.2236 0.522369 0.554431 -0.445569 1.4432 -1.63552

29.2236 0.52223 0.549894 -0.450106 1.44437 -1.63617
29.2278 0.527344 0.549894 -0.450106 1.36741 -1.68444

29.2278 0.527344 0.544976 -0.455024 1.3676 -1.68398
29.231 0.531138 0.544976 -0.455024 1.2968 -1.69835

29.231 0.53103 0.540815 -0.459185 1.29786 -1.69936
29.234 0.534668 0.540815 -0.459185 1.24373 -1.71601

29.2341 0.534668 0.532409 -0.467591 1.24364 -1.71625
29.2383 0.539474 0.532409 -0.467591 1.17549 -1.74197

29.2383 0.539407 0.525615 -0.474385 1.17603 -1.74253
29.2406 0.541992 0.525615 -0.474385 1.14454 -1.75983

29.2406 0.541992 0.519644 -0.480356 1.14453 -1.7599
29.2456 0.547387 0.519644 -0.480356 1.06827 -1.80396

29.2456 0.547321 0.512228 -0.487772 1.06918 -1.80453
29.2475 0.549316 0.512228 -0.487772 1.03265 -1.82079

29.2475 0.549316 0.506444 -0.493556 1.03277 -1.82034
29.2529 0.554909 0.506444 -0.493556 0.914808 -1.85551

29.2529 0.554874 0.499292 -0.500708 0.915435 -1.85589
29.2547 0.556641 0.499292 -0.500708 0.870707 -1.86415

29.2547 0.556641 0.49114 -0.50886 0.871082 -1.86336
29.2603 0.562049 0.49114 -0.50886 0.736541 -1.88668

29.2603 0.562031 0.483781 -0.516219 0.736796 -1.88688
29.2623 0.563965 0.483781 -0.516219 0.694858 -1.8977

29.2622 0.563965 0.475714 -0.524286 0.695351 -1.89666
29.2676 0.568799 0.475714 -0.524286 0.591475 -1.94351

29.2676 0.568781 0.466137 -0.533863 0.591764 -1.94373
29.2705 0.571289 0.466137 -0.533863 0.530689 -1.96696

29.2703 0.571289 0.459257 -0.540743 0.531497 -1.965
29.2749 0.575159 0.459257 -0.540743 0.425187 -1.98116

29.2749 0.575157 0.447897 -0.552103 0.425221 -1.98119
29.2792 0.578613 0.447897 -0.552103 0.322939 -1.98539

29.279 0.578613 0.442401 -0.557599 0.324369 -1.98426
29.2822 0.581156 0.442401 -0.557599 0.245831 -1.97653

29.2822 0.581137 0.433848 -0.566152 0.246174 -1.97678
29.2885 0.585938 0.433848 -0.566152 0.102305 -1.95682

29.2884 0.585938 0.425986 -0.574014 0.103551 -1.95596
29.2896 0.586825 0.425986 -0.574014 0.0795073 -1.95149

29.2896 0.586766 0.417408 -0.582592 0.0803873 -1.95229
29.2969 0.592013 0.417408 -0.582592 -0.0751207 -1.95032

29.2969 0.59199 0.397842 -0.602158 -0.0746746 -1.95064
29.2988 0.593262 0.397842 -0.602158 -0.115992 -1.95319

29.2987 0.593262 0.40006 -0.59994 -0.115451 -1.95254
29.3042 0.596903 0.40006 -0.59994 -0.250828 -1.92387

29.3042 0.596881 0.381638 -0.618362 -0.250349 -1.92416
29.3102 0.600586 0.381638 -0.618362 -0.388967 -1.87925

29.31 0.600586 0.377246 -0.622754 -0.387618 -1.87867
29.3115 0.601479 0.377246 -0.622754 -0.418206 -1.87349

29.3115 0.601415 0.36198 -0.63802 -0.416948 -1.87426
29.3188 0.605571 0.36198 -0.63802 -0.579358 -1.83476

29.3188 0.605537 0.342333 -0.657667 -0.578538 -1.83529
29.3234 0.60791 0.342333 -0.657667 -0.686185 -1.7883

29.3233 0.60791 0.342333 -0.657667 -0.684875 -1.78881
29.3262 0.609414 0.342333 -0.657667 -0.756043 -1.75799

29.3262 0.609382 0.321625 -0.678375 -0.755158 -1.7584
29.3335 0.612854 0.321625 -0.678375 -0.93491 -1.6524

29.3335 0.612838 0.299238 -0.700762 -0.934487 -1.65265
29.3391 0.615234 0.299238 -0.700762 -1.0537 -1.56489

29.339 0.615234 0.299238 -0.700762 -1.05263 -1.56551
29.3408 0.616015 0.299238 -0.700762 -1.09059 -1.54848

29.3408 0.615981 0.275482 -0.724518 -1.08965 -1.5488
29.3481 0.618765 0.275482 -0.724518 -1.24426 -1.44613

29.3481 0.618765 0.249688 -0.750312 -1.24423 -1.44613
29.3555 0.621202 0.249688 -0.750312 -1.39089 -1.29115

29.3555 0.621191 0.222651 -0.777349 -1.39052 -1.29131
29.3602 0.622559 0.222651 -0.777349 -1.48458 -1.20484

29.3602 0.622559 0.222651 -0.777349 -1.48372 -1.20601
29.3628 0.623311 0.222651 -0.777349 -1.54038 -1.16028

29.3628 0.623298 0.193918 -0.806082 -1.53987 -1.16041
29.3701 0.62506 0.193918 -0.806082 -1.69443 -1.00672

29.3701 0.625058 0.163051 -0.836949 -1.69435 -1.00673
29.3774 0.626485 0.163051 -0.836949 -1.83194 -0.803345

29.3774 0.626485 0.130021 -0.869979 -1.83195 -0.803341
29.3848 0.62758 0.130021 -0.869979 -1.91633 -0.582003

29.3848 0.627581 0.0940519 -0.905948 -1.91635 -0.581994
29.3921 0.628341 0.0940519 -0.905948 -1.98314 -0.369018

29.3921 0.628342 0.0546212 -0.945379 -1.98316 -0.369011
29.3994 0.628765 0.0546212 -0.945379 -2.03529 -0.163394

29.3994 0.628765 0.0112998 -0.9887 -2.0353 -0.163391
29.4067 0.628849 0.0112998 -0.9887 -2.0723 0.0452471

29.4067 0.628849 -0.0339091 -0.966091 -2.0723 0.0452483
29.4141 0.628592 -0.0339091 -0.966091 -2.09088 0.265882

29.5239 0.579674 -0.462037 -0.537963 -0.237241 2.67713
29.5166 0.585938 -0.462037 -0.537963 -0.420136 2.62612

29.5312 0.572861 -0.482246 -0.517754 -0.0455846 2.71997
29.5251 0.578613 -0.482246 -0.517754 -0.205315 2.68522

29.5239 0.579639 -0.47393 -0.52607 -0.235813 2.67692
29.5251 0.578613 -0.47393 -0.52607 -0.205222 2.6851

29.4141 0.628592 -0.0755573 -0.924443 -2.09089 0.265883
29.4214 0.627994 -0.0755573 -0.924443 -2.08785 0.501552

29.4214 0.627994 -0.113903 -0.886097 -2.08786 0.501551
29.4287 0.627053 -0.113903 -0.886097 -2.06543 0.751388

29.4287 0.627055 -0.149742 -0.850258 -2.06548 0.751376
29.436 0.625765 -0.149742 -0.850258 -2.01016 1.00262

29.436 0.625767 -0.183619 -0.816381 -2.01029 1.00263
29.4434 0.62412 -0.183619 -0.816381 -1.91219 1.2031

29.4727 0.613821 -0.301435 -0.698565 -1.4635 1.93372
29.4694 0.615234 -0.301435 -0.698565 -1.53077 1.84691

29.4507 0.622126 -0.21519 -0.78481 -1.82678 1.36802
29.4491 0.622559 -0.21519 -0.78481 -1.84465 1.33555

29.4434 0.624115 -0.21519 -0.78481 -1.91197 1.20309
29.449 0.622559 -0.21519 -0.78481 -1.84475 1.33421

29.4507 0.622119 -0.245578 -0.754422 -1.82654 1.36805
29.458 0.619735 -0.245578 -0.754422 -1.74121 1.5786

29.458 0.619734 -0.274739 -0.725261 -1.74118 1.57861
29.4653 0.61696 -0.274739 -0.725261 -1.60586 1.76612

29.4653 0.616939 -0.301435 -0.698565 -1.60478 1.76607
29.4693 0.615234 -0.301435 -0.698565 -1.53109 1.84464

29.4727 0.613804 -0.326786 -0.673214 -1.46283 1.93384
29.48 0.610249 -0.326786 -0.673214 -1.31098 2.11164

29.4873 0.606328 -0.351037 -0.648963 -1.12079 2.25939
29.4844 0.60791 -0.351037 -0.648963 -1.19613 2.19785

29.48 0.61022 -0.351037 -0.648963 -1.30931 2.11155
29.4843 0.60791 -0.351037 -0.648963 -1.1964 2.19558

29.502 0.597062 -0.398273 -0.601727 -0.823552 2.45283
29.4966 0.600586 -0.398273 -0.601727 -0.92729 2.36041

29.4873 0.6063 -0.374996 -0.625004 -1.11953 2.25958
29.4946 0.601905 -0.374996 -0.625004 -0.966292 2.35164

29.4946 0.60187 -0.393499 -0.606501 -0.96474 2.35138
29.4966 0.600586 -0.393499 -0.606501 -0.927089 2.36021

29.5093 0.591838 -0.419458 -0.580542 -0.608967 2.56261
29.5073 0.593262 -0.419458 -0.580542 -0.658962 2.53718

29.502 0.597032 -0.420512 -0.579488 -0.822551 2.453
29.5071 0.593262 -0.420512 -0.579488 -0.658257 2.53533

29.5093 0.591746 -0.441663 -0.558337 -0.605176 2.56276
29.5166 0.585952 -0.441663 -0.558337 -0.420473 2.62588

29.5166 0.585949 -0.452406 -0.547594 -0.420364 2.62587
29.5166 0.585938 -0.452406 -0.547594 -0.419998 2.62595

29.6905 0 -0.990744 -0.00925554 2.77727 0
29.6902 0.0292969 -0.990744 -0.00925554 2.77606 0.11288

29.6902 0.0292969 -0.977115 -0.0228852 2.77631 0.112876
29.6899 0.0439453 -0.977115 -0.0228852 2.77403 0.171053

29.6899 0.0439453 -0.967807 -0.032193 2.77403 0.171053
29.6894 0.0585938 -0.967807 -0.032193 2.76513 0.228787

29.6894 0.0585938 -0.95508 -0.0449204 2.76491 0.228794
29.688 0.0878906 -0.95508 -0.0449204 2.75414 0.347693

29.688 0.0878906 -0.942894 -0.0571056 2.75445 0.347694
29.6871 0.102539 -0.942894 -0.0571056 2.74803 0.411101

29.6871 0.102539 -0.934585 -0.0654147 2.74798 0.4111
29.6861 0.117188 -0.934585 -0.0654147 2.73618 0.473422

29.6861 0.117188 -0.925643 -0.0743571 2.73618 0.473422
29.6849 0.131836 -0.925643 -0.0743571 2.72592 0.533265

29.6849 0.131836 -0.91718 -0.0828195 2.72594 0.533264
29.6836 0.146484 -0.91718 -0.0828195 2.71543 0.594616

29.6836 0.146484 -0.908829 -0.0911709 2.7154 0.594617
29.6821 0.161133 -0.908829 -0.0911709 2.70289 0.661582

29.6821 0.161133 -0.902418 -0.0975818 2.70298 0.661585
29.6813 0.168457 -0.902418 -0.0975818 2.69491 0.697172

29.6813 0.168457 -0.898194 -0.101806 2.6949 0.697172
29.6805 0.175781 -0.898194 -0.101806 2.68409 0.72966

29.6777 0.197994 -0.88192 -0.11808 2.64636 0.829104
29.6768 0.205078 -0.88192 -0.11808 2.64141 0.86065

29.6768 0.205078 -0.8771 -0.1229 2.64144 0.860654
29.6758 0.212402 -0.8771 -0.1229 2.63701 0.8955

29.6758 0.212402 -0.872882 -0.127118 2.63701 0.895501
29.6747 0.219727 -0.872882 -0.127118 2.62479 0.929705

29.6747 0.219727 -0.868561 -0.131439 2.62479 0.929703
29.6736 0.227051 -0.868561 -0.131439 2.61116 0.959354

29.6736 0.227051 -0.864058 -0.135942 2.61116 0.959354
29.6724 0.234375 -0.864058 -0.135942 2.59821 0.987576

29.6805 0.175781 -0.894056 -0.105944 2.68409 0.72966
29.6796 0.183105 -0.894056 -0.105944 2.67175 0.76193

29.6796 0.183105 -0.889867 -0.110133 2.67174 0.76193
29.6787 0.19043 -0.889867 -0.110133 2.65911 0.793745

29.6777 0.197868 -0.883735 -0.116265 2.64663 0.828561
29.6787 0.19043 -0.883735 -0.116265 2.65904 0.793739

29.6484 0.346574 -0.784513 -0.215487 2.32526 1.58132
29.6471 0.351562 -0.784513 -0.215487 2.30359 1.6093

29.6471 0.351562 -0.779064 -0.220936 2.30359 1.6093
29.645 0.358887 -0.779064 -0.220936 2.2767 1.65045

29.645 0.358887 -0.773192 -0.226808 2.27669 1.65045
29.6428 0.366211 -0.773192 -0.226808 2.25223 1.6884

29.6411 0.37194 -0.767262 -0.232738 2.23056 1.72256
29.6406 0.373535 -0.767262 -0.232738 2.22293 1.73213

29.6406 0.373535 -0.761225 -0.238775 2.22301 1.73215
29.6383 0.380859 -0.761225 -0.238775 2.1941 1.77792

29.6411 0.371905 -0.767262 -0.232738 2.23085 1.72238
29.6428 0.366211 -0.767262 -0.232738 2.25226 1.6884

29.6338 0.39465 -0.748633 -0.251367 2.12941 1.86125
29.6335 0.395508 -0.748633 -0.251367 2.12377 1.86654

29.6335 0.395508 -0.742334 -0.257666 2.1239 1.86656
29.6309 0.402832 -0.742334 -0.257666 2.08408 1.91315

29.6309 0.402832 -0.735644 -0.264356 2.08407 1.91315
29.6283 0.410156 -0.735644 -0.264356 2.04566 1.95475

29.6383 0.380859 -0.754889 -0.245111 2.19409 1.77792
29.6359 0.388184 -0.754889 -0.245111 2.16426 1.82187

29.6338 0.394605 -0.748633 -0.251367 2.12986 1.861
29.6359 0.388184 -0.748633 -0.251367 2.16429 1.82187

29.6191 0.433862 -0.707563 -0.292437 1.9003 2.09724
29.6168 0.439453 -0.707563 -0.292437 1.8652 2.1357

29.6045 0.466807 -0.676068 -0.323932 1.65044 2.30947
29.6036 0.46875 -0.676068 -0.323932 1.62849 2.32119

29.6118 0.451009 -0.692019 -0.307981 1.78297 2.20854
29.6104 0.454102 -0.692019 -0.307981 1.75592 2.22784

29.6168 0.439453 -0.699875 -0.300125 1.86518 2.13569
29.6137 0.446777 -0.699875 -0.300125 1.81157 2.18178

29.6118 0.450971 -0.692019 -0.307981 1.7835 2.20833
29.6137 0.446777 -0.692019 -0.307981 1.81167 2.18177

29.6104 0.454102 -0.684172 -0.315828 1.75601 2.22785
29.6071 0.461426 -0.684172 -0.315828 1.6938 2.27711

29.6045 0.466757 -0.676068 -0.323932 1.6513 2.30918
29.607 0.461426 -0.676068 -0.323932 1.69387 2.2771

29.6265 0.41516 -0.728907 -0.271093 2.01818 1.98444
29.6256 0.41748 -0.728907 -0.271093 2.00217 1.99786

29.6256 0.41748 -0.722044 -0.277956 2.00226 1.99786
29.6228 0.424805 -0.722044 -0.277956 1.95806 2.04533

29.6265 0.415124 -0.728907 -0.271093 2.01859 1.98424
29.6283 0.410156 -0.728907 -0.271093 2.04571 1.95475

29.6228 0.424805 -0.714857 -0.285143 1.95805 2.04533
29.6199 0.432129 -0.714857 -0.285143 1.9114 2.0859

29.6191 0.433847 -0.707563 -0.292437 1.90048 2.09714
29.6199 0.432129 -0.707563 -0.292437 1.91145 2.0859

29.6724 0.234375 -0.856923 -0.143077 2.59809 0.987563
29.67 0.249023 -0.856923 -0.143077 2.57885 1.05673

29.67 0.249023 -0.849791 -0.150209 2.57894 1.05673
29.6687 0.256348 -0.849791 -0.150209 2.5697 1.09433

29.6687 0.256348 -0.844891 -0.155109 2.5697 1.09433
29.6673 0.263672 -0.844891 -0.155109 2.55974 1.13147

29.6631 0.285365 -0.830829 -0.169171 2.50868 1.24209
29.663 0.285645 -0.830829 -0.169171 2.50728 1.24809

29.663 0.285645 -0.826174 -0.173826 2.50736 1.24811
29.6615 0.292969 -0.826174 -0.173826 2.48787 1.28503

29.6673 0.263672 -0.840139 -0.159861 2.55974 1.13147
29.666 0.270996 -0.840139 -0.159861 2.54182 1.16932

29.666 0.270996 -0.835188 -0.164812 2.54181 1.16932
29.6645 0.27832 -0.835188 -0.164812 2.52575 1.20481

29.6631 0.285226 -0.82819 -0.17181 2.50928 1.24138
29.6645 0.27832 -0.82819 -0.17181 2.52566 1.2048

29.6615 0.292969 -0.820708 -0.179292 2.48788 1.28504
29.6599 0.300293 -0.820708 -0.179292 2.48003 1.32261

29.6599 0.300293 -0.815629 -0.184371 2.48004 1.32261
29.6582 0.307617 -0.815629 -0.184371 2.46082 1.35964

29.6558 0.318058 -0.805572 -0.194428 2.42785 1.41508
29.6547 0.322266 -0.805572 -0.194428 2.41495 1.4387

29.6582 0.307617 -0.810648 -0.189352 2.46082 1.35965
29.6565 0.314941 -0.810648 -0.189352 2.43686 1.39722

29.6558 0.31804 -0.805572 -0.194428 2.42794 1.41498
29.6565 0.314941 -0.805572 -0.194428 2.43687 1.39722

29.6547 0.322266 -0.800288 -0.199712 2.41496 1.4387
29.6529 0.32959 -0.800288 -0.199712 2.39421 1.48141

29.6529 0.32959 -0.794924 -0.205076 2.39421 1.48141
29.651 0.336914 -0.794924 -0.205076 2.3691 1.52453

29.651 0.336914 -0.789684 -0.210316 2.3691 1.52453
29.6491 0.344238 -0.789684 -0.210316 2.33553 1.56706

29.6484 0.346554 -0.784513 -0.215487 2.3254 1.5812
29.6491 0.344238 -0.784513 -0.215487 2.33556 1.56707

29.5898 0.494857 -0.639996 -0.360004 1.37194 2.48791
29.588 0.498047 -0.639996 -0.360004 1.32473 2.51314

29.5752 0.518965 -0.611694 -0.388306 1.04975 2.6374
29.5745 0.52002 -0.611694 -0.388306 1.02965 2.64503

29.5745 0.52002 -0.595479 -0.404521 1.03001 2.64508
29.5695 0.527344 -0.595479 -0.404521 0.890384 2.67099

29.5825 0.507336 -0.618256 -0.381744 1.17691 2.55207
29.5792 0.512695 -0.618256 -0.381744 1.11482 2.59133

29.588 0.498047 -0.629341 -0.370659 1.32476 2.51315
29.5837 0.505371 -0.629341 -0.370659 1.20725 2.54562

29.5825 0.507317 -0.619516 -0.380484 1.17731 2.55195
29.5837 0.505371 -0.619516 -0.380484 1.20746 2.54552

29.5752 0.518903 -0.607665 -0.392335 1.05143 2.63701
29.5792 0.512695 -0.607665 -0.392335 1.11488 2.59136

29.5605 0.53962 -0.571007 -0.428993 0.700401 2.70648
29.5588 0.541992 -0.571007 -0.428993 0.658321 2.71818

29.5532 0.548965 -0.550773 -0.449227 0.52069 2.73657
29.5529 0.549316 -0.550773 -0.449227 0.51274 2.73724

29.5529 0.549316 -0.540085 -0.459915 0.51318 2.73704
29.5467 0.556641 -0.540085 -0.459915 0.346664 2.73857

29.5532 0.548887 -0.55545 -0.44455 0.523218 2.73607
29.5587 0.541992 -0.55545 -0.44455 0.65859 2.71815

29.5386 0.56546 -0.504644 -0.495356 0.142962 2.73547
29.5329 0.571289 -0.504644 -0.495356 -0.00342381 2.72568

29.5459 0.557496 -0.52331 -0.47669 0.32836 2.73734
29.54 0.563965 -0.52331 -0.47669 0.179099 2.73539

29.5386 0.565433 -0.51306 -0.48694 0.143933 2.73526
29.54 0.563965 -0.51306 -0.48694 0.179579 2.73507

29.5312 0.57282 -0.493983 -0.506017 -0.0440072 2.71967
29.5328 0.571289 -0.493983 -0.506017 -0.00303649 2.72532

29.5459 0.557479 -0.530765 -0.469235 0.328924 2.73722
29.5466 0.556641 -0.530765 -0.469235 0.346934 2.73836

29.5679 0.529655 -0.582344 -0.417656 0.851398 2.6715
29.5643 0.534668 -0.582344 -0.417656 0.766761 2.69406

29.5605 0.539581 -0.569459 -0.430541 0.701424 2.70625
29.5643 0.534668 -0.569459 -0.430541 0.766871 2.69407

29.5679 0.529653 -0.589104 -0.410896 0.851466 2.67148
29.5695 0.527344 -0.589104 -0.410896 0.890873 2.67061

29.5972 0.481382 -0.658601 -0.341399 1.50239 2.39306
29.5961 0.483398 -0.658601 -0.341399 1.4791 2.40471

29.6035 0.46875 -0.667522 -0.332478 1.62866 2.3212
29.5999 0.476074 -0.667522 -0.332478 1.55043 2.36723

29.5972 0.481332 -0.658601 -0.341399 1.5033 2.39275
29.5999 0.476074 -0.658601 -0.341399 1.55051 2.3672

29.5961 0.483398 -0.64943 -0.35057 1.47929 2.4047
29.5922 0.490723 -0.64943 -0.35057 1.40324 2.45615

29.5898 0.494811 -0.639996 -0.360004 1.37296 2.48762
29.5921 0.490723 -0.639996 -0.360004 1.40339 2.45613

