10.3923 0 0.996405 -0.00359521 2.54655 0
10.3923 0.00732422 0.996405 -0.00359521 2.54419 -0.0085912

10.3923 0.00732422 0.98984 -0.0101598 2.54419 -0.00859176
10.3924 0.0146484 0.98984 -0.0101598 2.54409 -0.0193875

10.3924 0.0146484 0.977673 -0.0223268 2.54402 -0.0193914
10.3927 0.0292969 0.977673 -0.0223268 2.55165 -0.0472553

10.3927 0.0292969 0.965318 -0.0346818 2.5517 -0.0472894
10.393 0.0366211 0.965318 -0.0346818 2.5582 -0.0669232

10.393 0.0366211 0.956465 -0.0435352 2.5582 -0.0669187
10.3931 0.0385857 0.956465 -0.0435352 2.56082 -0.0743862

10.3931 0.0385991 0.956465 -0.0435352 2.56084 -0.0744344
10.3933 0.0439453 0.956465 -0.0435352 2.56386 -0.0883344

10.3933 0.0439453 0.947574 -0.0524264 2.56387 -0.088338
10.3937 0.0512695 0.947574 -0.0524264 2.56501 -0.102122

10.3937 0.0512695 0.939837 -0.0601625 2.56502 -0.102134
10.3942 0.0585938 0.939837 -0.0601625 2.56177 -0.11262

10.3942 0.0585938 0.92855 -0.0714498 2.56171 -0.112618
10.3953 0.0732422 0.92855 -0.0714498 2.55404 -0.135314

10.3953 0.0732422 0.913531 -0.0864694 2.55404 -0.135314
10.3967 0.0878906 0.913531 -0.0864694 2.54953 -0.148244

10.3966 0.0878906 0.89245 -0.10755 2.54936 -0.148214
10.4002 0.117188 0.89245 -0.10755 2.53784 -0.187449

10.4002 0.117188 0.872401 -0.127599 2.53798 -0.187501
10.4004 0.118407 0.872401 -0.127599 2.53767 -0.18911

10.4004 0.118383 0.872401 -0.127599 2.53768 -0.189083
10.4024 0.131836 0.872401 -0.127599 2.53075 -0.204124

10.4024 0.131836 0.859427 -0.140573 2.53075 -0.204123
10.4048 0.146484 0.859427 -0.140573 2.52358 -0.221264

10.4048 0.146484 0.846733 -0.153267 2.52358 -0.221263
10.4074 0.161133 0.846733 -0.153267 2.51723 -0.241007

10.4074 0.161133 0.833828 -0.166172 2.51722 -0.241001
10.4103 0.175781 0.833828 -0.166172 2.50788 -0.261548

10.4103 0.175781 0.820668 -0.179332 2.50787 -0.261544
10.4135 0.19043 0.820668 -0.179332 2.50688 -0.285914

10.4135 0.19043 0.810804 -0.189196 2.50694 -0.285934
10.415 0.196889 0.810804 -0.189196 2.5024 -0.298978

10.415 0.196885 0.810804 -0.189196 2.50242 -0.29897
10.4152 0.197754 0.810804 -0.189196 2.49809 -0.301026

10.4152 0.197754 0.804551 -0.195449 2.49811 -0.301033
10.417 0.205078 0.804551 -0.195449 2.47285 -0.315366

10.417 0.205078 0.799252 -0.200748 2.47285 -0.315366
10.4189 0.212402 0.799252 -0.200748 2.47736 -0.324783

10.4189 0.212402 0.793662 -0.206338 2.47736 -0.324778
10.4208 0.219727 0.793662 -0.206338 2.47916 -0.332212

10.4208 0.219727 0.78714 -0.21286 2.47915 -0.3322
10.4224 0.225646 0.78714 -0.21286 2.46695 -0.339527

10.4224 0.225639 0.78714 -0.21286 2.46698 -0.339523
10.4227 0.227051 0.78714 -0.21286 2.4626 -0.341041

10.4227 0.227051 0.780277 -0.219723 2.4626 -0.34104
10.4248 0.234375 0.780277 -0.219723 2.44746 -0.347445

10.4248 0.234375 0.77402 -0.22598 2.44746 -0.347447
10.4269 0.241699 0.77402 -0.22598 2.44802 -0.359442

10.4269 0.241699 0.768286 -0.231714 2.44802 -0.359446
10.4292 0.249023 0.768286 -0.231714 2.44275 -0.372822

10.4292 0.249023 0.7626 -0.2374 2.44274 -0.372806
10.4297 0.250742 0.7626 -0.2374 2.43939 -0.375038

10.4297 0.250727 0.7626 -0.2374 2.43942 -0.375034
10.4314 0.256348 0.7626 -0.2374 2.43364 -0.381848

10.4314 0.256348 0.756568 -0.243432 2.43364 -0.381842
10.4338 0.263672 0.756568 -0.243432 2.43643 -0.399439

10.4338 0.263672 0.750379 -0.249621 2.43643 -0.399438
10.4362 0.270996 0.750379 -0.249621 2.42908 -0.434144

10.4362 0.270996 0.744432 -0.255568 2.42906 -0.434107
10.437 0.273295 0.744432 -0.255568 2.42467 -0.443891

10.437 0.273269 0.744432 -0.255568 2.42474 -0.443846
10.4387 0.27832 0.744432 -0.255568 2.4149 -0.460355

10.4387 0.27832 0.738488 -0.261512 2.41489 -0.460331
10.4413 0.285645 0.738488 -0.261512 2.40392 -0.480181

10.4413 0.285645 0.732526 -0.267474 2.40392 -0.480184
10.444 0.292969 0.732526 -0.267474 2.38429 -0.497195

10.444 0.292969 0.726706 -0.273294 2.38428 -0.497165
10.4443 0.29386 0.726706 -0.273294 2.38141 -0.498792

10.4443 0.293833 0.726706 -0.273294 2.38152 -0.498776
10.4468 0.300293 0.726706 -0.273294 2.36804 -0.513054

10.4468 0.300293 0.720647 -0.279353 2.36803 -0.513046
10.4496 0.307617 0.720647 -0.279353 2.35881 -0.542723

10.4496 0.307617 0.714475 -0.285525 2.35881 -0.542715
10.4517 0.312771 0.714475 -0.285525 2.34678 -0.565274

10.4517 0.312759 0.714475 -0.285525 2.34684 -0.565249
10.4525 0.314941 0.714475 -0.285525 2.33834 -0.573875

10.4525 0.314941 0.708406 -0.291594 2.33832 -0.573855
10.4555 0.322266 0.708406 -0.291594 2.31955 -0.599976

10.4555 0.322266 0.702394 -0.297606 2.31955 -0.599976
10.4586 0.32959 0.702394 -0.297606 2.29089 -0.622004

10.4586 0.32959 0.696528 -0.303472 2.29086 -0.621955
10.459 0.330398 0.696528 -0.303472 2.28658 -0.624092

10.459 0.33036 0.696528 -0.303472 2.28681 -0.624049
10.4618 0.336914 0.696528 -0.303472 2.26648 -0.642867

10.4618 0.336914 0.690508 -0.309492 2.26646 -0.642855
10.4651 0.344238 0.690508 -0.309492 2.24794 -0.676114

10.4651 0.344238 0.684316 -0.315684 2.24792 -0.676064
10.4663 0.346836 0.684316 -0.315684 2.23744 -0.687055

10.4663 0.346808 0.684316 -0.315684 2.23758 -0.687017
10.4685 0.351562 0.684316 -0.315684 2.22613 -0.704653

10.4685 0.351562 0.677979 -0.322021 2.2261 -0.704623
10.472 0.358887 0.677979 -0.322021 2.20487 -0.73905

10.472 0.358887 0.671755 -0.328245 2.20486 -0.739006
10.4736 0.362294 0.671755 -0.328245 2.18809 -0.756149

10.4736 0.362262 0.671755 -0.328245 2.18829 -0.756095
10.4756 0.366211 0.671755 -0.328245 2.17076 -0.772841

10.4756 0.366211 0.665451 -0.334549 2.17071 -0.772785
10.4792 0.373535 0.665451 -0.334549 2.13742 -0.805977

10.4792 0.373535 0.659049 -0.340951 2.13741 -0.80593
10.481 0.376879 0.659049 -0.340951 2.11749 -0.819562

10.481 0.376849 0.659049 -0.340951 2.11769 -0.819548
10.483 0.380859 0.659049 -0.340951 2.10673 -0.836178

10.483 0.380859 0.652354 -0.347646 2.10667 -0.836116
10.4869 0.388184 0.652354 -0.347646 2.08191 -0.881042

10.4869 0.388184 0.645522 -0.354478 2.08188 -0.880912
10.4883 0.390683 0.645522 -0.354478 2.06713 -0.897539

10.4883 0.390638 0.645522 -0.354478 2.06746 -0.897481
10.491 0.395508 0.645522 -0.354478 2.05422 -0.9269

10.4909 0.395508 0.638725 -0.361275 2.05414 -0.926815
10.4951 0.402832 0.638725 -0.361275 2.00713 -0.970723

10.4951 0.402832 0.634047 -0.365953 2.00706 -0.970499
10.4956 0.403787 0.634047 -0.365953 1.99737 -0.975135

10.4956 0.40371 0.631959 -0.368041 1.99826 -0.975075
10.4994 0.410156 0.631959 -0.368041 1.96312 -1.00827

10.4993 0.410156 0.625333 -0.374667 1.9631 -1.00815
10.5029 0.416132 0.625333 -0.374667 1.92188 -1.05148

10.5029 0.416112 0.626293 -0.373707 1.92211 -1.05146
10.5037 0.41748 0.626293 -0.373707 1.9092 -1.05905

10.5037 0.41748 0.617939 -0.382061 1.90916 -1.05896
10.5083 0.424805 0.617939 -0.382061 1.85415 -1.10373

10.5082 0.424805 0.610719 -0.389281 1.85411 -1.10356
10.5103 0.427953 0.610719 -0.389281 1.83113 -1.12703

10.5103 0.427896 0.610637 -0.389363 1.83163 -1.12701
10.513 0.432129 0.610637 -0.389363 1.81682 -1.16074

10.5129 0.432129 0.603047 -0.396953 1.81667 -1.16051
10.5176 0.439193 0.603047 -0.396953 1.75264 -1.21701

10.5176 0.439183 0.605979 -0.394021 1.75281 -1.21701
10.5178 0.439453 0.605979 -0.394021 1.74861 -1.21871

10.5178 0.439453 0.595145 -0.404855 1.74861 -1.21871
10.5227 0.446777 0.595145 -0.404855 1.66536 -1.25957

10.5227 0.446777 0.59001 -0.40999 1.66534 -1.25938
10.5249 0.449919 0.59001 -0.40999 1.6374 -1.27978

10.5249 0.449838 0.587996 -0.412004 1.63817 -1.27988
10.5279 0.454102 0.587996 -0.412004 1.61502 -1.31355

10.5279 0.454102 0.580073 -0.419927 1.61488 -1.31318
10.5322 0.460141 0.580073 -0.419927 1.55964 -1.37133

10.5322 0.460109 0.581978 -0.418022 1.56017 -1.37139
10.5332 0.461426 0.581978 -0.418022 1.53879 -1.38109

10.5332 0.461426 0.570706 -0.429294 1.53879 -1.38083
10.5387 0.46875 0.570706 -0.429294 1e+30 1e+30

