26.9855 0 0.995679 -0.00432078 2.76196 0
26.9856 0.00732422 0.995679 -0.00432078 2.76362 -0.0113281

26.9856 0.00732422 0.987655 -0.0123449 2.76363 -0.0113292
26.9857 0.0146484 0.987655 -0.0123449 2.74498 -0.0218191

26.9857 0.0146484 0.980104 -0.0198962 2.74498 -0.0218188
26.9858 0.0219727 0.980104 -0.0198962 2.71833 -0.0220539

26.9858 0.0219727 0.972556 -0.0274438 2.71833 -0.0220538
26.986 0.0292969 0.972556 -0.0274438 2.71835 -0.0202517

26.986 0.0292969 0.964696 -0.035304 2.71835 -0.0202524
26.9863 0.0366211 0.964696 -0.035304 2.72677 -0.0243109

26.9863 0.0366211 0.956206 -0.0437942 2.72677 -0.0243095
26.9866 0.0439453 0.956206 -0.0437942 2.73262 -0.0345332

26.9866 0.0439453 0.945467 -0.054533 2.7326 -0.0345273
26.9875 0.0585938 0.945467 -0.054533 2.74709 -0.0486362

26.9875 0.0585938 0.935368 -0.0646323 2.74712 -0.0486458
26.988 0.065918 0.935368 -0.0646323 2.74913 -0.0581744

26.988 0.065918 0.929188 -0.0708117 2.74912 -0.0581746
26.9885 0.0732422 0.929188 -0.0708117 2.74196 -0.0631179

26.9885 0.0732422 0.919722 -0.0802782 2.74194 -0.0631104
26.9898 0.0878906 0.919722 -0.0802782 2.73121 -0.0717475

26.9898 0.0878906 0.906583 -0.0934167 2.7312 -0.0717472
26.9913 0.102539 0.906583 -0.0934167 2.72603 -0.0794755

26.9913 0.102539 0.893107 -0.106893 2.72603 -0.0794757
26.9931 0.117188 0.893107 -0.106893 2.72269 -0.0865435

26.9931 0.117188 0.880313 -0.119687 2.7227 -0.0865441
26.9951 0.131836 0.880313 -0.119687 2.71956 -0.0901419

26.9951 0.131836 0.86759 -0.13241 2.71955 -0.0901385
26.9971 0.145034 0.86759 -0.13241 2.73177 -0.0966037

26.9971 0.145034 0.86759 -0.13241 2.73177 -0.0966037
26.9973 0.146484 0.86759 -0.13241 2.75426 -0.097587

26.997 0.146484 0.854626 -0.145374 2.73415 -0.0973516
26.9971 0.146723 0.854626 -0.145374 2.7543 -0.0976098

26.9973 0.146484 0.857957 -0.142043 2.75438 -0.0975955
26.9985 0.153809 0.857957 -0.142043 2.75725 -0.114368

26.9985 0.153809 0.851338 -0.148662 2.75723 -0.114361
26.9998 0.161133 0.851338 -0.148662 2.70751 -0.128579

26.9998 0.161133 0.845129 -0.154871 2.70751 -0.128591
27.0011 0.168457 0.845129 -0.154871 2.70408 -0.119059

27.0011 0.168457 0.839823 -0.160177 2.70408 -0.119057
27.0025 0.175781 0.839823 -0.160177 2.71578 -0.118201

27.0025 0.175781 0.834243 -0.165757 2.71577 -0.118204
27.004 0.183105 0.834243 -0.165757 2.7173 -0.12258

27.004 0.183105 0.828178 -0.171822 2.7173 -0.122581
27.0044 0.185043 0.828178 -0.171822 2.71564 -0.123568

27.0044 0.185039 0.828178 -0.171822 2.71564 -0.123565
27.0055 0.19043 0.828178 -0.171822 2.71088 -0.125056

27.0055 0.19043 0.822219 -0.177781 2.71088 -0.125056
27.0071 0.197754 0.822219 -0.177781 2.71121 -0.126186

27.0071 0.197754 0.81647 -0.18353 2.71121 -0.126186
27.0087 0.205078 0.81647 -0.18353 2.71563 -0.132573

27.0087 0.205078 0.810482 -0.189518 2.71563 -0.132568
27.0105 0.212402 0.810482 -0.189518 2.71116 -0.141553

27.0105 0.212402 0.804494 -0.195506 2.71116 -0.141554
27.0117 0.217601 0.804494 -0.195506 2.70642 -0.143903

27.0117 0.217599 0.804494 -0.195506 2.70642 -0.143903
27.0122 0.219727 0.804494 -0.195506 2.70494 -0.14486

27.0122 0.219727 0.798972 -0.201028 2.70494 -0.144861
27.0141 0.227051 0.798972 -0.201028 2.70561 -0.149519

27.0141 0.227051 0.793564 -0.206436 2.70561 -0.149518
27.016 0.234375 0.793564 -0.206436 2.70966 -0.159688

27.016 0.234375 0.787974 -0.212026 2.70966 -0.159685
27.018 0.241699 0.787974 -0.212026 2.70464 -0.172236

27.018 0.241699 0.782296 -0.217704 2.70464 -0.172232
27.019 0.245617 0.782296 -0.217704 2.69997 -0.177651

27.019 0.24561 0.782296 -0.217704 2.69998 -0.177647
27.02 0.249023 0.782296 -0.217704 2.69549 -0.181573

27.02 0.249023 0.776659 -0.223341 2.69549 -0.181571
27.0221 0.256348 0.776659 -0.223341 2.69232 -0.190205

27.0221 0.256348 0.771025 -0.228975 2.69232 -0.190204
27.0243 0.263672 0.771025 -0.228975 2.68966 -0.203909

27.0243 0.263672 0.765462 -0.234538 2.68966 -0.203911
27.0264 0.270506 0.765462 -0.234538 2.68062 -0.214627

27.0264 0.270503 0.765462 -0.234538 2.68062 -0.214626
27.0265 0.270996 0.765462 -0.234538 2.67991 -0.215254

27.0265 0.270996 0.760052 -0.239948 2.6799 -0.215252
27.0288 0.27832 0.760052 -0.239948 2.67573 -0.226671

27.0288 0.27832 0.754467 -0.245533 2.67573 -0.226668
27.0312 0.285645 0.754467 -0.245533 2.6754 -0.246043

27.0312 0.285645 0.748764 -0.251236 2.6754 -0.246043
27.0337 0.292969 0.748764 -0.251236 2.66386 -0.265707

27.0337 0.292969 0.743256 -0.256744 2.66385 -0.265681
27.0337 0.293053 0.743256 -0.256744 2.66366 -0.265887

27.0337 0.293031 0.743256 -0.256744 2.66372 -0.26586
27.0362 0.300293 0.743256 -0.256744 2.65339 -0.281789

27.0362 0.300293 0.737713 -0.262287 2.65339 -0.281784
27.0388 0.307617 0.737713 -0.262287 2.64444 -0.29907

27.0388 0.307617 0.732194 -0.267806 2.64444 -0.299073
27.041 0.313666 0.732194 -0.267806 2.63151 -0.311002

27.041 0.313663 0.732194 -0.267806 2.63152 -0.311001
27.0415 0.314941 0.732194 -0.267806 2.62841 -0.313047

27.0415 0.314941 0.726915 -0.273085 2.62841 -0.313045
27.0442 0.322266 0.726915 -0.273085 2.62234 -0.3271

27.0442 0.322266 0.721548 -0.278452 2.62234 -0.327097
27.0471 0.32959 0.721548 -0.278452 2.61619 -0.356084

27.0471 0.32959 0.716157 -0.283843 2.61618 -0.356062
27.0483 0.33283 0.716157 -0.283843 2.60865 -0.368148

27.0483 0.332811 0.716157 -0.283843 2.60871 -0.368124
27.05 0.336914 0.716157 -0.283843 2.59835 -0.379128

27.05 0.336914 0.710719 -0.289281 2.59834 -0.379107
27.0529 0.344238 0.710719 -0.289281 2.58496 -0.400047

27.0529 0.344238 0.705148 -0.294852 2.58496 -0.400045
27.0557 0.350748 0.705148 -0.294852 2.5657 -0.420567

27.0557 0.350744 0.705148 -0.294852 2.56571 -0.420566
27.056 0.351562 0.705148 -0.294852 2.5626 -0.422455

27.056 0.351562 0.699639 -0.300361 2.5626 -0.422449
27.0591 0.358887 0.699639 -0.300361 2.55212 -0.441899

27.0591 0.358887 0.694065 -0.305935 2.55211 -0.441896
27.0624 0.366211 0.694065 -0.305935 2.53674 -0.478873

27.0624 0.366211 0.688652 -0.311348 2.53672 -0.478796
27.063 0.367589 0.688652 -0.311348 2.53107 -0.484618

27.063 0.367554 0.688652 -0.311348 2.53123 -0.484579
27.0657 0.373535 0.688652 -0.311348 2.5195 -0.507748

27.0657 0.373535 0.683199 -0.316801 2.51947 -0.50772
27.0691 0.380859 0.683199 -0.316801 2.49807 -0.542806

27.0691 0.380859 0.677735 -0.322265 2.49806 -0.542751
27.0703 0.383461 0.677735 -0.322265 2.4847 -0.553483

27.0703 0.38343 0.677735 -0.322265 2.48488 -0.553459
27.0726 0.388184 0.677735 -0.322265 2.47103 -0.571473

27.0726 0.388184 0.672068 -0.327932 2.471 -0.571426
27.0761 0.395508 0.672068 -0.327932 2.44785 -0.609299

27.0761 0.395508 0.666311 -0.333689 2.44784 -0.609242
27.0776 0.398515 0.666311 -0.333689 2.43275 -0.624644

27.0776 0.398484 0.666311 -0.333689 2.43293 -0.624618
27.0798 0.402832 0.666311 -0.333689 2.4214 -0.644897

27.0798 0.402832 0.660448 -0.339552 2.42136 -0.644832
27.0836 0.410156 0.660448 -0.339552 2.39461 -0.687184

27.0836 0.410156 0.654576 -0.345424 2.39459 -0.687088
27.085 0.412813 0.654576 -0.345424 2.37856 -0.702118

27.085 0.412773 0.654576 -0.345424 2.37883 -0.70209
27.0874 0.41748 0.654576 -0.345424 2.36316 -0.727395

27.0874 0.41748 0.648695 -0.351305 2.36311 -0.727316
27.0914 0.424805 0.648695 -0.351305 2.32293 -0.773139

27.0914 0.424805 0.642753 -0.357247 2.32291 -0.772944
27.0923 0.426435 0.642753 -0.357247 2.30924 -0.781258

27.0923 0.426381 0.642747 -0.357253 2.30972 -0.781267
27.0955 0.432129 0.642747 -0.357253 2.29292 -0.812899

27.0955 0.432129 0.636614 -0.363386 2.29285 -0.812819
27.0996 0.439384 0.636614 -0.363386 2.24805 -0.870214

27.0996 0.439377 0.639416 -0.360584 2.24813 -0.870213
27.0997 0.439453 0.639416 -0.360584 2.2473 -0.870655

27.0997 0.439453 0.630183 -0.369817 2.2473 -0.870638
27.1039 0.446777 0.630183 -0.369817 2.20496 -0.917101

27.1039 0.446777 0.624084 -0.375916 2.20495 -0.917011
27.1069 0.451743 0.624084 -0.375916 2.1808 -0.964764

27.1069 0.45171 0.624084 -0.375916 2.18117 -0.96472
27.1084 0.454102 0.624084 -0.375916 2.15876 -0.983368

27.1084 0.454102 0.617389 -0.382611 2.15869 -0.98315
27.1129 0.461426 0.617389 -0.382611 2.09163 -1.03542

27.1129 0.461426 0.612353 -0.387647 2.09162 -1.03516
27.1143 0.463616 0.612353 -0.387647 2.06875 -1.05049

27.1143 0.463538 0.610676 -0.389324 2.0696 -1.05054
27.1176 0.46875 0.610676 -0.389324 2.04883 -1.09111

27.1176 0.46875 0.603855 -0.396145 2.04869 -1.09089
27.1216 0.474886 0.603855 -0.396145 2.0027 -1.16177

27.1216 0.47485 0.60906 -0.39094 2.00326 -1.16177
27.1224 0.476074 0.60906 -0.39094 1.9856 -1.17241

27.1224 0.476074 0.596099 -0.403901 1.98559 -1.17231
27.1273 0.483398 0.596099 -0.403901 1.89932 -1.23072

27.1273 0.483398 0.594 -0.406 1.89931 -1.23044
27.1289 0.485741 0.594 -0.406 1.87445 -1.2512

27.1289 0.485627 0.588943 -0.411057 1.87569 -1.25136
27.1325 0.490723 0.588943 -0.411057 1.84233 -1.30066

27.1324 0.490723 0.581774 -0.418226 1.84216 -1.30016
27.1362 0.496017 0.581774 -0.418226 1.78798 -1.36905

27.1362 0.495952 0.58586 -0.41414 1.78914 -1.36919
27.1377 0.498047 0.58586 -0.41414 1.75182 -1.38981

27.1377 0.498047 0.572757 -0.427243 1.75182 -1.38939
27.1431 0.505371 0.572757 -0.427243 1.63519 -1.44474

27.1431 0.505371 0.568891 -0.431109 1.63531 -1.44372
27.1436 0.505995 0.568891 -0.431109 1.62587 -1.44842

27.1436 0.505867 0.564163 -0.435837 1.62764 -1.44892
27.1488 0.512695 0.564163 -0.435837 1.5582 -1.5186

27.1488 0.512695 0.561666 -0.438334 1.55825 -1.51759
27.1509 0.515378 0.561666 -0.438334 1.53907 -1.55757

27.1509 0.515248 0.556578 -0.443422 1.53988 -1.55796
27.1547 0.52002 0.556578 -0.443422 1.47348 -1.61274

27.1547 0.52002 0.550407 -0.449593 1.47361 -1.61225
27.1582 0.524367 0.550407 -0.449593 1.39681 -1.64004

27.1582 0.524264 0.547761 -0.452239 1.39812 -1.64095
27.1607 0.527344 0.547761 -0.452239 1.34354 -1.65778

27.1607 0.527344 0.537081 -0.462919 1.34368 -1.65739
27.1655 0.532917 0.537081 -0.462919 1.25421 -1.68166

27.1655 0.532887 0.534014 -0.465986 1.25438 -1.68192
27.1671 0.534668 0.534014 -0.465986 1.23605 -1.69213

27.1671 0.534668 0.525764 -0.474236 1.23618 -1.69172
27.1729 0.541093 0.525764 -0.474236 1.16127 -1.74477

27.1729 0.541087 0.521677 -0.478323 1.16132 -1.74482
27.1737 0.541992 0.521677 -0.478323 1.1499 -1.75276

27.1737 0.541992 0.514144 -0.485856 1.15004 -1.7522
27.1802 0.548896 0.514144 -0.485856 1.0322 -1.81123

27.1802 0.548885 0.508449 -0.491551 1.03238 -1.81134
27.1806 0.549316 0.508449 -0.491551 1.02258 -1.81482

27.1806 0.549316 0.501522 -0.498478 1.02272 -1.81444
27.1875 0.556287 0.501522 -0.498478 1e+30 1e+30

