24.328 0 -0.990775 -0.0092245 2.71827 0
24.3277 0.0292969 -0.990775 -0.0092245 2.71797 0.108052

24.3277 0.0292969 -0.972924 -0.027076 2.71798 0.108052
24.3269 0.0585938 -0.972924 -0.027076 2.71586 0.221889

24.3269 0.0585938 -0.955039 -0.0449611 2.71577 0.221889
24.3255 0.0878906 -0.955039 -0.0449611 2.71241 0.337816

24.3255 0.0878906 -0.94156 -0.0584401 2.71272 0.337815
24.3246 0.102539 -0.94156 -0.0584401 2.71166 0.39596

24.3237 0.114613 -0.931345 -0.068655 2.70721 0.444467
24.3235 0.117188 -0.931345 -0.068655 2.69815 0.455189

24.3246 0.102539 -0.935288 -0.0647118 2.71173 0.395956
24.3241 0.109863 -0.935288 -0.0647118 2.71121 0.425282

24.3237 0.114598 -0.931345 -0.068655 2.70727 0.4444
24.3241 0.109863 -0.931345 -0.068655 2.71121 0.425283

24.3164 0.187342 -0.889342 -0.110658 2.63984 0.760576
24.316 0.19043 -0.889342 -0.110658 2.63695 0.774814

24.316 0.19043 -0.880619 -0.119381 2.63697 0.774814
24.314 0.205078 -0.880619 -0.119381 2.6224 0.843321

24.314 0.205078 -0.871435 -0.128565 2.62238 0.84332
24.3119 0.219727 -0.871435 -0.128565 2.60106 0.913421

24.3119 0.219727 -0.864517 -0.135483 2.60114 0.913417
24.3107 0.227051 -0.864517 -0.135483 2.58751 0.946305

24.3107 0.227051 -0.860353 -0.139647 2.58753 0.946305
24.3095 0.234375 -0.860353 -0.139647 2.57713 0.980546

24.3235 0.117188 -0.926651 -0.0733485 2.69814 0.455193
24.323 0.124512 -0.926651 -0.0733485 2.67905 0.483203

24.323 0.124512 -0.921763 -0.0782365 2.67906 0.483201
24.3223 0.131836 -0.921763 -0.0782365 2.6804 0.51258

24.3223 0.131836 -0.917685 -0.0823149 2.68041 0.512579
24.3217 0.13916 -0.917685 -0.0823149 2.68915 0.547169

24.3217 0.13916 -0.913762 -0.0862385 2.68913 0.547169
24.321 0.146484 -0.913762 -0.0862385 2.67714 0.586684

24.321 0.146484 -0.909536 -0.0904639 2.67714 0.586684
24.3203 0.153809 -0.909536 -0.0904639 2.65279 0.618204

24.3203 0.153809 -0.905012 -0.0949879 2.65278 0.618203
24.3195 0.161133 -0.905012 -0.0949879 2.65701 0.645306

24.3195 0.161133 -0.900262 -0.0997375 2.65702 0.645306
24.3187 0.168457 -0.900262 -0.0997375 2.66312 0.678378

24.3187 0.168457 -0.895576 -0.104424 2.66312 0.678377
24.3178 0.175781 -0.895576 -0.104424 2.6528 0.708408

24.3164 0.187279 -0.889342 -0.110658 2.63997 0.760286
24.3178 0.175781 -0.889342 -0.110658 2.65274 0.708407

24.2578 0.426589 -0.709962 -0.290038 1.90808 2.04998
24.2555 0.432129 -0.709962 -0.290038 1.87424 2.08617

24.2556 0.432129 -0.702466 -0.297534 1.87422 2.08617
24.2524 0.439453 -0.702466 -0.297534 1.82393 2.1319

24.2432 0.459943 -0.679199 -0.320801 1.66125 2.25695
24.2425 0.461426 -0.679199 -0.320801 1.64443 2.26509

24.2424 0.461426 -0.670712 -0.329288 1.64463 2.26508
24.2389 0.46875 -0.670712 -0.329288 1.57432 2.31181

24.2505 0.443939 -0.694885 -0.305115 1.79501 2.16027
24.2492 0.446777 -0.694885 -0.305115 1.7707 2.17781

24.2492 0.446777 -0.687247 -0.312753 1.77079 2.17782
24.2459 0.454102 -0.687247 -0.312753 1.70988 2.22586

24.2505 0.4439 -0.694885 -0.305115 1.79554 2.16006
24.2524 0.439453 -0.694885 -0.305115 1.82402 2.13189

24.2432 0.459889 -0.679199 -0.320801 1.66216 2.25665
24.2459 0.454102 -0.679199 -0.320801 1.70993 2.22585

24.3095 0.234375 -0.85336 -0.14664 2.57698 0.980533
24.307 0.249023 -0.85336 -0.14664 2.55258 1.04898

24.307 0.249023 -0.843778 -0.156222 2.55256 1.04898
24.3043 0.263672 -0.843778 -0.156222 2.52787 1.12389

24.3018 0.27653 -0.831977 -0.168023 2.49571 1.19436
24.3014 0.27832 -0.831977 -0.168023 2.49122 1.20373

24.3014 0.27832 -0.827014 -0.172986 2.49123 1.20374
24.2999 0.285645 -0.827014 -0.172986 2.47748 1.24241

24.2999 0.285645 -0.821703 -0.178297 2.47749 1.24241
24.2983 0.292969 -0.821703 -0.178297 2.46718 1.28448

24.3043 0.263672 -0.83661 -0.16339 2.52798 1.12391
24.3029 0.270996 -0.83661 -0.16339 2.51146 1.1642

24.3018 0.276506 -0.831977 -0.168023 2.49582 1.19425
24.3029 0.270996 -0.831977 -0.168023 2.51147 1.16421

24.2871 0.338487 -0.785405 -0.214595 2.31956 1.54032
24.2855 0.344238 -0.785405 -0.214595 2.29511 1.57336

24.2855 0.344238 -0.779988 -0.220012 2.29511 1.57336
24.2835 0.351562 -0.779988 -0.220012 2.26899 1.61491

24.2983 0.292969 -0.816628 -0.183372 2.46719 1.28448
24.2966 0.300293 -0.816628 -0.183372 2.44407 1.32509

24.2966 0.300293 -0.811681 -0.188319 2.44407 1.32509
24.2949 0.307617 -0.811681 -0.188319 2.41747 1.36421

24.2944 0.309692 -0.806651 -0.193349 2.41082 1.3758
24.2932 0.314941 -0.806651 -0.193349 2.39599 1.40411

24.2932 0.314941 -0.801269 -0.198731 2.39598 1.40411
24.2914 0.322266 -0.801269 -0.198731 2.37969 1.44477

24.2944 0.309678 -0.806651 -0.193349 2.4109 1.37573
24.2949 0.307617 -0.806651 -0.193349 2.41749 1.36421

24.2914 0.322266 -0.795752 -0.204248 2.37969 1.44477
24.2895 0.32959 -0.795752 -0.204248 2.35972 1.48737

24.2895 0.32959 -0.790521 -0.209479 2.35973 1.48737
24.2875 0.336914 -0.790521 -0.209479 2.32709 1.53061

24.2871 0.33847 -0.785405 -0.214595 2.31968 1.54022
24.2875 0.336914 -0.785405 -0.214595 2.32711 1.53061

24.2798 0.36406 -0.768409 -0.231591 2.2239 1.6824
24.2791 0.366211 -0.768409 -0.231591 2.21391 1.69484

24.2835 0.351562 -0.774229 -0.225771 2.26898 1.61491
24.2813 0.358887 -0.774229 -0.225771 2.24331 1.65205

24.2798 0.364028 -0.768409 -0.231591 2.22415 1.68223
24.2813 0.358887 -0.768409 -0.231591 2.24334 1.65205

24.2791 0.366211 -0.762452 -0.237548 2.21396 1.69486
24.2768 0.373535 -0.762452 -0.237548 2.18587 1.73952

24.2769 0.373535 -0.75617 -0.24383 2.18585 1.73951
24.2745 0.380859 -0.75617 -0.24383 2.15745 1.78262

24.2725 0.386976 -0.749978 -0.250022 2.12738 1.82005
24.2721 0.388184 -0.749978 -0.250022 2.11983 1.82733

24.272 0.388184 -0.743771 -0.256229 2.11994 1.82736
24.2695 0.395508 -0.743771 -0.256229 2.08251 1.87352

24.2651 0.40768 -0.730714 -0.269286 2.02091 1.94063
24.2642 0.410156 -0.730714 -0.269286 2.00511 1.95448

24.2695 0.395508 -0.737229 -0.262771 2.0825 1.87351
24.2669 0.402832 -0.737229 -0.262771 2.0462 1.91325

24.2651 0.407647 -0.730714 -0.269286 2.02125 1.94046
24.2669 0.402832 -0.730714 -0.269286 2.04625 1.91325

24.2725 0.386933 -0.749978 -0.250022 2.1278 1.81983
24.2745 0.380859 -0.749978 -0.250022 2.15748 1.78262

24.2642 0.410156 -0.724094 -0.275906 2.00518 1.95449
24.2614 0.41748 -0.724094 -0.275906 1.9645 2.00004

24.2614 0.41748 -0.717109 -0.282891 1.96448 2.00004
24.2585 0.424805 -0.717109 -0.282891 1.91944 2.03887

24.2578 0.426573 -0.709962 -0.290038 1.90825 2.04988
24.2585 0.424805 -0.709962 -0.290038 1.91949 2.03887

23.9062 0.571974 0.453155 -0.546845 0.434657 -1.94647
23.9136 0.578044 0.453155 -0.546845 0.283772 -1.96649

23.9136 0.578028 0.440779 -0.559221 0.284005 -1.96669
23.9143 0.578613 0.440779 -0.559221 0.268827 -1.96966

23.9143 0.578613 0.437023 -0.562977 0.26897 -1.96942
23.9209 0.583735 0.437023 -0.562977 0.12054 -1.97326

23.9209 0.583696 0.418962 -0.581038 0.121239 -1.97387
23.924 0.585938 0.418962 -0.581038 0.0516861 -1.9638

23.9239 0.585938 0.419785 -0.580215 0.052619 -1.96304
23.9282 0.589058 0.419785 -0.580215 -0.0483516 -1.94706

23.9282 0.58903 0.403387 -0.596613 -0.0478295 -1.94741
23.9345 0.593262 0.403387 -0.596613 -0.187854 -1.92264

23.9343 0.593262 0.39247 -0.60753 -0.186481 -1.92181
23.9355 0.594048 0.39247 -0.60753 -0.211827 -1.91869

23.9355 0.593994 0.384809 -0.615191 -0.210826 -1.91937
23.9429 0.598575 0.384809 -0.615191 -0.376534 -1.88781

23.9429 0.598534 0.366337 -0.633663 -0.375601 -1.88846
23.9464 0.600586 0.366337 -0.633663 -0.45871 -1.85973

23.9463 0.600586 0.366337 -0.633663 -0.457662 -1.85964
23.9502 0.602826 0.366337 -0.633663 -0.550673 -1.81548

23.9502 0.602807 0.347007 -0.652993 -0.550206 -1.81573
23.9575 0.606699 0.347007 -0.652993 -0.714236 -1.74014

23.9575 0.606675 0.326075 -0.673925 -0.713654 -1.74044
23.9601 0.60791 0.326075 -0.673925 -0.766467 -1.71792

23.96 0.60791 0.326075 -0.673925 -0.765935 -1.71809
23.9648 0.610247 0.326075 -0.673925 -0.87244 -1.65417

23.9648 0.610241 0.303991 -0.696009 -0.872275 -1.65423
23.9722 0.61344 0.303991 -0.696009 -1.02847 -1.54652

23.9722 0.61342 0.280556 -0.719444 -1.02791 -1.54677
23.9768 0.615234 0.280556 -0.719444 -1.12079 -1.48761

23.9767 0.615234 0.280556 -0.719444 -1.11972 -1.48839
23.9795 0.616318 0.280556 -0.719444 -1.18184 -1.45849

23.9795 0.616294 0.255865 -0.744135 -1.18108 -1.45871
23.9868 0.618812 0.255865 -0.744135 -1.34873 -1.34024

23.9868 0.61881 0.229444 -0.770556 -1.34863 -1.34026
23.9941 0.620991 0.229444 -0.770556 -1.48758 -1.15069

23.9941 0.620984 0.202244 -0.797756 -1.48737 -1.15078
24.0004 0.622559 0.202244 -0.797756 -1.59521 -1.01781

24.0003 0.622559 0.202244 -0.797756 -1.59465 -1.0187
24.0015 0.622856 0.202244 -0.797756 -1.61581 -0.998885

24.0015 0.622846 0.173312 -0.826688 -1.61546 -0.998973
24.0088 0.624382 0.173312 -0.826688 -1.74128 -0.848286

24.0088 0.624383 0.141431 -0.858569 -1.74132 -0.848281
24.0161 0.625589 0.141431 -0.858569 -1.85914 -0.663739

24.0161 0.625591 0.1064 -0.8936 -1.85923 -0.663729
24.0234 0.626463 0.1064 -0.8936 -1.953 -0.471651

24.0234 0.626463 0.0680541 -0.931946 -1.953 -0.471655
24.0308 0.626997 0.0680541 -0.931946 -2.01155 -0.263425

24.0308 0.626996 0.0266695 -0.97333 -2.01153 -0.263436
24.0381 0.627197 0.0266695 -0.97333 -2.0526 -0.0419026

24.0381 0.627196 -0.0174464 -0.982554 -2.05259 -0.0419061
24.0454 0.627066 -0.0174464 -0.982554 -2.07271 0.193086

24.0454 0.627067 -0.0592263 -0.940774 -2.07272 0.193088
24.0527 0.626606 -0.0592263 -0.940774 -2.07205 0.43525

24.0527 0.626608 -0.0982235 -0.901776 -2.07209 0.435246
24.0601 0.62581 -0.0982235 -0.901776 -2.04077 0.673159

24.0601 0.625813 -0.135167 -0.864833 -2.04095 0.673171
24.0674 0.624669 -0.135167 -0.864833 -1.97663 0.888569

24.0674 0.624669 -0.169815 -0.830185 -1.97664 0.88857
24.0747 0.623171 -0.169815 -0.830185 -1.91762 1.06356

24.082 0.621319 -0.201758 -0.798242 -1.85962 1.24926
24.0771 0.622559 -0.201758 -0.798242 -1.9032 1.11679

24.0747 0.62317 -0.201758 -0.798242 -1.91761 1.06356
24.0771 0.622559 -0.201758 -0.798242 -1.9032 1.1168

24.104 0.613579 -0.287303 -0.712697 -1.49015 1.8485
24.0999 0.615234 -0.287303 -0.712697 -1.56966 1.73986

24.104 0.613577 -0.31297 -0.68703 -1.49008 1.84852
24.1113 0.61024 -0.31297 -0.68703 -1.34818 2.01402

24.082 0.621325 -0.232245 -0.767755 -1.8598 1.24922
24.0894 0.61911 -0.232245 -0.767755 -1.77606 1.49844

24.0894 0.619107 -0.261013 -0.738987 -1.77599 1.49847
24.0967 0.61652 -0.261013 -0.738987 -1.62571 1.67904

24.0967 0.616505 -0.287303 -0.712697 -1.62492 1.67902
24.0998 0.615234 -0.287303 -0.712697 -1.56945 1.73859

24.1187 0.606546 -0.338056 -0.661944 -1.18794 2.13769
24.116 0.60791 -0.338056 -0.661944 -1.24532 2.09057

24.1113 0.610214 -0.338056 -0.661944 -1.34677 2.01393
24.1158 0.60791 -0.338056 -0.661944 -1.2455 2.08844

24.1187 0.606511 -0.362603 -0.637397 -1.18655 2.13787
24.126 0.602344 -0.362603 -0.637397 -1.0461 2.24596

24.1333 0.597752 -0.385864 -0.614136 -0.894397 2.36883
24.1288 0.600586 -0.385864 -0.614136 -0.988584 2.27831

24.1406 0.592817 -0.408181 -0.591819 -0.692425 2.49434
24.14 0.593262 -0.408181 -0.591819 -0.709126 2.48389

24.1333 0.597727 -0.407177 -0.592823 -0.893507 2.36896
24.1398 0.593262 -0.407177 -0.592823 -0.708368 2.48113

24.126 0.602311 -0.38536 -0.61464 -1.04454 2.24574
24.1287 0.600586 -0.38536 -0.61464 -0.988036 2.27733

24.1553 0.581279 -0.449019 -0.550981 -0.340202 2.61787
24.1496 0.585938 -0.449019 -0.550981 -0.4703 2.57126

24.1699 0.567793 -0.492923 -0.507077 0.0278654 2.69891
24.1663 0.571289 -0.492923 -0.507077 -0.0615833 2.69091

24.1626 0.574833 -0.468632 -0.531368 -0.154519 2.67523
24.1583 0.578613 -0.468632 -0.531368 -0.257332 2.64175

24.1553 0.5812 -0.462262 -0.537738 -0.336777 2.61726
24.1583 0.578613 -0.462262 -0.537738 -0.25702 2.64132

24.1626 0.574727 -0.483213 -0.516787 -0.15021 2.67417
24.1663 0.571289 -0.483213 -0.516787 -0.061336 2.6908

24.1846 0.552012 -0.535028 -0.464972 0.40194 2.69784
24.1805 0.556641 -0.535028 -0.464972 0.304339 2.7079

24.1992 0.533873 -0.576204 -0.423796 0.754963 2.67361
24.1986 0.534668 -0.576204 -0.423796 0.740028 2.67747

24.1986 0.534668 -0.563605 -0.436395 0.740351 2.67743
24.1929 0.541992 -0.563605 -0.436395 0.59347 2.69138

24.1919 0.543272 -0.548759 -0.451241 0.568544 2.69016
24.1869 0.549316 -0.548759 -0.451241 0.449664 2.69774

24.1846 0.552024 -0.539469 -0.460531 0.401588 2.69794
24.1869 0.549316 -0.539469 -0.460531 0.450263 2.69733

24.1919 0.543261 -0.555331 -0.444669 0.568855 2.69009
24.1929 0.541992 -0.555331 -0.444669 0.593768 2.69115

24.1772 0.560199 -0.514524 -0.485476 0.232806 2.71038
24.1737 0.563965 -0.514524 -0.485476 0.134155 2.70803

24.1699 0.567731 -0.503402 -0.496598 0.0297369 2.69891
24.1736 0.563965 -0.503402 -0.496598 0.134506 2.70792

24.1772 0.560176 -0.522391 -0.477609 0.233588 2.71015
24.1805 0.556641 -0.522391 -0.477609 0.305357 2.70721

24.2285 0.488344 -0.643832 -0.356168 1.39067 2.43301
24.2272 0.490723 -0.643832 -0.356168 1.35262 2.44681

24.2272 0.490723 -0.633552 -0.366448 1.35278 2.44681
24.2229 0.498047 -0.633552 -0.366448 1.2521 2.48481

24.2065 0.523652 -0.588924 -0.411076 0.907057 2.62133
24.204 0.527344 -0.588924 -0.411076 0.853117 2.64401

24.2139 0.512785 -0.601348 -0.398652 1.06903 2.57648
24.2091 0.52002 -0.601348 -0.398652 0.946726 2.60792

24.2065 0.523615 -0.589671 -0.410329 0.907822 2.62104
24.209 0.52002 -0.589671 -0.410329 0.947087 2.60776

24.2212 0.500958 -0.623392 -0.376608 1.22539 2.50223
24.2185 0.505371 -0.623392 -0.376608 1.18115 2.54227

24.2185 0.505371 -0.613385 -0.386615 1.18114 2.54226
24.2139 0.512695 -0.613385 -0.386615 1.07108 2.57609

24.2212 0.500932 -0.623392 -0.376608 1.22581 2.50204
24.2229 0.498047 -0.623392 -0.376608 1.25229 2.48478

24.2139 0.512768 -0.609974 -0.390026 1.06948 2.57638
24.2139 0.512695 -0.609974 -0.390026 1.07104 2.5761

24.2358 0.474694 -0.662052 -0.337948 1.52686 2.34458
24.2351 0.476074 -0.662052 -0.337948 1.51136 2.35295

24.2351 0.476074 -0.653194 -0.346806 1.51159 2.35295
24.2312 0.483398 -0.653194 -0.346806 1.43613 2.40381

24.2358 0.474638 -0.662052 -0.337948 1.52782 2.34425
24.2388 0.46875 -0.662052 -0.337948 1.57439 2.31179

24.2285 0.488286 -0.643832 -0.356168 1.39197 2.43269
24.2312 0.483398 -0.643832 -0.356168 1.43624 2.40378

24.1992 0.533802 -0.577061 -0.422939 0.756937 2.67318
24.204 0.527344 -0.577061 -0.422939 0.853252 2.64404

24.1406 0.592718 -0.428144 -0.571856 -0.688086 2.49445
24.1479 0.587234 -0.428144 -0.571856 -0.509763 2.56824

24.1479 0.587195 -0.440752 -0.559248 -0.508132 2.56796
24.1495 0.585938 -0.440752 -0.559248 -0.47019 2.57117

