11.1621 0 0.991329 -0.00867114 2.57572 0
11.1621 0.000688314 0.991329 -0.00867114 2.5565 0.00092378

11.1651 0 0.996886 -0.00311359 2.54839 0
11.1651 0.00732422 0.996886 -0.00311359 2.57777 0.00133089

11.1651 0.00732422 0.987879 -0.0121209 2.57775 0.00130697
11.1652 0.0146484 0.987879 -0.0121209 2.59455 -0.0225338

11.1652 0.0146484 0.977786 -0.0222137 2.59457 -0.022532
11.1653 0.0219727 0.977786 -0.0222137 2.59692 -0.0371879

11.1653 0.0219727 0.968905 -0.0310946 2.59691 -0.0371878
11.1656 0.0292969 0.968905 -0.0310946 2.63442 -0.0542357

11.1656 0.0292969 0.960093 -0.0399071 2.63443 -0.054236
11.1659 0.0366211 0.960093 -0.0399071 2.65762 -0.0850444

11.1659 0.0366211 0.952902 -0.0470976 2.65762 -0.0850162
11.1662 0.0439453 0.952902 -0.0470976 2.62759 -0.1089

11.1662 0.0439453 0.947139 -0.0528606 2.62759 -0.108889
11.1667 0.0512695 0.947139 -0.0528606 2.5792 -0.115007

11.1667 0.0512695 0.941844 -0.0581559 2.5792 -0.115002
11.1671 0.0585938 0.941844 -0.0581559 2.55368 -0.114236

11.1671 0.0585938 0.936086 -0.0639139 2.55367 -0.114242
11.1676 0.065918 0.936086 -0.0639139 2.53898 -0.116889

11.1676 0.065918 0.9288 -0.0712002 2.53897 -0.11688
11.1682 0.0732422 0.9288 -0.0712002 2.5338 -0.121899

11.1682 0.0732422 0.920182 -0.0798175 2.53379 -0.121885
11.1688 0.0805664 0.920182 -0.0798175 2.5556 -0.135694

11.1688 0.0805664 0.910915 -0.0890851 2.55559 -0.135685
11.1694 0.087079 0.910915 -0.0890851 2.58895 -0.161275

11.1694 0.0871103 0.910915 -0.0890851 2.58908 -0.161401
11.1695 0.0878906 0.910915 -0.0890851 2.59291 -0.165307

11.1695 0.0878906 0.901839 -0.0981612 2.59293 -0.165348
11.1703 0.0952148 0.901839 -0.0981612 2.61083 -0.198156

11.1703 0.0952148 0.894018 -0.105982 2.61085 -0.198187
11.1712 0.102539 0.894018 -0.105982 2.59998 -0.21939

11.1712 0.102539 0.887681 -0.112319 2.59999 -0.219406
11.1721 0.109863 0.887681 -0.112319 2.58084 -0.226425

11.1721 0.109863 0.882337 -0.117663 2.58085 -0.226431
11.1731 0.117188 0.882337 -0.117663 2.56522 -0.224629

11.1731 0.117188 0.87712 -0.12288 2.56522 -0.224627
11.1741 0.124512 0.87712 -0.12288 2.55225 -0.218807

11.1741 0.124512 0.871052 -0.128948 2.55224 -0.218809
11.1752 0.131836 0.871052 -0.128948 2.5473 -0.216223

11.1752 0.131836 0.864155 -0.135845 2.5473 -0.216222
11.1763 0.13916 0.864155 -0.135845 2.54564 -0.216422

11.1763 0.13916 0.857522 -0.142478 2.54564 -0.216422
11.1768 0.141626 0.857522 -0.142478 2.5442 -0.216637

11.1768 0.14162 0.857522 -0.142478 2.5442 -0.216636
11.1776 0.146484 0.857522 -0.142478 2.53389 -0.21516

11.1776 0.146484 0.851552 -0.148448 2.53389 -0.21516
11.1788 0.153809 0.851552 -0.148448 2.51634 -0.210514

11.1788 0.153809 0.845402 -0.154598 2.51634 -0.210516
11.1802 0.161133 0.845402 -0.154598 2.51301 -0.206149

11.1802 0.161133 0.839367 -0.160633 2.51301 -0.206149
11.1816 0.168457 0.839367 -0.160633 2.52682 -0.216994

11.1816 0.168457 0.833163 -0.166837 2.52682 -0.216967
11.183 0.175781 0.833163 -0.166837 2.52992 -0.233133

11.183 0.175781 0.82618 -0.17382 2.52992 -0.233124
11.1841 0.180705 0.82618 -0.17382 2.52501 -0.240604

11.1841 0.180699 0.82618 -0.17382 2.52502 -0.240602
11.1846 0.183105 0.82618 -0.17382 2.52271 -0.244137

11.1846 0.183105 0.819465 -0.180535 2.52272 -0.244143
11.1862 0.19043 0.819465 -0.180535 2.5209 -0.254215

11.1862 0.19043 0.812943 -0.187057 2.5209 -0.254207
11.1879 0.197754 0.812943 -0.187057 2.52538 -0.267034

11.1879 0.197754 0.80614 -0.19386 2.52538 -0.267032
11.1896 0.205078 0.80614 -0.19386 2.52837 -0.279571

11.1896 0.205078 0.799052 -0.200948 2.52836 -0.279561
11.1914 0.212084 0.799052 -0.200948 2.52341 -0.288803

11.1914 0.211971 0.796729 -0.203271 2.52347 -0.288704
11.1934 0.219727 0.796729 -0.203271 2.52071 -0.301031

11.1934 0.219727 0.788251 -0.211749 2.52072 -0.301049
11.1954 0.227051 0.788251 -0.211749 2.51248 -0.313788

11.1954 0.227051 0.78116 -0.21884 2.51248 -0.31379
11.1974 0.234375 0.78116 -0.21884 2.4998 -0.319082

11.1974 0.234375 0.774967 -0.225033 2.4998 -0.319084
11.1987 0.238908 0.774967 -0.225033 2.4947 -0.320819

11.1987 0.238902 0.774967 -0.225033 2.49471 -0.320811
11.1995 0.241699 0.774967 -0.225033 2.49276 -0.326034

11.1995 0.241699 0.769639 -0.230361 2.49276 -0.326035
11.2017 0.249023 0.769639 -0.230361 2.49115 -0.342093

11.2017 0.249023 0.764227 -0.235773 2.49114 -0.342087
11.204 0.256348 0.764227 -0.235773 2.48115 -0.3626

11.204 0.256348 0.758257 -0.241743 2.48115 -0.362593
11.2061 0.262822 0.758257 -0.241743 2.46599 -0.376981

11.2061 0.262816 0.758257 -0.241743 2.46601 -0.376978
11.2063 0.263672 0.758257 -0.241743 2.46419 -0.37822

11.2063 0.263672 0.752121 -0.247879 2.46418 -0.378215
11.2087 0.270996 0.752121 -0.247879 2.45831 -0.391245

11.2087 0.270996 0.745974 -0.254026 2.45831 -0.391243
11.2112 0.27832 0.745974 -0.254026 2.45806 -0.414527

11.2112 0.27832 0.7399 -0.2601 2.45806 -0.414529
11.2134 0.284424 0.7399 -0.2601 2.44388 -0.433941

11.2134 0.28442 0.7399 -0.2601 2.4439 -0.433936
11.2138 0.285645 0.7399 -0.2601 2.43879 -0.437475

11.2138 0.285645 0.73407 -0.26593 2.43879 -0.437474
11.2165 0.292969 0.73407 -0.26593 2.42042 -0.457652

11.2165 0.292969 0.728177 -0.271823 2.42041 -0.457647
11.2192 0.300293 0.728177 -0.271823 2.40728 -0.480992

11.2192 0.300293 0.722113 -0.277887 2.40728 -0.48098
11.2207 0.304219 0.722113 -0.277887 2.39656 -0.491614

11.2207 0.304207 0.722113 -0.277887 2.39659 -0.491602
11.222 0.307617 0.722113 -0.277887 2.39195 -0.499538

11.222 0.307617 0.715956 -0.284044 2.39194 -0.499524
11.2249 0.314941 0.715956 -0.284044 2.39288 -0.524997

11.2249 0.314941 0.709774 -0.290226 2.39288 -0.524999
11.2279 0.322266 0.709774 -0.290226 2.37171 -0.56419

11.2279 0.322266 0.704025 -0.295975 2.37167 -0.564074
11.228 0.322578 0.704025 -0.295975 2.37007 -0.565473

11.228 0.322531 0.704025 -0.295975 2.37035 -0.5654
11.231 0.32959 0.704025 -0.295975 2.34923 -0.591899

11.231 0.32959 0.698406 -0.301594 2.34922 -0.591885
11.2342 0.336914 0.698406 -0.301594 2.32491 -0.616022

11.2341 0.336914 0.6927 -0.3073 2.3249 -0.615995
11.2354 0.339626 0.6927 -0.3073 2.31154 -0.622894

11.2354 0.339601 0.6927 -0.3073 2.31168 -0.622877
11.2374 0.344238 0.6927 -0.3073 2.29974 -0.635529

11.2374 0.344238 0.686722 -0.313278 2.29972 -0.635507
11.2407 0.351562 0.686722 -0.313278 2.28697 -0.672686

11.2407 0.351562 0.6806 -0.3194 2.28696 -0.672657
11.2427 0.355689 0.6806 -0.3194 2.27392 -0.69707

11.2427 0.355666 0.6806 -0.3194 2.27405 -0.697032
11.2442 0.358887 0.6806 -0.3194 2.26233 -0.711523

11.2442 0.358887 0.674544 -0.325456 2.26229 -0.711474
11.2477 0.366211 0.674544 -0.325456 2.23872 -0.744307

11.2477 0.366211 0.668648 -0.331352 2.23872 -0.744293
11.25 0.37083 0.668648 -0.331352 2.21688 -0.765476

11.25 0.370807 0.668648 -0.331352 2.21706 -0.765443
11.2514 0.373535 0.668648 -0.331352 2.20019 -0.775964

11.2513 0.373535 0.66272 -0.33728 2.20015 -0.775912
11.2551 0.380859 0.66272 -0.33728 2.16921 -0.806255

11.2551 0.380859 0.65652 -0.34348 2.1692 -0.806222
11.2573 0.385178 0.65652 -0.34348 2.15211 -0.826852

11.2573 0.385157 0.65652 -0.34348 2.15221 -0.826815
11.2589 0.388184 0.65652 -0.34348 2.14401 -0.840319

11.2589 0.388184 0.649925 -0.350075 2.14396 -0.840261
11.2628 0.395508 0.649925 -0.350075 2.12155 -0.879899

11.2628 0.395508 0.643303 -0.356697 2.12153 -0.879826
11.2646 0.398781 0.643303 -0.356697 2.10434 -0.899825

11.2646 0.398744 0.643303 -0.356697 2.10457 -0.899786
11.2669 0.402832 0.643303 -0.356697 2.08798 -0.920144

11.2669 0.402832 0.636843 -0.363157 2.08792 -0.920076
11.2711 0.410156 0.636843 -0.363157 2.03957 -0.952612

11.2711 0.410156 0.631161 -0.368839 2.03954 -0.952466
11.272 0.411724 0.631161 -0.368839 2.02514 -0.957507

11.272 0.411664 0.630402 -0.369598 2.02573 -0.957537
11.2754 0.41748 0.630402 -0.369598 2.00383 -0.979739

11.2754 0.41748 0.623747 -0.376253 2.00375 -0.979693
11.2793 0.423991 0.623747 -0.376253 1.96459 -1.03419

11.2793 0.423976 0.626361 -0.373639 1.96475 -1.03418
11.2798 0.424805 0.626361 -0.373639 1.95684 -1.03932

11.2798 0.424805 0.616214 -0.383786 1.95681 -1.03926
11.2843 0.432129 0.616214 -0.383786 1.90541 -1.0894

11.2843 0.432129 0.60892 -0.39108 1.90537 -1.0892
11.2866 0.435695 0.60892 -0.39108 1.88178 -1.12478

11.2866 0.435635 0.60892 -0.39108 1.88228 -1.12472
11.2891 0.439453 0.60892 -0.39108 1.86004 -1.16198

11.289 0.439453 0.601442 -0.398558 1.85985 -1.16171
11.2939 0.446777 0.601442 -0.398558 1.77538 -1.21949

11.2938 0.446777 0.600071 -0.399929 1.77528 -1.2189
11.2939 0.446943 0.600071 -0.399929 1.77253 -1.21993

11.2939 0.446838 0.593602 -0.406398 1.77437 -1.21991
11.2989 0.454102 0.593602 -0.406398 1.68936 -1.26694

11.2989 0.454102 0.58786 -0.41214 1.68933 -1.26668
11.3013 0.457483 0.58786 -0.41214 1.6581 -1.29721

11.3013 0.457403 0.586312 -0.413688 1.65891 -1.29725
11.3041 0.461426 0.586312 -0.413688 1.63432 -1.33737

11.3041 0.461426 0.577819 -0.422181 1.63412 -1.3369
11.3086 0.46762 0.577819 -0.422181 1.56746 -1.40811

11.3086 0.467588 0.578887 -0.421113 1.5681 -1.40815
11.3094 0.46875 0.578887 -0.421113 1e+30 1e+30

