18.6914 0.62081 0.107546 -0.892454 -1.75882 -0.618835
18.6987 0.621693 0.107546 -0.892454 -1.83466 -0.428879

18.6987 0.621694 0.0711533 -0.928847 -1.83469 -0.428868
18.7061 0.622255 0.0711533 -0.928847 -1.90628 -0.247716

18.7061 0.622255 0.0313345 -0.968665 -1.90629 -0.247713
18.7134 0.622492 0.0313345 -0.968665 -1.97175 -0.0645238

18.7134 0.622492 -0.0118482 -0.988152 -1.97175 -0.0645235
18.7207 0.622404 -0.0118482 -0.988152 -2.01397 0.136661

18.7207 0.622405 -0.0534269 -0.946573 -2.01398 0.136663
18.728 0.621991 -0.0534269 -0.946573 -2.01958 0.35533

18.728 0.621991 -0.0917285 -0.908272 -2.01958 0.355331
18.7354 0.621252 -0.0917285 -0.908272 -1.99578 0.579862

18.7354 0.621252 -0.127182 -0.872818 -1.9958 0.579859
18.7427 0.620185 -0.127182 -0.872818 -1.95697 0.808535

18.7427 0.620188 -0.160596 -0.839404 -1.95703 0.808516
18.75 0.618786 -0.160596 -0.839404 -1.90586 1.03748

18.9844 0.269935 -0.828804 -0.171196 2.45918 1.15921
18.9842 0.270996 -0.828804 -0.171196 2.45788 1.16731

18.9842 0.270996 -0.824204 -0.175796 2.45792 1.16732
18.9826 0.27832 -0.824204 -0.175796 2.43872 1.20729

18.9826 0.27832 -0.818558 -0.181442 2.43873 1.20729
18.981 0.285645 -0.818558 -0.181442 2.43089 1.24434

18.981 0.285645 -0.813161 -0.186839 2.43089 1.24434
18.9793 0.292969 -0.813161 -0.186839 2.41298 1.28171

18.9771 0.302296 -0.802791 -0.197209 2.38244 1.33251
18.9757 0.307617 -0.802791 -0.197209 2.36996 1.36299

18.9793 0.292969 -0.807988 -0.192012 2.41298 1.28171
18.9775 0.300293 -0.807988 -0.192012 2.38856 1.32114

18.9771 0.302282 -0.802791 -0.197209 2.38251 1.33243
18.9775 0.300293 -0.802791 -0.197209 2.38858 1.32114

18.9757 0.307617 -0.797206 -0.202794 2.36995 1.36299
18.9739 0.314941 -0.797206 -0.202794 2.35537 1.40531

18.9739 0.314941 -0.791554 -0.208446 2.35538 1.40532
18.972 0.322266 -0.791554 -0.208446 2.33299 1.45112

18.9697 0.330432 -0.781404 -0.218596 2.29014 1.50179
18.9679 0.336914 -0.781404 -0.218596 2.26042 1.53966

18.9679 0.336914 -0.775857 -0.224143 2.2604 1.53965
18.9658 0.344238 -0.775857 -0.224143 2.23862 1.57946

18.9658 0.344238 -0.769875 -0.230125 2.23861 1.57946
18.9636 0.351562 -0.769875 -0.230125 2.21534 1.61712

18.9719 0.322266 -0.786395 -0.213605 2.333 1.45112
18.97 0.32959 -0.786395 -0.213605 2.2952 1.49655

18.9697 0.330416 -0.781404 -0.218596 2.29027 1.50171
18.97 0.32959 -0.781404 -0.218596 2.29523 1.49656

18.9258 0.450503 -0.676301 -0.323699 1.67218 2.20229
18.9241 0.454102 -0.676301 -0.323699 1.63528 2.22539

18.9185 0.46523 -0.659276 -0.340724 1.53275 2.28889
18.9166 0.46875 -0.659276 -0.340724 1.49645 2.30952

18.9241 0.454102 -0.667936 -0.332064 1.63532 2.2254
18.9204 0.461426 -0.667936 -0.332064 1.56262 2.26745

18.9185 0.465193 -0.659276 -0.340724 1.53335 2.2887
18.9204 0.461426 -0.659276 -0.340724 1.56275 2.26743

18.9551 0.378003 -0.746043 -0.253957 2.10425 1.77066
18.9541 0.380859 -0.746043 -0.253957 2.08723 1.78797

18.9541 0.380859 -0.740076 -0.259924 2.08729 1.78799
18.9515 0.388184 -0.740076 -0.259924 2.05158 1.83441

18.9515 0.388184 -0.733812 -0.266188 2.05157 1.83441
18.9489 0.395508 -0.733812 -0.266188 2.01055 1.86967

18.9478 0.398502 -0.727545 -0.272455 1.99276 1.88545
18.9461 0.402832 -0.727545 -0.272455 1.96813 1.90908

18.9461 0.402832 -0.721022 -0.278978 1.96814 1.90908
18.9433 0.410156 -0.721022 -0.278978 1.93089 1.95277

18.9478 0.398478 -0.727545 -0.272455 1.99299 1.88532
18.9489 0.395508 -0.727545 -0.272455 2.0106 1.86968

18.9624 0.355486 -0.763937 -0.236063 2.20111 1.64086
18.9614 0.358887 -0.763937 -0.236063 2.18744 1.65906

18.9613 0.358887 -0.757929 -0.242071 2.18747 1.65907
18.959 0.366211 -0.757929 -0.242071 2.16021 1.69995

18.9624 0.35546 -0.763937 -0.236063 2.2013 1.64073
18.9636 0.351562 -0.763937 -0.236063 2.21537 1.61712

18.959 0.366211 -0.751886 -0.248114 2.16021 1.69995
18.9566 0.373535 -0.751886 -0.248114 2.12651 1.74199

18.9551 0.377967 -0.746043 -0.253957 2.1046 1.77048
18.9566 0.373535 -0.746043 -0.253957 2.12656 1.742

18.9404 0.417375 -0.714214 -0.285786 1.88892 1.99329
18.9404 0.41748 -0.714214 -0.285786 1.88816 1.99394

18.9404 0.41748 -0.707157 -0.292843 1.88835 1.99396
18.9373 0.424805 -0.707157 -0.292843 1.84704 2.04344

18.9331 0.434581 -0.691995 -0.308005 1.78094 2.09883
18.9309 0.439453 -0.691995 -0.308005 1.74875 2.13032

18.9373 0.424805 -0.699606 -0.300394 1.84702 2.04343
18.9342 0.432129 -0.699606 -0.300394 1.79877 2.08402

18.9331 0.434558 -0.691995 -0.308005 1.78121 2.09869
18.9342 0.432129 -0.691995 -0.308005 1.79884 2.08402

18.9404 0.417323 -0.714214 -0.285786 1.88952 1.993
18.9433 0.410156 -0.714214 -0.285786 1.93089 1.95277

18.9309 0.439453 -0.684223 -0.315777 1.74875 2.13032
18.9276 0.446777 -0.684223 -0.315777 1.69584 2.17696

18.9258 0.450467 -0.676301 -0.323699 1.67275 2.2021
18.9275 0.446777 -0.676301 -0.323699 1.69594 2.17696

19.0109 0 -0.99509 -0.00490951 2.69504 0
19.0109 0.0146484 -0.99509 -0.00490951 2.69649 0.0585847

19.0109 0.0146484 -0.984816 -0.0151836 2.69646 0.0585842
19.0106 0.0292969 -0.984816 -0.0151836 2.69631 0.117569

19.0106 0.0292969 -0.974547 -0.0254531 2.69634 0.11757
19.0102 0.0439453 -0.974547 -0.0254531 2.69315 0.176582

19.0102 0.0439453 -0.965063 -0.0349374 2.69316 0.176582
19.0097 0.0585938 -0.965063 -0.0349374 2.68785 0.235365

19.0097 0.0585938 -0.955971 -0.0440289 2.68785 0.235365
19.009 0.0732422 -0.955971 -0.0440289 2.68271 0.294451

19.009 0.0732422 -0.94672 -0.0532798 2.68268 0.294449
19.0082 0.0878906 -0.94672 -0.0532798 2.67674 0.354219

19.0082 0.0878906 -0.937691 -0.062309 2.67676 0.354222
19.0072 0.102539 -0.937691 -0.062309 2.66572 0.412486

19.0072 0.102539 -0.928754 -0.0712463 2.66569 0.412483
19.0061 0.117188 -0.928754 -0.0712463 2.65468 0.471034

19.0061 0.117188 -0.919634 -0.0803661 2.65469 0.471034
19.0048 0.131836 -0.919634 -0.0803661 2.64455 0.528771

19.0048 0.131836 -0.910691 -0.0893094 2.64454 0.528771
19.0034 0.146484 -0.910691 -0.0893094 2.63356 0.588081

19.0034 0.146484 -0.901644 -0.0983559 2.63354 0.588082
19.0018 0.161133 -0.901644 -0.0983559 2.61996 0.652151

19.0018 0.161133 -0.892664 -0.107336 2.61996 0.652151
19 0.175781 -0.892664 -0.107336 2.60376 0.718551

18.999 0.183578 -0.883541 -0.116459 2.59593 0.754444
18.9981 0.19043 -0.883541 -0.116459 2.58958 0.785756

18.9981 0.19043 -0.873924 -0.126076 2.58957 0.785755
18.996 0.205078 -0.873924 -0.126076 2.57477 0.854534

19 0.175781 -0.886113 -0.113887 2.60384 0.718554
18.9991 0.183105 -0.886113 -0.113887 2.59632 0.752268

18.999 0.183539 -0.881377 -0.118623 2.59601 0.75427
18.9991 0.183105 -0.881377 -0.118623 2.59642 0.752273

18.996 0.205078 -0.864255 -0.135745 2.57477 0.854534
18.9937 0.219727 -0.864255 -0.135745 2.55506 0.924261

18.9937 0.219727 -0.854947 -0.145053 2.55507 0.924262
18.9912 0.234375 -0.854947 -0.145053 2.52988 0.993837

18.9912 0.234375 -0.845642 -0.154358 2.52985 0.993838
18.9885 0.249023 -0.845642 -0.154358 2.49864 1.06011

18.9886 0.249023 -0.835924 -0.164076 2.49861 1.06011
18.9857 0.263672 -0.835924 -0.164076 2.46895 1.1287

18.9844 0.269815 -0.826157 -0.173843 2.4596 1.15865
18.9857 0.263672 -0.826157 -0.173843 2.46904 1.12871

18.8232 0.584771 -0.415378 -0.584622 -0.594878 2.46729
18.8216 0.585938 -0.415378 -0.584622 -0.633911 2.4426

18.8232 0.584674 -0.436222 -0.563778 -0.591102 2.46748
18.8306 0.579007 -0.436222 -0.563778 -0.414893 2.53706

18.8379 0.572893 -0.455639 -0.544361 -0.246005 2.58311
18.8311 0.578613 -0.455639 -0.544361 -0.40312 2.53915

18.8306 0.579 -0.446873 -0.553127 -0.41461 2.53702
18.831 0.578613 -0.446873 -0.553127 -0.403039 2.53907

18.8599 0.551347 -0.518736 -0.481264 0.284529 2.64947
18.855 0.556641 -0.518736 -0.481264 0.163929 2.64861

18.8672 0.543096 -0.533642 -0.466358 0.443232 2.64604
18.8618 0.549316 -0.533642 -0.466358 0.322013 2.64918

18.8599 0.551354 -0.523794 -0.476206 0.284328 2.64953
18.8617 0.549316 -0.523794 -0.476206 0.322472 2.64888

18.8452 0.566274 -0.475057 -0.524943 -0.0709968 2.62552
18.8397 0.571289 -0.475057 -0.524943 -0.200706 2.59382

18.8525 0.559102 -0.496495 -0.503505 0.102515 2.64585
18.8476 0.563965 -0.496495 -0.503505 -0.0132653 2.63427

18.8452 0.566207 -0.487561 -0.512439 -0.0685126 2.62502
18.8476 0.563965 -0.487561 -0.512439 -0.0128522 2.63388

18.8379 0.572845 -0.46784 -0.53216 -0.244149 2.58283
18.8397 0.571289 -0.46784 -0.53216 -0.200586 2.59368

18.8525 0.559052 -0.506473 -0.493527 0.104327 2.64546
18.8549 0.556641 -0.506473 -0.493527 0.164682 2.64803

18.7646 0.614971 -0.222106 -0.777894 -1.71963 1.35553
18.7637 0.615234 -0.222106 -0.777894 -1.72867 1.34008

18.7646 0.614957 -0.250452 -0.749548 -1.71917 1.35557
18.772 0.61251 -0.250452 -0.749548 -1.64287 1.5438

18.772 0.612509 -0.277656 -0.722344 -1.64284 1.5438
18.7793 0.609694 -0.277656 -0.722344 -1.51552 1.72634

18.75 0.618789 -0.19246 -0.80754 -1.906 1.03749
18.7573 0.617043 -0.19246 -0.80754 -1.8027 1.21581

18.7573 0.617038 -0.222106 -0.777894 -1.80248 1.21581
18.7636 0.615234 -0.222106 -0.777894 -1.72867 1.33876

18.7866 0.606537 -0.302617 -0.697383 -1.3778 1.88523
18.7835 0.60791 -0.302617 -0.697383 -1.44024 1.80703

18.7793 0.609674 -0.302617 -0.697383 -1.51453 1.72629
18.7834 0.60791 -0.302617 -0.697383 -1.44052 1.80497

18.7866 0.606521 -0.326557 -0.673443 -1.37718 1.88533
18.7939 0.602969 -0.326557 -0.673443 -1.23532 2.05015

18.8013 0.599073 -0.349814 -0.650186 -1.06208 2.17976
18.7985 0.600586 -0.349814 -0.650186 -1.12719 2.12893

18.8013 0.599042 -0.372951 -0.627049 -1.06082 2.17994
18.8086 0.594685 -0.372951 -0.627049 -0.921082 2.26629

18.7939 0.602942 -0.349814 -0.650186 -1.23389 2.05007
18.7983 0.600586 -0.349814 -0.650186 -1.12737 2.12696

18.8159 0.589903 -0.395211 -0.604789 -0.788182 2.3601
18.8108 0.593262 -0.395211 -0.604789 -0.881046 2.2787

18.8086 0.594649 -0.391931 -0.608069 -0.919572 2.26605
18.8107 0.593262 -0.391931 -0.608069 -0.880763 2.27838

18.8159 0.589875 -0.41628 -0.58372 -0.787318 2.36023
18.8214 0.585938 -0.41628 -0.58372 -0.633283 2.4404

18.8818 0.524622 -0.578701 -0.421299 0.781485 2.60481
18.8799 0.527344 -0.578701 -0.421299 0.740375 2.62011

18.8965 0.503413 -0.611945 -0.388055 1.11816 2.52727
18.8952 0.505371 -0.611945 -0.388055 1.08783 2.54488

18.8952 0.505371 -0.600081 -0.399919 1.08801 2.54496
18.8903 0.512695 -0.600081 -0.399919 0.955424 2.56945

18.8892 0.514396 -0.587874 -0.412126 0.922427 2.56954
18.8852 0.52002 -0.587874 -0.412126 0.830966 2.59012

18.8818 0.524589 -0.575874 -0.424126 0.782234 2.60465
18.8852 0.52002 -0.575874 -0.424126 0.831218 2.59001

18.8892 0.514394 -0.596465 -0.403535 0.922469 2.56953
18.8903 0.512695 -0.596465 -0.403535 0.955781 2.56917

18.9111 0.478886 -0.64149 -0.35851 1.40428 2.37313
18.9086 0.483398 -0.64149 -0.35851 1.35343 2.40961

18.9038 0.491596 -0.621111 -0.378889 1.23042 2.44047
18.8999 0.498047 -0.621111 -0.378889 1.15587 2.48163

18.9086 0.483398 -0.631581 -0.368419 1.35339 2.4096
18.9043 0.490723 -0.631581 -0.368419 1.24456 2.4377

18.9038 0.491585 -0.625515 -0.374485 1.23067 2.44041
18.9043 0.490723 -0.625515 -0.374485 1.24472 2.43764

18.9166 0.46875 -0.65052 -0.34948 1.49652 2.30953
18.9127 0.476074 -0.65052 -0.34948 1.42497 2.3537

18.9111 0.478855 -0.64149 -0.35851 1.40473 2.3729
18.9127 0.476074 -0.64149 -0.35851 1.4251 2.35369

18.8965 0.503355 -0.611169 -0.388831 1.11949 2.52693
18.8999 0.498047 -0.611169 -0.388831 1.15606 2.48163

18.8745 0.534259 -0.559512 -0.440488 0.621867 2.64219
18.8742 0.534668 -0.559512 -0.440488 0.613514 2.64326

18.8742 0.534668 -0.548992 -0.451008 0.613879 2.64313
18.8681 0.541992 -0.548992 -0.451008 0.46402 2.64776

18.8745 0.534185 -0.563008 -0.436992 0.624024 2.64179
18.8798 0.527344 -0.563008 -0.436992 0.740711 2.62014

18.8672 0.543086 -0.540275 -0.459725 0.44351 2.64598
18.8681 0.541992 -0.540275 -0.459725 0.46426 2.64757

