38.5927 0 0.984912 -0.0150878 2.79047 0
38.5932 0.0292969 0.984912 -0.0150878 2.79007 -0.0212624

38.5932 0.0292969 0.955523 -0.0444773 2.79006 -0.0212606
38.5945 0.0585938 0.955523 -0.0444773 2.79109 -0.0424959

38.5946 0.0585938 0.934266 -0.0657344 2.79118 -0.0425205
38.5956 0.0732422 0.934266 -0.0657344 2.78947 -0.0527106

38.5956 0.0732422 0.920682 -0.0793185 2.78947 -0.0527099
38.5969 0.0878906 0.920682 -0.0793185 2.78694 -0.0612663

38.5969 0.0878906 0.907705 -0.0922946 2.78694 -0.0612692
38.5984 0.102539 0.907705 -0.0922946 2.79088 -0.0690072

38.5984 0.102539 0.898427 -0.101573 2.7909 -0.0690226
38.5986 0.10481 0.898427 -0.101573 2.7921 -0.0696486

38.5986 0.104808 0.898427 -0.101573 2.7921 -0.0696483
38.5992 0.109863 0.898427 -0.101573 2.79674 -0.0760155

38.5992 0.109863 0.890892 -0.109108 2.79673 -0.0760052
38.6001 0.117188 0.890892 -0.109108 2.80726 -0.0871601

38.6001 0.117188 0.884468 -0.115532 2.80729 -0.0871838
38.6011 0.124512 0.884468 -0.115532 2.81527 -0.101607

38.6011 0.124512 0.877895 -0.122105 2.81523 -0.101573
38.6021 0.131836 0.877895 -0.122105 2.79928 -0.114029

38.6021 0.131836 0.870538 -0.129462 2.7993 -0.114052
38.6032 0.13916 0.870538 -0.129462 2.78325 -0.109933

38.6032 0.13916 0.864978 -0.135022 2.78325 -0.109928
38.6043 0.146484 0.864978 -0.135022 2.7839 -0.104117

38.6043 0.146484 0.85618 -0.14382 2.78388 -0.104107
38.6068 0.161133 0.85618 -0.14382 2.78081 -0.115696

38.6068 0.161133 0.84459 -0.15541 2.78081 -0.115696
38.6094 0.175781 0.84459 -0.15541 2.76986 -0.126983

38.6094 0.175781 0.832951 -0.167049 2.76986 -0.126979
38.6124 0.19043 0.832951 -0.167049 2.75943 -0.13621

38.6124 0.19043 0.821105 -0.178895 2.75943 -0.136205
38.6133 0.194567 0.821105 -0.178895 2.75869 -0.139431

38.6133 0.194556 0.821105 -0.178895 2.7587 -0.139426
38.6156 0.205078 0.821105 -0.178895 2.75731 -0.148655

38.6156 0.205078 0.812502 -0.187498 2.75735 -0.148694
38.6173 0.212402 0.812502 -0.187498 2.76154 -0.157032

38.6173 0.212402 0.807201 -0.192799 2.76154 -0.157029
38.619 0.219727 0.807201 -0.192799 2.75812 -0.162137

38.619 0.219727 0.801114 -0.198886 2.75811 -0.162132
38.6206 0.226083 0.801114 -0.198886 2.74651 -0.163551

38.6206 0.226077 0.801114 -0.198886 2.74653 -0.163549
38.6208 0.227051 0.801114 -0.198886 2.74388 -0.164008

38.6208 0.227051 0.794788 -0.205212 2.74388 -0.164008
38.6227 0.234375 0.794788 -0.205212 2.73247 -0.165877

38.6227 0.234375 0.788935 -0.211065 2.73247 -0.165877
38.6247 0.241699 0.788935 -0.211065 2.73575 -0.173248

38.6247 0.241699 0.783257 -0.216743 2.73575 -0.173246
38.6267 0.249023 0.783257 -0.216743 2.73431 -0.185409

38.6267 0.249023 0.777717 -0.222283 2.73431 -0.18541
38.6279 0.253238 0.777717 -0.222283 2.72974 -0.189395

38.6279 0.253232 0.777717 -0.222283 2.72975 -0.189393
38.6288 0.256348 0.777717 -0.222283 2.72798 -0.192192

38.6288 0.256348 0.772223 -0.227777 2.72798 -0.192189
38.631 0.263672 0.772223 -0.227777 2.72945 -0.199924

38.631 0.263672 0.766511 -0.233489 2.72945 -0.199923
38.6332 0.270996 0.766511 -0.233489 2.73001 -0.220839

38.6332 0.270996 0.760774 -0.239226 2.73001 -0.22084
38.6353 0.277499 0.760774 -0.239226 2.72056 -0.237163

38.6353 0.277496 0.760774 -0.239226 2.72057 -0.23716
38.6355 0.27832 0.760774 -0.239226 2.71876 -0.238766

38.6355 0.27832 0.755365 -0.244635 2.71876 -0.238768
38.6379 0.285645 0.755365 -0.244635 2.71014 -0.253268

38.6379 0.285645 0.750061 -0.249939 2.71013 -0.253265
38.6403 0.292969 0.750061 -0.249939 2.70439 -0.271642

38.6403 0.292969 0.744618 -0.255382 2.70439 -0.271641
38.6426 0.299539 0.744618 -0.255382 2.69256 -0.285343

38.6426 0.299537 0.744618 -0.255382 2.69256 -0.285341
38.6428 0.300293 0.744618 -0.255382 2.69093 -0.286733

38.6428 0.300293 0.739175 -0.260825 2.69093 -0.286731
38.6454 0.307617 0.739175 -0.260825 2.67987 -0.299964

38.6454 0.307617 0.733589 -0.266411 2.67987 -0.299961
38.6481 0.314941 0.733589 -0.266411 2.66857 -0.317492

38.6481 0.314941 0.727975 -0.272025 2.66857 -0.31749
38.6499 0.319821 0.727975 -0.272025 2.65712 -0.328665

38.6499 0.319812 0.727975 -0.272025 2.65715 -0.328656
38.6508 0.322266 0.727975 -0.272025 2.65112 -0.333451

38.6508 0.322266 0.72247 -0.27753 2.65112 -0.333444
38.6536 0.32959 0.72247 -0.27753 2.64129 -0.348573

38.6536 0.32959 0.716984 -0.283016 2.64129 -0.348572
38.6565 0.336914 0.716984 -0.283016 2.6257 -0.371763

38.6565 0.336914 0.711616 -0.288384 2.6257 -0.371739
38.6572 0.338669 0.711616 -0.288384 2.62028 -0.376168

38.6572 0.338649 0.711616 -0.288384 2.62035 -0.376151
38.6595 0.344238 0.711616 -0.288384 2.61292 -0.389444

38.6595 0.344238 0.706104 -0.293896 2.61291 -0.389431
38.6625 0.351562 0.706104 -0.293896 2.60909 -0.420101

38.6625 0.351562 0.700705 -0.299295 2.60909 -0.420102
38.6646 0.356279 0.700705 -0.299295 2.59882 -0.442071

38.6646 0.356265 0.700705 -0.299295 2.59889 -0.442052
38.6657 0.358887 0.700705 -0.299295 2.58905 -0.451799

38.6657 0.358887 0.695514 -0.304486 2.58904 -0.45177
38.6689 0.366211 0.695514 -0.304486 2.5766 -0.480433

38.6689 0.366211 0.690073 -0.309927 2.5766 -0.480422
38.6719 0.372901 0.690073 -0.309927 2.55432 -0.51187

38.6719 0.372897 0.690073 -0.309927 2.55435 -0.511866
38.6722 0.373535 0.690073 -0.309927 2.55074 -0.514309

38.6722 0.373535 0.684496 -0.315504 2.55074 -0.514296
38.6755 0.380859 0.684496 -0.315504 2.52875 -0.540585

38.6755 0.380859 0.678637 -0.321363 2.52874 -0.540574
38.679 0.388184 0.678637 -0.321363 2.49888 -0.576637

38.679 0.388184 0.672753 -0.327247 2.49885 -0.576526
38.6792 0.388627 0.672753 -0.327247 2.49615 -0.578363

38.6792 0.388585 0.672753 -0.327247 2.49644 -0.578317
38.6826 0.395508 0.672753 -0.327247 2.47496 -0.60509

38.6826 0.395508 0.667001 -0.332999 2.47495 -0.605079
38.6862 0.402832 0.667001 -0.332999 2.44364 -0.641813

38.6862 0.402832 0.661423 -0.338577 2.44361 -0.641671
38.6865 0.403465 0.661423 -0.338577 2.43939 -0.64433

38.6865 0.403415 0.661423 -0.338577 2.43976 -0.644289
38.69 0.410156 0.661423 -0.338577 2.42156 -0.67357

38.69 0.410156 0.655753 -0.344247 2.42153 -0.673543
38.6938 0.41748 0.655753 -0.344247 2.38739 -0.723734

38.6938 0.41748 0.651343 -0.348657 2.38735 -0.723469
38.6938 0.417601 0.651343 -0.348657 2.38641 -0.724093

38.6938 0.417542 0.649869 -0.350131 2.38692 -0.724062
38.6978 0.424805 0.649869 -0.350131 2.36239 -0.762226

38.6978 0.424805 0.643965 -0.356035 2.36239 -0.76218
38.7012 0.43098 0.643965 -0.356035 2.33149 -0.812913

38.7012 0.430966 0.64398 -0.35602 2.33164 -0.812898
38.7018 0.432129 0.64398 -0.35602 2.32055 -0.820191

38.7018 0.432129 0.637806 -0.362194 2.32053 -0.820116
38.706 0.439453 0.637806 -0.362194 2.27655 -0.864081

38.706 0.439453 0.63183 -0.36817 2.27654 -0.864009
38.7085 0.443806 0.63183 -0.36817 2.25388 -0.895772

38.7085 0.443772 0.63183 -0.36817 2.2542 -0.895705
38.7102 0.446777 0.63183 -0.36817 2.23439 -0.915915

38.7102 0.446777 0.625309 -0.374691 2.2343 -0.91575
38.7146 0.454102 0.625309 -0.374691 2.17942 -0.97053

38.7146 0.454102 0.619707 -0.380293 2.17939 -0.970276
38.7158 0.456099 0.619707 -0.380293 2.1598 -0.985099

38.7158 0.456029 0.618534 -0.381466 2.16055 -0.985078
38.7191 0.461426 0.618534 -0.381466 2.13917 -1.02805

38.7191 0.461426 0.611783 -0.388217 2.13905 -1.0279
38.7231 0.467751 0.611783 -0.388217 2.0875 -1.09717

38.7231 0.467723 0.616085 -0.383915 2.08795 -1.09716
38.7238 0.46875 0.616085 -0.383915 1e+30 1e+30

