38.3203 0.485962 0.589818 -0.410182 1.91953 -1.22433
38.3236 0.490723 0.589818 -0.410182 1.89189 -1.28181

38.3236 0.490723 0.582638 -0.417362 1.8917 -1.28124
38.3276 0.496378 0.582638 -0.417362 1.82164 -1.34419

38.3276 0.496326 0.58606 -0.41394 1.82275 -1.34434
38.3289 0.498047 0.58606 -0.41394 1.78445 -1.35751

38.3288 0.498047 0.574132 -0.425868 1.78448 -1.3572
38.3343 0.505371 0.574132 -0.425868 1.66615 -1.40749

38.3342 0.505371 0.570967 -0.429033 1.66621 -1.40661
38.335 0.506375 0.570967 -0.429033 1.65497 -1.4147

38.335 0.506255 0.565911 -0.434089 1.65621 -1.41511
38.3399 0.512695 0.565911 -0.434089 1.6045 -1.48617

38.3399 0.512695 0.563628 -0.436372 1.60452 -1.48528
38.3423 0.515821 0.563628 -0.436372 1.5865 -1.53817

38.3423 0.515681 0.558622 -0.441378 1.58727 -1.5385
38.3457 0.52002 0.558622 -0.441378 1.52156 -1.5968

38.3457 0.52002 0.549774 -0.450226 1.52163 -1.59611
38.3496 0.524814 0.549774 -0.450226 1.43186 -1.62516

38.3496 0.524735 0.548184 -0.451816 1.43297 -1.62589
38.3518 0.527344 0.548184 -0.451816 1.38252 -1.63878

38.3517 0.527344 0.538117 -0.461883 1.38271 -1.63827
38.3569 0.533406 0.538117 -0.461883 1.28298 -1.65681

38.3569 0.533386 0.535621 -0.464379 1.28308 -1.65699
38.358 0.534668 0.535621 -0.464379 1.27042 -1.66209

38.358 0.534668 0.52809 -0.47191 1.27059 -1.66163
38.3643 0.541654 0.52809 -0.47191 1.19504 -1.71274

38.3643 0.541652 0.523872 -0.476128 1.19505 -1.71276
38.3646 0.541992 0.523872 -0.476128 1.19143 -1.71564

38.3645 0.541992 0.516653 -0.483347 1.19157 -1.71515
38.3714 0.549316 0.516653 -0.483347 1.09091 -1.78283

38.3713 0.549316 0.510364 -0.489636 1.0914 -1.78119
38.3716 0.549601 0.510364 -0.489636 1.08661 -1.78386

38.3716 0.549512 0.50391 -0.49609 1.08761 -1.78467
38.3786 0.556641 0.50391 -0.49609 0.937911 -1.83452

38.3785 0.556641 0.497239 -0.502761 0.939047 -1.83251
38.3789 0.557074 0.497239 -0.502761 0.927793 -1.83451

38.3789 0.55694 0.490773 -0.509227 0.930096 -1.83597
38.3862 0.563965 0.490773 -0.509227 0.753044 -1.86595

38.386 0.563965 0.484517 -0.515483 0.754511 -1.86329
38.3862 0.564153 0.484517 -0.515483 0.749966 -1.86434

38.3862 0.564009 0.477568 -0.522432 0.752084 -1.86601
38.3936 0.570704 0.477568 -0.522432 0.602481 -1.91009

38.3936 0.570687 0.468232 -0.531768 0.602682 -1.91031
38.3942 0.571289 0.468232 -0.531768 0.590011 -1.9144

38.3942 0.571289 0.462618 -0.537382 0.590123 -1.91417
38.4009 0.577017 0.462618 -0.537382 0.457241 -1.95471

38.4009 0.576974 0.448483 -0.551517 0.457901 -1.9553
38.4029 0.578613 0.448483 -0.551517 0.414486 -1.96592

38.4028 0.578613 0.446264 -0.553736 0.414915 -1.96513
38.4082 0.582931 0.446264 -0.553736 0.287798 -1.96929

38.4082 0.582888 0.430896 -0.569104 0.288558 -1.96996
38.4122 0.585938 0.430896 -0.569104 0.194026 -1.95872

38.4121 0.585938 0.426413 -0.573587 0.19543 -1.95793
38.4155 0.588488 0.426413 -0.573587 0.114058 -1.94349

38.4155 0.58847 0.415588 -0.584412 0.114369 -1.94373
38.4223 0.593262 0.415588 -0.584412 -0.0337818 -1.92145

38.4221 0.593262 0.406304 -0.593696 -0.0326086 -1.92055
38.4229 0.593755 0.406304 -0.593696 -0.0464466 -1.91901

38.4229 0.593691 0.398121 -0.601879 -0.0454537 -1.91985
38.4302 0.598535 0.398121 -0.601879 -0.200465 -1.90501

38.4302 0.598494 0.380068 -0.619932 -0.199586 -1.90562
38.4336 0.600586 0.380068 -0.619932 -0.275483 -1.89057

38.4335 0.600586 0.380068 -0.619932 -0.27458 -1.89012
38.4375 0.603044 0.380068 -0.619932 -0.367151 -1.85864

38.8099 0 -0.995379 -0.00462133 2.74891 0
38.8099 0.0146484 -0.995379 -0.00462133 2.75262 0.0524478

38.8099 0.0146484 -0.986211 -0.0137893 2.75261 0.0524478
38.8097 0.0292969 -0.986211 -0.0137893 2.75544 0.107515

38.8096 0.0292969 -0.977329 -0.0226715 2.75545 0.107515
38.8093 0.0439453 -0.977329 -0.0226715 2.75482 0.163264

38.8093 0.0439453 -0.968754 -0.0312462 2.75482 0.163264
38.8088 0.0585938 -0.968754 -0.0312462 2.75355 0.218775

38.8088 0.0585938 -0.960524 -0.0394764 2.75356 0.218775
38.8082 0.0732422 -0.960524 -0.0394764 2.74665 0.27327

38.8082 0.0732422 -0.952792 -0.0472081 2.74666 0.273271
38.8075 0.0878906 -0.952792 -0.0472081 2.73698 0.329369

38.8075 0.0878906 -0.94036 -0.0596398 2.73666 0.329365
38.8057 0.117188 -0.94036 -0.0596398 2.72406 0.444595

38.8057 0.117188 -0.923925 -0.0760751 2.72404 0.444595
38.8033 0.146484 -0.923925 -0.0760751 2.71152 0.56691

38.8033 0.146484 -0.911737 -0.0882629 2.71177 0.566907
38.8018 0.161133 -0.911737 -0.0882629 2.7039 0.633441

38.8018 0.161133 -0.903102 -0.0968982 2.70389 0.633441
38.8003 0.175781 -0.903102 -0.0968982 2.69224 0.699339

38.8003 0.175781 -0.894522 -0.105478 2.69223 0.699339
38.7985 0.19043 -0.894522 -0.105478 2.6775 0.765489

38.7985 0.19043 -0.886061 -0.113939 2.67751 0.765489
38.7967 0.205078 -0.886061 -0.113939 2.66038 0.831857

38.7967 0.205078 -0.877686 -0.122314 2.66037 0.831857
38.7946 0.219727 -0.877686 -0.122314 2.64034 0.896535

38.7946 0.219727 -0.869236 -0.130764 2.64033 0.896536
38.7924 0.234375 -0.869236 -0.130764 2.61755 0.963486

38.7891 0.254733 -0.854411 -0.145589 2.58325 1.0561
38.7888 0.256348 -0.854411 -0.145589 2.5839 1.06858

38.7888 0.256348 -0.849922 -0.150078 2.58395 1.06859
38.7875 0.263672 -0.849922 -0.150078 2.57235 1.10731

38.7875 0.263672 -0.84519 -0.15481 2.57236 1.10731
38.7861 0.270996 -0.84519 -0.15481 2.56032 1.14782

38.7861 0.270996 -0.840602 -0.159398 2.56032 1.14782
38.7848 0.27832 -0.840602 -0.159398 2.54445 1.18578

38.7848 0.27832 -0.83601 -0.16399 2.54445 1.18578
38.7833 0.285645 -0.83601 -0.16399 2.52598 1.22043

38.7833 0.285645 -0.831396 -0.168604 2.52598 1.22043
38.7818 0.292969 -0.831396 -0.168604 2.50692 1.25636

38.7817 0.293445 -0.82658 -0.17342 2.50574 1.25875
38.7803 0.300293 -0.82658 -0.17342 2.49304 1.2945

38.7803 0.300293 -0.821574 -0.178426 2.49304 1.2945
38.7787 0.307617 -0.821574 -0.178426 2.48184 1.33522

38.7817 0.293434 -0.82658 -0.17342 2.50579 1.25869
38.7818 0.292969 -0.82658 -0.17342 2.50693 1.25636

38.7787 0.307617 -0.816631 -0.183369 2.48184 1.33522
38.7771 0.314941 -0.816631 -0.183369 2.45991 1.37569

38.7771 0.314941 -0.811809 -0.188191 2.45991 1.37569
38.7754 0.322266 -0.811809 -0.188191 2.42811 1.41632

38.7744 0.326269 -0.807033 -0.192967 2.41114 1.44006
38.7736 0.32959 -0.807033 -0.192967 2.39915 1.45764

38.7736 0.32959 -0.801868 -0.198132 2.39915 1.45764
38.7718 0.336914 -0.801868 -0.198132 2.38299 1.50136

38.7718 0.336914 -0.796147 -0.203853 2.38298 1.50135
38.7699 0.344238 -0.796147 -0.203853 2.36922 1.54554

38.7699 0.344238 -0.79044 -0.20956 2.36923 1.54554
38.768 0.351562 -0.79044 -0.20956 2.34085 1.58864

38.7744 0.326246 -0.807033 -0.192967 2.41128 1.43995
38.7754 0.322266 -0.807033 -0.192967 2.42813 1.41632

38.7305 0.459097 -0.69217 -0.30783 1.76689 2.2564
38.7294 0.461426 -0.69217 -0.30783 1.74393 2.27109

38.7294 0.461426 -0.684137 -0.315863 1.74406 2.2711
38.726 0.46875 -0.684137 -0.315863 1.68114 2.32461

38.7598 0.380212 -0.767797 -0.232203 2.22426 1.75267
38.7596 0.380859 -0.767797 -0.232203 2.22074 1.75652

38.7596 0.380859 -0.76189 -0.23811 2.22086 1.75654
38.7573 0.388184 -0.76189 -0.23811 2.1876 1.80091

38.7573 0.388184 -0.755691 -0.244309 2.18759 1.80091
38.7549 0.395508 -0.755691 -0.244309 2.15662 1.84359

38.7524 0.402875 -0.742947 -0.257053 2.11855 1.88669
38.7499 0.410156 -0.742947 -0.257053 2.08505 1.93505

38.7549 0.395508 -0.749402 -0.250598 2.15662 1.84359
38.7525 0.402832 -0.749402 -0.250598 2.11881 1.88642

38.7524 0.402869 -0.742947 -0.257053 2.1186 1.88666
38.7525 0.402832 -0.742947 -0.257053 2.11881 1.88642

38.7671 0.354869 -0.785005 -0.214995 2.32735 1.60979
38.766 0.358887 -0.785005 -0.214995 2.31001 1.63212

38.766 0.358887 -0.779455 -0.220545 2.31002 1.63212
38.7639 0.366211 -0.779455 -0.220545 2.28221 1.67322

38.7671 0.354847 -0.785005 -0.214995 2.32749 1.60965
38.768 0.351562 -0.785005 -0.214995 2.34089 1.58865

38.7639 0.366211 -0.773622 -0.226378 2.2822 1.67322
38.7618 0.373535 -0.773622 -0.226378 2.25529 1.7135

38.7598 0.380169 -0.767797 -0.232203 2.22463 1.75244
38.7618 0.373535 -0.767797 -0.232203 2.2553 1.7135

38.7451 0.423382 -0.72907 -0.27093 2.01771 2.0217
38.7446 0.424805 -0.72907 -0.27093 2.0075 2.03106

38.7446 0.424805 -0.722098 -0.277902 2.00763 2.03108
38.7418 0.432129 -0.722098 -0.277902 1.96412 2.08366

38.7418 0.432129 -0.714876 -0.285124 1.96411 2.08365
38.7388 0.439453 -0.714876 -0.285124 1.91521 2.128

38.7499 0.410156 -0.73604 -0.26396 2.08503 1.93505
38.7473 0.41748 -0.73604 -0.26396 2.0508 1.98285

38.7451 0.423337 -0.72907 -0.27093 2.01823 2.02144
38.7473 0.41748 -0.72907 -0.27093 2.05085 1.98285

38.7378 0.44199 -0.707643 -0.292357 1.89746 2.14511
38.7358 0.446777 -0.707643 -0.292357 1.8622 2.17782

38.7358 0.446777 -0.700042 -0.299958 1.8622 2.17782
38.7327 0.454102 -0.700042 -0.299958 1.80418 2.22572

38.7378 0.441967 -0.707643 -0.292357 1.89773 2.14496
38.7388 0.439453 -0.707643 -0.292357 1.91528 2.128

38.7305 0.459052 -0.69217 -0.30783 1.76758 2.25613
38.7327 0.454102 -0.69217 -0.30783 1.80426 2.2257

38.7924 0.234375 -0.86295 -0.13705 2.61764 0.963471
38.7912 0.241699 -0.86295 -0.13705 2.59704 0.99655

38.7912 0.241699 -0.858718 -0.141282 2.59703 0.996552
38.79 0.249023 -0.858718 -0.141282 2.58883 1.02847

38.7891 0.254629 -0.85203 -0.14797 2.58352 1.05559
38.79 0.249023 -0.85203 -0.14797 2.58877 1.02847

38.4375 0.603022 0.36129 -0.63871 -0.366695 -1.85893
38.4448 0.607165 0.36129 -0.63871 -0.532728 -1.82115

38.4448 0.607147 0.341011 -0.658989 -0.532267 -1.82137
38.4463 0.60791 0.341011 -0.658989 -0.564836 -1.81851

38.4463 0.60791 0.341011 -0.658989 -0.564498 -1.81835
38.4521 0.610956 0.341011 -0.658989 -0.706562 -1.73949

38.4521 0.61095 0.320035 -0.679965 -0.706389 -1.73956
38.4595 0.614397 0.320035 -0.679965 -0.872023 -1.64191

38.4595 0.614379 0.29847 -0.70153 -0.871489 -1.64211
38.4615 0.615234 0.29847 -0.70153 -0.912492 -1.63233

38.4614 0.615234 0.29847 -0.70153 -0.912098 -1.63235
38.4668 0.617516 0.29847 -0.70153 -1.03432 -1.55695

38.4668 0.617519 0.274782 -0.725218 -1.03441 -1.55692
38.4741 0.620294 0.274782 -0.725218 -1.20001 -1.406

38.4741 0.620287 0.24895 -0.75105 -1.19978 -1.40609
38.481 0.622559 0.24895 -0.75105 -1.33281 -1.29692

38.4809 0.622559 0.24895 -0.75105 -1.33211 -1.29749
38.4814 0.62274 0.24895 -0.75105 -1.34303 -1.29218

38.4814 0.622718 0.221789 -0.778211 -1.34228 -1.29234
38.4888 0.624805 0.221789 -0.778211 -1.4845 -1.17659

38.4888 0.624803 0.192603 -0.807397 -1.48443 -1.1766
38.4961 0.626551 0.192603 -0.807397 -1.62351 -0.987157

38.4961 0.62655 0.161677 -0.838323 -1.62348 -0.987171
38.5034 0.627962 0.161677 -0.838323 -1.73762 -0.767032

38.5034 0.627962 0.128475 -0.871525 -1.73761 -0.767032
38.5107 0.629042 0.128475 -0.871525 -1.83693 -0.555816

38.5107 0.629042 0.092424 -0.907576 -1.83696 -0.555811
38.5181 0.629788 0.092424 -0.907576 -1.93306 -0.368276

38.5181 0.629801 0.0528593 -0.947141 -1.93361 -0.368148
38.5195 0.629883 0.0528593 -0.947141 -1.95207 -0.333612

38.5198 0.629883 0.0528593 -0.947141 -1.95468 -0.327699
38.5254 0.630195 0.0528593 -0.947141 -2.02085 -0.179073

38.5254 0.6302 0.00876079 -0.991239 -2.02107 -0.179017
38.5327 0.630265 0.00876079 -0.991239 -2.08702 0.0279044

38.5327 0.630265 -0.0373862 -0.962614 -2.08703 0.027907
38.54 0.629981 -0.0373862 -0.962614 -2.14094 0.253539

38.5474 0.629345 -0.0793065 -0.920694 -2.14704 0.498245
38.5411 0.629883 -0.0793065 -0.920694 -2.14849 0.289752

38.5474 0.62935 -0.117807 -0.882193 -2.14715 0.498226
38.5547 0.628372 -0.117807 -0.882193 -2.10158 0.749592

38.54 0.629995 -0.0793065 -0.920694 -2.14129 0.253593
38.5413 0.629883 -0.0793065 -0.920694 -2.1505 0.297126

38.6426 0.585817 -0.460768 -0.539232 -0.371037 2.70764
38.6424 0.585938 -0.460768 -0.539232 -0.374963 2.70662

38.6719 0.555949 -0.544403 -0.455597 0.435558 2.78653
38.6713 0.556641 -0.544403 -0.455597 0.419283 2.78777

38.6426 0.585728 -0.472894 -0.527106 -0.367289 2.70726
38.6499 0.579157 -0.472894 -0.527106 -0.164531 2.75765

38.6572 0.572032 -0.493552 -0.506448 0.0386305 2.78252
38.6505 0.578613 -0.493552 -0.506448 -0.147504 2.76106

38.6499 0.579138 -0.484021 -0.515979 -0.163719 2.75755
38.6505 0.578613 -0.484021 -0.515979 -0.147394 2.76094

38.6646 0.564291 -0.514457 -0.485543 0.233416 2.78576
38.6579 0.571289 -0.514457 -0.485543 0.0587079 2.782

38.6713 0.556641 -0.532693 -0.467307 0.419682 2.78758
38.6648 0.563965 -0.532693 -0.467307 0.241296 2.78614

38.6646 0.56425 -0.523437 -0.476563 0.234851 2.78547
38.6648 0.563965 -0.523437 -0.476563 0.241624 2.78589

38.6572 0.571994 -0.504292 -0.495708 0.0400662 2.78224
38.6579 0.571289 -0.504292 -0.495708 0.0590177 2.78181

38.5547 0.628375 -0.154029 -0.845971 -2.10163 0.749577
38.562 0.627041 -0.154029 -0.845971 -2.05283 1.01039

38.562 0.627045 -0.188555 -0.811445 -2.05293 1.01034
38.5693 0.625343 -0.188555 -0.811445 -1.95741 1.25575

38.5693 0.625344 -0.221213 -0.778787 -1.95746 1.25575
38.5767 0.623264 -0.221213 -0.778787 -1.85214 1.42107

38.584 0.620804 -0.251737 -0.748263 -1.76519 1.6075
38.5788 0.622559 -0.251737 -0.748263 -1.83033 1.46035

38.5767 0.62326 -0.251737 -0.748263 -1.852 1.42106
38.5787 0.622559 -0.251737 -0.748263 -1.83025 1.45994

38.5986 0.614712 -0.309047 -0.690953 -1.46826 1.99793
38.5975 0.615234 -0.309047 -0.690953 -1.49316 1.97356

38.5986 0.614665 -0.33457 -0.66543 -1.46612 1.99811
38.606 0.610983 -0.33457 -0.66543 -1.3173 2.18748

38.6133 0.60695 -0.359013 -0.640987 -1.10278 2.33233
38.6116 0.60791 -0.359013 -0.640987 -1.14637 2.30633

38.606 0.610958 -0.359013 -0.640987 -1.31576 2.18738
38.6114 0.60791 -0.359013 -0.640987 -1.14627 2.30415

38.584 0.62081 -0.28147 -0.71853 -1.76541 1.60744
38.5913 0.617941 -0.28147 -0.71853 -1.63838 1.82943

38.5913 0.617922 -0.309047 -0.690953 -1.63722 1.82936
38.5973 0.615234 -0.309047 -0.690953 -1.49332 1.97072

38.6279 0.597303 -0.407758 -0.592242 -0.784292 2.52962
38.6232 0.600586 -0.407758 -0.592242 -0.889254 2.44623

38.6133 0.606899 -0.38369 -0.61631 -1.1004 2.33254
38.6206 0.602339 -0.38369 -0.61631 -0.946452 2.42315

38.6206 0.60229 -0.403457 -0.596543 -0.944146 2.42278
38.6231 0.600586 -0.403457 -0.596543 -0.888899 2.44571

38.6353 0.591853 -0.431678 -0.568322 -0.572072 2.63343
38.6334 0.593262 -0.431678 -0.568322 -0.620337 2.60649

38.6279 0.597269 -0.430405 -0.569595 -0.783086 2.5298
38.6332 0.593262 -0.430405 -0.569595 -0.619434 2.6042

38.6353 0.591761 -0.452181 -0.547819 -0.568243 2.63353
38.6423 0.585938 -0.452181 -0.547819 -0.373923 2.70522

38.6938 0.526477 -0.609332 -0.390668 0.987814 2.69463
38.6933 0.527344 -0.609332 -0.390668 0.970289 2.70046

38.7012 0.514971 -0.615962 -0.384038 1.1326 2.61426
38.698 0.52002 -0.615962 -0.384038 1.06872 2.65191

38.6938 0.526411 -0.605102 -0.394898 0.989733 2.69416
38.698 0.52002 -0.605102 -0.394898 1.06878 2.65192

38.7158 0.48931 -0.657455 -0.342545 1.47957 2.45428
38.7151 0.490723 -0.657455 -0.342545 1.46149 2.46324

38.7151 0.490723 -0.647964 -0.352036 1.46179 2.46322
38.7111 0.498047 -0.647964 -0.352036 1.37872 2.52003

38.7231 0.474837 -0.675762 -0.324238 1.63027 2.36286
38.7226 0.476074 -0.675762 -0.324238 1.61475 2.37069

38.7225 0.476074 -0.666834 -0.333166 1.61498 2.37068
38.7189 0.483398 -0.666834 -0.333166 1.5347 2.42211

38.7231 0.474779 -0.675762 -0.324238 1.63135 2.36249
38.726 0.46875 -0.675762 -0.324238 1.68118 2.3246

38.7158 0.489248 -0.657455 -0.342545 1.48078 2.45386
38.7189 0.483398 -0.657455 -0.342545 1.53478 2.42208

38.7085 0.502645 -0.638212 -0.361788 1.33736 2.55532
38.707 0.505371 -0.638212 -0.361788 1.2902 2.57557

38.7069 0.505371 -0.627226 -0.372774 1.29028 2.57559
38.7026 0.512695 -0.627226 -0.372774 1.16538 2.60707

38.7085 0.502592 -0.638212 -0.361788 1.33865 2.55498
38.7111 0.498047 -0.638212 -0.361788 1.37886 2.52001

38.7012 0.514948 -0.616814 -0.383186 1.13309 2.61409
38.7026 0.512695 -0.616814 -0.383186 1.16562 2.60693

38.6865 0.53701 -0.578432 -0.421568 0.783856 2.72748
38.6829 0.541992 -0.578432 -0.421568 0.692814 2.75125

38.6792 0.546804 -0.56568 -0.43432 0.622118 2.76018
38.6773 0.549316 -0.56568 -0.43432 0.573169 2.77132

38.6719 0.555868 -0.549364 -0.450636 0.438282 2.78601
38.6772 0.549316 -0.549364 -0.450636 0.573407 2.77128

38.6792 0.546767 -0.565078 -0.434922 0.623147 2.75996
38.6829 0.541992 -0.565078 -0.434922 0.692951 2.75126

38.6933 0.527344 -0.592336 -0.407664 0.970681 2.70045
38.6882 0.534668 -0.592336 -0.407664 0.824546 2.72677

38.6865 0.537011 -0.586089 -0.413911 0.783825 2.72749
38.6882 0.534668 -0.586089 -0.413911 0.825127 2.72631

