16.1719 0.205021 -0.866583 -0.133417 2.52903 0.871084
16.1719 0.205078 -0.866583 -0.133417 2.52575 0.87183

16.1718 0.205078 -0.859457 -0.140543 2.52589 0.871843
16.1707 0.212402 -0.859457 -0.140543 2.51333 0.903427

16.1707 0.212402 -0.853621 -0.146379 2.51333 0.903427
16.1694 0.219727 -0.853621 -0.146379 2.50967 0.933946

16.1694 0.219727 -0.848315 -0.151685 2.50969 0.933946
16.1681 0.227051 -0.848315 -0.151685 2.49888 0.97002

16.1681 0.227051 -0.844036 -0.155964 2.49891 0.970027
16.1667 0.234375 -0.844036 -0.155964 2.4851 1.00747

16.1667 0.234375 -0.836411 -0.163589 2.48492 1.00744
16.1639 0.249023 -0.836411 -0.163589 2.46079 1.07653

16.1639 0.249023 -0.826134 -0.173866 2.46079 1.07653
16.1608 0.263672 -0.826134 -0.173866 2.42913 1.14965

16.1572 0.27942 -0.808698 -0.191302 2.38223 1.234
16.1558 0.285645 -0.808698 -0.191302 2.36484 1.26552

16.1558 0.285645 -0.803226 -0.196774 2.36483 1.26551
16.154 0.292969 -0.803226 -0.196774 2.35743 1.30314

16.1608 0.263672 -0.818557 -0.181443 2.42924 1.14967
16.1592 0.270996 -0.818557 -0.181443 2.41175 1.18924

16.1592 0.270996 -0.813636 -0.186364 2.41177 1.18924
16.1575 0.27832 -0.813636 -0.186364 2.38718 1.22807

16.1572 0.2794 -0.808698 -0.191302 2.38235 1.2339
16.1575 0.27832 -0.808698 -0.191302 2.3872 1.22808

16.1426 0.334531 -0.770704 -0.229296 2.22498 1.53168
16.1419 0.336914 -0.770704 -0.229296 2.21355 1.54476

16.1419 0.336914 -0.765253 -0.234747 2.21361 1.54478
16.1396 0.344238 -0.765253 -0.234747 2.18303 1.58585

16.1396 0.344238 -0.759482 -0.240518 2.18302 1.58585
16.1373 0.351562 -0.759482 -0.240518 2.15338 1.62225

16.154 0.292969 -0.797614 -0.202386 2.35743 1.30314
16.1521 0.300293 -0.797614 -0.202386 2.34173 1.34564

16.1521 0.300293 -0.79229 -0.20771 2.34174 1.34564
16.1502 0.307617 -0.79229 -0.20771 2.31401 1.38649

16.1499 0.308651 -0.787092 -0.212908 2.30961 1.39226
16.1482 0.314941 -0.787092 -0.212908 2.28834 1.4252

16.1482 0.314941 -0.781626 -0.218374 2.28833 1.4252
16.1462 0.322266 -0.781626 -0.218374 2.26995 1.46325

16.1499 0.308638 -0.787092 -0.212908 2.3097 1.3922
16.1502 0.307617 -0.787092 -0.212908 2.31403 1.38649

16.1462 0.322266 -0.776087 -0.223913 2.26995 1.46325
16.144 0.32959 -0.776087 -0.223913 2.24474 1.50291

16.1426 0.334497 -0.770704 -0.229296 2.22525 1.53152
16.144 0.32959 -0.770704 -0.229296 2.24477 1.50292

16.1133 0.415949 -0.700838 -0.299162 1.82283 1.98699
16.1126 0.41748 -0.700838 -0.299162 1.81069 1.99551

16.1126 0.41748 -0.693518 -0.306482 1.81085 1.99553
16.1094 0.424805 -0.693518 -0.306482 1.76344 2.04293

16.106 0.43228 -0.678462 -0.321538 1.70947 2.08204
16.1026 0.439453 -0.678462 -0.321538 1.6582 2.13104

16.1094 0.424805 -0.686114 -0.313886 1.76344 2.04293
16.106 0.432129 -0.686114 -0.313886 1.71083 2.08118

16.106 0.432271 -0.678462 -0.321538 1.70959 2.08199
16.106 0.432129 -0.678462 -0.321538 1.71084 2.08118

16.0986 0.447421 -0.662173 -0.337827 1.5835 2.16829
16.0952 0.454102 -0.662173 -0.337827 1.52632 2.20914

16.0913 0.461502 -0.645438 -0.354562 1.46258 2.24593
16.0873 0.46875 -0.645438 -0.354562 1.39217 2.29586

16.0952 0.454102 -0.653884 -0.346116 1.52634 2.20914
16.0913 0.461426 -0.653884 -0.346116 1.46343 2.24552

16.0913 0.461491 -0.647651 -0.352349 1.46275 2.24587
16.0913 0.461426 -0.647651 -0.352349 1.46346 2.24552

16.1026 0.439453 -0.670434 -0.329566 1.65819 2.13104
16.099 0.446777 -0.670434 -0.329566 1.59091 2.16523

16.0986 0.447406 -0.662173 -0.337827 1.58375 2.16821
16.099 0.446777 -0.662173 -0.337827 1.59096 2.16522

16.1279 0.378961 -0.734731 -0.265269 2.03976 1.7797
16.1272 0.380859 -0.734731 -0.265269 2.02747 1.79134

16.1353 0.357849 -0.753639 -0.246361 2.12512 1.65442
16.1349 0.358887 -0.753639 -0.246361 2.11972 1.65985

16.1349 0.358887 -0.747641 -0.252359 2.1198 1.65986
16.1324 0.366211 -0.747641 -0.252359 2.09124 1.70133

16.1353 0.357811 -0.753639 -0.246361 2.12544 1.65424
16.1373 0.351562 -0.753639 -0.246361 2.1534 1.62224

16.1324 0.366211 -0.741187 -0.258813 2.09122 1.70132
16.1299 0.373535 -0.741187 -0.258813 2.06491 1.74478

16.1279 0.378917 -0.734731 -0.265269 2.04021 1.77949
16.1299 0.373535 -0.734731 -0.265269 2.06496 1.74479

16.1272 0.380859 -0.728267 -0.271733 2.02758 1.79137
16.1245 0.388184 -0.728267 -0.271733 1.98837 1.839

16.1245 0.388184 -0.721557 -0.278443 1.98836 1.839
16.1217 0.395508 -0.721557 -0.278443 1.9469 1.8751

16.1206 0.398199 -0.714901 -0.285099 1.93115 1.89007
16.1188 0.402832 -0.714901 -0.285099 1.90442 1.91513

16.1188 0.402832 -0.708007 -0.291993 1.90442 1.91513
16.1157 0.410156 -0.708007 -0.291993 1.85907 1.95571

16.1206 0.398179 -0.714901 -0.285099 1.93135 1.88995
16.1217 0.395508 -0.714901 -0.285099 1.94695 1.8751

16.1133 0.415899 -0.700838 -0.299162 1.82346 1.98675
16.1157 0.410156 -0.700838 -0.299162 1.85911 1.95571

16.1877 0 -0.997392 -0.00260793 2.67828 0
16.1877 0.00732422 -0.997392 -0.00260793 2.67816 0.0269177

16.1877 0.00732422 -0.992246 -0.00775398 2.67816 0.0269177
16.1876 0.0146484 -0.992246 -0.00775398 2.67797 0.0540162

16.1876 0.0146484 -0.98717 -0.0128295 2.67797 0.0540163
16.1875 0.0219727 -0.98717 -0.0128295 2.67734 0.0816821

16.1875 0.0219727 -0.98221 -0.0177899 2.67735 0.081682
16.1874 0.0292969 -0.98221 -0.0177899 2.67556 0.111108

16.1865 0.0579571 -0.964401 -0.0355994 2.6663 0.233257
16.1865 0.0585938 -0.964401 -0.0355994 2.66594 0.235893

16.1874 0.0292969 -0.974557 -0.0254433 2.67548 0.111115
16.187 0.0439453 -0.974557 -0.0254433 2.67299 0.17325

16.1865 0.0579259 -0.964401 -0.0355994 2.66632 0.233127
16.187 0.0439453 -0.964401 -0.0355994 2.67299 0.17325

16.1865 0.0585938 -0.954373 -0.0456271 2.66595 0.235893
16.1858 0.0732422 -0.954373 -0.0456271 2.65905 0.296362

16.1858 0.0732422 -0.944278 -0.0557224 2.65903 0.296362
16.1849 0.0878906 -0.944278 -0.0557224 2.64864 0.356331

16.1849 0.0878906 -0.934054 -0.0659463 2.64863 0.356331
16.1839 0.102539 -0.934054 -0.0659463 2.63693 0.415908

16.1839 0.102539 -0.92406 -0.0759396 2.63694 0.415908
16.1827 0.117188 -0.92406 -0.0759396 2.62695 0.476761

16.1827 0.117188 -0.914353 -0.0856467 2.62695 0.476761
16.1813 0.131836 -0.914353 -0.0856467 2.61607 0.540331

16.1813 0.131836 -0.904746 -0.095254 2.61607 0.540331
16.1798 0.146484 -0.904746 -0.095254 2.60506 0.606345

16.1798 0.146484 -0.895168 -0.104832 2.60506 0.606345
16.1781 0.161133 -0.895168 -0.104832 2.5914 0.672148

16.1781 0.161133 -0.885678 -0.114322 2.5914 0.672148
16.1762 0.175781 -0.885678 -0.114322 2.57819 0.737959

16.1762 0.175781 -0.87609 -0.12391 2.57817 0.737959
16.1741 0.19043 -0.87609 -0.12391 2.55913 0.804408

16.1719 0.20494 -0.866583 -0.133417 2.52934 0.870715
16.1741 0.19043 -0.866583 -0.133417 2.55914 0.804409

15.9888 0.583322 -0.39659 -0.60341 -0.71198 2.31355
15.9848 0.585938 -0.39659 -0.60341 -0.793217 2.25365

15.9961 0.578188 -0.418471 -0.581529 -0.537625 2.40763
15.9955 0.578613 -0.418471 -0.581529 -0.551478 2.39949

15.9888 0.583288 -0.416125 -0.583875 -0.71083 2.31368
15.9953 0.578613 -0.416125 -0.583875 -0.550694 2.39716

16.0547 0.518961 -0.571946 -0.428054 0.762766 2.53865
16.0539 0.52002 -0.571946 -0.428054 0.745243 2.54352

16.0539 0.52002 -0.559864 -0.440136 0.745512 2.54351
16.0481 0.527344 -0.559864 -0.440136 0.61382 2.55904

16.0254 0.552696 -0.49438 -0.50562 0.110017 2.56902
16.0214 0.556641 -0.49438 -0.50562 0.0232522 2.56049

16.0107 0.56635 -0.454547 -0.545453 -0.213371 2.50888
16.0048 0.571289 -0.454547 -0.545453 -0.3376 2.47298

15.9961 0.578088 -0.435326 -0.564674 -0.533769 2.40768
16.0034 0.572442 -0.435326 -0.564674 -0.369497 2.47061

16.0034 0.572407 -0.446828 -0.553172 -0.368195 2.47041
16.0048 0.571289 -0.446828 -0.553172 -0.337493 2.4729

16.0181 0.5598 -0.471921 -0.528079 -0.048814 2.55042
16.0134 0.563965 -0.471921 -0.528079 -0.149413 2.52408

16.0107 0.56628 -0.466589 -0.533411 -0.210726 2.50843
16.0134 0.563965 -0.466589 -0.533411 -0.149247 2.52389

16.0181 0.559704 -0.485593 -0.514407 -0.0454158 2.54962
16.0213 0.556641 -0.485593 -0.514407 0.0237971 2.55999

16.04 0.536931 -0.532079 -0.467921 0.441019 2.56696
16.0356 0.541992 -0.532079 -0.467921 0.34583 2.575

16.0327 0.545074 -0.514627 -0.485373 0.291108 2.57689
16.0287 0.549316 -0.514627 -0.485373 0.193266 2.57561

16.0254 0.552643 -0.504068 -0.495932 0.111961 2.56859
16.0287 0.549316 -0.504068 -0.495932 0.19387 2.5751

16.0327 0.545061 -0.52127 -0.47873 0.2915 2.57678
16.0355 0.541992 -0.52127 -0.47873 0.346555 2.57453

16.0474 0.528257 -0.545829 -0.454171 0.597427 2.55943
16.042 0.534668 -0.545829 -0.454171 0.480244 2.56775

16.04 0.536933 -0.537096 -0.462904 0.440985 2.56697
16.042 0.534668 -0.537096 -0.462904 0.480703 2.56745

16.0474 0.528242 -0.552147 -0.447853 0.597824 2.55934
16.0481 0.527344 -0.552147 -0.447853 0.614039 2.5589

15.9448 0.60626 -0.258538 -0.741462 -1.53824 1.55186
15.9401 0.60791 -0.258538 -0.741462 -1.5953 1.44033

15.9375 0.608801 -0.258538 -0.741462 -1.62102 1.39999
15.9401 0.60791 -0.258538 -0.741462 -1.59517 1.43975

15.9448 0.606262 -0.283832 -0.716168 -1.5383 1.55184
15.9521 0.603359 -0.283832 -0.716168 -1.42422 1.74506

15.9595 0.600154 -0.307519 -0.692481 -1.26958 1.88173
15.9585 0.600586 -0.307519 -0.692481 -1.28777 1.86808

15.9595 0.600112 -0.330386 -0.669614 -1.26785 1.88187
15.9668 0.596498 -0.330386 -0.669614 -1.14522 2.0227

15.9521 0.603345 -0.307519 -0.692481 -1.42343 1.74502
15.9584 0.600586 -0.307519 -0.692481 -1.28784 1.86631

15.9741 0.592578 -0.352898 -0.647102 -0.986823 2.11961
15.9729 0.593262 -0.352898 -0.647102 -1.00908 2.10957

15.9668 0.59648 -0.352898 -0.647102 -1.14428 2.02262
15.9727 0.593262 -0.352898 -0.647102 -1.00864 2.1083

15.9741 0.592515 -0.375151 -0.624849 -0.984474 2.11967
15.9814 0.588118 -0.375151 -0.624849 -0.86365 2.20538

15.9814 0.58808 -0.396162 -0.603838 -0.861982 2.20518
15.9847 0.585938 -0.396162 -0.603838 -0.792612 2.25223

16.084 0.474664 -0.636417 -0.363583 1.33172 2.32539
16.0832 0.476074 -0.636417 -0.363583 1.3086 2.33219

16.0832 0.476074 -0.626449 -0.373551 1.30886 2.3322
16.0788 0.483398 -0.626449 -0.373551 1.21571 2.36894

16.0767 0.486823 -0.616718 -0.383282 1.19257 2.39199
16.0742 0.490723 -0.616718 -0.383282 1.15595 2.42801

16.0742 0.490723 -0.607271 -0.392729 1.15598 2.42802
16.0695 0.498047 -0.607271 -0.392729 1.04741 2.45764

16.0767 0.48679 -0.616718 -0.383282 1.19304 2.39175
16.0788 0.483398 -0.616718 -0.383282 1.21592 2.36893

16.062 0.508935 -0.583919 -0.416081 0.896183 2.49352
16.0593 0.512695 -0.583919 -0.416081 0.846027 2.51364

16.0693 0.49831 -0.5958 -0.4042 1.04169 2.45842
16.0645 0.505371 -0.5958 -0.4042 0.92908 2.48284

16.062 0.508906 -0.585188 -0.414812 0.896719 2.49332
16.0645 0.505371 -0.585188 -0.414812 0.92945 2.48268

16.0547 0.518895 -0.572544 -0.427456 0.764408 2.53832
16.0593 0.512695 -0.572544 -0.427456 0.846159 2.51368

16.0693 0.498298 -0.603896 -0.396104 1.04203 2.45836
16.0695 0.498047 -0.603896 -0.396104 1.04738 2.45765

16.084 0.474592 -0.636413 -0.363587 1.33332 2.32505
16.0873 0.46875 -0.636413 -0.363587 1.39223 2.29584

