28.4275 0.556641 0.492066 -0.507934 0.890334 -1.83163
28.4326 0.561571 0.492066 -0.507934 0.785608 -1.87388

28.4326 0.561542 0.484077 -0.515923 0.78604 -1.87417
28.4352 0.563965 0.484077 -0.515923 0.732503 -1.89929

28.4351 0.563965 0.475559 -0.524441 0.733045 -1.89769
28.4399 0.568341 0.475559 -0.524441 0.631938 -1.94389

28.4399 0.568328 0.466108 -0.533892 0.632145 -1.94405
28.4433 0.571289 0.466108 -0.533892 0.5557 -1.97187

28.4432 0.571289 0.459553 -0.540447 0.556669 -1.96967
28.4473 0.574732 0.459553 -0.540447 0.458608 -1.98211

28.4473 0.574717 0.450464 -0.549536 0.458863 -1.98229
28.452 0.578613 0.450464 -0.549536 0.342858 -1.98352

28.4519 0.578613 0.444535 -0.555465 0.344313 -1.98235
28.4546 0.58078 0.444535 -0.555465 0.276814 -1.9759

28.4546 0.580751 0.436045 -0.563955 0.27733 -1.97629
28.4613 0.585938 0.436045 -0.563955 0.125778 -1.96013

28.4612 0.585938 0.428246 -0.571754 0.12699 -1.95907
28.4619 0.586497 0.428246 -0.571754 0.112445 -1.95753

28.4619 0.586428 0.419628 -0.580372 0.113385 -1.95847
28.4692 0.591723 0.419628 -0.580372 -0.0402391 -1.95709

28.4692 0.591693 0.400945 -0.599055 -0.039687 -1.95753
28.4716 0.593262 0.400945 -0.599055 -0.0895007 -1.95679

28.4715 0.593262 0.402289 -0.597711 -0.0888691 -1.95614
28.4766 0.596661 0.402289 -0.597711 -0.208222 -1.93322

28.4766 0.596637 0.384192 -0.615808 -0.207757 -1.93352
28.4829 0.600586 0.384192 -0.615808 -0.357368 -1.8942

28.4827 0.600586 0.377625 -0.622375 -0.35588 -1.89355
28.4839 0.601285 0.377625 -0.622375 -0.381388 -1.88954

28.4839 0.601218 0.364814 -0.635186 -0.37999 -1.89038
28.4912 0.605425 0.364814 -0.635186 -0.55245 -1.84123

28.4912 0.605392 0.345399 -0.654601 -0.551654 -1.84177
28.496 0.60791 0.345399 -0.654601 -0.664767 -1.78363

28.4959 0.60791 0.345399 -0.654601 -0.663488 -1.78406
28.4985 0.609323 0.345399 -0.654601 -0.726373 -1.7574

28.4985 0.609288 0.324956 -0.675044 -0.725471 -1.75784
28.5059 0.612813 0.324956 -0.675044 -0.89832 -1.66048

28.5059 0.612799 0.30257 -0.69743 -0.897957 -1.66069
28.5115 0.615234 0.30257 -0.69743 -1.01557 -1.5801

28.5114 0.615234 0.30257 -0.69743 -1.01454 -1.58058
28.5132 0.616025 0.30257 -0.69743 -1.05187 -1.56533

28.5132 0.615991 0.278669 -0.721331 -1.05097 -1.56566
28.5205 0.61882 0.278669 -0.721331 -1.20627 -1.47036

28.5205 0.618817 0.253147 -0.746853 -1.20617 -1.47038
28.5278 0.6213 0.253147 -0.746853 -1.3568 -1.32149

28.5278 0.621287 0.226825 -0.773175 -1.35639 -1.32167
28.5322 0.622559 0.226825 -0.773175 -1.44319 -1.24499

28.5321 0.622559 0.226825 -0.773175 -1.44236 -1.24619
28.5352 0.623458 0.226825 -0.773175 -1.50938 -1.18898

28.5352 0.623447 0.198836 -0.801164 -1.50897 -1.18909
28.5425 0.625265 0.198836 -0.801164 -1.66361 -1.02647

28.5425 0.625265 0.168332 -0.831668 -1.66362 -1.02647
28.5498 0.626747 0.168332 -0.831668 -1.7915 -0.820612

28.5498 0.626748 0.135234 -0.864766 -1.79152 -0.820601
28.5571 0.627894 0.135234 -0.864766 -1.88039 -0.614782

28.5571 0.627894 0.099038 -0.900962 -1.88041 -0.614771
28.5645 0.6287 0.099038 -0.900962 -1.95796 -0.415314

28.5645 0.628699 0.0594966 -0.940503 -1.95796 -0.415315
28.5718 0.629163 0.0594966 -0.940503 -2.02413 -0.212224

28.5718 0.629162 0.0165224 -0.983478 -2.02412 -0.21223
28.5791 0.629285 0.0165224 -0.983478 -2.0722 0.00284914

28.5791 0.629285 -0.0285423 -0.971458 -2.07219 0.00284664
28.5864 0.62907 -0.0285423 -0.971458 -2.09407 0.232595

28.5864 0.62907 -0.0702685 -0.929732 -2.09408 0.232596
28.5938 0.628516 -0.0702685 -0.929732 -2.08791 0.472463

28.8281 0.315871 -0.807745 -0.192255 2.4151 1.39038
28.8266 0.322266 -0.807745 -0.192255 2.39691 1.42368

28.8266 0.322266 -0.802417 -0.197583 2.3969 1.42367
28.8248 0.32959 -0.802417 -0.197583 2.38394 1.46458

28.8248 0.32959 -0.796822 -0.203178 2.38393 1.46458
28.8229 0.336914 -0.796822 -0.203178 2.3654 1.50801

28.8208 0.344983 -0.78597 -0.21403 2.33201 1.5573
28.819 0.351562 -0.78597 -0.21403 2.30824 1.59698

28.8229 0.336914 -0.79139 -0.20861 2.3654 1.50801
28.821 0.344238 -0.79139 -0.20861 2.33549 1.55268

28.8208 0.344969 -0.78597 -0.21403 2.33211 1.55722
28.821 0.344238 -0.78597 -0.21403 2.33552 1.55268

28.8135 0.370666 -0.768632 -0.231368 2.23941 1.71394
28.8126 0.373535 -0.768632 -0.231368 2.22358 1.73091

28.8126 0.373535 -0.762901 -0.237099 2.22363 1.73092
28.8103 0.380859 -0.762901 -0.237099 2.18775 1.77591

28.819 0.351562 -0.780219 -0.219781 2.30823 1.59698
28.8169 0.358887 -0.780219 -0.219781 2.2879 1.64057

28.8169 0.358887 -0.774321 -0.225679 2.2879 1.64057
28.8148 0.366211 -0.774321 -0.225679 2.25907 1.68448

28.8135 0.370632 -0.768632 -0.231368 2.23971 1.71377
28.8148 0.366211 -0.768632 -0.231368 2.25912 1.68449

28.8062 0.393715 -0.750754 -0.249246 2.1336 1.84314
28.8056 0.395508 -0.750754 -0.249246 2.12495 1.85362

28.8103 0.380859 -0.75688 -0.24312 2.18774 1.7759
28.808 0.388184 -0.75688 -0.24312 2.15634 1.81273

28.8062 0.393684 -0.750754 -0.249246 2.13387 1.84297
28.808 0.388184 -0.750754 -0.249246 2.15636 1.81273

28.8056 0.395508 -0.744264 -0.255736 2.12501 1.85363
28.803 0.402832 -0.744264 -0.255736 2.09332 1.89816

28.803 0.402832 -0.737459 -0.262541 2.09332 1.89816
28.8004 0.410156 -0.737459 -0.262541 2.0569 1.94329

28.7988 0.414519 -0.730788 -0.269212 2.03427 1.97356
28.7977 0.41748 -0.730788 -0.269212 2.01502 1.99319

28.7977 0.41748 -0.724086 -0.275914 2.0151 1.99321
28.7949 0.424805 -0.724086 -0.275914 1.97051 2.04496

28.7915 0.433477 -0.710038 -0.289962 1.90904 2.09369
28.7891 0.439453 -0.710038 -0.289962 1.86728 2.1331

28.7949 0.424805 -0.717141 -0.282859 1.9705 2.04496
28.7921 0.432129 -0.717141 -0.282859 1.91897 2.08518

28.7915 0.433462 -0.710038 -0.289962 1.90922 2.0936
28.792 0.432129 -0.710038 -0.289962 1.91902 2.08518

28.7842 0.45086 -0.694918 -0.305082 1.78535 2.2007
28.7828 0.454102 -0.694918 -0.305082 1.75789 2.22027

28.7769 0.466879 -0.678875 -0.321125 1.65564 2.29842
28.776 0.46875 -0.678875 -0.321125 1.63569 2.30946

28.7828 0.454102 -0.687122 -0.312878 1.75796 2.22028
28.7794 0.461426 -0.687122 -0.312878 1.69746 2.26771

28.7769 0.466831 -0.678875 -0.321125 1.65643 2.29814
28.7794 0.461426 -0.678875 -0.321125 1.69751 2.2677

28.7891 0.439453 -0.702556 -0.297444 1.86726 2.1331
28.786 0.446777 -0.702556 -0.297444 1.81227 2.17579

28.7842 0.450826 -0.694918 -0.305082 1.78582 2.20051
28.786 0.446777 -0.694918 -0.305082 1.81236 2.17578

28.7988 0.414484 -0.730788 -0.269212 2.03466 1.97336
28.8004 0.410156 -0.730788 -0.269212 2.05697 1.9433

28.8621 0 -0.995408 -0.00459246 2.73647 0
28.862 0.0146484 -0.995408 -0.00459246 2.73757 0.0519309

28.862 0.0146484 -0.986517 -0.0134832 2.73758 0.051931
28.8618 0.0292969 -0.986517 -0.0134832 2.74325 0.106974

28.8618 0.0292969 -0.977602 -0.0223981 2.74323 0.106973
28.8615 0.0439453 -0.977602 -0.0223981 2.74418 0.164071

28.8615 0.0439453 -0.968843 -0.0311574 2.7442 0.164071
28.861 0.0585938 -0.968843 -0.0311574 2.73909 0.220242

28.861 0.0585938 -0.955191 -0.0448085 2.73876 0.220245
28.8597 0.0878906 -0.955191 -0.0448085 2.73007 0.339272

28.8596 0.0878906 -0.942045 -0.0579553 2.73046 0.339283
28.8587 0.102539 -0.942045 -0.0579553 2.72255 0.400887

28.8587 0.102539 -0.93511 -0.0648905 2.72256 0.400887
28.8577 0.117188 -0.93511 -0.0648905 2.71008 0.462847

28.8574 0.120807 -0.926739 -0.0732607 2.70679 0.47832
28.8566 0.131836 -0.926739 -0.0732607 2.70317 0.521469

28.8565 0.131836 -0.919497 -0.0805033 2.7033 0.521466
28.8559 0.13916 -0.919497 -0.0805033 2.70191 0.55009

28.8559 0.13916 -0.915707 -0.0842931 2.7019 0.55009
28.8552 0.146484 -0.915707 -0.0842931 2.69401 0.580946

28.8552 0.146484 -0.909355 -0.0906451 2.69392 0.580949
28.8538 0.161133 -0.909355 -0.0906451 2.6804 0.643883

28.8538 0.161133 -0.90091 -0.09909 2.6804 0.643883
28.8522 0.175781 -0.90091 -0.09909 2.65676 0.708065

28.8574 0.120791 -0.926739 -0.0732607 2.70681 0.478251
28.8577 0.117188 -0.926739 -0.0732607 2.70997 0.462846

28.8522 0.175781 -0.89465 -0.10535 2.65683 0.708056
28.8513 0.183105 -0.89465 -0.10535 2.6456 0.738134

28.8513 0.183105 -0.890363 -0.109637 2.6456 0.738134
28.8504 0.19043 -0.890363 -0.109637 2.64936 0.769985

28.8501 0.192677 -0.886082 -0.113918 2.65318 0.78125
28.8494 0.197754 -0.886082 -0.113918 2.6495 0.808304

28.8494 0.197754 -0.881702 -0.118298 2.64949 0.808304
28.8485 0.205078 -0.881702 -0.118298 2.63631 0.845971

28.8501 0.192671 -0.886082 -0.113918 2.65318 0.781223
28.8504 0.19043 -0.886082 -0.113918 2.64936 0.769985

28.8485 0.205078 -0.877353 -0.122647 2.63631 0.845972
28.8474 0.212402 -0.877353 -0.122647 2.62283 0.879202

28.8474 0.212402 -0.873166 -0.126834 2.62283 0.879202
28.8464 0.219727 -0.873166 -0.126834 2.61218 0.91093

28.8464 0.219727 -0.868603 -0.131397 2.61217 0.910933
28.8453 0.227051 -0.868603 -0.131397 2.59343 0.939926

28.8453 0.227051 -0.864077 -0.135923 2.59345 0.939925
28.8441 0.234375 -0.864077 -0.135923 2.58469 0.973667

28.8428 0.242583 -0.855289 -0.144711 2.57547 1.01455
28.8417 0.249023 -0.855289 -0.144711 2.56468 1.04117

28.8417 0.249023 -0.848303 -0.151697 2.56459 1.04117
28.8391 0.263672 -0.848303 -0.151697 2.54143 1.11602

28.8441 0.234375 -0.859849 -0.140151 2.58469 0.973667
28.8429 0.241699 -0.859849 -0.140151 2.57792 1.01025

28.8428 0.242566 -0.855289 -0.144711 2.57554 1.01447
28.8429 0.241699 -0.855289 -0.144711 2.57793 1.01025

28.8391 0.263672 -0.841416 -0.158584 2.54152 1.11602
28.8377 0.270996 -0.841416 -0.158584 2.52904 1.15601

28.8377 0.270996 -0.836868 -0.163132 2.52905 1.15601
28.8363 0.27832 -0.836868 -0.163132 2.50866 1.1967

28.8354 0.282337 -0.832335 -0.167665 2.4965 1.21983
28.8348 0.285645 -0.832335 -0.167665 2.48883 1.23627

28.8348 0.285645 -0.827408 -0.172592 2.48883 1.23627
28.8333 0.292969 -0.827408 -0.172592 2.47585 1.27349

28.8354 0.282319 -0.832335 -0.167665 2.49657 1.21974
28.8363 0.27832 -0.832335 -0.167665 2.50866 1.1967

28.8333 0.292969 -0.8223 -0.1777 2.47585 1.27349
28.8317 0.300293 -0.8223 -0.1777 2.46505 1.3106

28.8317 0.300293 -0.817327 -0.182673 2.46506 1.3106
28.83 0.307617 -0.817327 -0.182673 2.44502 1.34809

28.83 0.307617 -0.81259 -0.18741 2.44503 1.34809
28.8283 0.314941 -0.81259 -0.18741 2.41869 1.38558

28.8281 0.315858 -0.807745 -0.192255 2.41518 1.39032
28.8283 0.314941 -0.807745 -0.192255 2.4187 1.38558

28.6963 0.580553 -0.462098 -0.537902 -0.248179 2.68467
28.69 0.585938 -0.462098 -0.537902 -0.401999 2.64295

28.7109 0.566295 -0.506922 -0.493078 0.145178 2.74935
28.7061 0.571289 -0.506922 -0.493078 0.0182948 2.74239

28.7036 0.573743 -0.481771 -0.518229 -0.0511274 2.73238
28.6984 0.578613 -0.481771 -0.518229 -0.189086 2.69842

28.6963 0.58049 -0.475048 -0.524952 -0.245535 2.68421
28.6984 0.578613 -0.475048 -0.524952 -0.188965 2.69828

28.7036 0.573674 -0.495692 -0.504308 -0.0483013 2.73177
28.706 0.571289 -0.495692 -0.504308 0.0187979 2.74187

28.5938 0.628518 -0.109017 -0.890983 -2.08795 0.47246
28.6011 0.627622 -0.109017 -0.890983 -2.06104 0.715274

28.6011 0.627625 -0.14568 -0.85432 -2.06113 0.715257
28.6084 0.626376 -0.14568 -0.85432 -2.02446 0.959845

28.6084 0.62638 -0.180672 -0.819328 -2.02453 0.959816
28.6157 0.624765 -0.180672 -0.819328 -1.92699 1.17778

28.6157 0.624762 -0.213011 -0.786989 -1.92685 1.17777
28.623 0.62278 -0.213011 -0.786989 -1.84016 1.34103

28.645 0.614607 -0.299076 -0.700924 -1.46095 1.93957
28.6435 0.615234 -0.299076 -0.700924 -1.49142 1.91079

28.645 0.614572 -0.324614 -0.675386 -1.45939 1.93974
28.6523 0.611052 -0.324614 -0.675386 -1.32041 2.11306

28.6304 0.62043 -0.243247 -0.756753 -1.76341 1.54701
28.6237 0.622559 -0.243247 -0.756753 -1.83364 1.35404

28.623 0.622784 -0.243247 -0.756753 -1.84035 1.34104
28.6237 0.622559 -0.243247 -0.756753 -1.83364 1.35404

28.6304 0.620433 -0.27241 -0.72759 -1.7635 1.54698
28.6377 0.617691 -0.27241 -0.72759 -1.62696 1.77897

28.6377 0.617673 -0.299076 -0.700924 -1.62588 1.77892
28.6434 0.615234 -0.299076 -0.700924 -1.49164 1.90838

28.6597 0.60719 -0.349624 -0.650376 -1.13802 2.23349
28.6583 0.60791 -0.349624 -0.650376 -1.1661 2.21788

28.6523 0.611033 -0.349624 -0.650376 -1.31931 2.11297
28.6582 0.60791 -0.349624 -0.650376 -1.16577 2.216

28.6597 0.607128 -0.374333 -0.625667 -1.13539 2.2336
28.667 0.602746 -0.374333 -0.625667 -0.993505 2.33823

28.6743 0.597923 -0.397953 -0.602047 -0.819458 2.45857
28.6703 0.600586 -0.397953 -0.602047 -0.91397 2.39028

28.6816 0.592715 -0.422826 -0.577174 -0.622664 2.56414
28.6809 0.593262 -0.422826 -0.577174 -0.642058 2.55217

28.6743 0.597889 -0.41976 -0.58024 -0.818218 2.45871
28.6807 0.593262 -0.41976 -0.58024 -0.641075 2.54928

28.667 0.602705 -0.397263 -0.602737 -0.991433 2.33798
28.6702 0.600586 -0.397263 -0.602737 -0.913289 2.38869

28.6816 0.592611 -0.441055 -0.558945 -0.6182 2.56415
28.689 0.586832 -0.441055 -0.558945 -0.429897 2.63964

28.689 0.586809 -0.45343 -0.54657 -0.428935 2.63949
28.69 0.585938 -0.45343 -0.54657 -0.401943 2.64289

28.7695 0.481612 -0.660962 -0.339038 1.52279 2.39133
28.7686 0.483398 -0.660962 -0.339038 1.50284 2.40317

28.7622 0.495206 -0.642222 -0.357778 1.3868 2.48979
28.7606 0.498047 -0.642222 -0.357778 1.3411 2.50932

28.7686 0.483398 -0.651796 -0.348204 1.50306 2.40318
28.7647 0.490723 -0.651796 -0.348204 1.42641 2.45803

28.7622 0.495154 -0.642222 -0.357778 1.388 2.48948
28.7647 0.490723 -0.642222 -0.357778 1.42653 2.45801

28.7549 0.507762 -0.620899 -0.379101 1.19911 2.5571
28.7519 0.512695 -0.620899 -0.379101 1.14353 2.59977

28.7476 0.519533 -0.614959 -0.385041 1.05056 2.6445
28.7473 0.52002 -0.614959 -0.385041 1.04003 2.6475

28.7472 0.52002 -0.59836 -0.40164 1.04043 2.64749
28.7423 0.527344 -0.59836 -0.40164 0.89971 2.67539

28.7476 0.519453 -0.610651 -0.389349 1.05288 2.64398
28.7519 0.512695 -0.610651 -0.389349 1.14356 2.59978

28.7606 0.498047 -0.63156 -0.36844 1.3412 2.50933
28.7563 0.505371 -0.63156 -0.36844 1.22863 2.54555

28.7549 0.507737 -0.621166 -0.378834 1.1996 2.55692
28.7563 0.505371 -0.621166 -0.378834 1.22884 2.54548

28.7256 0.549679 -0.543008 -0.456992 0.517628 2.74751
28.7197 0.556641 -0.543008 -0.456992 0.363851 2.75209

28.7329 0.54035 -0.572976 -0.427024 0.705206 2.72095
28.7317 0.541992 -0.572976 -0.427024 0.676365 2.73005

28.7402 0.530271 -0.585298 -0.414702 0.857111 2.67731
28.7371 0.534668 -0.585298 -0.414702 0.785278 2.69877

28.7329 0.540288 -0.572565 -0.427435 0.706857 2.72056
28.7371 0.534668 -0.572565 -0.427435 0.785385 2.69878

28.7317 0.541992 -0.558585 -0.441415 0.676662 2.73002
28.7259 0.549316 -0.558585 -0.441415 0.525851 2.74719

28.7256 0.549641 -0.550403 -0.449597 0.518825 2.74726
28.7259 0.549316 -0.550403 -0.449597 0.526118 2.74702

28.7183 0.558286 -0.52639 -0.47361 0.330109 2.74975
28.7132 0.563965 -0.52639 -0.47361 0.199099 2.74996

28.7109 0.566266 -0.515277 -0.484723 0.146226 2.74909
28.7131 0.563965 -0.515277 -0.484723 0.199794 2.74946

28.7183 0.558275 -0.533066 -0.466934 0.330461 2.74966
28.7197 0.556641 -0.533066 -0.466934 0.364301 2.75175

28.7402 0.530254 -0.588524 -0.411476 0.857511 2.67719
28.7423 0.527344 -0.588524 -0.411476 0.90015 2.67506

28.776 0.46875 -0.670049 -0.329951 1.63584 2.30946
28.7724 0.476074 -0.670049 -0.329951 1.56669 2.35828

28.7695 0.481558 -0.660962 -0.339038 1.52374 2.39099
28.7723 0.476074 -0.660962 -0.339038 1.56678 2.35826

