12.8738 0.46875 0.582961 -0.417039 1.66413 -1.32939
12.876 0.471764 0.582961 -0.417039 1.64361 -1.36357

12.876 0.471657 0.578863 -0.421137 1.64444 -1.36367
12.8792 0.476074 0.578863 -0.421137 1.60881 -1.41379

12.8792 0.476074 0.570464 -0.429536 1.60868 -1.41319
12.8833 0.481586 0.570464 -0.429536 1.53789 -1.46774

12.8833 0.481531 0.572209 -0.427791 1.53892 -1.46793
12.8847 0.483398 0.572209 -0.427791 1.50084 -1.48232

12.8847 0.483398 0.56094 -0.43906 1.5009 -1.48185
12.8904 0.490723 0.56094 -0.43906 1.37733 -1.51428

12.8903 0.490723 0.556349 -0.443651 1.37755 -1.51327
12.8906 0.491114 0.556349 -0.443651 1.37198 -1.51489

12.8906 0.490984 0.551775 -0.448225 1.37356 -1.51559
12.8964 0.498047 0.551775 -0.448225 1.31296 -1.57323

12.8963 0.498047 0.547393 -0.452607 1.31302 -1.57203
12.8979 0.500036 0.547393 -0.452607 1.30561 -1.59861

12.8979 0.499928 0.542585 -0.457415 1.3059 -1.59901
12.9025 0.505371 0.542585 -0.457415 1.24413 -1.65369

12.9025 0.505371 0.536232 -0.463768 1.24427 -1.65317
12.9053 0.508575 0.536232 -0.463768 1.19423 -1.67148

12.9053 0.508461 0.532903 -0.467097 1.19561 -1.67229
12.909 0.512695 0.532903 -0.467097 1.12133 -1.69311

12.909 0.512695 0.524157 -0.475843 1.12134 -1.69309
12.9126 0.516676 0.524157 -0.475843 1.04781 -1.6945

12.9126 0.516601 0.518855 -0.481145 1.04849 -1.69513
12.9158 0.52002 0.518855 -0.481145 1.00404 -1.70239

12.9158 0.52002 0.512436 -0.487564 1.0041 -1.70223
12.9199 0.524401 0.512436 -0.487564 0.940492 -1.71161

12.9199 0.52436 0.506049 -0.493951 0.940916 -1.71191
12.9228 0.527344 0.506049 -0.493951 0.898755 -1.7207

12.9228 0.527344 0.498956 -0.501044 0.898912 -1.72026
12.9272 0.531779 0.498956 -0.501044 0.83923 -1.7671

12.9272 0.531737 0.49129 -0.50871 0.839912 -1.76744
12.9303 0.534668 0.49129 -0.50871 0.780683 -1.79666

12.9302 0.534668 0.483908 -0.516092 0.78098 -1.79541
12.9346 0.538758 0.483908 -0.516092 0.690299 -1.82412

12.9346 0.538735 0.475162 -0.524838 0.690606 -1.82435
12.9382 0.541992 0.475162 -0.524838 0.623119 -1.84624

12.9381 0.541992 0.469194 -0.530806 0.623726 -1.84485
12.9419 0.545367 0.469194 -0.530806 0.548415 -1.85464

12.9419 0.54536 0.459587 -0.540413 0.548524 -1.85471
12.9465 0.549316 0.459587 -0.540413 0.457311 -1.85687

12.9464 0.549316 0.455686 -0.544314 0.458275 -1.85585
12.9492 0.551658 0.455686 -0.544314 0.401696 -1.85364

12.9492 0.551634 0.447696 -0.552304 0.402063 -1.8539
12.9554 0.556641 0.447696 -0.552304 0.285634 -1.84441

12.9553 0.556641 0.441031 -0.558969 0.286437 -1.84367
12.9565 0.557635 0.441031 -0.558969 0.265534 -1.84101

12.9565 0.557586 0.432893 -0.567107 0.266123 -1.84155
12.9639 0.563176 0.432893 -0.567107 0.140316 -1.85099

12.9639 0.563158 0.417136 -0.582864 0.140591 -1.85119
12.965 0.563965 0.417136 -0.582864 0.120599 -1.8555

12.965 0.563965 0.417144 -0.582856 0.120791 -1.85518
12.9712 0.56842 0.417144 -0.582856 -0.0065957 -1.84057

12.9712 0.568382 0.401246 -0.598754 -0.00590861 -1.84111
12.9755 0.571289 0.401246 -0.598754 -0.0936947 -1.80694

12.9754 0.571289 0.399723 -0.600277 -0.0928881 -1.80701
12.9785 0.573353 0.399723 -0.600277 -0.151441 -1.78432

12.9785 0.573318 0.385237 -0.614763 -0.15082 -1.78467
12.9858 0.577908 0.385237 -0.614763 -0.283353 -1.75887

12.9858 0.577893 0.368138 -0.631862 -0.283076 -1.75902
12.9871 0.578613 0.368138 -0.631862 -0.305198 -1.75902

12.987 0.578613 0.368359 -0.631641 -0.304989 -1.75883
12.9932 0.582183 0.368359 -0.631641 -0.437054 -1.70657

12.9932 0.582174 0.350753 -0.649247 -0.436838 -1.70666
13.0001 0.585938 0.350753 -0.649247 -0.5596 -1.63583

13 0.585938 0.349001 -0.650999 -0.558966 -1.63564
13.0005 0.58619 0.349001 -0.650999 -0.566197 -1.63441

13.0005 0.586135 0.332272 -0.667728 -0.565206 -1.63485
13.0078 0.58978 0.332272 -0.667728 -0.689558 -1.57776

13.0078 0.589775 0.313147 -0.686853 -0.68945 -1.57783
13.0151 0.593114 0.313147 -0.686853 -0.816327 -1.50421

13.0151 0.59311 0.293081 -0.706919 -0.816214 -1.50425
13.0155 0.593262 0.293081 -0.706919 -0.822234 -1.50339

13.0155 0.593262 0.293081 -0.706919 -0.822093 -1.50337
13.0225 0.596155 0.293081 -0.706919 -0.952131 -1.42729

13.0225 0.596152 0.27163 -0.72837 -0.952052 -1.42731
13.0298 0.598884 0.27163 -0.72837 -1.0819 -1.28914

13.0298 0.59887 0.249801 -0.750199 -1.08157 -1.28926
13.0349 0.600586 0.249801 -0.750199 -1.15893 -1.21749

13.0348 0.600586 0.249801 -0.750199 -1.15833 -1.21822
13.0371 0.60134 0.249801 -0.750199 -1.19417 -1.1955

13.0371 0.601322 0.226722 -0.773278 -1.19368 -1.19561
13.0444 0.603469 0.226722 -0.773278 -1.31141 -1.09313

13.0444 0.60347 0.20147 -0.79853 -1.31144 -1.09313
13.0518 0.605318 0.20147 -0.79853 -1.41886 -0.937765

13.0518 0.605317 0.174536 -0.825464 -1.41883 -0.937775
13.0591 0.606866 0.174536 -0.825464 -1.50902 -0.781672

13.0591 0.606862 0.146646 -0.853354 -1.50889 -0.781708
13.0652 0.60791 0.146646 -0.853354 -1.5824 -0.667307

13.0652 0.60791 0.146646 -0.853354 -1.58232 -0.667495
13.0664 0.608122 0.146646 -0.853354 -1.59872 -0.647352

13.0664 0.608121 0.117405 -0.882595 -1.59869 -0.647358
13.0737 0.609096 0.117405 -0.882595 -1.68495 -0.502919

13.0737 0.609096 0.0858846 -0.914115 -1.68495 -0.502919
13.0811 0.609784 0.0858846 -0.914115 -1.7539 -0.325251

13.0811 0.609785 0.0517914 -0.948209 -1.75395 -0.325247
13.0884 0.610185 0.0517914 -0.948209 -1.80002 -0.142722

13.0884 0.610186 0.0144594 -0.985541 -1.80007 -0.142718
13.0957 0.610294 0.0144594 -0.985541 -1.82373 0.0378538

13.0957 0.610295 -0.0252332 -0.974767 -1.82378 0.0378568
13.103 0.610105 -0.0252332 -0.974767 -1.83043 0.215829

13.103 0.610106 -0.0626885 -0.937311 -1.83046 0.215831
13.1104 0.609616 -0.0626885 -0.937311 -1.82483 0.393613

13.1104 0.609616 -0.0974546 -0.902545 -1.82482 0.393612
13.1177 0.608825 -0.0974546 -0.902545 -1.8082 0.569928

13.125 0.607726 -0.129321 -0.870679 1e+30 1e+30
13.1238 0.60791 -0.129321 -0.870679 -1.78409 0.712378

13.1177 0.608825 -0.129321 -0.870679 -1.8082 0.569928
13.1238 0.60791 -0.129321 -0.870679 -1.78398 0.713967

