22.6025 0.493525 0.581612 -0.418388 1.74742 -1.37962
22.6058 0.498047 0.581612 -0.418388 1.71335 -1.43573

22.6057 0.498047 0.573393 -0.426607 1.71321 -1.43498
22.6099 0.503577 0.573393 -0.426607 1.6409 -1.50173

22.6099 0.503518 0.575491 -0.424509 1.64213 -1.50199
22.6112 0.505371 0.575491 -0.424509 1.59996 -1.51863

22.6112 0.505371 0.563816 -0.436184 1.60005 -1.51805
22.6169 0.512695 0.563816 -0.436184 1.47091 -1.56097

22.6168 0.512695 0.559502 -0.440498 1.47116 -1.55972
22.6172 0.513209 0.559502 -0.440498 1.46436 -1.56289

22.6172 0.513071 0.555066 -0.444934 1.46586 -1.56369
22.6228 0.52002 0.555066 -0.444934 1.39989 -1.62989

22.6227 0.52002 0.551296 -0.448704 1.40008 -1.62835
22.6245 0.522255 0.551296 -0.448704 1.38508 -1.65953

22.6245 0.522129 0.54658 -0.45342 1.38562 -1.66019
22.6288 0.527344 0.54658 -0.45342 1.31652 -1.71395

22.6288 0.527344 0.540588 -0.459412 1.31672 -1.71341
22.6318 0.530909 0.540588 -0.459412 1.25497 -1.7324

22.6318 0.530799 0.536587 -0.463413 1.25628 -1.73342
22.6352 0.534668 0.536587 -0.463413 1.1899 -1.75378

22.6352 0.534668 0.528303 -0.471697 1.18984 -1.75393
22.6392 0.539119 0.528303 -0.471697 1.11343 -1.77026

22.6392 0.539041 0.522002 -0.477998 1.11414 -1.77098
22.6419 0.541992 0.522002 -0.477998 1.0729 -1.78572

22.6419 0.541992 0.515953 -0.484047 1.07296 -1.78554
22.6465 0.546931 0.515953 -0.484047 0.994644 -1.81619

22.6465 0.546876 0.50892 -0.49108 0.995344 -1.81669
22.6488 0.549316 0.50892 -0.49108 0.951463 -1.83286

22.6488 0.549316 0.501771 -0.498229 0.951694 -1.83217
22.6538 0.554363 0.501771 -0.498229 0.855797 -1.87301

22.6538 0.554323 0.494022 -0.505978 0.856461 -1.87341
22.6562 0.556641 0.494022 -0.505978 0.801743 -1.89163

22.6561 0.556641 0.485694 -0.514306 0.80216 -1.89054
22.6611 0.561375 0.485694 -0.514306 0.689896 -1.92724

22.6611 0.561354 0.47759 -0.52241 0.690189 -1.92748
22.664 0.563965 0.47759 -0.52241 0.631191 -1.94747

22.6639 0.563965 0.469725 -0.530275 0.631902 -1.94588
22.6685 0.568003 0.469725 -0.530275 0.533034 -1.96983

22.6685 0.568003 0.459435 -0.540565 0.533038 -1.96983
22.6723 0.571289 0.459435 -0.540565 0.444168 -1.9811

22.6722 0.571289 0.454548 -0.545452 0.445475 -1.9798
22.6758 0.574278 0.454548 -0.545452 0.358137 -1.97713

22.6758 0.574265 0.4457 -0.5543 0.358363 -1.9773
22.6812 0.578613 0.4457 -0.5543 0.237828 -1.97111

22.6811 0.578613 0.4386 -0.5614 0.239013 -1.97
22.6831 0.580207 0.4386 -0.5614 0.197263 -1.96785

22.6831 0.580172 0.429728 -0.570272 0.197752 -1.9683
22.6904 0.585691 0.429728 -0.570272 0.0433394 -1.97177

22.6904 0.585682 0.414585 -0.585415 0.0434918 -1.97189
22.6908 0.585938 0.414585 -0.585415 0.0360378 -1.97266

22.6904 0.585938 0.421147 -0.578853 0.0394636 -1.96837
22.6904 0.585951 0.421147 -0.578853 0.0390734 -1.96841

22.6908 0.585938 0.412644 -0.587356 0.0361888 -1.97248
22.6978 0.590841 0.412644 -0.587356 -0.125887 -1.9569

22.6978 0.590796 0.39527 -0.60473 -0.124977 -1.95764
22.7015 0.593262 0.39527 -0.60473 -0.213285 -1.92659

22.7014 0.593262 0.395113 -0.604887 -0.212252 -1.92667
22.7051 0.59565 0.395113 -0.604887 -0.294469 -1.89286

22.7051 0.595622 0.377511 -0.622489 -0.293919 -1.89323
22.7124 0.600064 0.377511 -0.622489 -0.452754 -1.86203

22.7124 0.600054 0.357726 -0.642274 -0.452546 -1.86214
22.7134 0.600586 0.357726 -0.642274 -0.472873 -1.86236

22.7133 0.600586 0.357727 -0.642273 -0.47265 -1.86218
22.7197 0.604148 0.357727 -0.642273 -0.629561 -1.80091

22.7197 0.604138 0.337218 -0.662782 -0.629293 -1.80102
22.7271 0.607865 0.337218 -0.662782 -0.787974 -1.71898

22.727 0.60791 0.336178 -0.663822 -0.78877 -1.71846
22.7271 0.607929 0.336178 -0.663822 -0.789523 -1.71836

22.7271 0.607857 0.316056 -0.683944 -0.78778 -1.71906
22.7272 0.60791 0.316056 -0.683944 -0.790055 -1.71881

22.7271 0.60791 0.316056 -0.683944 -0.789857 -1.71876
22.7344 0.611252 0.316056 -0.683944 -0.950828 -1.63896

22.7344 0.611249 0.293521 -0.706479 -0.95074 -1.63899
22.7417 0.614292 0.293521 -0.706479 -1.10771 -1.50781

22.7417 0.614274 0.270465 -0.729535 -1.10719 -1.508
22.7443 0.615234 0.270465 -0.729535 -1.15707 -1.47955

22.7442 0.615234 0.270465 -0.729535 -1.15659 -1.47994
22.749 0.617011 0.270465 -0.729535 -1.26015 -1.40682

22.749 0.61701 0.245473 -0.754527 -1.26013 -1.40683
22.7563 0.619393 0.245473 -0.754527 -1.41411 -1.25469

22.7563 0.619391 0.217869 -0.782131 -1.41406 -1.25472
22.7637 0.621431 0.217869 -0.782131 -1.53873 -1.08919

22.7637 0.621423 0.189186 -0.810814 -1.53844 -1.08929
22.7685 0.622559 0.189186 -0.810814 -1.6209 -0.998501

22.7685 0.622559 0.189186 -0.810814 -1.62032 -0.999428
22.771 0.623146 0.189186 -0.810814 -1.66722 -0.955958

22.771 0.623138 0.158783 -0.841217 -1.66692 -0.956025
22.7783 0.62452 0.158783 -0.841217 -1.79932 -0.798653

22.7783 0.624519 0.125874 -0.874126 -1.79927 -0.798659
22.7856 0.625574 0.125874 -0.874126 -1.91912 -0.591671

22.7856 0.625574 0.0904723 -0.909528 -1.91913 -0.59167
22.793 0.626303 0.0904723 -0.909528 -2.00591 -0.367326

22.793 0.626304 0.0518217 -0.948178 -2.00593 -0.367318
22.8003 0.626704 0.0518217 -0.948178 -2.04428 -0.142928

22.8003 0.626706 0.00902203 -0.990978 -2.0443 -0.142919
22.8076 0.626772 0.00902203 -0.990978 -2.06788 0.0704315

22.8076 0.626774 -0.0360102 -0.96399 -2.0679 0.0704357
22.8149 0.6265 -0.0360102 -0.96399 -2.08227 0.282814

22.8149 0.626501 -0.0778301 -0.92217 -2.08228 0.282814
22.8223 0.625883 -0.0778301 -0.92217 -2.07525 0.507922

22.8223 0.625883 -0.11623 -0.88377 -2.07523 0.50792
22.8296 0.624919 -0.11623 -0.88377 -2.03033 0.743344

22.8296 0.624918 -0.151261 -0.848739 -2.03027 0.743339
22.8369 0.623613 -0.151261 -0.848739 -1.96899 0.961767

22.8442 0.621967 -0.183218 -0.816782 -1.89821 1.16296
22.8416 0.622559 -0.183218 -0.816782 -1.92858 1.09448

22.8369 0.623613 -0.183218 -0.816782 -1.96898 0.961767
22.8416 0.622559 -0.183218 -0.816782 -1.92854 1.09473

22.8442 0.621976 -0.213817 -0.786183 -1.89849 1.16291
22.8516 0.619984 -0.213817 -0.786183 -1.81632 1.38508

22.9175 0.584368 -0.439605 -0.560395 -0.445944 2.5803
22.9155 0.585938 -0.439605 -0.560395 -0.493616 2.55627

22.9248 0.578189 -0.466241 -0.533759 -0.261081 2.63965
22.9243 0.578613 -0.466241 -0.533759 -0.273325 2.63675

22.9175 0.584278 -0.458519 -0.541481 -0.442563 2.58036
22.9242 0.578613 -0.458519 -0.541481 -0.272119 2.63535

22.9395 0.564149 -0.497193 -0.502807 0.114697 2.7027
22.9322 0.571289 -0.497193 -0.502807 -0.070794 2.68157

22.9248 0.578092 -0.478052 -0.521948 -0.257376 2.63927
22.9321 0.571384 -0.478052 -0.521948 -0.0733975 2.68096

22.9321 0.571362 -0.48775 -0.51225 -0.0725719 2.68087
22.9322 0.571289 -0.48775 -0.51225 -0.0705506 2.6813

22.9468 0.556398 -0.525457 -0.474543 0.295274 2.70471
22.9466 0.556641 -0.525457 -0.474543 0.289904 2.70459

22.9541 0.547934 -0.544663 -0.455337 0.487303 2.70059
22.9529 0.549316 -0.544663 -0.455337 0.45633 2.70368

22.9468 0.556313 -0.532415 -0.467585 0.297984 2.70421
22.9529 0.549316 -0.532415 -0.467585 0.456582 2.7036

22.9614 0.538807 -0.565089 -0.434911 0.654584 2.67255
22.959 0.541992 -0.565089 -0.434911 0.597589 2.68671

22.9688 0.5291 -0.575489 -0.424511 0.810375 2.64569
22.9646 0.534668 -0.575489 -0.424511 0.709853 2.66448

22.9614 0.538796 -0.564534 -0.435466 0.654874 2.67249
22.9646 0.534668 -0.564534 -0.435466 0.710355 2.66421

22.9541 0.547858 -0.548088 -0.451912 0.48968 2.7002
22.9589 0.541992 -0.548088 -0.451912 0.597947 2.6867

22.9465 0.556641 -0.515391 -0.484609 0.290445 2.70423
22.9396 0.563965 -0.515391 -0.484609 0.119426 2.70254

22.9395 0.564104 -0.50658 -0.49342 0.116249 2.70242
22.9396 0.563965 -0.50658 -0.49342 0.119746 2.70235

22.8662 0.614925 -0.272197 -0.727803 -1.57847 1.71517
22.8654 0.615234 -0.272197 -0.727803 -1.58979 1.7031

22.8662 0.614894 -0.299492 -0.700508 -1.57727 1.71525
22.8735 0.611762 -0.299492 -0.700508 -1.47503 1.90946

22.8735 0.611754 -0.32499 -0.67501 -1.4748 1.90956
22.8809 0.608228 -0.32499 -0.67501 -1.29951 2.04861

22.8516 0.619988 -0.24393 -0.75607 -1.81645 1.38503
22.8589 0.617625 -0.24393 -0.75607 -1.70116 1.58502

22.8589 0.617617 -0.272197 -0.727803 -1.70078 1.585
22.8653 0.615234 -0.272197 -0.727803 -1.58971 1.70139

22.8955 0.600074 -0.371225 -0.628775 -0.948172 2.34641
22.8946 0.600586 -0.371225 -0.628775 -0.968557 2.3394

22.8882 0.604315 -0.348776 -0.651224 -1.16901 2.21251
22.8815 0.60791 -0.348776 -0.651224 -1.28788 2.05417

22.8809 0.608227 -0.347897 -0.652103 -1.29948 2.04861
22.8815 0.60791 -0.347897 -0.652103 -1.2878 2.05399

22.8882 0.604297 -0.371571 -0.628429 -1.16843 2.2127
22.8945 0.600586 -0.371571 -0.628429 -0.968021 2.3381

22.8955 0.6 -0.394517 -0.605483 -0.944872 2.34652
22.9028 0.595228 -0.394517 -0.605483 -0.799744 2.41181

22.9102 0.59 -0.416874 -0.583126 -0.639345 2.50091
22.9056 0.593262 -0.416874 -0.583126 -0.738305 2.43641

22.9028 0.595171 -0.411854 -0.588146 -0.797225 2.41142
22.9056 0.593262 -0.411854 -0.588146 -0.737982 2.43592

22.9102 0.589959 -0.437659 -0.562341 -0.638002 2.50109
22.9153 0.585938 -0.437659 -0.562341 -0.492726 2.55448

23.0859 0.168431 -0.895543 -0.104457 2.65642 0.674246
23.0851 0.175781 -0.895543 -0.104457 2.64947 0.705686

23.0851 0.175781 -0.886808 -0.113192 2.64947 0.705686
23.0832 0.19043 -0.886808 -0.113192 2.63453 0.770868

23.0832 0.19043 -0.877866 -0.122134 2.63451 0.770867
23.0812 0.205078 -0.877866 -0.122134 2.61209 0.838278

23.0812 0.205078 -0.871265 -0.128735 2.6122 0.838269
23.0801 0.212402 -0.871265 -0.128735 2.60069 0.870625

23.0801 0.212402 -0.867568 -0.132432 2.60069 0.870625
23.079 0.219727 -0.867568 -0.132432 2.59019 0.902429

23.0786 0.221943 -0.863147 -0.136853 2.5866 0.912555
23.0778 0.227051 -0.863147 -0.136853 2.58011 0.935785

23.0778 0.227051 -0.85821 -0.14179 2.58013 0.935784
23.0766 0.234375 -0.85821 -0.14179 2.56533 0.970598

23.0786 0.221934 -0.863147 -0.136853 2.58663 0.912512
23.079 0.219727 -0.863147 -0.136853 2.59017 0.902432

23.0955 0 -0.995196 -0.00480356 2.73146 0
23.0954 0.0146484 -0.995196 -0.00480356 2.72908 0.0544239

23.0954 0.0146484 -0.985973 -0.0140274 2.72909 0.0544236
23.0952 0.0292969 -0.985973 -0.0140274 2.72422 0.109342

23.0952 0.0292969 -0.976878 -0.0231223 2.7242 0.109342
23.0948 0.0439453 -0.976878 -0.0231223 2.71911 0.164452

23.0948 0.0439453 -0.967849 -0.0321512 2.71912 0.164452
23.0944 0.0585938 -0.967849 -0.0321512 2.71403 0.219299

23.0944 0.0585938 -0.954174 -0.0458264 2.71373 0.219312
23.093 0.0878906 -0.954174 -0.0458264 2.70524 0.332736

23.093 0.0878906 -0.940684 -0.059316 2.70548 0.332719
23.092 0.102539 -0.940684 -0.059316 2.701 0.391543

23.092 0.102539 -0.931528 -0.0684716 2.70102 0.391542
23.091 0.117188 -0.931528 -0.0684716 2.69349 0.452932

23.091 0.117188 -0.922482 -0.0775176 2.69347 0.452932
23.0897 0.131836 -0.922482 -0.0775176 2.68178 0.516822

23.0897 0.131836 -0.913279 -0.0867209 2.68178 0.516822
23.0883 0.146484 -0.913279 -0.0867209 2.67116 0.581111

23.0883 0.146484 -0.904271 -0.0957288 2.67117 0.581111
23.0868 0.161133 -0.904271 -0.0957288 2.66101 0.64369

23.0859 0.168403 -0.895543 -0.104457 2.65646 0.674131
23.0868 0.161133 -0.895543 -0.104457 2.66103 0.64369

23.0766 0.234375 -0.853513 -0.146487 2.56533 0.970598
23.0753 0.241699 -0.853513 -0.146487 2.54938 1.0036

23.0753 0.241699 -0.848929 -0.151071 2.54938 1.0036
23.074 0.249023 -0.848929 -0.151071 2.54209 1.03856

23.074 0.249023 -0.841898 -0.158102 2.54197 1.03856
23.0713 0.263672 -0.841898 -0.158102 2.51839 1.11201

23.0713 0.263717 -0.832205 -0.167795 2.51824 1.11224
23.0683 0.27832 -0.832205 -0.167795 2.48888 1.19126

23.0683 0.27832 -0.824723 -0.175277 2.489 1.19128
23.0668 0.285645 -0.824723 -0.175277 2.47555 1.23316

23.0668 0.285645 -0.819755 -0.180245 2.47555 1.23316
23.0652 0.292969 -0.819755 -0.180245 2.45442 1.27386

23.0566 0.328187 -0.794291 -0.205709 2.34421 1.46847
23.0563 0.32959 -0.794291 -0.205709 2.33684 1.47599

23.0563 0.32959 -0.789253 -0.210747 2.33691 1.47601
23.0543 0.336914 -0.789253 -0.210747 2.30616 1.51601

23.0543 0.336914 -0.783814 -0.216186 2.30615 1.516
23.0523 0.344238 -0.783814 -0.216186 2.28547 1.55478

23.0523 0.344238 -0.778032 -0.221968 2.28546 1.55478
23.0502 0.351562 -0.778032 -0.221968 2.26171 1.59249

23.064 0.298272 -0.814937 -0.185063 2.437 1.30372
23.0635 0.300293 -0.814937 -0.185063 2.43007 1.31412

23.0635 0.300293 -0.809934 -0.190066 2.4301 1.31413
23.0618 0.307617 -0.809934 -0.190066 2.41107 1.35274

23.064 0.298245 -0.814937 -0.185063 2.43715 1.3036
23.0652 0.292969 -0.814937 -0.185063 2.45443 1.27386

23.0618 0.307617 -0.804616 -0.195384 2.41106 1.35274
23.06 0.314941 -0.804616 -0.195384 2.39589 1.39265

23.06 0.314941 -0.799319 -0.200681 2.39589 1.39265
23.0582 0.322266 -0.799319 -0.200681 2.36988 1.4342

23.0566 0.328149 -0.794291 -0.205709 2.3445 1.46829
23.0582 0.322266 -0.794291 -0.205709 2.3699 1.43421

23.0273 0.418883 -0.714653 -0.285347 1.9492 1.98762
23.025 0.424805 -0.714653 -0.285347 1.91699 2.0277

23.02 0.436671 -0.70033 -0.29967 1.84095 2.10389
23.0188 0.439453 -0.70033 -0.29967 1.816 2.12041

23.025 0.424805 -0.707524 -0.292476 1.91697 2.0277
23.022 0.432129 -0.707524 -0.292476 1.87027 2.07476

23.02 0.43663 -0.70033 -0.29967 1.84151 2.10369
23.0219 0.432129 -0.70033 -0.29967 1.87035 2.07476

23.0127 0.453096 -0.685239 -0.314761 1.70723 2.1981
23.0122 0.454102 -0.685239 -0.314761 1.69764 2.20373

23.0054 0.468275 -0.669257 -0.330743 1.58009 2.29171
23.0051 0.46875 -0.669257 -0.330743 1.57469 2.29446

23.0122 0.454102 -0.677364 -0.322636 1.69785 2.20374
23.0087 0.461426 -0.677364 -0.322636 1.63812 2.25406

23.0054 0.468211 -0.669257 -0.330743 1.58118 2.29134
23.0087 0.461426 -0.669257 -0.330743 1.63814 2.25406

23.0188 0.439453 -0.692936 -0.307064 1.81608 2.12043
23.0156 0.446777 -0.692936 -0.307064 1.75565 2.16578

23.0127 0.453041 -0.685239 -0.314761 1.70804 2.1978
23.0156 0.446777 -0.685239 -0.314761 1.75568 2.16577

23.042 0.378173 -0.753983 -0.246017 2.16341 1.75167
23.0411 0.380859 -0.753983 -0.246017 2.14812 1.76745

23.0493 0.354592 -0.772173 -0.227827 2.25191 1.61051
23.048 0.358887 -0.772173 -0.227827 2.23696 1.63449

23.048 0.358887 -0.766119 -0.233881 2.23697 1.63449
23.0458 0.366211 -0.766119 -0.233881 2.21413 1.67807

23.0493 0.354572 -0.772173 -0.227827 2.25203 1.6104
23.0502 0.351562 -0.772173 -0.227827 2.26174 1.5925

23.0458 0.366211 -0.759957 -0.240043 2.21413 1.67807
23.0435 0.373535 -0.759957 -0.240043 2.185 1.72199

23.042 0.378138 -0.753983 -0.246017 2.16373 1.7515
23.0435 0.373535 -0.753983 -0.246017 2.18505 1.722

23.0411 0.380859 -0.747903 -0.252097 2.14818 1.76747
23.0386 0.388184 -0.747903 -0.252097 2.11216 1.81267

23.0386 0.388184 -0.741577 -0.258423 2.11216 1.81266
23.0361 0.395508 -0.741577 -0.258423 2.07672 1.85048

23.0347 0.399471 -0.735248 -0.264752 2.05825 1.87389
23.0335 0.402832 -0.735248 -0.264752 2.03857 1.89256

23.0335 0.402832 -0.728628 -0.271372 2.0386 1.89256
23.0307 0.410156 -0.728628 -0.271372 2.00007 1.93732

23.0347 0.399444 -0.735248 -0.264752 2.05852 1.87375
23.0361 0.395508 -0.735248 -0.264752 2.07677 1.85048

23.0307 0.410156 -0.721631 -0.278369 2.00006 1.93732
23.0279 0.41748 -0.721631 -0.278369 1.9576 1.9786

23.0273 0.418871 -0.714653 -0.285347 1.94932 1.98755
23.0279 0.41748 -0.714653 -0.285347 1.95764 1.9786

22.998 0.482307 -0.651542 -0.348458 1.44106 2.37194
22.9975 0.483398 -0.651542 -0.348458 1.42679 2.37777

22.9907 0.495295 -0.632872 -0.367128 1.3211 2.46877
22.9891 0.498047 -0.632872 -0.367128 1.27858 2.49219

22.9974 0.483398 -0.642242 -0.357758 1.42709 2.37775
22.9934 0.490723 -0.642242 -0.357758 1.3516 2.42967

22.9907 0.495243 -0.632872 -0.367128 1.32228 2.46846
22.9933 0.490723 -0.632872 -0.367128 1.35177 2.42967

22.9834 0.507378 -0.611055 -0.388945 1.12351 2.52767
22.98 0.512695 -0.611055 -0.388945 1.05941 2.5618

22.9761 0.518655 -0.604735 -0.395265 1.00603 2.60703
22.9752 0.52002 -0.604735 -0.395265 0.983576 2.61848

22.9752 0.52002 -0.58862 -0.41138 0.983923 2.61857
22.97 0.527344 -0.58862 -0.41138 0.845473 2.64564

22.9761 0.518601 -0.600511 -0.399489 1.00737 2.60669
22.98 0.512695 -0.600511 -0.399489 1.0595 2.56184

22.9891 0.498047 -0.622274 -0.377726 1.27864 2.49221
22.9847 0.505371 -0.622274 -0.377726 1.15628 2.52269

22.9834 0.50736 -0.61318 -0.38682 1.12393 2.52757
22.9847 0.505371 -0.61318 -0.38682 1.1565 2.52257

23.0051 0.46875 -0.660634 -0.339366 1.57497 2.29445
23.0013 0.476074 -0.660634 -0.339366 1.50101 2.34321

22.998 0.482241 -0.651542 -0.348458 1.44232 2.37156
23.0013 0.476074 -0.651542 -0.348458 1.50107 2.34319

22.9688 0.52909 -0.583111 -0.416889 0.810657 2.64563
22.97 0.527344 -0.583111 -0.416889 0.845876 2.64532

