25.3359 0 0.996439 -0.00356114 2.71835 0
25.3359 0.00732422 0.996439 -0.00356114 2.71988 -0.0183537

25.3359 0.00732422 0.989307 -0.0106931 2.71988 -0.0183528
25.336 0.0146484 0.989307 -0.0106931 2.72183 -0.0362693

25.336 0.0146484 0.982187 -0.017813 2.72183 -0.0362692
25.3361 0.0219727 0.982187 -0.017813 2.72671 -0.0464115

25.3361 0.0219727 0.97499 -0.0250105 2.72671 -0.0464064
25.3363 0.0292969 0.97499 -0.0250105 2.73715 -0.0541635

25.3363 0.0292969 0.967546 -0.0324535 2.73715 -0.054158
25.3365 0.0366211 0.967546 -0.0324535 2.74598 -0.0603532

25.3365 0.0366211 0.959686 -0.0403135 2.74598 -0.0603436
25.3368 0.0439453 0.959686 -0.0403135 2.74632 -0.0618415

25.3368 0.0439453 0.951581 -0.0484191 2.74632 -0.0618411
25.3372 0.0512695 0.951581 -0.0484191 2.73877 -0.063962

25.3372 0.0512695 0.944238 -0.0557617 2.73877 -0.0639692
25.3377 0.0585938 0.944238 -0.0557617 2.729 -0.0603567

25.3376 0.0585938 0.933476 -0.0665239 2.72898 -0.0603639
25.3387 0.0732422 0.933476 -0.0665239 2.71902 -0.0671495

25.3387 0.0732422 0.919562 -0.0804375 2.71902 -0.0671497
25.34 0.0878906 0.919562 -0.0804375 2.72493 -0.0756194

25.34 0.0878906 0.906008 -0.0939917 2.72493 -0.0756181
25.3415 0.102539 0.906008 -0.0939917 2.72942 -0.088985

25.3415 0.102539 0.896177 -0.103823 2.72943 -0.0889841
25.3418 0.105172 0.896177 -0.103823 2.7276 -0.0894297

25.3418 0.10508 0.893913 -0.106087 2.72765 -0.0893609
25.3432 0.117188 0.893913 -0.106087 2.72027 -0.0960592

25.3432 0.117188 0.881931 -0.118069 2.72025 -0.0960563
25.3452 0.131836 0.881931 -0.118069 2.71547 -0.104418

25.3452 0.131836 0.868898 -0.131102 2.71547 -0.104419
25.3474 0.146484 0.868898 -0.131102 2.71184 -0.113531

25.3474 0.146484 0.856345 -0.143655 2.71184 -0.113531
25.3498 0.161133 0.856345 -0.143655 2.70529 -0.119751

25.3498 0.161133 0.844067 -0.155933 2.70529 -0.119749
25.3526 0.175781 0.844067 -0.155933 2.70465 -0.126257

25.3526 0.175781 0.831783 -0.168217 2.70464 -0.126252
25.3555 0.19043 0.831783 -0.168217 2.71053 -0.135556

25.3555 0.19043 0.822658 -0.177342 2.71056 -0.135577
25.3564 0.194675 0.822658 -0.177342 2.71579 -0.138576

25.3564 0.194672 0.822658 -0.177342 2.7158 -0.138572
25.3571 0.197754 0.822658 -0.177342 2.70783 -0.142735

25.3571 0.197754 0.816833 -0.183167 2.70783 -0.142735
25.3588 0.205078 0.816833 -0.183167 2.6936 -0.147775

25.3588 0.205078 0.81118 -0.18882 2.6936 -0.147776
25.3605 0.212402 0.81118 -0.18882 2.69594 -0.147616

25.3605 0.212402 0.805781 -0.194219 2.69594 -0.147617
25.3622 0.219727 0.805781 -0.194219 2.70195 -0.152658

25.3622 0.219727 0.800227 -0.199773 2.70195 -0.152655
25.3638 0.225929 0.800227 -0.199773 2.69912 -0.156803

25.3638 0.225927 0.800227 -0.199773 2.69912 -0.156803
25.364 0.227051 0.800227 -0.199773 2.69791 -0.157219

25.3641 0.227051 0.79457 -0.20543 2.69791 -0.15722
25.3659 0.234375 0.79457 -0.20543 2.69555 -0.161182

25.3659 0.234375 0.789009 -0.210991 2.69555 -0.161181
25.3679 0.241699 0.789009 -0.210991 2.69891 -0.170734

25.3679 0.241699 0.783329 -0.216671 2.69891 -0.170731
25.3699 0.249023 0.783329 -0.216671 2.69344 -0.186273

25.3699 0.249023 0.777693 -0.222307 2.69344 -0.186271
25.3711 0.253107 0.777693 -0.222307 2.68777 -0.192703

25.3711 0.253099 0.777693 -0.222307 2.68778 -0.192699
25.372 0.256348 0.777693 -0.222307 2.68278 -0.196533

25.372 0.256348 0.772267 -0.227733 2.68278 -0.196531
25.3742 0.263672 0.772267 -0.227733 2.68108 -0.206701

25.3742 0.263672 0.766921 -0.233079 2.68108 -0.206701
25.3764 0.270996 0.766921 -0.233079 2.68293 -0.227782

25.3764 0.270996 0.761464 -0.238536 2.68293 -0.227777
25.3784 0.277419 0.761464 -0.238536 2.67337 -0.244304

25.3784 0.277415 0.761464 -0.238536 2.67338 -0.2443
25.3787 0.27832 0.761464 -0.238536 2.67146 -0.246067

25.3787 0.27832 0.755898 -0.244102 2.67145 -0.246062
25.3811 0.285645 0.755898 -0.244102 2.66047 -0.259042

25.3811 0.285645 0.750193 -0.249807 2.66046 -0.25904
25.3835 0.292969 0.750193 -0.249807 2.64759 -0.273383

25.3835 0.292969 0.744498 -0.255502 2.64759 -0.273384
25.3857 0.299492 0.744498 -0.255502 2.63181 -0.282337

25.3857 0.299489 0.744498 -0.255502 2.63182 -0.282336
25.386 0.300293 0.744498 -0.255502 2.62994 -0.283132

25.386 0.300293 0.739009 -0.260991 2.62994 -0.283131
25.3886 0.307617 0.739009 -0.260991 2.62146 -0.292848

25.3886 0.307617 0.733529 -0.266471 2.62146 -0.292846
25.3913 0.314941 0.733529 -0.266471 2.61889 -0.313814

25.3913 0.314941 0.72816 -0.27184 2.61889 -0.313812
25.3931 0.31977 0.72816 -0.27184 2.61221 -0.327635

25.3931 0.31976 0.72816 -0.27184 2.61224 -0.327624
25.394 0.322266 0.72816 -0.27184 2.60713 -0.333974

25.394 0.322266 0.722895 -0.277105 2.60712 -0.333962
25.3968 0.32959 0.722895 -0.277105 2.6032 -0.352967

25.3968 0.32959 0.717479 -0.282521 2.6032 -0.352961
25.3997 0.336914 0.717479 -0.282521 2.58969 -0.380642

25.3997 0.336914 0.71212 -0.28788 2.58968 -0.380606
25.4004 0.338666 0.71212 -0.28788 2.58391 -0.386025

25.4004 0.338641 0.71212 -0.28788 2.58401 -0.385999
25.4027 0.344238 0.71212 -0.28788 2.57182 -0.401637

25.4026 0.344238 0.706638 -0.293362 2.57181 -0.401619
25.4057 0.351562 0.706638 -0.293362 2.55809 -0.427814

25.4057 0.351562 0.701088 -0.298912 2.55809 -0.427809
25.4077 0.356315 0.701088 -0.298912 2.54458 -0.444204

25.4077 0.356302 0.701088 -0.298912 2.54464 -0.444189
25.4088 0.358887 0.701088 -0.298912 2.53587 -0.451796

25.4088 0.358887 0.695629 -0.304371 2.53585 -0.451775
25.412 0.366211 0.695629 -0.304371 2.52334 -0.477463

25.412 0.366211 0.690102 -0.309898 2.52333 -0.477462
25.415 0.372941 0.690102 -0.309898 2.50174 -0.506975

25.415 0.372938 0.690102 -0.309898 2.50176 -0.506972
25.4153 0.373535 0.690102 -0.309898 2.49876 -0.508969

25.4153 0.373535 0.684673 -0.315327 2.49876 -0.508962
25.4187 0.380859 0.684673 -0.315327 2.48467 -0.534002

25.4187 0.380859 0.679091 -0.320909 2.48466 -0.533993
25.4221 0.388184 0.679091 -0.320909 2.46125 -0.575552

25.4221 0.388184 0.673464 -0.326536 2.46122 -0.575405
25.4224 0.388688 0.673464 -0.326536 2.45843 -0.577663

25.4224 0.388643 0.673464 -0.326536 2.45871 -0.577627
25.4257 0.395508 0.673464 -0.326536 2.44343 -0.606619

25.4257 0.395508 0.667705 -0.332295 2.44341 -0.606596
25.4293 0.402832 0.667705 -0.332295 2.41305 -0.65063

25.4293 0.402832 0.66194 -0.33806 2.41302 -0.650453
25.4297 0.40357 0.66194 -0.33806 2.40776 -0.654111

25.4297 0.403518 0.66194 -0.33806 2.40816 -0.654068
25.4331 0.410156 0.66194 -0.33806 2.38747 -0.68477

25.4331 0.410156 0.656127 -0.343873 2.38744 -0.684738
25.4369 0.41748 0.656127 -0.343873 2.35087 -0.730391

25.4369 0.41748 0.651299 -0.348701 2.35083 -0.73016
25.437 0.417723 0.651299 -0.348701 2.34891 -0.731345

25.437 0.417665 0.650157 -0.349843 2.34941 -0.731311
25.4409 0.424805 0.650157 -0.349843 2.32443 -0.76671

25.4408 0.424805 0.644191 -0.355809 2.32443 -0.766663
25.4443 0.431116 0.644191 -0.355809 2.29283 -0.816412

25.4443 0.431105 0.644252 -0.355748 2.29294 -0.816402
25.4449 0.432129 0.644252 -0.355748 2.28383 -0.822424

25.4449 0.432129 0.637988 -0.362012 2.28382 -0.822366
25.4491 0.439453 0.637988 -0.362012 2.24451 -0.867939

25.449 0.439453 0.632065 -0.367935 2.24451 -0.867868
25.4517 0.443945 0.632065 -0.367935 2.22234 -0.905986

25.4517 0.443909 0.632065 -0.367935 2.22267 -0.905919
25.4533 0.446777 0.632065 -0.367935 2.20319 -0.927044

25.4533 0.446777 0.625717 -0.374283 2.20311 -0.926852
25.4577 0.454102 0.625717 -0.374283 2.14702 -0.982255

25.4577 0.454102 0.619974 -0.380026 2.14701 -0.98197
25.459 0.456249 0.619974 -0.380026 2.12536 -0.997885

25.459 0.456178 0.61919 -0.38081 2.12611 -0.997908
25.4622 0.461426 0.61919 -0.38081 2.10818 -1.03945

25.4622 0.461426 0.612455 -0.387545 2.10804 -1.03925
25.4663 0.467934 0.612455 -0.387545 2.05637 -1.11049

25.4663 0.467909 0.617437 -0.382563 2.05677 -1.11049
25.4668 0.46875 0.617437 -0.382563 2.04384 -1.11733

25.4668 0.46875 0.60502 -0.39498 2.04384 -1.11728
25.4716 0.476074 0.60502 -0.39498 1.96187 -1.1721

25.4716 0.476074 0.599293 -0.400707 1.96186 -1.1718
25.4736 0.479133 0.599293 -0.400707 1.93475 -1.19889

25.4736 0.479051 0.598288 -0.401712 1.9355 -1.19899
25.4766 0.483398 0.598288 -0.401712 1.91052 -1.24109

25.4765 0.483398 0.590861 -0.409139 1.91034 -1.24062
25.481 0.489814 0.590861 -0.409139 1.84006 -1.31186

25.481 0.489785 0.59355 -0.40645 1.84059 -1.31192
25.4816 0.490723 0.59355 -0.40645 1.82349 -1.31993

25.4816 0.490723 0.582218 -0.417782 1.8235 -1.31976
25.4868 0.498047 0.582218 -0.417782 1.72651 -1.38259

25.4868 0.498047 0.580632 -0.419368 1.72652 -1.38204
25.4883 0.50008 0.580632 -0.419368 1e+30 1e+30

