15.7031 0.436128 -0.678746 -0.321254 1.68448 2.11516
15.7016 0.439453 -0.678746 -0.321254 1.65127 2.13361

15.6885 0.464862 -0.64539 -0.35461 1.43514 2.27926
15.6863 0.46875 -0.64539 -0.35461 1.38957 2.30398

15.6958 0.451017 -0.662606 -0.337394 1.55926 2.19816
15.6942 0.454102 -0.662606 -0.337394 1.53061 2.21689

15.7015 0.439453 -0.67075 -0.32925 1.65134 2.13362
15.6979 0.446777 -0.67075 -0.32925 1.58617 2.17403

15.6958 0.450979 -0.662606 -0.337394 1.55984 2.19797
15.6979 0.446777 -0.662606 -0.337394 1.58628 2.17402

15.6942 0.454102 -0.654248 -0.345752 1.53069 2.2169
15.6904 0.461426 -0.654248 -0.345752 1.46137 2.25938

15.6885 0.464823 -0.64539 -0.35461 1.4357 2.27898
15.6903 0.461426 -0.64539 -0.35461 1.46149 2.25936

15.7863 0 -0.994263 -0.00573736 2.67204 0
15.7862 0.0146484 -0.994263 -0.00573736 2.67427 0.0574488

15.7862 0.0146484 -0.983528 -0.0164723 2.6743 0.0574489
15.7859 0.0292969 -0.983528 -0.0164723 2.68189 0.117596

15.7859 0.0292969 -0.976014 -0.0239858 2.68196 0.117602
15.7857 0.0366211 -0.976014 -0.0239858 2.68825 0.149299

15.7857 0.0366211 -0.971159 -0.0288407 2.68825 0.1493
15.7855 0.0439453 -0.971159 -0.0288407 2.68758 0.183015

15.7855 0.0439453 -0.96601 -0.0339896 2.68757 0.183013
15.7853 0.0512695 -0.96601 -0.0339896 2.67672 0.212672

15.7853 0.0512695 -0.960821 -0.0391795 2.67674 0.212673
15.785 0.0585938 -0.960821 -0.0391795 2.67037 0.241576

15.785 0.0585938 -0.953846 -0.0461544 2.67029 0.241573
15.7843 0.0732422 -0.953846 -0.0461544 2.66079 0.297996

15.7843 0.0732422 -0.944476 -0.0555243 2.66077 0.297996
15.7834 0.0878906 -0.944476 -0.0555243 2.646 0.351556

15.7835 0.0878906 -0.929279 -0.070721 2.64561 0.351548
15.7812 0.117188 -0.929279 -0.070721 2.62698 0.473404

15.7812 0.117188 -0.914449 -0.0855505 2.62732 0.473405
15.7798 0.131836 -0.914449 -0.0855505 2.61464 0.536402

15.7798 0.131836 -0.904963 -0.0950369 2.61464 0.536402
15.7783 0.146484 -0.904963 -0.0950369 2.60057 0.599121

15.7764 0.162684 -0.885889 -0.114111 2.59309 0.671853
15.7747 0.175781 -0.885889 -0.114111 2.58614 0.732287

15.7783 0.146484 -0.895441 -0.104559 2.60055 0.59912
15.7766 0.161133 -0.895441 -0.104559 2.59335 0.664774

15.7764 0.162668 -0.885889 -0.114111 2.59311 0.671781
15.7766 0.161133 -0.885889 -0.114111 2.59337 0.664776

15.7747 0.175781 -0.878884 -0.121116 2.58625 0.732298
15.7737 0.183105 -0.878884 -0.121116 2.57982 0.766777

15.7737 0.183105 -0.87446 -0.12554 2.57982 0.766778
15.7726 0.19043 -0.87446 -0.12554 2.56919 0.800744

15.7726 0.19043 -0.867445 -0.132555 2.56907 0.800734
15.7704 0.205078 -0.867445 -0.132555 2.5457 0.870193

15.7704 0.205078 -0.858165 -0.141835 2.54569 0.870193
15.768 0.219727 -0.858165 -0.141835 2.51589 0.93702

15.768 0.219727 -0.848758 -0.151242 2.51586 0.937022
15.7654 0.234375 -0.848758 -0.151242 2.48252 1.00135

15.7617 0.253031 -0.831495 -0.168505 2.45391 1.09353
15.761 0.256348 -0.831495 -0.168505 2.44328 1.11142

15.761 0.256348 -0.82672 -0.17328 2.44328 1.11142
15.7595 0.263672 -0.82672 -0.17328 2.42878 1.15174

15.7595 0.263672 -0.821287 -0.178713 2.42876 1.15174
15.7579 0.270996 -0.821287 -0.178713 2.41777 1.19106

15.7579 0.270996 -0.81573 -0.18427 2.41778 1.19106
15.7563 0.27832 -0.81573 -0.18427 2.39849 1.22716

15.7544 0.2863 -0.805226 -0.194774 2.37455 1.26932
15.7528 0.292969 -0.805226 -0.194774 2.35782 1.30455

15.7563 0.27832 -0.810502 -0.189498 2.39849 1.22716
15.7546 0.285645 -0.810502 -0.189498 2.37665 1.2658

15.7544 0.286288 -0.805226 -0.194774 2.37461 1.26927
15.7546 0.285645 -0.805226 -0.194774 2.37666 1.26581

15.7471 0.314966 -0.783407 -0.216593 2.28705 1.42837
15.7451 0.322266 -0.783407 -0.216593 2.25531 1.46978

15.7528 0.292969 -0.799543 -0.200457 2.35781 1.30454
15.7509 0.300293 -0.799543 -0.200457 2.34456 1.34338

15.7509 0.300293 -0.793774 -0.206226 2.34456 1.34338
15.749 0.307617 -0.793774 -0.206226 2.3226 1.38558

15.749 0.307617 -0.788469 -0.211531 2.32261 1.38558
15.7471 0.314941 -0.788469 -0.211531 2.28719 1.42823

15.7451 0.322266 -0.777739 -0.222261 2.25528 1.46976
15.743 0.32959 -0.777739 -0.222261 2.23565 1.50807

15.743 0.32959 -0.77161 -0.22839 2.23565 1.50807
15.7408 0.336914 -0.77161 -0.22839 2.21178 1.54594

15.7397 0.340347 -0.765569 -0.234431 2.19909 1.56698
15.7386 0.344238 -0.765569 -0.234431 2.18381 1.5876

15.7386 0.344238 -0.759465 -0.240535 2.18383 1.58761
15.7362 0.351562 -0.759465 -0.240535 2.15822 1.62759

15.7397 0.340325 -0.765569 -0.234431 2.19923 1.56685
15.7408 0.336914 -0.765569 -0.234431 2.21181 1.54594

15.7654 0.234375 -0.838903 -0.161097 2.48249 1.00135
15.7625 0.249023 -0.838903 -0.161097 2.45615 1.07125

15.7617 0.253015 -0.831495 -0.168505 2.45399 1.09345
15.7625 0.249023 -0.831495 -0.168505 2.45631 1.07126

15.7324 0.363082 -0.747396 -0.252604 2.10957 1.69284
15.7314 0.366211 -0.747396 -0.252604 2.09259 1.71026

15.7314 0.366211 -0.74135 -0.25865 2.09264 1.71027
15.7288 0.373535 -0.74135 -0.25865 2.05841 1.75444

15.7288 0.373535 -0.735034 -0.264966 2.05841 1.75444
15.7262 0.380859 -0.735034 -0.264966 2.01972 1.79114

15.7178 0.402732 -0.715489 -0.284511 1.89727 1.91333
15.7177 0.402832 -0.715489 -0.284511 1.89654 1.91389

15.7177 0.402832 -0.708501 -0.291499 1.89673 1.91391
15.7147 0.410156 -0.708501 -0.291499 1.85572 1.95993

15.7251 0.383737 -0.728744 -0.271256 2.0034 1.80836
15.7234 0.388184 -0.728744 -0.271256 1.97886 1.83309

15.7234 0.388184 -0.722259 -0.277741 1.97887 1.83309
15.7206 0.395508 -0.722259 -0.277741 1.94088 1.87538

15.7251 0.383713 -0.728744 -0.271256 2.00362 1.80822
15.7262 0.380859 -0.728744 -0.271256 2.01978 1.79114

15.7178 0.402679 -0.715489 -0.284511 1.89788 1.91305
15.7206 0.395508 -0.715489 -0.284511 1.94088 1.87538

15.7362 0.351562 -0.753336 -0.246664 2.15822 1.62759
15.7338 0.358887 -0.753336 -0.246664 2.12815 1.66743

15.7324 0.363052 -0.747396 -0.252604 2.10983 1.6927
15.7338 0.358887 -0.747396 -0.252604 2.1282 1.66744

15.7104 0.420053 -0.6939 -0.3061 1.79529 2.01603
15.7084 0.424805 -0.6939 -0.3061 1.7658 2.04668

15.7147 0.410156 -0.701167 -0.298833 1.8557 1.95992
15.7116 0.41748 -0.701167 -0.298833 1.81184 2.00023

15.7104 0.420031 -0.6939 -0.3061 1.79554 2.0159
15.7116 0.41748 -0.6939 -0.3061 1.81191 2.00023

15.7084 0.424805 -0.686445 -0.313555 1.7658 2.04668
15.705 0.432129 -0.686445 -0.313555 1.71249 2.09092

15.7031 0.436088 -0.678746 -0.321254 1.68508 2.11497
15.705 0.432129 -0.678746 -0.321254 1.71259 2.09091

15.5859 0.583526 -0.38882 -0.61118 -0.760033 2.27442
15.5821 0.585938 -0.38882 -0.61118 -0.842554 2.20524

15.4688 0.615531 0.0514992 -0.948501 -1.76494 -0.331297
15.4761 0.615929 0.0514992 -0.948501 -1.82657 -0.165501

15.4761 0.615928 0.0126829 -0.987317 -1.82654 -0.165505
15.4834 0.616022 0.0126829 -0.987317 -1.86951 0.0211554

15.4834 0.616021 -0.0274428 -0.972557 -1.86947 0.0211508
15.4907 0.615815 -0.0274428 -0.972557 -1.89238 0.21277

15.4907 0.615815 -0.064537 -0.935463 -1.89237 0.212769
15.498 0.615309 -0.064537 -0.935463 -1.90301 0.403648

15.5054 0.614504 -0.0991152 -0.900885 -1.88671 0.59793
15.4987 0.615234 -0.0991152 -0.900885 -1.9037 0.421653

15.5054 0.614508 -0.132237 -0.867763 -1.88682 0.597904
15.5127 0.613392 -0.132237 -0.867763 -1.84268 0.790685

15.5127 0.613395 -0.164266 -0.835734 -1.84275 0.790666
15.52 0.611956 -0.164266 -0.835734 -1.80541 0.984861

15.52 0.611958 -0.19489 -0.80511 -1.80545 0.984845
15.5273 0.610185 -0.19489 -0.80511 -1.72047 1.16842

15.498 0.61532 -0.0991152 -0.900885 -1.9033 0.403648
15.4988 0.615234 -0.0991152 -0.900885 -1.90409 0.424245

15.5273 0.610181 -0.223083 -0.776917 -1.7203 1.1684
15.5347 0.608078 -0.223083 -0.776917 -1.63863 1.30905

15.542 0.605648 -0.249426 -0.750574 -1.56533 1.49305
15.5352 0.60791 -0.249426 -0.750574 -1.63408 1.31725

15.5347 0.608081 -0.249426 -0.750574 -1.63873 1.30905
15.5352 0.60791 -0.249426 -0.750574 -1.63407 1.31719

15.5566 0.599791 -0.298751 -0.701249 -1.29828 1.81729
15.5548 0.600586 -0.298751 -0.701249 -1.33087 1.78828

15.542 0.60565 -0.274912 -0.725088 -1.56538 1.49303
15.5493 0.602873 -0.274912 -0.725088 -1.43804 1.69007

15.5493 0.602857 -0.298751 -0.701249 -1.43721 1.69003
15.5546 0.600586 -0.298751 -0.701249 -1.33102 1.78656

15.5566 0.599762 -0.322267 -0.677733 -1.29719 1.81742
15.564 0.59628 -0.322267 -0.677733 -1.18293 1.95318

15.5713 0.592482 -0.345329 -0.654671 -1.03811 2.05446
15.5698 0.593262 -0.345329 -0.654671 -1.06343 2.03833

15.564 0.596259 -0.345329 -0.654671 -1.18194 1.9531
15.5696 0.593262 -0.345329 -0.654671 -1.06313 2.03668

15.5713 0.592423 -0.367627 -0.632373 -1.03599 2.05456
15.5786 0.588165 -0.367627 -0.632373 -0.91665 2.15328

15.5786 0.588131 -0.388797 -0.611203 -0.915103 2.1531
15.5821 0.585938 -0.388797 -0.611203 -0.841904 2.2037

15.5933 0.578517 -0.410374 -0.589626 -0.585061 2.36969
15.5931 0.578613 -0.410374 -0.589626 -0.588155 2.36847

15.5859 0.583495 -0.407762 -0.592238 -0.758945 2.27457
15.593 0.578613 -0.407762 -0.592238 -0.587711 2.36758

15.5933 0.578474 -0.427073 -0.572927 -0.583377 2.36967
15.6006 0.573015 -0.427073 -0.572927 -0.431664 2.42537

15.6079 0.567112 -0.446665 -0.553335 -0.282571 2.47624
15.6027 0.571289 -0.446665 -0.553335 -0.385219 2.43459

15.6152 0.560772 -0.465308 -0.534692 -0.117777 2.52421
15.6116 0.563965 -0.465308 -0.534692 -0.197943 2.49874

15.6079 0.567024 -0.458417 -0.541583 -0.279152 2.4756
15.6115 0.563965 -0.458417 -0.541583 -0.197517 2.49823

15.6006 0.572957 -0.439078 -0.560922 -0.429493 2.42501
15.6027 0.571289 -0.439078 -0.560922 -0.385059 2.43442

15.6226 0.553904 -0.487571 -0.512429 0.0524783 2.55278
15.6197 0.556641 -0.487571 -0.512429 -0.013269 2.54443

15.6299 0.54652 -0.507428 -0.492572 0.219469 2.56469
15.6272 0.549316 -0.507428 -0.492572 0.158103 2.56144

15.6226 0.553829 -0.497448 -0.502552 0.0547213 2.55275
15.6271 0.549316 -0.497448 -0.502552 0.15845 2.56129

15.6372 0.538587 -0.526682 -0.473318 0.384741 2.57015
15.6341 0.541992 -0.526682 -0.473318 0.31357 2.57094

15.6445 0.530099 -0.543656 -0.456344 0.530135 2.56003
15.6407 0.534668 -0.543656 -0.456344 0.44773 2.57065

15.6372 0.538585 -0.533587 -0.466413 0.384774 2.57015
15.6406 0.534668 -0.533587 -0.466413 0.448629 2.57004

15.6299 0.546489 -0.516442 -0.483558 0.220364 2.56463
15.6341 0.541992 -0.516442 -0.483558 0.313939 2.57084

15.6152 0.56066 -0.477895 -0.522105 -0.114464 2.52439
15.6196 0.556641 -0.477895 -0.522105 -0.012956 2.54424

15.6738 0.489795 -0.619397 -0.380603 1.16402 2.43546
15.6733 0.490723 -0.619397 -0.380603 1.14646 2.44171

15.6732 0.490723 -0.605199 -0.394801 1.14681 2.44178
15.6684 0.498047 -0.605199 -0.394801 1.02211 2.469

15.6592 0.511348 -0.58413 -0.41587 0.859277 2.52584
15.6582 0.512695 -0.58413 -0.41587 0.838237 2.53385

15.6519 0.521059 -0.556562 -0.443438 0.687265 2.55164
15.6468 0.527344 -0.556562 -0.443438 0.573916 2.56088

15.6582 0.512695 -0.570187 -0.429813 0.838521 2.53387
15.6527 0.52002 -0.570187 -0.429813 0.706836 2.55143

15.6519 0.521046 -0.562968 -0.437032 0.687615 2.55157
15.6527 0.52002 -0.562968 -0.437032 0.707066 2.55127

15.6665 0.500887 -0.593492 -0.406508 0.984877 2.47266
15.6634 0.505371 -0.593492 -0.406508 0.926188 2.49581

15.6592 0.511289 -0.582531 -0.417469 0.860683 2.52554
15.6634 0.505371 -0.582531 -0.417469 0.926275 2.49584

15.6665 0.50087 -0.59562 -0.40438 0.985243 2.47255
15.6684 0.498047 -0.59562 -0.40438 1.02242 2.4688

15.6812 0.477724 -0.626025 -0.373975 1.27736 2.34339
15.6778 0.483398 -0.626025 -0.373975 1.22615 2.38793

15.6863 0.46875 -0.635722 -0.364278 1.38959 2.30398
15.6821 0.476074 -0.635722 -0.364278 1.2965 2.33633

15.6812 0.477713 -0.626992 -0.373008 1.27756 2.34333
15.6821 0.476074 -0.626992 -0.373008 1.29664 2.3363

15.6738 0.489721 -0.616552 -0.383448 1.16593 2.43507
15.6778 0.483398 -0.616552 -0.383448 1.22618 2.38794

15.6445 0.530108 -0.548642 -0.451358 0.529899 2.56009
15.6468 0.527344 -0.548642 -0.451358 0.574458 2.56051

