34.0261 0 0.995117 -0.00488278 2.78995 0
34.0261 0.00732422 0.995117 -0.00488278 2.78258 -0.0196051

34.0261 0.00732422 0.985879 -0.0141212 2.78258 -0.0196033
34.0262 0.0146484 0.985879 -0.0141212 2.76208 -0.0286774

34.0262 0.0146484 0.977755 -0.0222446 2.76209 -0.028673
34.0264 0.0219727 0.977755 -0.0222446 2.74328 -0.0335793

34.0264 0.0219727 0.970324 -0.0296763 2.74328 -0.0335793
34.0266 0.0292969 0.970324 -0.0296763 2.7371 -0.0354854

34.0266 0.0292969 0.96335 -0.0366496 2.7371 -0.0354825
34.0269 0.0366211 0.96335 -0.0366496 2.73654 -0.0375168

34.0269 0.0366211 0.957095 -0.0429053 2.73655 -0.0375149
34.0272 0.0439453 0.957095 -0.0429053 2.73359 -0.0343418

34.0272 0.0439453 0.946643 -0.0533567 2.73357 -0.0343499
34.028 0.0585938 0.946643 -0.0533567 2.73282 -0.0398757

34.028 0.0585938 0.932771 -0.0672292 2.73282 -0.0398757
34.0283 0.0629672 0.932771 -0.0672292 2.73373 -0.0417953

34.0283 0.0732422 0.919055 -0.0809447 2.73776 -0.0492935
34.0283 0.0733455 0.919055 -0.0809447 2.74987 -0.0493014

34.0283 0.0629725 0.932771 -0.0672292 2.73373 -0.0417977
34.0291 0.0732422 0.932771 -0.0672292 2.75318 -0.0491511

34.0291 0.0732422 0.922497 -0.0775029 2.75324 -0.04915
34.0297 0.0805664 0.922497 -0.0775029 2.74637 -0.0602447

34.0297 0.0805664 0.915497 -0.0845025 2.74637 -0.0602458
34.0304 0.0878906 0.915497 -0.0845025 2.72197 -0.0690908

34.0304 0.0878906 0.909004 -0.0909958 2.72197 -0.0690917
34.0311 0.0952148 0.909004 -0.0909958 2.72644 -0.0718565

34.0311 0.0952148 0.902668 -0.097332 2.72644 -0.0718561
34.0319 0.102539 0.902668 -0.097332 2.72737 -0.0717829

34.0319 0.102539 0.896439 -0.103561 2.72737 -0.0717831
34.0327 0.109863 0.896439 -0.103561 2.7316 -0.0748696

34.0327 0.109863 0.890194 -0.109806 2.7316 -0.0748663
34.0336 0.117188 0.890194 -0.109806 2.73751 -0.0840994

34.0336 0.117188 0.883385 -0.116615 2.73751 -0.0840901
34.0346 0.124512 0.883385 -0.116615 2.73942 -0.0913195

34.0346 0.124512 0.87679 -0.12321 2.73942 -0.0913273
34.0356 0.131836 0.87679 -0.12321 2.73148 -0.096107

34.0356 0.131836 0.867324 -0.132676 2.73147 -0.0960813
34.0379 0.146484 0.867324 -0.132676 2.72017 -0.0949702

34.0379 0.146484 0.855139 -0.144861 2.72017 -0.0949722
34.0403 0.161133 0.855139 -0.144861 2.71967 -0.0960269

34.0403 0.161133 0.843576 -0.156424 2.71967 -0.0960282
34.043 0.175298 0.843576 -0.156424 2.74274 -0.108074

34.0429 0.175781 0.835004 -0.164996 2.7446 -0.10839
34.043 0.17606 0.835004 -0.164996 2.74613 -0.10881

34.043 0.175297 0.840906 -0.159094 2.74274 -0.108073
34.0431 0.175781 0.840906 -0.159094 2.74538 -0.108791

34.0431 0.175781 0.835004 -0.164996 2.74544 -0.108818
34.0445 0.183105 0.835004 -0.164996 2.7402 -0.120817

34.0445 0.183105 0.828263 -0.171737 2.74019 -0.120808
34.046 0.19043 0.828263 -0.171737 2.69968 -0.12095

34.046 0.19043 0.82207 -0.17793 2.69967 -0.12096
34.0476 0.197754 0.82207 -0.17793 2.70536 -0.110245

34.0476 0.197754 0.816473 -0.183527 2.70536 -0.110245
34.0493 0.205078 0.816473 -0.183527 2.71049 -0.110996

34.0493 0.205078 0.810589 -0.189411 2.71049 -0.110995
34.0503 0.20947 0.810589 -0.189411 2.70965 -0.111853

34.0503 0.209468 0.810589 -0.189411 2.70965 -0.111853
34.051 0.212402 0.810589 -0.189411 2.70901 -0.113033

34.051 0.212402 0.804738 -0.195262 2.70901 -0.113033
34.0528 0.219727 0.804738 -0.195262 2.71055 -0.117372

34.0528 0.219727 0.799033 -0.200967 2.71055 -0.117371
34.0546 0.227051 0.799033 -0.200967 2.71727 -0.124071

34.0546 0.227051 0.793529 -0.206471 2.71727 -0.124074
34.0565 0.234375 0.793529 -0.206471 2.7175 -0.132654

34.0565 0.234375 0.788088 -0.211912 2.7175 -0.132649
34.0576 0.238518 0.788088 -0.211912 2.71404 -0.135895

34.0576 0.238514 0.788088 -0.211912 2.71404 -0.135895
34.0585 0.241699 0.788088 -0.211912 2.71434 -0.137801

34.0585 0.241699 0.782321 -0.217679 2.71434 -0.137796
34.0605 0.249023 0.782321 -0.217679 2.7184 -0.145349

34.0605 0.249023 0.776312 -0.223688 2.7184 -0.145348
34.0626 0.256348 0.776312 -0.223688 2.71837 -0.161482

34.0626 0.256348 0.77051 -0.22949 2.71837 -0.161486
34.0648 0.263672 0.77051 -0.22949 2.70646 -0.175433

34.0648 0.263672 0.765147 -0.234853 2.70645 -0.175427
34.0649 0.264139 0.765147 -0.234853 2.70547 -0.176145

34.0649 0.264121 0.765147 -0.234853 2.70552 -0.176127
34.0671 0.270996 0.765147 -0.234853 2.69565 -0.187636

34.067 0.270996 0.759784 -0.240216 2.69565 -0.187634
34.0694 0.27832 0.759784 -0.240216 2.68901 -0.205107

34.0694 0.27832 0.754308 -0.245692 2.68901 -0.205108
34.0718 0.285645 0.754308 -0.245692 2.68151 -0.223005

34.0717 0.285645 0.748969 -0.251031 2.68151 -0.222995
34.0723 0.287189 0.748969 -0.251031 2.67996 -0.226599

34.0723 0.287176 0.748969 -0.251031 2.67998 -0.226582
34.0742 0.292969 0.748969 -0.251031 2.67619 -0.238334

34.0742 0.292969 0.743598 -0.256402 2.67619 -0.23833
34.0767 0.300293 0.743598 -0.256402 2.6723 -0.252507

34.0767 0.300293 0.738283 -0.261717 2.6723 -0.25251
34.0793 0.307617 0.738283 -0.261717 2.65727 -0.265529

34.0793 0.307617 0.733159 -0.266841 2.65726 -0.265514
34.0796 0.308354 0.733159 -0.266841 2.65513 -0.26642

34.0796 0.308334 0.733159 -0.266841 2.6552 -0.266412
34.082 0.314941 0.733159 -0.266841 2.64425 -0.275771

34.082 0.314941 0.727778 -0.272222 2.64424 -0.275767
34.0847 0.322266 0.727778 -0.272222 2.64214 -0.300418

34.0847 0.322266 0.722062 -0.277938 2.64214 -0.30041
34.0869 0.32794 0.722062 -0.277938 2.63558 -0.323252

34.0869 0.327934 0.722062 -0.277938 2.6356 -0.323245
34.0876 0.32959 0.722062 -0.277938 2.6317 -0.328969

34.0876 0.32959 0.716411 -0.283589 2.6317 -0.328962
34.0904 0.336914 0.716411 -0.283589 2.6229 -0.349943

34.0904 0.336914 0.710853 -0.289147 2.6229 -0.349941
34.0934 0.344238 0.710853 -0.289147 2.60308 -0.368313

34.0934 0.344238 0.705479 -0.294521 2.60307 -0.368291
34.0942 0.346193 0.705479 -0.294521 2.59469 -0.371909

34.0942 0.34617 0.705479 -0.294521 2.59479 -0.371903
34.0965 0.351562 0.705479 -0.294521 2.5825 -0.382691

34.0965 0.351562 0.699976 -0.300024 2.58249 -0.382677
34.0996 0.358887 0.699976 -0.300024 2.57522 -0.413022

34.0996 0.358887 0.694412 -0.305588 2.57522 -0.413015
34.1016 0.363294 0.694412 -0.305588 2.56648 -0.433666

34.1016 0.363281 0.694412 -0.305588 2.56652 -0.433653
34.1029 0.366211 0.694412 -0.305588 2.56061 -0.443917

34.1028 0.366211 0.688952 -0.311048 2.56059 -0.443887
34.1062 0.373535 0.688952 -0.311048 2.55608 -0.475069

34.1062 0.373535 0.683582 -0.316418 2.55608 -0.475074
34.1089 0.379439 0.683582 -0.316418 2.536 -0.50628

34.1089 0.379428 0.683582 -0.316418 2.53608 -0.506271
34.1095 0.380859 0.683582 -0.316418 2.52658 -0.511656

34.1095 0.380859 0.678403 -0.321597 2.52657 -0.511625
34.113 0.388184 0.678403 -0.321597 2.50384 -0.540218

34.113 0.388184 0.672853 -0.327147 2.50384 -0.540186
34.1162 0.39476 0.672853 -0.327147 2.47996 -0.576001

34.1162 0.394755 0.672853 -0.327147 2.47999 -0.575999
34.1166 0.395508 0.672853 -0.327147 2.47577 -0.578809

34.1166 0.395508 0.666874 -0.333126 2.47576 -0.578788
34.1202 0.402832 0.666874 -0.333126 2.45764 -0.610836

34.1202 0.402832 0.66072 -0.33928 2.45764 -0.610818
34.1235 0.409267 0.66072 -0.33928 2.42886 -0.654795

34.1235 0.409259 0.66072 -0.33928 2.42893 -0.654789
34.124 0.410156 0.66072 -0.33928 2.42089 -0.659357

34.124 0.410156 0.654848 -0.345152 2.42089 -0.65935
34.1279 0.41748 0.654848 -0.345152 2.38531 -0.692757

34.1279 0.41748 0.649438 -0.350562 2.38531 -0.69274
34.1309 0.423049 0.649438 -0.350562 2.36044 -0.722768

34.1309 0.423032 0.649438 -0.350562 2.36058 -0.722758
34.1318 0.424805 0.649438 -0.350562 2.3487 -0.730409

34.1318 0.424805 0.64363 -0.35637 2.34868 -0.730326
34.1359 0.432129 0.64363 -0.35637 2.32162 -0.77408

34.1359 0.432129 0.637541 -0.362459 2.3216 -0.773976
34.1382 0.436229 0.637541 -0.362459 2.30882 -0.811096

34.1382 0.436195 0.637541 -0.362459 2.30906 -0.811022
34.14 0.439453 0.637541 -0.362459 2.29528 -0.836508

34.14 0.439453 0.631003 -0.368997 2.2952 -0.836333
34.1443 0.446777 0.631003 -0.368997 2.24525 -0.892014

34.1443 0.446777 0.625198 -0.374802 2.24523 -0.891763
34.1455 0.448825 0.625198 -0.374802 2.22353 -0.906744

34.1455 0.448753 0.624749 -0.375251 2.22435 -0.906719
34.1487 0.454102 0.624749 -0.375251 2.19908 -0.94487

34.1487 0.454102 0.618613 -0.381387 2.19896 -0.944701
34.1528 0.460803 0.618613 -0.381387 2.14094 -1.00195

34.1528 0.460787 0.62313 -0.37687 2.14118 -1.00196
34.1532 0.461426 0.62313 -0.37687 2.13247 -1.00577

34.1532 0.461426 0.611563 -0.388437 2.13247 -1.00572
34.1579 0.46875 0.611563 -0.388437 2.07237 -1.05993

34.1578 0.46875 0.604846 -0.395154 2.07234 -1.05963
34.1602 0.472282 0.604846 -0.395154 2.0574 -1.10142

34.1602 0.47222 0.604817 -0.395183 2.05774 -1.10139
34.1627 0.476074 0.604817 -0.395183 2.03781 -1.14518

34.1626 0.476074 0.597424 -0.402576 2.03763 -1.14475
34.1675 0.483252 0.597424 -0.402576 1.94906 -1.21129

34.1675 0.48324 0.599245 -0.400755 1.94929 -1.21131
34.1676 0.483398 0.599245 -0.400755 1.94621 -1.21245

34.1676 0.483398 0.589844 -0.410156 1.94621 -1.21246
34.1727 0.490723 0.589844 -0.410156 1.85121 -1.26682

34.1727 0.490723 0.586312 -0.413688 1.85121 -1.2665
34.1748 0.493762 0.586312 -0.413688 1.82607 -1.29614

34.1748 0.493663 0.583194 -0.416806 1.82689 -1.29631
34.1779 0.498047 0.583194 -0.416806 1.79701 -1.34312

34.1779 0.498047 0.575112 -0.424888 1.79685 -1.34242
34.1821 0.503784 0.575112 -0.424888 1.73373 -1.41567

34.1821 0.503738 0.5769 -0.4231 1.7346 -1.41582
34.1833 0.505371 0.5769 -0.4231 1.70194 -1.43163

34.1833 0.505371 0.565193 -0.434807 1.70198 -1.43119
34.1889 0.512695 0.565193 -0.434807 1.58538 -1.48873

34.1889 0.512695 0.560956 -0.439044 1.58549 -1.48747
34.1895 0.51345 0.560956 -0.439044 1.57611 -1.4946

34.1895 0.513308 0.556678 -0.443322 1.57771 -1.49514
34.1948 0.52002 0.556678 -0.443322 1.50467 -1.56593

34.1947 0.52002 0.553598 -0.446402 1.50486 -1.56464
34.1968 0.522549 0.553598 -0.446402 1.47596 -1.59554

34.1968 0.522416 0.549316 -0.450684 1.47712 -1.59621
34.2008 0.527344 0.549316 -0.450684 1.40185 -1.63861

34.2008 0.527344 0.544175 -0.455825 1.40197 -1.6383
34.2041 0.531285 0.544175 -0.455825 1.33096 -1.65331

34.2041 0.531184 0.539594 -0.460406 1.33181 -1.65422
34.2071 0.534668 0.539594 -0.460406 1.28548 -1.67215

34.2071 0.534668 0.531405 -0.468595 1.28541 -1.67234
34.2114 0.539589 0.531405 -0.468595 1.22366 -1.70576

34.2114 0.539526 0.525031 -0.474969 1.22415 -1.70629
34.2137 0.541992 0.525031 -0.474969 1.19477 -1.72467

34.2137 0.541992 0.519105 -0.480895 1.19477 -1.72466
34.2188 0.547491 0.519105 -0.480895 1e+30 1e+30

