18.5156 0.459579 -0.665832 -0.334168 1.57039 2.25554
18.5147 0.461426 -0.665832 -0.334168 1.55222 2.26725

18.5147 0.461426 -0.657126 -0.342874 1.55238 2.26727
18.5109 0.46875 -0.657126 -0.342874 1.48137 2.31537

18.6054 0 -0.997621 -0.00237893 2.66216 0
18.6054 0.00732422 -0.997621 -0.00237893 2.66053 0.0257697

18.6054 0.00732422 -0.992743 -0.00725704 2.66052 0.0257697
18.6053 0.0146484 -0.992743 -0.00725704 2.65576 0.0521901

18.6054 0.0146484 -0.987319 -0.0126809 2.65575 0.0521885
18.6053 0.0219727 -0.987319 -0.0126809 2.6583 0.0771577

18.6053 0.0219727 -0.981738 -0.0182616 2.65831 0.0771606
18.6051 0.0292969 -0.981738 -0.0182616 2.68341 0.109124

18.6051 0.0292969 -0.976624 -0.023376 2.68342 0.109127
18.6049 0.0366211 -0.976624 -0.023376 2.70069 0.145371

18.6049 0.0366211 -0.971935 -0.0280655 2.7007 0.145373
18.6047 0.0439453 -0.971935 -0.0280655 2.69035 0.172328

18.6047 0.0439453 -0.965224 -0.034776 2.69028 0.172315
18.6042 0.0585938 -0.965224 -0.034776 2.68285 0.228685

18.6035 0.0730779 -0.956191 -0.0438092 2.6804 0.285699
18.6035 0.0732422 -0.956191 -0.0438092 2.68033 0.28636

18.6035 0.0737574 -0.946972 -0.0530279 2.67986 0.288422
18.6027 0.0878906 -0.946972 -0.0530279 2.67084 0.345568

18.6027 0.0878906 -0.937798 -0.0622023 2.67085 0.345568
18.6018 0.102539 -0.937798 -0.0622023 2.66583 0.408477

18.6018 0.102539 -0.928702 -0.0712985 2.66582 0.408477
18.6006 0.117188 -0.928702 -0.0712985 2.6592 0.473608

18.6042 0.0585938 -0.956191 -0.0438092 2.68283 0.228684
18.6035 0.0732422 -0.956191 -0.0438092 2.68005 0.286345

18.6006 0.117188 -0.919837 -0.0801629 2.65921 0.473609
18.5994 0.131836 -0.919837 -0.0801629 2.65139 0.537492

18.5994 0.131836 -0.910648 -0.0893522 2.65134 0.537486
18.5979 0.146484 -0.910648 -0.0893522 2.64804 0.602745

18.5979 0.146484 -0.901221 -0.0987789 2.64806 0.602747
18.5963 0.161133 -0.901221 -0.0987789 2.63669 0.668656

18.5963 0.161133 -0.892112 -0.107888 2.63668 0.668655
18.5945 0.175781 -0.892112 -0.107888 2.61088 0.732184

18.5945 0.175781 -0.885444 -0.114556 2.61099 0.732187
18.5936 0.183105 -0.885444 -0.114556 2.60143 0.766193

18.5936 0.183105 -0.881711 -0.118289 2.60143 0.766193
18.5926 0.19043 -0.881711 -0.118289 2.59068 0.796464

18.5926 0.19043 -0.875068 -0.124932 2.59056 0.796464
18.5905 0.205078 -0.875068 -0.124932 2.57322 0.862588

18.5889 0.215794 -0.865527 -0.134473 2.56044 0.913071
18.5883 0.219727 -0.865527 -0.134473 2.55356 0.933193

18.5882 0.219727 -0.858071 -0.141929 2.55375 0.933217
18.587 0.227051 -0.858071 -0.141929 2.54282 0.970631

18.587 0.227051 -0.853653 -0.146347 2.54279 0.970627
18.5858 0.234375 -0.853653 -0.146347 2.53409 1.00686

18.5889 0.215744 -0.865527 -0.134473 2.56059 0.912836
18.5905 0.205078 -0.865527 -0.134473 2.57319 0.862587

18.5742 0.291354 -0.813989 -0.186011 2.40014 1.29163
18.5738 0.292969 -0.813989 -0.186011 2.39306 1.29926

18.5738 0.292969 -0.808821 -0.191179 2.39307 1.29926
18.5721 0.300293 -0.808821 -0.191179 2.37587 1.33316

18.5721 0.300293 -0.803018 -0.196982 2.37588 1.33316
18.5703 0.307617 -0.803018 -0.196982 2.3711 1.37185

18.5669 0.320937 -0.792188 -0.207812 2.32538 1.45036
18.5665 0.322266 -0.792188 -0.207812 2.31913 1.45775

18.5703 0.307617 -0.797502 -0.202498 2.37111 1.37186
18.5685 0.314941 -0.797502 -0.202498 2.34863 1.4152

18.5669 0.320903 -0.792188 -0.207812 2.32563 1.45018
18.5685 0.314941 -0.792188 -0.207812 2.34865 1.4152

18.5596 0.346952 -0.769752 -0.230248 2.23078 1.59951
18.5582 0.351562 -0.769752 -0.230248 2.20944 1.62691

18.5665 0.322266 -0.786761 -0.213239 2.31919 1.45776
18.5646 0.32959 -0.786761 -0.213239 2.29187 1.49788

18.5646 0.32959 -0.781044 -0.218956 2.29186 1.49788
18.5625 0.336914 -0.781044 -0.218956 2.27276 1.53853

18.5625 0.336914 -0.775312 -0.224688 2.27276 1.53853
18.5604 0.344238 -0.775312 -0.224688 2.24352 1.58167

18.5596 0.346928 -0.769752 -0.230248 2.23096 1.59937
18.5604 0.344238 -0.769752 -0.230248 2.24357 1.58168

18.5858 0.234375 -0.848615 -0.151385 2.53408 1.00686
18.5845 0.241699 -0.848615 -0.151385 2.52299 1.04112

18.5845 0.241699 -0.843486 -0.156514 2.52299 1.04112
18.5831 0.249023 -0.843486 -0.156514 2.50973 1.07618

18.5815 0.25711 -0.833507 -0.166493 2.4964 1.11815
18.5802 0.263672 -0.833507 -0.166493 2.48707 1.15252

18.5831 0.249023 -0.838473 -0.161527 2.50973 1.07618
18.5817 0.256348 -0.838473 -0.161527 2.49759 1.11408

18.5815 0.2571 -0.833507 -0.166493 2.49644 1.1181
18.5817 0.256348 -0.833507 -0.166493 2.4976 1.11409

18.5802 0.263672 -0.828434 -0.171566 2.48707 1.15252
18.5787 0.270996 -0.828434 -0.171566 2.47335 1.18911

18.5787 0.270996 -0.823319 -0.176681 2.47335 1.18911
18.5771 0.27832 -0.823319 -0.176681 2.45359 1.22561

18.5771 0.27832 -0.818477 -0.181523 2.4536 1.22561
18.5755 0.285645 -0.818477 -0.181523 2.42473 1.26297

18.5742 0.291324 -0.813989 -0.186011 2.40033 1.29151
18.5755 0.285645 -0.813989 -0.186011 2.42475 1.26297

18.5449 0.391344 -0.732413 -0.267587 2.03726 1.86024
18.5434 0.395508 -0.732413 -0.267587 2.01301 1.8839

18.5434 0.395508 -0.725964 -0.274036 2.01303 1.88391
18.5406 0.402832 -0.725964 -0.274036 1.9738 1.92702

18.5406 0.402832 -0.719235 -0.280765 1.9738 1.92702
18.5378 0.410156 -0.719235 -0.280765 1.92696 1.96442

18.5582 0.351562 -0.763922 -0.236078 2.20944 1.62691
18.5559 0.358887 -0.763922 -0.236078 2.18256 1.67111

18.5559 0.358887 -0.757745 -0.242255 2.18256 1.67111
18.5536 0.366211 -0.757745 -0.242255 2.15523 1.71074

18.5522 0.370281 -0.751587 -0.248413 2.13793 1.73576
18.5512 0.373535 -0.751587 -0.248413 2.12216 1.75399

18.5512 0.373535 -0.745247 -0.254753 2.12219 1.754
18.5487 0.380859 -0.745247 -0.254753 2.09307 1.79849

18.5522 0.370254 -0.751587 -0.248413 2.13815 1.73563
18.5536 0.366211 -0.751587 -0.248413 2.15527 1.71074

18.5487 0.380859 -0.738724 -0.261276 2.09307 1.79849
18.5461 0.388184 -0.738724 -0.261276 2.05605 1.84045

18.5449 0.391318 -0.732413 -0.267587 2.03751 1.8601
18.5461 0.388184 -0.732413 -0.267587 2.05611 1.84046

18.5303 0.428241 -0.69777 -0.30223 1.81512 2.07424
18.5286 0.432129 -0.69777 -0.30223 1.78566 2.09778

18.5286 0.432129 -0.690271 -0.309729 1.78569 2.09779
18.5253 0.439453 -0.690271 -0.309729 1.72691 2.14026

18.5376 0.410603 -0.712288 -0.287712 1.92358 1.967
18.5348 0.41748 -0.712288 -0.287712 1.88083 2.01008

18.5348 0.41748 -0.705025 -0.294975 1.88082 2.01008
18.5318 0.424805 -0.705025 -0.294975 1.83518 2.05217

18.5376 0.410594 -0.712288 -0.287712 1.92368 1.96695
18.5378 0.410156 -0.712288 -0.287712 1.92697 1.96442

18.5303 0.428212 -0.69777 -0.30223 1.81542 2.07406
18.5317 0.424805 -0.69777 -0.30223 1.83526 2.05217

18.5229 0.444538 -0.682386 -0.317614 1.68943 2.16558
18.5219 0.446777 -0.682386 -0.317614 1.66852 2.17758

18.5219 0.446777 -0.674197 -0.325803 1.66866 2.17758
18.5184 0.454102 -0.674197 -0.325803 1.60817 2.22317

18.5229 0.444493 -0.682386 -0.317614 1.6901 2.16534
18.5253 0.439453 -0.682386 -0.317614 1.72697 2.14024

18.5156 0.459531 -0.665832 -0.334168 1.57114 2.25527
18.5183 0.454102 -0.665832 -0.334168 1.60824 2.22316

18.2812 0.619257 0.120443 -0.879557 -1.74822 -0.717491
18.2886 0.62026 0.120443 -0.879557 -1.82323 -0.536171

18.2886 0.620258 0.0854278 -0.914572 -1.8232 -0.536189
18.2959 0.620942 0.0854278 -0.914572 -1.88719 -0.347166

18.2959 0.620941 0.0481346 -0.951865 -1.88717 -0.347177
18.3032 0.621312 0.0481346 -0.951865 -1.93661 -0.144294

18.3032 0.621312 0.00795871 -0.992041 -1.93661 -0.144295
18.3105 0.62137 0.00795871 -0.992041 -1.96484 0.0674883

18.3105 0.621371 -0.0336227 -0.966377 -1.96486 0.0674918
18.3179 0.621117 -0.0336227 -0.966377 -1.97112 0.27759

18.3179 0.621119 -0.0727377 -0.927262 -1.97116 0.277589
18.3252 0.620544 -0.0727377 -0.927262 -1.96146 0.480919

18.3252 0.620546 -0.109761 -0.890239 -1.96151 0.480914
18.3325 0.619643 -0.109761 -0.890239 -1.94468 0.683704

18.3325 0.619645 -0.144805 -0.855195 -1.94472 0.683696
18.3398 0.618405 -0.144805 -0.855195 -1.90697 0.892084

18.3545 0.614919 -0.207038 -0.792962 -1.75053 1.25388
18.3533 0.615234 -0.207038 -0.792962 -1.76334 1.22773

18.3545 0.614914 -0.234782 -0.765218 -1.75033 1.2539
18.3618 0.612666 -0.234782 -0.765218 -1.66739 1.46294

18.3618 0.612668 -0.261716 -0.738284 -1.66743 1.46292
18.3691 0.610071 -0.261716 -0.738284 -1.5408 1.65425

18.3398 0.618405 -0.177502 -0.822498 -1.90696 0.892083
18.3472 0.616824 -0.177502 -0.822498 -1.82848 1.08295

18.3472 0.616818 -0.207038 -0.792962 -1.82819 1.08294
18.3532 0.615234 -0.207038 -0.792962 -1.76341 1.22666

18.3765 0.60716 -0.287082 -0.712918 -1.4101 1.78039
18.3746 0.60791 -0.287082 -0.712918 -1.43999 1.75115

18.3691 0.610059 -0.287082 -0.712918 -1.54015 1.65423
18.3745 0.60791 -0.287082 -0.712918 -1.44011 1.74941

18.3765 0.607134 -0.3123 -0.6877 -1.40913 1.78051
18.3838 0.603808 -0.3123 -0.6877 -1.30032 1.93262

18.3911 0.600159 -0.336537 -0.663463 -1.14914 2.04705
18.3903 0.600586 -0.336537 -0.663463 -1.16361 2.03749

18.3911 0.600096 -0.359468 -0.640532 -1.14673 2.04708
18.3984 0.595985 -0.359468 -0.640532 -1.02285 2.17299

18.3838 0.603792 -0.336537 -0.663463 -1.29953 1.93255
18.3901 0.600586 -0.336537 -0.663463 -1.16325 2.03569

18.4204 0.581243 -0.421887 -0.578113 -0.525694 2.4511
18.414 0.585938 -0.421887 -0.578113 -0.649614 2.39321

18.4277 0.575457 -0.441782 -0.558218 -0.342788 2.52386
18.4237 0.578613 -0.441782 -0.558218 -0.433137 2.49244

18.4204 0.581161 -0.435171 -0.564829 -0.522016 2.45068
18.4237 0.578613 -0.435171 -0.564829 -0.432915 2.49195

18.4497 0.555094 -0.506472 -0.493528 0.169385 2.61643
18.4482 0.556641 -0.506472 -0.493528 0.133935 2.61549

18.457 0.547217 -0.52535 -0.47465 0.343276 2.62422
18.4551 0.549316 -0.52535 -0.47465 0.296772 2.62221

18.4497 0.555041 -0.515582 -0.484418 0.171043 2.61624
18.4551 0.549316 -0.515582 -0.484418 0.297184 2.62197

18.4351 0.569193 -0.464975 -0.535025 -0.177348 2.55971
18.4326 0.571289 -0.464975 -0.535025 -0.230184 2.54251

18.4424 0.56241 -0.487172 -0.512828 -0.00512418 2.59737
18.4407 0.563965 -0.487172 -0.512828 -0.0441347 2.58972

18.4351 0.569094 -0.477944 -0.522056 -0.174186 2.55965
18.4407 0.563965 -0.477944 -0.522056 -0.0435414 2.58915

18.4277 0.575365 -0.45849 -0.54151 -0.339756 2.52412
18.4325 0.571289 -0.45849 -0.54151 -0.229605 2.54175

18.4424 0.562318 -0.496428 -0.503572 -0.00212921 2.59718
18.4481 0.556641 -0.496428 -0.503572 0.134433 2.61524

18.4863 0.50958 -0.595989 -0.404011 0.988977 2.53578
18.4842 0.512695 -0.595989 -0.404011 0.949848 2.55911

18.479 0.520051 -0.571997 -0.428003 0.830467 2.59055
18.4735 0.527344 -0.571997 -0.428003 0.693348 2.60625

18.4842 0.512695 -0.584883 -0.415117 0.94996 2.55914
18.479 0.52002 -0.584883 -0.415117 0.831341 2.59038

18.479 0.520034 -0.579106 -0.420894 0.83095 2.59045
18.479 0.52002 -0.579106 -0.420894 0.831265 2.5904

18.501 0.486377 -0.628523 -0.371477 1.29689 2.41901
18.4984 0.490723 -0.628523 -0.371477 1.2525 2.45996

18.4984 0.490723 -0.618805 -0.381195 1.25247 2.45995
18.4939 0.498047 -0.618805 -0.381195 1.13662 2.48733

18.5083 0.473502 -0.647888 -0.352112 1.43919 2.34021
18.5069 0.476074 -0.647888 -0.352112 1.40493 2.35442

18.5069 0.476074 -0.638075 -0.361925 1.40508 2.35443
18.5027 0.483398 -0.638075 -0.361925 1.32015 2.39758

18.5083 0.47345 -0.647888 -0.352112 1.4402 2.33994
18.5109 0.46875 -0.647888 -0.352112 1.48147 2.31534

18.501 0.486349 -0.628523 -0.371477 1.29732 2.4188
18.5027 0.483398 -0.628523 -0.371477 1.32033 2.39758

18.4937 0.498447 -0.607332 -0.392668 1.12798 2.48835
18.4892 0.505371 -0.607332 -0.392668 1.02155 2.5159

18.4863 0.50954 -0.595839 -0.404161 0.989757 2.53557
18.4892 0.505371 -0.595839 -0.404161 1.02183 2.51582

18.4937 0.498428 -0.616748 -0.383252 1.12849 2.48825
18.4939 0.498047 -0.616748 -0.383252 1.13671 2.48729

18.4644 0.538745 -0.544857 -0.455143 0.507965 2.62372
18.4616 0.541992 -0.544857 -0.455143 0.444713 2.62977

18.4717 0.529711 -0.558061 -0.441939 0.660204 2.60573
18.4678 0.534668 -0.558061 -0.441939 0.572945 2.62244

18.4644 0.538752 -0.549778 -0.450222 0.507776 2.62374
18.4677 0.534668 -0.549778 -0.450222 0.573713 2.62193

18.457 0.547185 -0.532157 -0.467843 0.344218 2.6241
18.4616 0.541992 -0.532157 -0.467843 0.44509 2.6297

18.4717 0.529709 -0.564726 -0.435274 0.660246 2.60572
18.4735 0.527344 -0.564726 -0.435274 0.6939 2.60586

18.4058 0.591513 -0.381138 -0.618862 -0.826386 2.32139
18.4029 0.593262 -0.381138 -0.618862 -0.901566 2.26141

18.3984 0.595951 -0.381138 -0.618862 -1.02099 2.17284
18.4028 0.593262 -0.381138 -0.618862 -0.901686 2.25936

18.4058 0.591472 -0.401093 -0.598907 -0.824667 2.32165
18.4131 0.586567 -0.401093 -0.598907 -0.665845 2.39383

18.4131 0.586562 -0.412043 -0.587957 -0.665683 2.3938
18.414 0.585938 -0.412043 -0.587957 -0.649611 2.39321

