4.76644 0 0.994321 -0.00567929 2.01491 0
4.76648 0.00732422 0.994321 -0.00567929 2.00003 -0.0300612

4.76648 0.00732422 0.983061 -0.0169389 2.00003 -0.0300626
4.76661 0.0146484 0.983061 -0.0169389 1.971 -0.0528862

4.76661 0.0146484 0.97233 -0.0276702 1.97101 -0.0528792
4.76682 0.0219727 0.97233 -0.0276702 1.94725 -0.077198

4.76682 0.0219727 0.962459 -0.0375409 1.94725 -0.0771942
4.7671 0.0292969 0.962459 -0.0375409 1.93358 -0.100074

4.7671 0.0292969 0.952931 -0.047069 1.93358 -0.100075
4.76746 0.0366211 0.952931 -0.047069 1.9308 -0.121777

4.76746 0.0366211 0.943223 -0.056777 1.93079 -0.121775
4.7679 0.0439453 0.943223 -0.056777 1.93699 -0.147253

4.7679 0.0439453 0.933278 -0.0667223 1.93699 -0.147251
4.76807 0.0462291 0.933278 -0.0667223 1.94015 -0.156177

4.76807 0.0462331 0.933278 -0.0667223 1.94015 -0.156191
4.76843 0.0512695 0.933278 -0.0667223 1.94195 -0.174364

4.76843 0.0512695 0.92361 -0.07639 1.94195 -0.17437
4.76903 0.0585938 0.92361 -0.07639 1.93767 -0.19611

4.76903 0.0585938 0.914469 -0.0855305 1.93767 -0.196112
4.76972 0.065918 0.914469 -0.0855305 1.9278 -0.209303

4.76972 0.065918 0.905496 -0.0945043 1.92779 -0.209302
4.77048 0.0732422 0.905496 -0.0945043 1.91652 -0.219476

4.77048 0.0732422 0.896447 -0.103553 1.91652 -0.219475
4.77133 0.0805664 0.896447 -0.103553 1.90492 -0.235163

4.77133 0.0805664 0.887329 -0.112671 1.90491 -0.235162
4.77226 0.0878906 0.887329 -0.112671 1.89663 -0.251299

4.77226 0.0878906 0.878356 -0.121644 1.89663 -0.251299
4.77327 0.0952148 0.878356 -0.121644 1.88807 -0.262092

4.77327 0.0952148 0.869753 -0.130247 1.88807 -0.262093
4.77437 0.102539 0.869753 -0.130247 1.89491 -0.278258

4.77436 0.102539 0.8601 -0.1399 1.89488 -0.278235
4.77539 0.108856 0.8601 -0.1399 1.8975 -0.295906

4.77539 0.108855 0.8601 -0.1399 1.89751 -0.295904
4.77555 0.109863 0.8601 -0.1399 1.89325 -0.298432

4.77556 0.109863 0.850864 -0.149136 1.89329 -0.29846
4.77685 0.117188 0.850864 -0.149136 1.87568 -0.313043

4.77685 0.117188 0.843242 -0.156758 1.87567 -0.313042
4.77821 0.124512 0.843242 -0.156758 1.87735 -0.3253

4.77821 0.124512 0.835654 -0.164346 1.87735 -0.3253
4.77965 0.131836 0.835654 -0.164346 1.87074 -0.339899

4.77962 0.131836 0.823263 -0.176737 1.87062 -0.339842
4.78277 0.146484 0.823263 -0.176737 1.85465 -0.371149

4.78276 0.146484 0.806781 -0.193219 1.85463 -0.371144
4.78627 0.161133 0.806781 -0.193219 1.83573 -0.399533

4.78626 0.161133 0.790084 -0.209916 1.8357 -0.399522
4.79004 0.175342 0.790084 -0.209916 1.82081 -0.434075

4.79004 0.175333 0.790084 -0.209916 1.82083 -0.434053
4.79016 0.175781 0.790084 -0.209916 1.82403 -0.434801

4.79002 0.175781 0.774564 -0.225436 1.81983 -0.435085
4.79004 0.17586 0.774564 -0.225436 1.8233 -0.434758

4.79019 0.175781 0.777862 -0.222138 1.82419 -0.434857
4.79228 0.183105 0.777862 -0.222138 1.81686 -0.461004

4.79228 0.183105 0.771306 -0.228694 1.81686 -0.461005
4.79445 0.19043 0.771306 -0.228694 1.80135 -0.478136

4.79442 0.19043 0.759544 -0.240456 1.80119 -0.478052
4.79906 0.205078 0.759544 -0.240456 1.77214 -0.521038

4.79909 0.205078 0.748022 -0.251978 1.77229 -0.521133
4.80155 0.212402 0.748022 -0.251978 1.76243 -0.544967

4.80155 0.212402 0.740656 -0.259344 1.76241 -0.544961
4.80411 0.219727 0.740656 -0.259344 1.74029 -0.557072

4.80409 0.219727 0.729303 -0.270697 1.7402 -0.557018
4.80469 0.221336 0.729303 -0.270697 1.73589 -0.561162

4.80469 0.221339 0.729303 -0.270697 1.73588 -0.561167
4.80953 0.234375 0.729303 -0.270697 1.70448 -0.591564

4.80955 0.234375 0.718327 -0.281673 1.70456 -0.591629
4.81201 0.240651 0.718327 -0.281673 1.68787 -0.604194

4.81201 0.240646 0.718327 -0.281673 1.68789 -0.604189
4.81242 0.241699 0.718327 -0.281673 1.6855 -0.606189

4.81242 0.241699 0.710762 -0.289238 1.68549 -0.606178
4.8154 0.249023 0.710762 -0.289238 1.68259 -0.627199

4.8154 0.249023 0.702707 -0.297293 1.68258 -0.627194
4.8185 0.256348 0.702707 -0.297293 1.66423 -0.662647

4.81848 0.256348 0.694988 -0.305012 1.66418 -0.662587
4.81934 0.258287 0.694988 -0.305012 1.65322 -0.671378

4.81934 0.258238 0.694988 -0.305012 1.65357 -0.67126
4.82172 0.263672 0.694988 -0.305012 1.62712 -0.687649

4.82171 0.263672 0.687656 -0.312344 1.6271 -0.687618
4.82504 0.270996 0.687656 -0.312344 1.6003 -0.701138

4.82503 0.270996 0.680306 -0.319694 1.60028 -0.701114
4.82666 0.274454 0.680306 -0.319694 1.59046 -0.711978

4.82666 0.274432 0.680306 -0.319694 1.59056 -0.711955
4.82849 0.27832 0.680306 -0.319694 1.58981 -0.729106

4.82848 0.27832 0.672908 -0.327092 1.58977 -0.729066
4.83204 0.285645 0.672908 -0.327092 1.56927 -0.751351

4.83203 0.285645 0.665392 -0.334608 1.56924 -0.751328
4.83398 0.289536 0.665392 -0.334608 1.54714 -0.755674

4.83398 0.289454 0.668935 -0.331065 1.54768 -0.755591
4.83572 0.292969 0.668935 -0.331065 1.52613 -0.764884

4.83572 0.292969 0.657565 -0.342435 1.52612 -0.764875
4.83953 0.300293 0.657565 -0.342435 1.49596 -0.779437

4.83953 0.300293 0.649864 -0.350136 1.49594 -0.779418
4.84131 0.303597 0.649864 -0.350136 1.48819 -0.78748

4.84131 0.303568 0.649864 -0.350136 1.48831 -0.787461
4.84349 0.307617 0.649864 -0.350136 1.48141 -0.799626

4.84348 0.307617 0.642066 -0.357934 1.48136 -0.799583
4.84756 0.314941 0.642066 -0.357934 1.45798 -0.825666

4.84754 0.314941 0.633931 -0.366069 1.45793 -0.825566
4.84863 0.316833 0.633931 -0.366069 1.44751 -0.83273

4.84863 0.316786 0.633774 -0.366226 1.44784 -0.832685
4.8518 0.322266 0.633774 -0.366226 1.43189 -0.85423

4.85179 0.322266 0.625299 -0.374701 1.43184 -0.854185
4.85596 0.329221 0.625299 -0.374701 1.39164 -0.887282

4.85596 0.329212 0.629086 -0.370914 1.39173 -0.887284
4.85618 0.32959 0.629086 -0.370914 1.38843 -0.888661

4.85618 0.32959 0.617006 -0.382994 1.38843 -0.888669
4.86073 0.336914 0.617006 -0.382994 1.34219 -0.909995

4.86071 0.336914 0.60934 -0.39066 1.34217 -0.909954
4.86328 0.34092 0.60934 -0.39066 1.31302 -0.916335

4.86328 0.340865 0.60934 -0.39066 1.31335 -0.916411
4.86544 0.344238 0.60934 -0.39066 1.29618 -0.919416

4.86542 0.344238 0.601415 -0.398585 1.29615 -0.919327
4.87027 0.351562 0.601415 -0.398585 1.27448 -0.944273

4.87024 0.351562 0.600099 -0.399901 1.27438 -0.944066
4.87061 0.352111 0.600099 -0.399901 1.27305 -0.946626

4.87061 0.352044 0.593052 -0.406948 1.27334 -0.946598
4.8753 0.358887 0.593052 -0.406948 1.24703 -0.978407

4.87528 0.358887 0.585563 -0.414437 1.24699 -0.978313
4.87793 0.362624 0.585563 -0.414437 1.22667 -0.995671

4.87793 0.362569 0.584996 -0.415004 1.22708 -0.995609
4.88051 0.366211 0.584996 -0.415004 1.21139 -1.01499

4.88049 0.366211 0.576115 -0.423885 1.2113 -1.01488
4.88525 0.372679 0.576115 -0.423885 1.1628 -1.04031

4.88525 0.372665 0.576522 -0.423478 1.16298 -1.0403
4.88589 0.373535 0.576522 -0.423478 1.15284 -1.04296

4.88588 0.373535 0.567178 -0.432822 1.15282 -1.04292
4.89147 0.380859 0.567178 -0.432822 1.09496 -1.06081

4.89143 0.380859 0.561514 -0.438486 1.09486 -1.06064
4.89258 0.382334 0.561514 -0.438486 1.07517 -1.06922

4.89258 0.382243 0.558266 -0.441734 1.07605 -1.06919
4.89728 0.388184 0.558266 -0.441734 1.03012 -1.08781

4.89727 0.388184 0.554674 -0.445326 1.03011 -1.08778
4.8999 0.391461 0.554674 -0.445326 1.00754 -1.09534

4.8999 0.391369 0.55121 -0.44879 1.00835 -1.0954
4.90327 0.395508 0.55121 -0.44879 0.975616 -1.1096

4.90329 0.395508 0.542302 -0.457698 0.975655 -1.1097
4.90723 0.400169 0.542302 -0.457698 0.940582 -1.12844

4.90723 0.400102 0.538303 -0.461697 0.941202 -1.12854
4.90957 0.402832 0.538303 -0.461697 0.918782 -1.1392

4.90955 0.402832 0.529936 -0.470064 0.918764 -1.13912
4.91455 0.408466 0.529936 -0.470064 0.869389 -1.15324

4.91455 0.408436 0.525823 -0.474177 0.869698 -1.15331
4.9161 0.410156 0.525823 -0.474177 0.851923 -1.15714

4.91608 0.410156 0.518929 -0.481071 0.851923 -1.15704
4.92188 0.416404 0.518929 -0.481071 0.797664 -1.16545

4.92188 0.416388 0.514279 -0.485721 0.797776 -1.16549
4.92291 0.41748 0.514279 -0.485721 0.790405 -1.16697

4.9229 0.41748 0.508947 -0.491053 0.790402 -1.16694
4.9292 0.42401 0.508947 -0.491053 0.738978 -1.17396

4.9292 0.424001 0.503974 -0.496026 0.739051 -1.17398
4.92999 0.424805 0.503974 -0.496026 0.733305 -1.17457

4.92998 0.424805 0.498383 -0.501617 0.733295 -1.17452
4.93652 0.431311 0.498383 -0.501617 0.678356 -1.18729

4.93652 0.431303 0.493199 -0.506801 0.678435 -1.18731
4.93737 0.432129 0.493199 -0.506801 0.66933 -1.18891

4.93735 0.432129 0.487705 -0.512295 0.669341 -1.18881
4.94385 0.438312 0.487705 -0.512295 0.60618 -1.20373

4.94385 0.438294 0.480953 -0.519047 0.606357 -1.20379
4.9451 0.439453 0.480953 -0.519047 0.594912 -1.20757

4.94508 0.439453 0.476034 -0.523966 0.594913 -1.20744
4.95117 0.444991 0.476034 -0.523966 0.536319 -1.21192

4.95117 0.444967 0.467476 -0.532524 0.536521 -1.21203
4.95323 0.446777 0.467476 -0.532524 0.518056 -1.21102

4.9532 0.446777 0.46359 -0.53641 0.518114 -1.21089
4.9585 0.451357 0.46359 -0.53641 0.471673 -1.21175

4.9585 0.451351 0.453214 -0.546786 0.471724 -1.21177
4.96181 0.454102 0.453214 -0.546786 0.444657 -1.21021

4.96172 0.454102 0.449404 -0.550596 0.444787 -1.20988
4.96582 0.457452 0.449404 -0.550596 0.408861 -1.2122

4.96582 0.457453 0.443788 -0.556212 0.408841 -1.21219
4.9708 0.461426 0.443788 -0.556212 0.36701 -1.20453

4.97071 0.461426 0.437987 -0.562013 0.367033 -1.20456
4.97314 0.463321 0.437987 -0.562013 0.346155 -1.19761

4.97314 0.463311 0.432892 -0.567108 0.346256 -1.19764
4.98027 0.46875 0.432892 -0.567108 1e+30 1e+30

