22.0445 0 0.996794 -0.00320569 2.75429 0
22.0445 0.00732422 0.996794 -0.00320569 2.7539 -0.00335903

22.0445 0.00732422 0.990321 -0.00967936 2.7539 -0.00335931
22.0446 0.0146484 0.990321 -0.00967936 2.75675 -0.00896915

22.0446 0.0146484 0.983481 -0.0165191 2.75675 -0.00896956
22.0447 0.0219727 0.983481 -0.0165191 2.75861 -0.0161138

22.0447 0.0219727 0.975874 -0.0241259 2.75861 -0.0161135
22.0449 0.0292969 0.975874 -0.0241259 2.7525 -0.0235317

22.0449 0.0292969 0.963829 -0.0361706 2.75248 -0.0235354
22.0454 0.0439453 0.963829 -0.0361706 2.74687 -0.0339076

22.0454 0.0439453 0.952247 -0.0477531 2.74689 -0.0339118
22.0458 0.0512695 0.952247 -0.0477531 2.74698 -0.0397392

22.0458 0.0512695 0.946255 -0.0537454 2.74698 -0.0397367
22.0459 0.0532155 0.946255 -0.0537454 2.74716 -0.0419277

22.0459 0.0530141 0.946255 -0.0537454 2.74715 -0.0417057
22.0462 0.0585938 0.946255 -0.0537454 2.74584 -0.0466153

22.0459 0.0585938 0.93584 -0.0641602 2.7433 -0.0482394
22.0459 0.0591371 0.93584 -0.0641602 2.74506 -0.0470022

22.0462 0.0585938 0.939585 -0.0604146 2.74583 -0.0466147
22.0467 0.065918 0.939585 -0.0604146 2.74204 -0.0531072

22.0467 0.065918 0.932205 -0.0677948 2.74204 -0.0531072
22.0472 0.0732422 0.932205 -0.0677948 2.75481 -0.061407

22.0472 0.0732422 0.925572 -0.0744283 2.75482 -0.061407
22.0478 0.0805664 0.925572 -0.0744283 2.75182 -0.0737102

22.0478 0.0805664 0.918746 -0.0812539 2.75181 -0.0737087
22.0484 0.0878906 0.918746 -0.0812539 2.72156 -0.0821554

22.0484 0.0878906 0.91158 -0.0884203 2.72156 -0.082155
22.0492 0.0952148 0.91158 -0.0884203 2.72306 -0.084596

22.0492 0.0952148 0.904725 -0.095275 2.72306 -0.084598
22.0499 0.102539 0.904725 -0.095275 2.73304 -0.0932592

22.0499 0.102539 0.898583 -0.101417 2.73305 -0.093264
22.0508 0.109863 0.898583 -0.101417 2.7411 -0.10399

22.0508 0.109863 0.892604 -0.107396 2.7411 -0.103987
22.0516 0.117188 0.892604 -0.107396 2.74731 -0.114333

22.0516 0.117188 0.8861 -0.1139 2.74731 -0.114329
22.0526 0.124512 0.8861 -0.1139 2.74081 -0.121524

22.0526 0.124512 0.879728 -0.120272 2.74081 -0.121526
22.0532 0.129209 0.879728 -0.120272 2.73446 -0.123753

22.0532 0.129205 0.879728 -0.120272 2.73447 -0.123754
22.0536 0.131836 0.879728 -0.120272 2.733 -0.123811

22.0536 0.131836 0.870528 -0.129472 2.73298 -0.123805
22.0557 0.146484 0.870528 -0.129472 2.72456 -0.127123

22.0557 0.146484 0.858132 -0.141868 2.72455 -0.127121
22.0582 0.161133 0.858132 -0.141868 2.72129 -0.131797

22.0582 0.161133 0.845878 -0.154122 2.72129 -0.131798
22.0605 0.17421 0.845878 -0.154122 2.71328 -0.132452

22.0605 0.174225 0.842928 -0.157072 2.71326 -0.132451
22.0608 0.175781 0.842928 -0.157072 2.71136 -0.132361

22.0608 0.175781 0.836997 -0.163003 2.71136 -0.132361
22.0623 0.183105 0.836997 -0.163003 2.70823 -0.130727

22.0623 0.183105 0.831143 -0.168857 2.70823 -0.130727
22.0638 0.19043 0.831143 -0.168857 2.71731 -0.130853

22.0638 0.19043 0.825362 -0.174638 2.71731 -0.130853
22.0653 0.197754 0.825362 -0.174638 2.72764 -0.14143

22.0653 0.197754 0.819551 -0.180449 2.72764 -0.14143
22.0669 0.205078 0.819551 -0.180449 2.72746 -0.155026

22.0669 0.205078 0.813845 -0.186155 2.72746 -0.155024
22.0679 0.209218 0.813845 -0.186155 2.72488 -0.16106

22.0679 0.209212 0.813845 -0.186155 2.72489 -0.161058
22.0686 0.212402 0.813845 -0.186155 2.7203 -0.1639

22.0686 0.212402 0.8081 -0.1919 2.7203 -0.163897
22.0703 0.219727 0.8081 -0.1919 2.71131 -0.169955

22.0703 0.219727 0.802064 -0.197936 2.71131 -0.169953
22.0721 0.227051 0.802064 -0.197936 2.70576 -0.180891

22.0721 0.227051 0.795814 -0.204186 2.70576 -0.180889
22.074 0.234375 0.795814 -0.204186 2.70338 -0.197097

22.074 0.234375 0.789985 -0.210015 2.70339 -0.197102
22.0752 0.238777 0.789985 -0.210015 2.70207 -0.20589

22.0752 0.23877 0.789985 -0.210015 2.70208 -0.20588
22.076 0.241699 0.789985 -0.210015 2.69662 -0.212173

22.076 0.241699 0.784705 -0.215295 2.69662 -0.212171
22.078 0.249023 0.784705 -0.215295 2.68852 -0.225918

22.078 0.249023 0.779231 -0.220769 2.68852 -0.225913
22.0801 0.256348 0.779231 -0.220769 2.68091 -0.240938

22.0801 0.256348 0.77346 -0.22654 2.68091 -0.240937
22.0822 0.263672 0.77346 -0.22654 2.67005 -0.254667

22.0822 0.263672 0.767865 -0.232135 2.67005 -0.25466
22.0825 0.264733 0.767865 -0.232135 2.66882 -0.256327

22.0825 0.264722 0.767865 -0.232135 2.66883 -0.256319
22.0844 0.270996 0.767865 -0.232135 2.66499 -0.266388

22.0844 0.270996 0.762367 -0.237633 2.66498 -0.266385
22.0867 0.27832 0.762367 -0.237633 2.66412 -0.280075

22.0867 0.27832 0.756882 -0.243118 2.66412 -0.280076
22.0891 0.285645 0.756882 -0.243118 2.6537 -0.294455

22.089 0.285645 0.751543 -0.248457 2.65369 -0.294447
22.0898 0.288052 0.751543 -0.248457 2.64875 -0.298168

22.0898 0.288037 0.751543 -0.248457 2.64879 -0.298157
22.0915 0.292969 0.751543 -0.248457 2.64055 -0.305639

22.0915 0.292969 0.746045 -0.253955 2.64054 -0.305633
22.094 0.300293 0.746045 -0.253955 2.63594 -0.322428

22.094 0.300293 0.740292 -0.259708 2.63594 -0.322424
22.0965 0.307617 0.740292 -0.259708 2.6269 -0.350187

22.0965 0.307617 0.734613 -0.265387 2.62689 -0.350161
22.0972 0.309389 0.734613 -0.265387 2.62408 -0.355721

22.0972 0.309369 0.734613 -0.265387 2.62413 -0.355696
22.0992 0.314941 0.734613 -0.265387 2.61589 -0.371266

22.0992 0.314941 0.728993 -0.271007 2.61588 -0.371257
22.1019 0.322266 0.728993 -0.271007 2.60251 -0.389891

22.1019 0.322266 0.723484 -0.276516 2.60251 -0.389894
22.1045 0.329042 0.723484 -0.276516 2.58221 -0.40286

22.1045 0.329038 0.723484 -0.276516 2.58222 -0.402858
22.1047 0.32959 0.723484 -0.276516 2.58045 -0.403671

22.1047 0.32959 0.71806 -0.28194 2.58044 -0.403666
22.1076 0.336914 0.71806 -0.28194 2.56981 -0.418273

22.1076 0.336914 0.712403 -0.287597 2.56981 -0.418271
22.1105 0.344238 0.712403 -0.287597 2.56321 -0.45452

22.1105 0.344238 0.70685 -0.29315 2.5632 -0.454494
22.1118 0.347344 0.70685 -0.29315 2.55653 -0.469039

22.1118 0.347322 0.70685 -0.29315 2.55659 -0.469003
22.1136 0.351562 0.70685 -0.29315 2.54883 -0.485657

22.1136 0.351562 0.701399 -0.298601 2.54881 -0.485628
22.1167 0.358887 0.701399 -0.298601 2.53727 -0.51614

22.1167 0.358887 0.696038 -0.303962 2.53727 -0.516142
22.1191 0.364503 0.696038 -0.303962 2.51672 -0.538384

22.1191 0.364491 0.696038 -0.303962 2.51679 -0.53837
22.1199 0.366211 0.696038 -0.303962 2.5078 -0.54406

22.1199 0.366211 0.690734 -0.309266 2.50779 -0.544034
22.1232 0.373535 0.690734 -0.309266 2.48941 -0.572664

22.1232 0.373535 0.685032 -0.314968 2.48941 -0.572642
22.1265 0.380716 0.685032 -0.314968 2.46432 -0.612413

22.1265 0.380712 0.685032 -0.314968 2.46434 -0.61241
22.1265 0.380859 0.685032 -0.314968 2.46359 -0.613016

22.1265 0.380859 0.679161 -0.320839 2.46359 -0.613004
22.13 0.388184 0.679161 -0.320839 2.44518 -0.642046

22.13 0.388184 0.673246 -0.326754 2.44518 -0.64204
22.1335 0.395508 0.673246 -0.326754 2.4093 -0.682487

22.1335 0.395508 0.667594 -0.332406 2.40925 -0.682325
22.1338 0.396047 0.667594 -0.332406 2.40508 -0.684869

22.1338 0.39599 0.667594 -0.332406 2.40557 -0.684794
22.1372 0.402832 0.667594 -0.332406 2.37849 -0.714215

22.1372 0.402832 0.661919 -0.338081 2.37846 -0.714188
22.1409 0.410156 0.661919 -0.338081 2.34093 -0.755702

22.1409 0.410156 0.65622 -0.34378 2.34089 -0.755494
22.1411 0.410555 0.65622 -0.34378 2.33789 -0.757235

22.1411 0.410501 0.655916 -0.344084 2.33834 -0.757217
22.1448 0.41748 0.655916 -0.344084 2.31857 -0.79012

22.1448 0.41748 0.649562 -0.350438 2.31854 -0.790089
22.1484 0.42428 0.649562 -0.350438 2.28578 -0.844321

22.1484 0.424274 0.649726 -0.350274 2.28584 -0.844317
22.1487 0.424805 0.649726 -0.350274 2.28074 -0.847423

22.1487 0.424805 0.643155 -0.356845 2.28074 -0.84742
22.1528 0.432129 0.643155 -0.356845 2.24366 -0.890454

22.1528 0.432129 0.637198 -0.362802 2.24366 -0.89041
22.1558 0.43736 0.637198 -0.362802 2.21681 -0.930169

22.1558 0.437334 0.637198 -0.362802 2.21711 -0.930143
22.157 0.439453 0.637198 -0.362802 2.19659 -0.942789

22.157 0.439453 0.630838 -0.369162 2.19654 -0.942648
22.1612 0.446777 0.630838 -0.369162 2.14273 -0.988813

22.1612 0.446777 0.624463 -0.375537 2.14271 -0.98864
22.1631 0.449873 0.624463 -0.375537 2.12112 -1.01143

22.1631 0.449821 0.624463 -0.375537 2.12152 -1.01143
22.1657 0.454102 0.624463 -0.375537 2.10846 -1.04537

22.1656 0.454102 0.61766 -0.38234 2.10833 -1.04516
22.1702 0.461426 0.61766 -0.38234 2.04803 -1.11164

22.1701 0.461426 0.619038 -0.380962 2.04799 -1.11109
22.1704 0.461885 0.619038 -0.380962 2.04152 -1.11453

22.1704 0.461789 0.610446 -0.389554 2.04293 -1.11455
22.1749 0.46875 0.610446 -0.389554 1.98578 -1.16972

22.1748 0.46875 0.603994 -0.396006 1.98577 -1.16946
22.1777 0.473169 0.603994 -0.396006 1.95619 -1.22034

22.1777 0.473114 0.604214 -0.395786 1.95693 -1.2203
22.1797 0.476074 0.604214 -0.395786 1.92367 -1.24872

22.1796 0.476074 0.596498 -0.403502 1.92355 -1.24825
22.1846 0.483398 0.596498 -0.403502 1.82775 -1.30704

22.1845 0.483398 0.594916 -0.405084 1.82778 -1.30638
22.1851 0.484153 0.594916 -0.405084 1.81592 -1.31162

22.1851 0.484047 0.588276 -0.411724 1.81754 -1.31185
22.1897 0.490723 0.588276 -0.411724 1.75329 -1.36991

22.1897 0.490723 0.581925 -0.418075 1.75326 -1.36934
22.1924 0.494452 0.581925 -0.418075 1.73195 -1.42276

22.1924 0.494362 0.581181 -0.418819 1.73297 -1.42283
22.195 0.498047 0.581181 -0.418819 1.69142 -1.46944

22.195 0.498047 0.571773 -0.428227 1.69132 -1.46868
22.1997 0.504335 0.571773 -0.428227 1.58893 -1.52218

22.1997 0.5043 0.571894 -0.428106 1.58967 -1.52236
22.2005 0.505371 0.571894 -0.428106 1.56458 -1.52923

22.2005 0.505371 0.562277 -0.437723 1.56465 -1.52892
22.2062 0.512695 0.562277 -0.437723 1.44527 -1.57813

22.2061 0.512695 0.558335 -0.441665 1.44545 -1.5768
22.207 0.513852 0.558335 -0.441665 1.43345 -1.58758

22.207 0.513711 0.553861 -0.446139 1.43465 -1.58826
22.2121 0.52002 0.553861 -0.446139 1.37759 -1.65348

22.2121 0.52002 0.549805 -0.450195 1.37779 -1.65222
22.2144 0.522826 0.549805 -0.450195 1.35283 -1.68675

22.2144 0.522702 0.545827 -0.454173 1.35356 -1.68752
22.2182 0.527344 0.545827 -0.454173 1.28025 -1.73155

22.2182 0.527344 0.538195 -0.461805 1.28028 -1.73146
22.2217 0.531384 0.538195 -0.461805 1.20631 -1.74828

22.2217 0.531284 0.532823 -0.467177 1.20743 -1.74929
22.2246 0.534668 0.532823 -0.467177 1.1506 -1.76466

22.2247 0.534668 0.52596 -0.47404 1.15056 -1.76475
22.229 0.539496 0.52596 -0.47404 1.06917 -1.78107

22.229 0.539426 0.519142 -0.480858 1.06977 -1.78174
22.2314 0.541992 0.519142 -0.480858 1.03524 -1.79372

22.2314 0.541992 0.513403 -0.486597 1.0353 -1.79354
22.2363 0.547224 0.513403 -0.486597 0.951256 -1.82215

22.2363 0.547182 0.505977 -0.494023 0.951811 -1.82255
22.2384 0.549316 0.505977 -0.494023 0.910704 -1.83391

22.2384 0.549316 0.498297 -0.501703 0.910958 -1.83328
22.2437 0.554562 0.498297 -0.501703 0.809061 -1.88013

22.2437 0.554525 0.490367 -0.509633 0.809668 -1.88051
22.2459 0.556641 0.490367 -0.509633 0.760133 -1.90176

22.2458 0.556641 0.481636 -0.518364 0.760614 -1.90038
22.251 0.561468 0.481636 -0.518364 0.644199 -1.93717

22.251 0.561453 0.473694 -0.526306 0.644425 -1.93736
22.2538 0.563965 0.473694 -0.526306 0.584595 -1.95392

22.2537 0.563965 0.465748 -0.534252 0.585417 -1.95229
22.2583 0.567999 0.465748 -0.534252 0.480824 -1.96398

22.2583 0.568009 0.455359 -0.544641 0.480678 -1.96384
22.2622 0.571289 0.455359 -0.544641 0.393052 -1.96321

22.2621 0.571289 0.450921 -0.549079 0.394362 -1.96201
22.2656 0.574191 0.450921 -0.549079 1e+30 1e+30

