12.1875 0.340656 -0.743218 -0.256782 1e+30 1e+30
12.1863 0.344238 -0.743218 -0.256782 2.03561 1.59165

12.1863 0.344238 -0.737296 -0.262704 2.03564 1.59166
12.1836 0.351562 -0.737296 -0.262704 1.99798 1.62973

12.1289 0.466026 -0.615335 -0.384665 1.21422 2.25498
12.1272 0.46875 -0.615335 -0.384665 1e+30 1e+30

12.1729 0.379595 -0.711115 -0.288885 1.86423 1.77436
12.1723 0.380859 -0.711115 -0.288885 1.85458 1.7817

12.1802 0.36094 -0.724577 -0.275423 1.95174 1.66991
12.1782 0.366211 -0.724577 -0.275423 1.92758 1.69748

12.1837 0.351562 -0.730958 -0.269042 1.99798 1.62973
12.181 0.358887 -0.730958 -0.269042 1.96279 1.65948

12.1802 0.360924 -0.724577 -0.275423 1.95188 1.66984
12.181 0.358887 -0.724577 -0.275423 1.96282 1.65948

12.1782 0.366211 -0.717917 -0.282083 1.92757 1.69748
12.1753 0.373535 -0.717917 -0.282083 1.89542 1.73787

12.1729 0.379539 -0.711115 -0.288885 1.86487 1.77415
12.1753 0.373535 -0.711115 -0.288885 1.89546 1.73788

12.1723 0.380859 -0.70416 -0.29584 1.85474 1.78178
12.1692 0.388184 -0.70416 -0.29584 1.81086 1.82797

12.1692 0.388184 -0.696864 -0.303136 1.81085 1.82797
12.1661 0.395508 -0.696864 -0.303136 1.77044 1.86006

12.1655 0.396691 -0.689665 -0.310335 1.76351 1.86604
12.1628 0.402832 -0.689665 -0.310335 1.73394 1.90174

12.1628 0.402832 -0.68238 -0.31762 1.73392 1.90173
12.1594 0.410156 -0.68238 -0.31762 1.68312 1.94115

12.1655 0.396681 -0.689665 -0.310335 1.76361 1.866
12.1661 0.395508 -0.689665 -0.310335 1.77047 1.86006

12.1582 0.41256 -0.674937 -0.325063 1.66388 1.95505
12.1558 0.41748 -0.674937 -0.325063 1.6262 1.98468

12.1558 0.41748 -0.667081 -0.332919 1.62619 1.98468
12.1522 0.424805 -0.667081 -0.332919 1.56393 2.01904

12.1509 0.427322 -0.659147 -0.340853 1.54478 2.03142
12.1484 0.432129 -0.659147 -0.340853 1.51179 2.06077

12.1484 0.432129 -0.651176 -0.348824 1.51179 2.06077
12.1445 0.439453 -0.651176 -0.348824 1.45045 2.09828

12.1509 0.427297 -0.659147 -0.340853 1.54509 2.0313
12.1522 0.424805 -0.659147 -0.340853 1.56403 2.01904

12.1436 0.441107 -0.642712 -0.357288 1.43575 2.10713
12.1404 0.446777 -0.642712 -0.357288 1.38756 2.14632

12.1362 0.454 -0.633767 -0.366233 1.30308 2.17281
12.1404 0.446777 -0.633767 -0.366233 1.38754 2.14631

12.1362 0.454102 -0.624295 -0.375705 1.30153 2.17315
12.1318 0.461426 -0.624295 -0.375705 1.23132 2.213

12.1289 0.465975 -0.615335 -0.384665 1.21517 2.25476
12.1318 0.461426 -0.615335 -0.384665 1.23153 2.21306

12.1436 0.441085 -0.642712 -0.357288 1.43606 2.10702
12.1445 0.439453 -0.642712 -0.357288 1.45052 2.09828

12.1582 0.412533 -0.674937 -0.325063 1.66422 1.95491
12.1593 0.410156 -0.674937 -0.325063 1.6832 1.94117

11.7188 0.495343 0.544539 -0.455461 1.24768 -1.60985
11.721 0.498047 0.544539 -0.455461 1.20661 -1.62231

11.721 0.498047 0.534145 -0.465855 1.20672 -1.62196
11.7261 0.50388 0.534145 -0.465855 1.12901 -1.6452

11.7261 0.503857 0.530654 -0.469346 1.12917 -1.64537
11.7274 0.505371 0.530654 -0.469346 1.11353 -1.65234

11.7274 0.505371 0.522999 -0.477001 1.11361 -1.65205
11.7334 0.511957 0.522999 -0.477001 1.03986 -1.68799

11.7334 0.511956 0.518808 -0.481192 1.03987 -1.688
11.7341 0.512695 0.518808 -0.481192 1.03208 -1.69231

11.7341 0.512695 0.511756 -0.488244 1.03216 -1.69199
11.7407 0.519678 0.511756 -0.488244 0.924367 -1.73178

11.7407 0.519669 0.50611 -0.49389 0.924513 -1.73186
11.7411 0.52002 0.50611 -0.49389 0.9171 -1.7336

11.741 0.52002 0.499247 -0.500753 0.917218 -1.7333
11.748 0.527002 0.499247 -0.500753 0.777031 -1.75875

11.748 0.526988 0.492553 -0.507447 0.777226 -1.75887
11.7484 0.527344 0.492553 -0.507447 0.770267 -1.76016

11.7484 0.527344 0.486683 -0.513317 0.770308 -1.76008
11.7554 0.533948 0.486683 -0.513317 0.647962 -1.78725

11.7554 0.533929 0.4788 -0.5212 0.648181 -1.78742
11.7562 0.534668 0.4788 -0.5212 0.635304 -1.7905

11.7562 0.534668 0.473421 -0.526579 0.635377 -1.79034
11.7627 0.540541 0.473421 -0.526579 0.525237 -1.81931

11.7627 0.540506 0.462614 -0.537386 0.525732 -1.81969
11.7644 0.541992 0.462614 -0.537386 0.494213 -1.82644

11.7644 0.541992 0.458756 -0.541244 0.49444 -1.82596
11.77 0.546768 0.458756 -0.541244 0.383339 -1.82815

11.77 0.54674 0.443771 -0.556229 0.383712 -1.82849
11.7732 0.549316 0.443771 -0.556229 0.325349 -1.82268

11.7731 0.549316 0.441806 -0.558194 0.326139 -1.82184
11.7773 0.552643 0.441806 -0.558194 0.249475 -1.82122

11.7773 0.552629 0.431078 -0.568922 0.249692 -1.82136
11.7826 0.556641 0.431078 -0.568922 0.155631 -1.81317

11.7825 0.556641 0.423188 -0.576812 0.156496 -1.81254
11.7847 0.558222 0.423188 -0.576812 0.119929 -1.80761

11.7847 0.558195 0.415887 -0.584113 0.120297 -1.80788
11.792 0.56341 0.415887 -0.584113 -0.00754696 -1.80764

11.792 0.563399 0.398068 -0.601932 -0.00737006 -1.80775
11.7928 0.563965 0.398068 -0.601932 -0.0225731 -1.80992

11.7928 0.563965 0.400253 -0.599747 -0.0224084 -1.80969
11.7993 0.568298 0.400253 -0.599747 -0.159491 -1.7751

11.7993 0.568267 0.384405 -0.615595 -0.15896 -1.77554
11.8042 0.571289 0.384405 -0.615595 -0.250026 -1.72095

11.804 0.571289 0.383549 -0.616451 -0.249338 -1.72092
11.8066 0.572909 0.383549 -0.616451 -0.290767 -1.70671

11.8066 0.572868 0.36795 -0.63205 -0.290107 -1.70709
11.814 0.577132 0.36795 -0.63205 -0.410043 -1.67549

11.814 0.577107 0.350538 -0.649462 -0.409579 -1.67575
11.8168 0.578613 0.350538 -0.649462 -0.457209 -1.66383

11.8167 0.578613 0.350538 -0.649462 -0.456764 -1.66374
11.8213 0.581096 0.350538 -0.649462 -0.543958 -1.6244

11.8213 0.581087 0.331877 -0.668123 -0.543765 -1.62448
11.8286 0.584725 0.331877 -0.668123 -0.673911 -1.55771

11.8286 0.584699 0.312608 -0.687392 -0.673351 -1.55797
11.8313 0.585938 0.312608 -0.687392 -0.718104 -1.53806

11.8313 0.585938 0.312608 -0.687392 -0.717693 -1.53824
11.8359 0.588058 0.312608 -0.687392 1e+30 1e+30

