21.2229 0 0.996231 -0.00376875 2.65181 0
21.2229 0.00732422 0.996231 -0.00376875 2.6624 0.00236429

21.2229 0.00732422 0.98838 -0.0116201 2.6624 0.00236755
21.223 0.0146484 0.98838 -0.0116201 2.68722 -0.000265549

21.223 0.0146484 0.980334 -0.0196665 2.68723 -0.000266278
21.2231 0.0219727 0.980334 -0.0196665 2.71141 -0.00524736

21.2231 0.0219727 0.97251 -0.0274898 2.71141 -0.00524754
21.2234 0.0292969 0.97251 -0.0274898 2.71526 -0.0143243

21.2233 0.0292969 0.962292 -0.0377079 2.71525 -0.0143151
21.2239 0.0439453 0.962292 -0.0377079 2.72297 -0.0253642

21.2239 0.0439453 0.952546 -0.047454 2.72299 -0.0253677
21.2243 0.0512695 0.952546 -0.047454 2.72489 -0.0304119

21.2243 0.0512695 0.945884 -0.0541163 2.72489 -0.0304121
21.2247 0.0585938 0.945884 -0.0541163 2.71313 -0.0356496

21.2247 0.0585938 0.935197 -0.0648032 2.71312 -0.0356549
21.2256 0.0713776 0.935197 -0.0648032 2.69917 -0.0361205

21.2255 0.0732422 0.921226 -0.0787735 2.70126 -0.0421127
21.2256 0.0740121 0.921226 -0.0787735 2.69903 -0.0363015

21.2256 0.0714012 0.931854 -0.0681463 2.69917 -0.0361221
21.2257 0.0732422 0.931854 -0.0681463 2.69909 -0.0360176

21.2257 0.0732422 0.92467 -0.0753299 2.69909 -0.036001
21.2263 0.0805664 0.92467 -0.0753299 2.69731 -0.0362655

21.2263 0.0805664 0.917109 -0.0828906 2.69731 -0.0362706
21.227 0.0878906 0.917109 -0.0828906 2.72004 -0.0401421

21.227 0.0878906 0.911528 -0.0884716 2.72006 -0.0401279
21.2277 0.0952148 0.911528 -0.0884716 2.7409 -0.0592707

21.2277 0.0952148 0.904551 -0.0954494 2.74083 -0.0592667
21.2285 0.102539 0.904551 -0.0954494 2.72164 -0.0791283

21.2285 0.102539 0.896354 -0.103646 2.72165 -0.079142
21.2293 0.109863 0.896354 -0.103646 2.71304 -0.0847881

21.2293 0.109863 0.890251 -0.109749 2.71305 -0.084785
21.2302 0.117188 0.890251 -0.109749 2.71404 -0.0909473

21.2302 0.117188 0.884296 -0.115704 2.71404 -0.0909484
21.2312 0.124512 0.884296 -0.115704 2.70651 -0.101651

21.2312 0.124512 0.878138 -0.121862 2.70651 -0.101651
21.2322 0.131836 0.878138 -0.121862 2.70686 -0.110222

21.2322 0.131836 0.872066 -0.127934 2.70686 -0.110225
21.2329 0.136702 0.872066 -0.127934 2.71225 -0.116719

21.2329 0.136705 0.872066 -0.127934 2.71225 -0.116723
21.2333 0.13916 0.872066 -0.127934 2.71376 -0.122065

21.2333 0.13916 0.86559 -0.13441 2.71376 -0.122051
21.2344 0.146484 0.86559 -0.13441 2.70546 -0.120537

21.2344 0.146484 0.855829 -0.144171 2.70545 -0.120535
21.2369 0.161133 0.855829 -0.144171 2.69732 -0.12328

21.2369 0.161133 0.843197 -0.156803 2.69732 -0.123279
21.2396 0.175781 0.843197 -0.156803 2.69276 -0.12886

21.2396 0.175781 0.834066 -0.165934 2.69276 -0.12887
21.2402 0.178986 0.834066 -0.165934 2.69087 -0.130323

21.2402 0.178939 0.834066 -0.165934 2.69089 -0.130308
21.2411 0.183105 0.834066 -0.165934 2.68273 -0.126994

21.2411 0.183105 0.8293 -0.1707 2.68273 -0.126992
21.2426 0.19043 0.8293 -0.1707 2.69658 -0.126666

21.2426 0.19043 0.823976 -0.176024 2.69656 -0.12666
21.2441 0.197754 0.823976 -0.176024 2.713 -0.138339

21.2441 0.197754 0.81768 -0.18232 2.713 -0.138339
21.2458 0.205078 0.81768 -0.18232 2.69889 -0.147463

21.2458 0.205078 0.811568 -0.188432 2.69889 -0.147463
21.2475 0.212402 0.811568 -0.188432 2.68818 -0.145148

21.2475 0.212402 0.805424 -0.194576 2.68818 -0.145149
21.2476 0.212811 0.805424 -0.194576 2.68772 -0.144931

21.2476 0.212805 0.805424 -0.194576 2.68773 -0.144933
21.2492 0.219727 0.805424 -0.194576 2.68017 -0.141668

21.2492 0.219727 0.79908 -0.20092 2.68017 -0.141669
21.2511 0.227051 0.79908 -0.20092 2.67599 -0.145379

21.2511 0.227051 0.792872 -0.207128 2.67599 -0.145378
21.253 0.234375 0.792872 -0.207128 2.67526 -0.160357

21.253 0.234375 0.787241 -0.212759 2.67526 -0.160361
21.2549 0.241386 0.787241 -0.212759 2.67037 -0.170006

21.2549 0.241385 0.787241 -0.212759 2.67037 -0.170005
21.255 0.241699 0.787241 -0.212759 2.67 -0.170385

21.255 0.241699 0.7822 -0.2178 2.67 -0.170385
21.257 0.249023 0.7822 -0.2178 2.6667 -0.180104

21.257 0.249023 0.777 -0.223 2.66669 -0.180102
21.2591 0.256348 0.777 -0.223 2.66764 -0.199359

21.2591 0.256348 0.771348 -0.228652 2.66764 -0.199352
21.2613 0.263672 0.771348 -0.228652 2.6625 -0.226224

21.2613 0.263672 0.765666 -0.234334 2.6625 -0.226215
21.2622 0.266714 0.765666 -0.234334 2.66078 -0.235062

21.2622 0.266703 0.765666 -0.234334 2.6608 -0.235046
21.2635 0.270996 0.765666 -0.234334 2.65533 -0.245897

21.2635 0.270996 0.760011 -0.239989 2.65532 -0.245889
21.2658 0.27832 0.760011 -0.239989 2.64889 -0.261274

21.2658 0.27832 0.754337 -0.245663 2.64889 -0.261274
21.2682 0.285645 0.754337 -0.245663 2.63703 -0.271479

21.2682 0.285645 0.748732 -0.251268 2.63703 -0.271476
21.2695 0.289565 0.748732 -0.251268 2.62796 -0.275038

21.2695 0.289557 0.748732 -0.251268 2.62798 -0.275034
21.2707 0.292969 0.748732 -0.251268 2.6225 -0.278019

21.2707 0.292969 0.743057 -0.256943 2.6225 -0.278016
21.2732 0.300293 0.743057 -0.256943 2.62113 -0.288955

21.2732 0.300293 0.737306 -0.262694 2.62113 -0.288954
21.2758 0.307617 0.737306 -0.262694 2.61799 -0.319878

21.2758 0.307617 0.73182 -0.26818 2.61799 -0.319862
21.2769 0.310462 0.73182 -0.26818 2.61448 -0.330159

21.2769 0.310443 0.73182 -0.26818 2.61451 -0.330132
21.2785 0.314941 0.73182 -0.26818 2.60643 -0.344717

21.2785 0.314941 0.726439 -0.273561 2.60642 -0.344701
21.2813 0.322266 0.726439 -0.273561 2.59491 -0.365784

21.2813 0.322266 0.720978 -0.279022 2.59491 -0.365785
21.2841 0.32959 0.720978 -0.279022 2.57581 -0.383145

21.2841 0.32959 0.715494 -0.284506 2.5758 -0.383111
21.2842 0.329834 0.715494 -0.284506 2.57502 -0.383589

21.2842 0.32981 0.715494 -0.284506 2.57511 -0.383574
21.287 0.336914 0.715494 -0.284506 2.56363 -0.399628

21.287 0.336914 0.709787 -0.290213 2.56363 -0.399624
21.29 0.344238 0.709787 -0.290213 2.55579 -0.433018

21.29 0.344238 0.704257 -0.295743 2.55579 -0.433002
21.2915 0.347831 0.704257 -0.295743 2.54686 -0.449547

21.2915 0.34781 0.704257 -0.295743 2.54693 -0.44951
21.2931 0.351562 0.704257 -0.295743 2.53606 -0.463985

21.2931 0.351562 0.698924 -0.301076 2.53604 -0.463957
21.2962 0.358887 0.698924 -0.301076 2.51983 -0.491734

21.2962 0.358887 0.69358 -0.30642 2.51983 -0.491733
21.2988 0.36477 0.69358 -0.30642 2.49817 -0.512353

21.2988 0.364761 0.69358 -0.30642 2.49822 -0.512345
21.2995 0.366211 0.69358 -0.30642 2.49147 -0.516458

21.2995 0.366211 0.688154 -0.311846 2.49146 -0.516436
21.3028 0.373535 0.688154 -0.311846 2.47575 -0.542453

21.3028 0.373535 0.682378 -0.317622 2.47575 -0.542436
21.3062 0.380778 0.682378 -0.317622 2.45061 -0.582106

21.3062 0.380774 0.682378 -0.317622 2.45063 -0.582102
21.3062 0.380859 0.682378 -0.317622 2.45017 -0.582448

21.3062 0.380859 0.676605 -0.323395 2.45017 -0.582443
21.3097 0.388184 0.676605 -0.323395 2.43042 -0.61051

21.3097 0.388184 0.670889 -0.329111 2.43041 -0.610504
21.3133 0.395508 0.670889 -0.329111 2.39651 -0.648289

21.3133 0.395508 0.665279 -0.334721 2.39647 -0.648138
21.3135 0.395939 0.665279 -0.334721 2.3934 -0.649959

21.3135 0.395886 0.665279 -0.334721 2.39382 -0.649903
21.317 0.402832 0.665279 -0.334721 2.37083 -0.677807

21.317 0.402832 0.659482 -0.340518 2.37081 -0.677784
21.3207 0.410156 0.659482 -0.340518 2.33936 -0.723846

21.3207 0.410156 0.654282 -0.345718 2.33932 -0.723622
21.3208 0.410307 0.654282 -0.345718 2.3383 -0.724366

21.3208 0.410255 0.653347 -0.346653 2.33869 -0.724335
21.3246 0.41748 0.653347 -0.346653 2.3206 -0.761686

21.3246 0.41748 0.647166 -0.352834 2.32059 -0.761652
21.3281 0.423887 0.647166 -0.352834 2.29128 -0.814689

21.3281 0.423877 0.647189 -0.352811 2.2914 -0.814677
21.3286 0.424805 0.647189 -0.352811 2.28223 -0.820576

21.3286 0.424805 0.641076 -0.358924 2.28222 -0.82054
21.3327 0.432129 0.641076 -0.358924 2.2423 -0.864266

21.3327 0.432129 0.635355 -0.364645 2.24229 -0.864208
21.3354 0.436879 0.635355 -0.364645 2.22222 -0.900572

21.3354 0.436849 0.635355 -0.364645 2.22251 -0.900513
21.3369 0.439453 0.635355 -0.364645 2.2035 -0.918856

21.3369 0.439453 0.629005 -0.370995 2.20342 -0.918684
21.3412 0.446777 0.629005 -0.370995 2.15035 -0.974505

21.3412 0.446777 0.622508 -0.377492 2.15032 -0.974259
21.3428 0.44933 0.622508 -0.377492 2.12785 -0.994632

21.3428 0.449269 0.622429 -0.377571 2.12844 -0.99462
21.3457 0.454102 0.622429 -0.377571 2.11159 -1.0343

21.3457 0.454102 0.615557 -0.384443 2.11145 -1.03409
21.3501 0.46117 0.615557 -0.384443 2.04751 -1.0989

21.3501 0.461158 0.620993 -0.379007 2.04771 -1.0989
21.3503 0.461426 0.620993 -0.379007 2.04348 -1.10075

21.3503 0.461426 0.608267 -0.391733 2.04348 -1.10075
21.355 0.46875 0.608267 -0.391733 1.96685 -1.15176

21.355 0.46875 0.601951 -0.398049 1.96683 -1.15153
21.3574 0.47247 0.601951 -0.398049 1.93987 -1.18594

21.3574 0.472407 0.601941 -0.398059 1.94048 -1.18587
21.3598 0.476074 0.601941 -0.398059 1.91535 -1.21996

21.3598 0.476074 0.594623 -0.405377 1.91518 -1.21951
21.3647 0.483315 0.594623 -0.405377 1.83257 -1.28696

21.3647 0.483305 0.595823 -0.404177 1.83275 -1.28698
21.3648 0.483398 0.595823 -0.404177 1.8312 -1.28769

21.3647 0.483398 0.592315 -0.407685 1.83124 -1.28666
21.3647 0.483412 0.592315 -0.407685 1.83103 -1.28676

21.3648 0.483398 0.586308 -0.413692 1.8312 -1.28765
21.37 0.490723 0.586308 -0.413692 1.753 -1.35353

21.37 0.490723 0.583162 -0.416838 1.75299 -1.35311
21.3721 0.493682 0.583162 -0.416838 1.73577 -1.39474

21.3721 0.493562 0.578839 -0.421161 1.73655 -1.39486
21.3753 0.498047 0.578839 -0.421161 1.69739 -1.45519

21.3753 0.498047 0.57089 -0.42911 1.69725 -1.45429
21.3794 0.503514 0.57089 -0.42911 1.61577 -1.51478

21.3794 0.503451 0.572869 -0.427131 1.61708 -1.51509
21.3808 0.505371 0.572869 -0.427131 1.57168 -1.53105

21.3808 0.505371 0.561289 -0.438711 1.57182 -1.53041
21.3865 0.512695 0.561289 -0.438711 1.44108 -1.57074

21.3864 0.512695 0.556689 -0.443311 1.44137 -1.56944
21.3867 0.513058 0.556689 -0.443311 1.43664 -1.57158

21.3867 0.512927 0.552035 -0.447965 1.43798 -1.5724
21.3925 0.52002 0.552035 -0.447965 1.37334 -1.64102

21.3924 0.52002 0.547614 -0.452386 1.37352 -1.6394
21.394 0.522 0.547614 -0.452386 1.3626 -1.66847

21.394 0.521879 0.542789 -0.457211 1.36301 -1.66911
21.3986 0.527344 0.542789 -0.457211 1.28961 -1.72774

21.3986 0.527344 0.536445 -0.463555 1.28986 -1.7271
21.4014 0.530537 0.536445 -0.463555 1.23043 -1.74297

21.4014 0.530419 0.533239 -0.466761 1.23198 -1.74406
21.4051 0.534668 0.533239 -0.466761 1.1508 -1.76251

21.4051 0.534668 0.524553 -0.475447 1.15082 -1.76248
21.4087 0.538648 0.524553 -0.475447 1.07113 -1.7662

21.4087 0.538569 0.519307 -0.480693 1.07171 -1.76696
21.4119 0.541992 0.519307 -0.480693 1.02946 -1.77791

21.4118 0.541992 0.512604 -0.487396 1.02958 -1.7776
21.416 0.546386 0.512604 -0.487396 0.968903 -1.80369

21.416 0.546345 0.505627 -0.494373 0.969394 -1.80404
21.4189 0.549316 0.505627 -0.494373 0.918589 -1.8238

21.4189 0.549316 0.497913 -0.502087 0.918834 -1.82309
21.4233 0.553744 0.497913 -0.502087 0.843779 -1.87981

21.4233 0.553691 0.489761 -0.510239 0.844765 -1.88037
21.4264 0.556641 0.489761 -0.510239 0.769501 -1.91495

21.4263 0.556641 0.4822 -0.5178 0.770072 -1.91311
21.4307 0.56068 0.4822 -0.5178 0.656937 -1.93798

21.4307 0.560654 0.473001 -0.526999 0.657296 -1.93831
21.4344 0.563965 0.473001 -0.526999 0.576022 -1.95669

21.4343 0.563965 0.467078 -0.532922 0.576931 -1.95524
21.438 0.567237 0.467078 -0.532922 0.490542 -1.95389

21.438 0.567229 0.457639 -0.542361 0.490665 -1.95399
21.4428 0.571289 0.457639 -0.542361 0.387373 -1.94845

21.4427 0.571289 0.452585 -0.547415 0.388537 -1.94708
21.4453 0.573467 0.452585 -0.547415 0.333891 -1.94877

21.4453 0.573446 0.443376 -0.556624 0.334176 -1.94904
21.4518 0.578613 0.443376 -0.556624 0.202286 -1.95067

21.4517 0.578613 0.435738 -0.564262 0.203348 -1.94948
21.4526 0.579351 0.435738 -0.564262 0.185593 -1.94959

21.4526 0.579289 0.426793 -0.573207 0.186359 -1.95039
21.46 0.584742 0.426793 -0.573207 0.0384535 -1.96664

21.46 0.584717 0.407079 -0.592921 0.0389144 -1.967
21.4617 0.585938 0.407079 -0.592921 -0.000489672 -1.97185

21.4617 0.585938 0.410025 -0.589975 5.38428e-05 -1.97112
21.4673 0.589833 0.410025 -0.589975 -0.147148 -1.93247

21.4673 0.5898 0.393153 -0.606847 -0.146529 -1.93301
21.4726 0.593262 0.393153 -0.606847 -0.266547 -1.87534

21.4725 0.593262 0.389408 -0.610592 -0.265376 -1.87506
21.4746 0.594618 0.389408 -0.610592 -0.305558 -1.86284

21.4746 0.594572 0.375138 -0.624862 -0.304779 -1.86339
21.4819 0.598969 0.375138 -0.624862 -0.452633 -1.83061

21.4819 0.59894 0.356021 -0.643979 -0.452004 -1.831
21.4849 0.600586 0.356021 -0.643979 -0.514796 -1.81613

21.4848 0.600586 0.356021 -0.643979 -0.514085 -1.81594
21.4893 0.603032 0.356021 -0.643979 -0.614615 -1.77407

21.4893 0.60302 0.33544 -0.66456 -0.614338 -1.77421
21.4966 0.606717 0.33544 -0.66456 -0.775266 -1.70768

21.4966 0.606688 0.313947 -0.686053 -0.774513 -1.70805
21.4993 0.60791 0.313947 -0.686053 -0.830649 -1.68911

21.4992 0.60791 0.313947 -0.686053 -0.830019 -1.6892
21.5039 0.610071 0.313947 -0.686053 -0.942897 -1.62473

21.5039 0.610062 0.2919 -0.7081 -0.942625 -1.62482
21.5112 0.613081 0.2919 -0.7081 -1.11108 -1.48684

21.5112 0.613068 0.268795 -0.731205 -1.11073 -1.48702
21.5171 0.615234 0.268795 -0.731205 -1.22343 -1.38578

21.517 0.615234 0.268795 -0.731205 -1.22254 -1.38666
21.5186 0.6158 0.268795 -0.731205 -1.25227 -1.36932

21.5186 0.615773 0.244271 -0.755729 -1.25148 -1.36953
21.5259 0.61814 0.244271 -0.755729 -1.39491 -1.25465

21.5259 0.618142 0.217105 -0.782895 -1.39495 -1.25464
21.5332 0.620173 0.217105 -0.782895 -1.52547 -1.07858

21.5332 0.620171 0.187939 -0.812061 -1.52543 -1.07859
21.5405 0.621866 0.187939 -0.812061 -1.63932 -0.916844

21.5405 0.621861 0.157494 -0.842506 -1.63913 -0.916898
21.5443 0.622559 0.157494 -0.842506 -1.69696 -0.844224

21.5442 0.622559 0.157494 -0.842506 -1.6968 -0.844556
21.5479 0.623233 0.157494 -0.842506 -1.7584 -0.767378

21.5479 0.623233 0.125178 -0.874822 -1.75838 -0.767381
21.5552 0.624281 0.125178 -0.874822 -1.87183 -0.587875

21.5552 0.624281 0.0901335 -0.909866 -1.8718 -0.587878
21.5625 0.625006 0.0901335 -0.909866 1e+30 1e+30

