37.3484 0 0.992775 -0.00722457 2.79134 0
37.3485 0.0146484 0.992775 -0.00722457 2.79525 -0.0191384

37.3485 0.0146484 0.982171 -0.0178294 2.79529 -0.0191593
37.3487 0.0219727 0.982171 -0.0178294 2.79667 -0.0309178

37.3486 0.0219727 0.974801 -0.025199 2.79666 -0.0309116
37.3488 0.0292969 0.974801 -0.025199 2.7986 -0.0392586

37.3488 0.0292969 0.966607 -0.0333928 2.7986 -0.0392552
37.3491 0.0366211 0.966607 -0.0333928 2.80409 -0.0473609

37.3491 0.0366211 0.958117 -0.0418834 2.80409 -0.0473596
37.3494 0.0439453 0.958117 -0.0418834 2.80473 -0.056191

37.3494 0.0439453 0.949989 -0.0500114 2.80474 -0.0561944
37.3498 0.0512695 0.949989 -0.0500114 2.79817 -0.0672797

37.3498 0.0512695 0.94253 -0.0574703 2.79817 -0.0672822
37.3502 0.0585938 0.94253 -0.0574703 2.79187 -0.0732786

37.3502 0.0585938 0.935769 -0.0642313 2.79188 -0.0732756
37.3507 0.065918 0.935769 -0.0642313 2.79072 -0.0741088

37.3507 0.065918 0.929905 -0.0700952 2.79073 -0.0741065
37.3513 0.0732422 0.929905 -0.0700952 2.79038 -0.0682347

37.3513 0.0732422 0.920664 -0.0793361 2.79036 -0.0682293
37.3525 0.0878906 0.920664 -0.0793361 2.79011 -0.0743947

37.3525 0.0878906 0.907452 -0.092548 2.7901 -0.0743894
37.3535 0.0974693 0.907452 -0.092548 2.78943 -0.0788587

37.3535 0.0974637 0.907452 -0.092548 2.78943 -0.0788557
37.354 0.102539 0.907452 -0.092548 2.78628 -0.0819087

37.354 0.102539 0.89413 -0.10587 2.78628 -0.0819114
37.3558 0.117188 0.89413 -0.10587 2.78049 -0.0892454

37.3558 0.117188 0.881702 -0.118298 2.78049 -0.0892458
37.3577 0.131836 0.881702 -0.118298 2.77641 -0.0954263

37.3577 0.131836 0.869439 -0.130561 2.77641 -0.0954247
37.3599 0.146484 0.869439 -0.130561 2.76959 -0.100988

37.3599 0.146484 0.857288 -0.142712 2.76959 -0.100988
37.3624 0.161133 0.857288 -0.142712 2.76373 -0.107006

37.3624 0.161133 0.845318 -0.154682 2.76373 -0.107004
37.3651 0.175781 0.845318 -0.154682 2.76366 -0.114514

37.365 0.175781 0.833078 -0.166922 2.76365 -0.114505
37.368 0.19043 0.833078 -0.166922 2.76854 -0.125414

37.368 0.19043 0.821117 -0.178883 2.76853 -0.125407
37.3682 0.191284 0.821117 -0.178883 2.77615 -0.126306

37.3682 0.191175 0.823898 -0.176102 2.77596 -0.126238
37.3696 0.197754 0.823898 -0.176102 2.77579 -0.137037

37.3696 0.197754 0.81829 -0.18171 2.77578 -0.13703
37.3712 0.205078 0.81829 -0.18171 2.75585 -0.146296

37.3712 0.205078 0.812621 -0.187379 2.75585 -0.146295
37.3729 0.212402 0.812621 -0.187379 2.75032 -0.14339

37.3729 0.212402 0.807274 -0.192726 2.75032 -0.14339
37.3746 0.219727 0.807274 -0.192726 2.75384 -0.145347

37.3746 0.219727 0.801987 -0.198013 2.75384 -0.145346
37.3755 0.223203 0.801987 -0.198013 2.75437 -0.146903

37.3755 0.223199 0.801987 -0.198013 2.75437 -0.146902
37.3764 0.227051 0.801987 -0.198013 2.75333 -0.149175

37.3764 0.227051 0.796246 -0.203754 2.75333 -0.149175
37.3783 0.234375 0.796246 -0.203754 2.75072 -0.153283

37.3783 0.234375 0.790392 -0.209608 2.75072 -0.153283
37.3803 0.241699 0.790392 -0.209608 2.7479 -0.161732

37.3803 0.241699 0.784843 -0.215157 2.7479 -0.161734
37.3823 0.249023 0.784843 -0.215157 2.74142 -0.169987

37.3823 0.249023 0.779552 -0.220448 2.74142 -0.169983
37.3828 0.250973 0.779552 -0.220448 2.73908 -0.171416

37.3828 0.250963 0.779552 -0.220448 2.7391 -0.171414
37.3843 0.256348 0.779552 -0.220448 2.73408 -0.176251

37.3843 0.256348 0.774117 -0.225883 2.73408 -0.176249
37.3865 0.263672 0.774117 -0.225883 2.73354 -0.186278

37.3865 0.263672 0.768421 -0.231579 2.73354 -0.186278
37.3887 0.270996 0.768421 -0.231579 2.73039 -0.214277

37.3887 0.270996 0.76266 -0.23734 2.73039 -0.214269
37.3901 0.275692 0.76266 -0.23734 2.72462 -0.228156

37.3901 0.275683 0.76266 -0.23734 2.72464 -0.228151
37.391 0.27832 0.76266 -0.23734 2.71998 -0.233118

37.391 0.27832 0.75698 -0.24302 2.71998 -0.233112
37.3933 0.285645 0.75698 -0.24302 2.71383 -0.245033

37.3933 0.285645 0.751467 -0.248533 2.71383 -0.245034
37.3957 0.292969 0.751467 -0.248533 2.70665 -0.257004

37.3957 0.292969 0.746187 -0.253813 2.70665 -0.257005
37.3975 0.298057 0.746187 -0.253813 2.69828 -0.263048

37.3975 0.298051 0.746187 -0.253813 2.69829 -0.263045
37.3982 0.300293 0.746187 -0.253813 2.69558 -0.2658

37.3982 0.300293 0.74093 -0.25907 2.69558 -0.265796
37.4008 0.307617 0.74093 -0.25907 2.69535 -0.278165

37.4008 0.307617 0.735316 -0.264684 2.69534 -0.278162
37.4034 0.314941 0.735316 -0.264684 2.68902 -0.308467

37.4034 0.314941 0.729629 -0.270371 2.68902 -0.308455
37.4048 0.318641 0.729629 -0.270371 2.68109 -0.322094

37.4048 0.318625 0.729629 -0.270371 2.68116 -0.322074
37.4061 0.322266 0.729629 -0.270371 2.66884 -0.332135

37.4061 0.322266 0.724067 -0.275933 2.66883 -0.332121
37.4089 0.32959 0.724067 -0.275933 2.65237 -0.349879

37.4089 0.32959 0.718644 -0.281356 2.65237 -0.349883
37.4118 0.336914 0.718644 -0.281356 2.63505 -0.365222

37.4118 0.336914 0.71339 -0.28661 2.63505 -0.365196
37.4121 0.337728 0.71339 -0.28661 2.63277 -0.366434

37.4121 0.337706 0.71339 -0.28661 2.63283 -0.36643
37.4147 0.344238 0.71339 -0.28661 2.62504 -0.379538

37.4147 0.344238 0.707884 -0.292116 2.62503 -0.37953
37.4178 0.351562 0.707884 -0.292116 2.61929 -0.414111

37.4178 0.351562 0.702341 -0.297659 2.61929 -0.414092
37.4194 0.355534 0.702341 -0.297659 2.61123 -0.433278

37.4194 0.355515 0.702341 -0.297659 2.61133 -0.433248
37.4209 0.358887 0.702341 -0.297659 2.59895 -0.446691

37.4209 0.358887 0.696928 -0.303072 2.59894 -0.44666
37.424 0.366211 0.696928 -0.303072 2.57868 -0.472695

37.424 0.366211 0.6916 -0.3084 2.57868 -0.472698
37.4268 0.372299 0.6916 -0.3084 2.55535 -0.491388

37.4268 0.372292 0.6916 -0.3084 2.55539 -0.491385
37.4273 0.373535 0.6916 -0.3084 2.54951 -0.494367

37.4273 0.373535 0.686281 -0.313719 2.5495 -0.494349
37.4307 0.380859 0.686281 -0.313719 2.53805 -0.518763

37.4307 0.380859 0.680597 -0.319403 2.53805 -0.518739
37.4341 0.388164 0.680597 -0.319403 2.5177 -0.566807

37.4341 0.388184 0.674867 -0.325133 2.51756 -0.566723
37.4341 0.388209 0.674867 -0.325133 2.51743 -0.566854

37.4341 0.388161 0.680597 -0.319403 2.51771 -0.566804
37.4341 0.388184 0.680597 -0.319403 2.51759 -0.566919

37.4341 0.388184 0.674867 -0.325133 2.51759 -0.566915
37.4376 0.395508 0.674867 -0.325133 2.503 -0.601041

37.4376 0.395508 0.66911 -0.33089 2.50299 -0.601029
37.4412 0.402832 0.66911 -0.33089 2.46844 -0.64413

37.4412 0.402832 0.663528 -0.336472 2.4684 -0.643929
37.4414 0.40321 0.663528 -0.336472 2.46533 -0.645771

37.4414 0.40315 0.663523 -0.336477 2.46586 -0.645713
37.445 0.410156 0.663523 -0.336477 2.43877 -0.67746

37.445 0.410156 0.657809 -0.342191 2.43874 -0.677428
37.4487 0.417418 0.657809 -0.342191 2.40116 -0.724293

37.4487 0.417412 0.657955 -0.342045 2.4012 -0.72429
37.4488 0.41748 0.657955 -0.342045 2.40067 -0.724622

37.4488 0.41748 0.651621 -0.348379 2.40067 -0.724593
37.4527 0.424805 0.651621 -0.348379 2.37529 -0.763699

37.4527 0.424805 0.645386 -0.354614 2.37529 -0.76367
37.4561 0.430953 0.645386 -0.354614 2.34577 -0.815717

37.4561 0.430938 0.645386 -0.354614 2.34594 -0.815699
37.4567 0.432129 0.645386 -0.354614 2.3343 -0.823435

37.4567 0.432129 0.63921 -0.36079 2.33428 -0.823373
37.4608 0.439453 0.63921 -0.36079 2.28768 -0.868144

37.4608 0.439453 0.633563 -0.366437 2.28767 -0.868088
37.4634 0.443858 0.633563 -0.366437 2.26141 -0.899688

37.4634 0.443822 0.633563 -0.366437 2.26175 -0.899623
37.4651 0.446777 0.633563 -0.366437 2.24064 -0.919095

37.4651 0.446777 0.627395 -0.372605 2.24056 -0.918915
37.4694 0.454102 0.627395 -0.372605 2.18594 -0.973712

37.4694 0.454102 0.62138 -0.37862 2.18592 -0.973436
37.4707 0.456249 0.62138 -0.37862 2.16534 -0.989512

37.4707 0.456184 0.620725 -0.379275 2.166 -0.989529
37.4739 0.461426 0.620725 -0.379275 2.15053 -1.03215

37.4739 0.461426 0.613687 -0.386313 2.1504 -1.03197
37.478 0.468005 0.613687 -0.386313 2.09644 -1.10706

37.478 0.467981 0.618658 -0.381342 2.09686 -1.10705
37.4785 0.46875 0.618658 -0.381342 2.08375 -1.11374

37.4785 0.46875 0.606245 -0.393755 2.08375 -1.11372
37.4833 0.476074 0.606245 -0.393755 1.99361 -1.16856

37.4832 0.476074 0.600458 -0.399542 1.9936 -1.16827
37.4854 0.479252 0.600458 -0.399542 1.96352 -1.19496

37.4854 0.479172 0.599833 -0.400167 1.96431 -1.19504
37.4882 0.483398 0.599833 -0.400167 1.93729 -1.2352

37.4881 0.483398 0.592491 -0.407509 1.93711 -1.23469
37.4927 0.490006 0.592491 -0.407509 1.8637 -1.30639

37.4927 0.489983 0.594946 -0.405054 1.86411 -1.30644
37.4932 0.490723 0.594946 -0.405054 1.85092 -1.31264

37.4932 0.490723 0.58373 -0.41627 1.85092 -1.31249
37.4984 0.498047 0.58373 -0.41627 1.7603 -1.37937

37.4984 0.498047 0.582491 -0.417509 1.76028 -1.37892
37.5 0.500322 0.582491 -0.417509 1e+30 1e+30

