39.0118 0 0.996944 -0.00305615 2.75401 0
39.0118 0.00732422 0.996944 -0.00305615 2.76844 -0.000526027

39.0118 0.00732422 0.989478 -0.0105224 2.76843 -0.000529408
39.0119 0.0146484 0.989478 -0.0105224 2.77299 -0.00742992

39.0119 0.0146484 0.980335 -0.0196649 2.77299 -0.00743048
39.012 0.0219727 0.980335 -0.0196649 2.76168 -0.0119487

39.012 0.0219727 0.971944 -0.0280564 2.76168 -0.0119505
39.0123 0.0292969 0.971944 -0.0280564 2.75631 -0.0140188

39.0123 0.0292969 0.965303 -0.0346973 2.75631 -0.0140202
39.0125 0.0366211 0.965303 -0.0346973 2.74555 -0.0125091

39.0125 0.0366211 0.959117 -0.0408833 2.74555 -0.0125108
39.0128 0.0439453 0.959117 -0.0408833 2.74081 -0.00958915

39.0128 0.0439453 0.952368 -0.0476319 2.74081 -0.00958701
39.0132 0.0512695 0.952368 -0.0476319 2.75178 -0.0136705

39.0132 0.0512695 0.945193 -0.0548066 2.75178 -0.0136683
39.0136 0.0585938 0.945193 -0.0548066 2.76623 -0.0209851

39.0136 0.0585938 0.938511 -0.0614886 2.76623 -0.0209941
39.0141 0.065918 0.938511 -0.0614886 2.7806 -0.029669

39.0141 0.065918 0.932755 -0.0672448 2.78061 -0.0296736
39.0146 0.0732422 0.932755 -0.0672448 2.78239 -0.0433338

39.0146 0.0732422 0.922959 -0.0770415 2.78236 -0.0433195
39.0158 0.0878906 0.922959 -0.0770415 2.77598 -0.0564854

39.0158 0.0878906 0.903024 -0.0969761 2.7759 -0.056436
39.0189 0.117188 0.903024 -0.0969761 2.76633 -0.0771367

39.0189 0.117188 0.877685 -0.122315 2.76633 -0.077137
39.023 0.146484 0.877685 -0.122315 2.75644 -0.0883476

39.0231 0.146484 0.859561 -0.140439 2.75645 -0.0883853
39.0234 0.148805 0.859561 -0.140439 2.75624 -0.08873

39.0234 0.148797 0.859561 -0.140439 2.75624 -0.0887297
39.0255 0.161133 0.859561 -0.140439 2.75857 -0.0874447

39.0255 0.161133 0.850568 -0.149432 2.75858 -0.0874503
39.0268 0.168457 0.850568 -0.149432 2.76107 -0.0849008

39.0268 0.168457 0.844189 -0.155811 2.76107 -0.084901
39.0281 0.175781 0.844189 -0.155811 2.76172 -0.0862891

39.0281 0.175781 0.837896 -0.162104 2.76172 -0.0862897
39.0295 0.183105 0.837896 -0.162104 2.76264 -0.086654

39.0295 0.183105 0.832181 -0.167819 2.76264 -0.0866536
39.0308 0.189245 0.832181 -0.167819 2.76284 -0.0866206

39.0308 0.189245 0.832181 -0.167819 2.76284 -0.0866205
39.031 0.19043 0.832181 -0.167819 2.76243 -0.0867106

39.031 0.19043 0.826663 -0.173337 2.76243 -0.0867108
39.0325 0.197754 0.826663 -0.173337 2.76178 -0.0872889

39.0325 0.197754 0.820998 -0.179002 2.76178 -0.0872896
39.0341 0.205078 0.820998 -0.179002 2.76452 -0.0881196

39.0341 0.205078 0.815119 -0.184881 2.76452 -0.0881204
39.0358 0.212402 0.815119 -0.184881 2.76505 -0.0997657

39.0358 0.212402 0.809142 -0.190858 2.76505 -0.0997645
39.0375 0.219727 0.809142 -0.190858 2.75507 -0.112172

39.0375 0.219727 0.803418 -0.196582 2.75507 -0.112171
39.0381 0.222042 0.803418 -0.196582 2.74977 -0.114916

39.0381 0.222031 0.803418 -0.196582 2.7498 -0.114907
39.0393 0.227051 0.803418 -0.196582 2.7398 -0.119451

39.0393 0.227051 0.797945 -0.202055 2.7398 -0.119451
39.0412 0.234375 0.797945 -0.202055 2.73519 -0.127289

39.0412 0.234375 0.792424 -0.207576 2.73519 -0.127289
39.0431 0.241699 0.792424 -0.207576 2.73883 -0.147919

39.0431 0.241699 0.786757 -0.213243 2.73882 -0.147914
39.0451 0.249023 0.786757 -0.213243 2.73454 -0.170316

39.0451 0.249023 0.781297 -0.218703 2.73454 -0.170309
39.0454 0.250245 0.781297 -0.218703 2.73327 -0.173665

39.0454 0.25023 0.781297 -0.218703 2.7333 -0.173643
39.0471 0.256348 0.781297 -0.218703 2.7272 -0.187973

39.0471 0.256348 0.776125 -0.223875 2.7272 -0.187969
39.0492 0.263672 0.776125 -0.223875 2.72176 -0.202129

39.0492 0.263672 0.771005 -0.228995 2.72176 -0.20213
39.0514 0.270996 0.771005 -0.228995 2.71399 -0.213541

39.0514 0.270996 0.765746 -0.234254 2.71399 -0.213535
39.0527 0.275333 0.765746 -0.234254 2.70847 -0.218842

39.0527 0.275327 0.765746 -0.234254 2.70848 -0.218841
39.0537 0.27832 0.765746 -0.234254 2.70589 -0.221305

39.0536 0.27832 0.760101 -0.239899 2.70589 -0.2213
39.056 0.285645 0.760101 -0.239899 2.70345 -0.228831

39.056 0.285645 0.754341 -0.245659 2.70345 -0.228832
39.0583 0.292969 0.754341 -0.245659 2.69845 -0.24636

39.0583 0.292969 0.748889 -0.251111 2.69845 -0.246362
39.0601 0.298079 0.748889 -0.251111 2.68897 -0.256631

39.0601 0.298071 0.748889 -0.251111 2.689 -0.256621
39.0608 0.300293 0.748889 -0.251111 2.68334 -0.260841

39.0608 0.300293 0.743806 -0.256194 2.68334 -0.260838
39.0633 0.307617 0.743806 -0.256194 2.67484 -0.276404

39.0633 0.307617 0.738598 -0.261402 2.67484 -0.2764
39.0659 0.314941 0.738598 -0.261402 2.66735 -0.30143

39.0659 0.314941 0.733126 -0.266874 2.66735 -0.301419
39.0674 0.318979 0.733126 -0.266874 2.66037 -0.313017

39.0674 0.318968 0.733126 -0.266874 2.66039 -0.31301
39.0686 0.322266 0.733126 -0.266874 2.65626 -0.319895

39.0686 0.322266 0.727518 -0.272482 2.65626 -0.319883
39.0713 0.32959 0.727518 -0.272482 2.65381 -0.336994

39.0713 0.32959 0.721924 -0.278076 2.65381 -0.336998
39.0741 0.336914 0.721924 -0.278076 2.63497 -0.361334

39.0741 0.336914 0.716751 -0.283249 2.63496 -0.361302
39.0747 0.338356 0.716751 -0.283249 2.6287 -0.365206

39.0747 0.338326 0.716751 -0.283249 2.62885 -0.365174
39.077 0.344238 0.716751 -0.283249 2.61207 -0.380899

39.077 0.344238 0.711529 -0.288471 2.61206 -0.380883
39.08 0.351562 0.711529 -0.288471 2.59773 -0.408561

39.08 0.351562 0.705984 -0.294016 2.59772 -0.408549
39.082 0.356425 0.705984 -0.294016 2.58563 -0.425967

39.082 0.356414 0.705984 -0.294016 2.58567 -0.425959
39.0831 0.358887 0.705984 -0.294016 2.57994 -0.432958

39.0831 0.358887 0.700317 -0.299683 2.57993 -0.432935
39.0862 0.366211 0.700317 -0.299683 2.57319 -0.457821

39.0862 0.366211 0.694534 -0.305466 2.57319 -0.457819
39.0894 0.373407 0.694534 -0.305466 2.54739 -0.492038

39.0894 0.373403 0.694534 -0.305466 2.54741 -0.492035
39.0894 0.373535 0.694534 -0.305466 2.54669 -0.492511

39.0894 0.373535 0.689124 -0.310876 2.54669 -0.492516
39.0927 0.380859 0.689124 -0.310876 2.52653 -0.518156

39.0927 0.380859 0.683767 -0.316233 2.52652 -0.518144
39.0961 0.388184 0.683767 -0.316233 2.50056 -0.553333

39.0961 0.388184 0.678165 -0.321835 2.50056 -0.553238
39.0967 0.389426 0.678165 -0.321835 2.49414 -0.557315

39.0967 0.389393 0.678165 -0.321835 2.49432 -0.557319
39.0996 0.395508 0.678165 -0.321835 2.48589 -0.580039

39.0996 0.395508 0.672234 -0.327766 2.48586 -0.580008
39.1031 0.402832 0.672234 -0.327766 2.4684 -0.631974

39.1031 0.402832 0.666468 -0.333532 2.46838 -0.631818
39.104 0.404574 0.666468 -0.333532 2.45764 -0.643532

39.104 0.404526 0.666468 -0.333532 2.45798 -0.643463
39.1068 0.410156 0.666468 -0.333532 2.44156 -0.675371

39.1068 0.410156 0.660875 -0.339125 2.44152 -0.675303
39.1106 0.41748 0.660875 -0.339125 2.40231 -0.716528

39.1106 0.41748 0.655217 -0.344783 2.4023 -0.716364
39.1113 0.418957 0.655217 -0.344783 2.38972 -0.72273

39.1113 0.418905 0.655217 -0.344783 2.39017 -0.722733
39.1144 0.424805 0.655217 -0.344783 2.36959 -0.749755

39.1144 0.424805 0.649125 -0.350875 2.36954 -0.749685
39.1184 0.432129 0.649125 -0.350875 2.33249 -0.80535

39.1184 0.432129 0.644109 -0.355891 2.33245 -0.805057
39.1187 0.432673 0.644109 -0.355891 2.32766 -0.808443

39.1187 0.432612 0.642583 -0.357417 2.32824 -0.808415
39.1225 0.439453 0.642583 -0.357417 2.30294 -0.850423

39.1225 0.439453 0.636315 -0.363685 2.30293 -0.850363
39.126 0.445618 0.636315 -0.363685 2.26541 -0.905066

39.126 0.4456 0.636624 -0.363376 2.26564 -0.905051
39.1266 0.446777 0.636624 -0.363376 2.25188 -0.912883

39.1266 0.446777 0.630038 -0.369962 2.25186 -0.912794
39.1309 0.454102 0.630038 -0.369962 2.19541 -0.959901

39.1309 0.454102 0.624154 -0.375846 2.19541 -0.959784
39.1333 0.458036 0.624154 -0.375846 2.17054 -0.990015

39.1333 0.457991 0.624154 -0.375846 2.17091 -0.989932
39.1354 0.461426 0.624154 -0.375846 2.15089 -1.01637

39.1353 0.461426 0.617445 -0.382555 2.15077 -1.01611
39.1399 0.46875 0.617445 -0.382555 1e+30 1e+30

