19.1836 0.117188 0.880755 -0.119245 2.73484 -0.107924
19.1856 0.131836 0.880755 -0.119245 2.72536 -0.120851

19.1856 0.131836 0.86782 -0.13218 2.72536 -0.12085
19.1878 0.146484 0.86782 -0.13218 2.72006 -0.132312

19.1878 0.146484 0.855308 -0.144692 2.72006 -0.132313
19.1895 0.156248 0.855308 -0.144692 2.71498 -0.140639

19.1895 0.156238 0.855308 -0.144692 2.71499 -0.140632
19.1903 0.161133 0.855308 -0.144692 2.71204 -0.145285

19.1903 0.161133 0.843206 -0.156794 2.71204 -0.145283
19.193 0.175781 0.843206 -0.156794 2.69952 -0.157475

19.193 0.175781 0.831486 -0.168514 2.69952 -0.157477
19.196 0.19043 0.831486 -0.168514 2.6926 -0.169343

19.196 0.19043 0.822902 -0.177098 2.69262 -0.169361
19.1968 0.194122 0.822902 -0.177098 2.69432 -0.17177

19.1968 0.194088 0.822902 -0.177098 2.69436 -0.171747
19.1976 0.197754 0.822902 -0.177098 2.6908 -0.175733

19.1976 0.197754 0.816904 -0.183096 2.69079 -0.175727
19.1992 0.205078 0.816904 -0.183096 2.68871 -0.183158

19.1992 0.205078 0.811345 -0.188655 2.68871 -0.183161
19.2009 0.212402 0.811345 -0.188655 2.68744 -0.19181

19.2009 0.212402 0.805626 -0.194374 2.68743 -0.191799
19.2027 0.219727 0.805626 -0.194374 2.68606 -0.203282

19.2027 0.219727 0.799486 -0.200514 2.68606 -0.203282
19.2041 0.225422 0.799486 -0.200514 2.68051 -0.209887

19.2041 0.225417 0.799486 -0.200514 2.68053 -0.209886
19.2045 0.227051 0.799486 -0.200514 2.67455 -0.211046

19.2045 0.227051 0.793823 -0.206177 2.67455 -0.211048
19.2064 0.234375 0.793823 -0.206177 2.67035 -0.220037

19.2064 0.234375 0.788362 -0.211638 2.67034 -0.220033
19.2084 0.241699 0.788362 -0.211638 2.68143 -0.232689

19.2084 0.241699 0.782715 -0.217285 2.68143 -0.232688
19.2104 0.249023 0.782715 -0.217285 2.67078 -0.236914

19.2104 0.249023 0.776606 -0.223394 2.67078 -0.236907
19.2114 0.252562 0.776606 -0.223394 2.66264 -0.236959

19.2114 0.252551 0.776606 -0.223394 2.66266 -0.236964
19.2125 0.256348 0.776606 -0.223394 2.65299 -0.236923

19.2125 0.256348 0.770098 -0.229902 2.65299 -0.236922
19.2147 0.263672 0.770098 -0.229902 2.64292 -0.237855

19.2147 0.263672 0.763921 -0.236079 2.64292 -0.237855
19.217 0.270996 0.763921 -0.236079 2.64372 -0.253531

19.217 0.270996 0.758288 -0.241712 2.64372 -0.253534
19.2188 0.276584 0.758288 -0.241712 2.63946 -0.265843

19.2188 0.27658 0.758288 -0.241712 2.63947 -0.265838
19.2193 0.27832 0.758288 -0.241712 2.63582 -0.268975

19.2193 0.27832 0.753039 -0.246961 2.63582 -0.268974
19.2217 0.285645 0.753039 -0.246961 2.63076 -0.283971

19.2217 0.285645 0.747797 -0.252203 2.63076 -0.283968
19.2242 0.292969 0.747797 -0.252203 2.63221 -0.309229

19.2242 0.292969 0.74235 -0.25765 2.63221 -0.30922
19.2261 0.298443 0.74235 -0.25765 2.62763 -0.326606

19.2261 0.298437 0.74235 -0.25765 2.62765 -0.3266
19.2267 0.300293 0.74235 -0.25765 2.6249 -0.331337

19.2267 0.300293 0.736713 -0.263287 2.6249 -0.331324
19.2293 0.307617 0.736713 -0.263287 2.62142 -0.347524

19.2293 0.307617 0.730848 -0.269152 2.62142 -0.347521
19.232 0.314941 0.730848 -0.269152 2.60856 -0.371715

19.232 0.314941 0.725164 -0.274836 2.60856 -0.371706
19.2334 0.318559 0.725164 -0.274836 2.59508 -0.383701

19.2334 0.31854 0.725164 -0.274836 2.59516 -0.38367
19.2348 0.322266 0.725164 -0.274836 2.58039 -0.392672

19.2348 0.322266 0.71967 -0.28033 2.58038 -0.392658
19.2377 0.32959 0.71967 -0.28033 2.56155 -0.412305

19.2377 0.32959 0.714123 -0.285877 2.56155 -0.412305
19.2406 0.336914 0.714123 -0.285877 2.54454 -0.433098

19.2406 0.336914 0.708588 -0.291412 2.54453 -0.433057
19.2407 0.337258 0.708588 -0.291412 2.54365 -0.433832

19.2407 0.337234 0.708588 -0.291412 2.54372 -0.433819
19.2436 0.344238 0.708588 -0.291412 2.53676 -0.451454

19.2436 0.344238 0.70287 -0.29713 2.53675 -0.451448
19.2467 0.351562 0.70287 -0.29713 2.52496 -0.484746

19.2467 0.351562 0.697373 -0.302627 2.52496 -0.484714
19.248 0.354683 0.697373 -0.302627 2.51324 -0.498372

19.248 0.354655 0.697373 -0.302627 2.51337 -0.498332
19.2499 0.358887 0.697373 -0.302627 2.49817 -0.513703

19.2499 0.358887 0.691906 -0.308094 2.49815 -0.513663
19.2531 0.366211 0.691906 -0.308094 2.47734 -0.541688

19.2531 0.366211 0.686207 -0.313793 2.47734 -0.541674
19.2554 0.371101 0.686207 -0.313793 2.46086 -0.560278

19.2554 0.371087 0.686207 -0.313793 2.46093 -0.560267
19.2565 0.373535 0.686207 -0.313793 2.4526 -0.568026

19.2565 0.373535 0.680285 -0.319715 2.45259 -0.567988
19.2599 0.380859 0.680285 -0.319715 2.44218 -0.60051

19.2599 0.380859 0.67412 -0.32588 2.44217 -0.600495
19.2627 0.386592 0.67412 -0.32588 2.42442 -0.638078

19.2627 0.386577 0.67412 -0.32588 2.42453 -0.638058
19.2635 0.388184 0.67412 -0.32588 2.41428 -0.646338

19.2635 0.388184 0.668094 -0.331906 2.41427 -0.646297
19.2671 0.395508 0.668094 -0.331906 2.3861 -0.679961

19.2671 0.395508 0.662366 -0.337634 2.3861 -0.679959
19.27 0.401226 0.662366 -0.337634 2.35791 -0.707768

19.27 0.40121 0.662366 -0.337634 2.35804 -0.707756
19.2708 0.402832 0.662366 -0.337634 2.3466 -0.714183

19.2708 0.402832 0.656554 -0.343446 2.34658 -0.714124
19.2747 0.410156 0.656554 -0.343446 2.32284 -0.751851

19.2747 0.410156 0.650548 -0.349452 2.32283 -0.751807
19.2773 0.415143 0.650548 -0.349452 2.30791 -0.79165

19.2773 0.41512 0.650548 -0.349452 2.30809 -0.791615
19.2786 0.41748 0.650548 -0.349452 2.29437 -0.806931

19.2786 0.41748 0.644151 -0.355849 2.29432 -0.80681
19.2826 0.424805 0.644151 -0.355849 2.25985 -0.859906

19.2826 0.424805 0.637968 -0.362032 2.25984 -0.859782
19.2847 0.428386 0.637968 -0.362032 2.23739 -0.89327

19.2847 0.428336 0.637968 -0.362032 2.23774 -0.893204
19.2868 0.432129 0.637968 -0.362032 2.21074 -0.918138

19.2868 0.432129 0.631739 -0.368261 2.21066 -0.91793
19.2911 0.439453 0.631739 -0.368261 2.14735 -0.96163

19.291 0.439453 0.626599 -0.373401 2.14737 -0.961341
19.292 0.441045 0.626599 -0.373401 2.12832 -0.970449

19.292 0.440973 0.625306 -0.374694 2.12914 -0.970529
19.2955 0.446777 0.625306 -0.374694 2.10333 -1.0022

19.2955 0.446777 0.618675 -0.381325 2.10325 -1.00206
19.2993 0.453045 0.618675 -0.381325 2.07294 -1.06376

19.2993 0.453024 0.621381 -0.378619 2.0732 -1.06375
19.3 0.454102 0.621381 -0.378619 2.06153 -1.0725

19.3 0.454102 0.611125 -0.388875 2.06151 -1.07241
19.3046 0.461426 0.611125 -0.388875 1.99765 -1.12828

19.3046 0.461426 0.604774 -0.395226 1.99763 -1.12803
19.3066 0.464535 0.604774 -0.395226 1.97114 -1.15688

19.3066 0.464458 0.604375 -0.395625 1.97186 -1.1569
19.3095 0.46875 0.604375 -0.395625 1.94567 -1.19731

19.3094 0.46875 0.597433 -0.402567 1.94549 -1.1969
19.314 0.4755 0.597433 -0.402567 1.86381 -1.25269

19.314 0.475481 0.600483 -0.399517 1.86416 -1.25272
19.3144 0.476074 0.600483 -0.399517 1.85333 -1.25612

19.3144 0.476074 0.589424 -0.410576 1.85333 -1.25603
19.3195 0.483398 0.589424 -0.410576 1.76826 -1.30767

19.3194 0.483398 0.586916 -0.413084 1.76825 -1.3074
19.3213 0.486028 0.586916 -0.413084 1.75161 -1.33515

19.3213 0.485923 0.581537 -0.418463 1.75233 -1.3353
19.3247 0.490723 0.581537 -0.418463 1.72203 -1.38776

19.3247 0.490723 0.573114 -0.426886 1.72189 -1.38719
19.3286 0.49597 0.573114 -0.426886 1.66712 -1.45707

19.3286 0.495905 0.575692 -0.424308 1.66833 -1.45725
19.3302 0.498047 0.575692 -0.424308 1.62747 -1.48017

19.3302 0.498047 0.563482 -0.436518 1.62749 -1.47963
19.3358 0.505371 0.563482 -0.436518 1.4932 -1.51897

19.3357 0.505371 0.559117 -0.440883 1.49349 -1.51787
19.3359 0.505613 0.559117 -0.440883 1.48911 -1.51889

19.3359 0.505474 0.554747 -0.445253 1.49128 -1.51964
19.3417 0.512695 0.554747 -0.445253 1.40814 -1.57668

19.3417 0.512695 0.551069 -0.448931 1.40827 -1.5753
19.3433 0.514651 0.551069 -0.448931 1.39588 -1.60056

19.3433 0.514531 0.546314 -0.453686 1.39643 -1.60108
19.3478 0.52002 0.546314 -0.453686 1.3359 -1.65565

19.3478 0.52002 0.540617 -0.459383 1.33608 -1.655
19.3506 0.523319 0.540617 -0.459383 1.2903 -1.67775

19.3506 0.523209 0.537233 -0.462767 1.29137 -1.67861
19.3541 0.527344 0.537233 -0.462767 1.22199 -1.70534

19.3542 0.527344 0.528209 -0.471791 1.22193 -1.70555
19.3579 0.531542 0.528209 -0.471791 1.14831 -1.71837

19.3579 0.531461 0.522408 -0.477592 1.1492 -1.71905
19.3608 0.534668 0.522408 -0.477592 1.10032 -1.73156

19.3608 0.534668 0.516228 -0.483772 1.10038 -1.73136
19.3652 0.539371 0.516228 -0.483772 1.02154 -1.75263

19.3652 0.539311 0.509697 -0.490303 1.02229 -1.75311
19.3678 0.541992 0.509697 -0.490303 0.977154 -1.76775

19.3678 0.541992 0.50303 -0.49697 0.97733 -1.76719
19.3726 0.546835 0.50303 -0.49697 0.890835 -1.80132

19.3726 0.546796 0.49575 -0.50425 0.891468 -1.80168
19.3751 0.549316 0.49575 -0.50425 0.836104 -1.81721

19.3751 0.549316 0.487806 -0.512194 0.836444 -1.8163
19.3799 0.553908 0.487806 -0.512194 0.736678 -1.85344

19.3799 0.553887 0.47952 -0.52048 0.73696 -1.85366
19.3829 0.556641 0.47952 -0.52048 0.682143 -1.87774

19.3828 0.556641 0.471833 -0.528167 0.682685 -1.87626
19.3872 0.560589 0.471833 -0.528167 0.598042 -1.90947

19.3872 0.560585 0.461434 -0.538566 0.598118 -1.90953
19.3912 0.563965 0.461434 -0.538566 0.511895 -1.92941

19.391 0.563965 0.456789 -0.543211 0.513036 -1.92825
19.3945 0.566911 0.456789 -0.543211 1e+30 1e+30

