21.6317 0 0.991816 -0.00818371 2.75235 0
21.6319 0.0146484 0.991816 -0.00818371 2.75068 -0.0198939

21.6319 0.0146484 0.98007 -0.0199299 2.75074 -0.0198955
21.632 0.0219727 0.98007 -0.0199299 2.74975 -0.0329185

21.632 0.0219727 0.973445 -0.0265555 2.74975 -0.0329175
21.6322 0.0292969 0.973445 -0.0265555 2.74054 -0.0365099

21.6322 0.0292969 0.966156 -0.0338438 2.74054 -0.036513
21.6325 0.0366211 0.966156 -0.0338438 2.73025 -0.0369294

21.6325 0.0366211 0.958751 -0.0412492 2.73025 -0.0369288
21.6328 0.0439453 0.958751 -0.0412492 2.72725 -0.045092

21.6328 0.0439453 0.951484 -0.0485164 2.72725 -0.0450925
21.6332 0.0512695 0.951484 -0.0485164 2.72438 -0.0528931

21.6332 0.0512695 0.944247 -0.0557526 2.72438 -0.0528932
21.6336 0.0585938 0.944247 -0.0557526 2.71744 -0.0548659

21.6336 0.0585938 0.933729 -0.0662714 2.71742 -0.0548733
21.6346 0.0732422 0.933729 -0.0662714 2.70806 -0.0649747

21.6346 0.0732422 0.919808 -0.080192 2.70806 -0.0649731
21.6357 0.0859651 0.919808 -0.080192 2.70877 -0.0735261

21.6357 0.0860018 0.916387 -0.0836131 2.70883 -0.0735354
21.6359 0.0878906 0.916387 -0.0836131 2.71185 -0.0742376

21.6359 0.0878906 0.909371 -0.090629 2.71187 -0.0742497
21.6367 0.0952148 0.909371 -0.090629 2.72173 -0.0839316

21.6367 0.0952148 0.902201 -0.0977991 2.72173 -0.0839317
21.6374 0.102539 0.902201 -0.0977991 2.71906 -0.0943308

21.6374 0.102539 0.895374 -0.104626 2.71906 -0.094333
21.6383 0.109863 0.895374 -0.104626 2.71169 -0.0983277

21.6383 0.109863 0.888854 -0.111146 2.71169 -0.0983276
21.6392 0.117188 0.888854 -0.111146 2.7143 -0.101445

21.6392 0.117188 0.878872 -0.121128 2.71428 -0.101419
21.6412 0.131836 0.878872 -0.121128 2.72422 -0.111292

21.6412 0.131836 0.869212 -0.130788 2.72424 -0.111319
21.6423 0.13916 0.869212 -0.130788 2.72611 -0.118885

21.6423 0.13916 0.863891 -0.136109 2.72611 -0.118886
21.6431 0.14374 0.863891 -0.136109 2.72228 -0.124174

21.6431 0.143738 0.863891 -0.136109 2.72228 -0.124173
21.6435 0.146484 0.863891 -0.136109 2.72124 -0.126255

21.6435 0.146484 0.85467 -0.14533 2.72121 -0.126236
21.646 0.161133 0.85467 -0.14533 2.71269 -0.134465

21.646 0.161133 0.842254 -0.157746 2.71269 -0.134464
21.6487 0.175781 0.842254 -0.157746 2.70815 -0.139508

21.6487 0.175781 0.830079 -0.169921 2.70814 -0.139505
21.6504 0.184005 0.830079 -0.169921 2.70744 -0.143739

21.6504 0.184041 0.826558 -0.173442 2.70742 -0.143758
21.6517 0.19043 0.826558 -0.173442 2.69985 -0.144969

21.6517 0.19043 0.821732 -0.178268 2.69985 -0.14497
21.6533 0.197754 0.821732 -0.178268 2.69697 -0.148536

21.6533 0.197754 0.816583 -0.183417 2.69696 -0.148536
21.655 0.205078 0.816583 -0.183417 2.6957 -0.156975

21.655 0.205078 0.810532 -0.189468 2.6957 -0.156976
21.6567 0.212402 0.810532 -0.189468 2.68395 -0.158889

21.6567 0.212402 0.804713 -0.195287 2.68395 -0.158889
21.6577 0.216678 0.804713 -0.195287 2.68049 -0.159003

21.6577 0.216677 0.804713 -0.195287 2.68049 -0.159003
21.6585 0.219727 0.804713 -0.195287 2.68027 -0.157186

21.6585 0.219727 0.79894 -0.20106 2.68027 -0.157186
21.6603 0.227051 0.79894 -0.20106 2.68177 -0.160411

21.6603 0.227051 0.793287 -0.206713 2.68177 -0.160411
21.6622 0.234375 0.793287 -0.206713 2.68792 -0.174111

21.6622 0.234375 0.787983 -0.212017 2.68792 -0.174115
21.6642 0.241699 0.787983 -0.212017 2.69204 -0.189618

21.6642 0.241699 0.782878 -0.217122 2.69203 -0.189612
21.665 0.244809 0.782878 -0.217122 2.69367 -0.196184

21.665 0.244799 0.782878 -0.217122 2.69367 -0.196173
21.6662 0.249023 0.782878 -0.217122 2.68941 -0.207324

21.6662 0.249023 0.777347 -0.222653 2.6894 -0.207315
21.6683 0.256348 0.777347 -0.222653 2.68028 -0.223317

21.6683 0.256348 0.771217 -0.228783 2.68028 -0.223315
21.6705 0.263672 0.771217 -0.228783 2.66595 -0.240967

21.6705 0.263672 0.76494 -0.23506 2.66595 -0.240966
21.6724 0.269816 0.76494 -0.23506 2.65347 -0.253642

21.6724 0.269811 0.76494 -0.23506 2.65349 -0.253636
21.6727 0.270996 0.76494 -0.23506 2.65063 -0.255992

21.6727 0.270996 0.758975 -0.241025 2.65064 -0.255993
21.6751 0.27832 0.758975 -0.241025 2.64015 -0.269268

21.6751 0.27832 0.753306 -0.246694 2.64015 -0.269267
21.6775 0.285645 0.753306 -0.246694 2.63512 -0.281577

21.6775 0.285645 0.747754 -0.252246 2.63512 -0.281578
21.6797 0.29227 0.747754 -0.252246 2.6271 -0.290734

21.6797 0.292269 0.747754 -0.252246 2.6271 -0.290734
21.6799 0.292969 0.747754 -0.252246 2.62621 -0.291561

21.6799 0.292969 0.742334 -0.257666 2.62621 -0.291559
21.6825 0.300293 0.742334 -0.257666 2.62512 -0.303109

21.6825 0.300293 0.736772 -0.263228 2.62512 -0.303107
21.6851 0.307617 0.736772 -0.263228 2.62539 -0.331608

21.6851 0.307617 0.731182 -0.268818 2.62539 -0.331605
21.687 0.31287 0.731182 -0.268818 2.61572 -0.351717

21.687 0.312861 0.731182 -0.268818 2.61576 -0.351703
21.6878 0.314941 0.731182 -0.268818 2.60877 -0.35842

21.6878 0.314941 0.725767 -0.274233 2.60876 -0.358409
21.6905 0.322266 0.725767 -0.274233 2.59447 -0.379024

21.6905 0.322266 0.720377 -0.279623 2.59447 -0.379022
21.6934 0.32959 0.720377 -0.279623 2.57804 -0.397859

21.6934 0.32959 0.715029 -0.284971 2.57803 -0.397843
21.6943 0.331989 0.715029 -0.284971 2.57016 -0.402506

21.6943 0.331972 0.715029 -0.284971 2.57022 -0.402499
21.6963 0.336914 0.715029 -0.284971 2.56386 -0.412806

21.6963 0.336914 0.709526 -0.290474 2.56385 -0.412794
21.6993 0.344238 0.709526 -0.290474 2.56465 -0.443846

21.6993 0.344238 0.703978 -0.296022 2.56465 -0.443845
21.7017 0.349851 0.703978 -0.296022 2.55328 -0.473996

21.7017 0.349841 0.703978 -0.296022 2.55334 -0.473978
21.7024 0.351562 0.703978 -0.296022 2.54575 -0.481567

21.7024 0.351562 0.698618 -0.301382 2.54574 -0.481545
21.7055 0.358887 0.698618 -0.301382 2.52936 -0.510485

21.7055 0.358887 0.693194 -0.306806 2.52936 -0.510478
21.7088 0.366211 0.693194 -0.306806 2.5015 -0.540222

21.7088 0.366211 0.687693 -0.312307 2.50148 -0.540133
21.709 0.366696 0.687693 -0.312307 2.49882 -0.54169

21.709 0.366657 0.687693 -0.312307 2.49907 -0.541657
21.7121 0.373535 0.687693 -0.312307 2.48014 -0.565066

21.7121 0.373535 0.681855 -0.318145 2.48012 -0.565049
21.7155 0.380859 0.681855 -0.318145 2.45739 -0.605895

21.7155 0.380859 0.675962 -0.324038 2.45736 -0.605812
21.7163 0.382526 0.675962 -0.324038 2.44867 -0.613861

21.7163 0.38249 0.675962 -0.324038 2.4489 -0.613811
21.719 0.388184 0.675962 -0.324038 2.43219 -0.639215

21.719 0.388184 0.670254 -0.329746 2.43216 -0.639188
21.7226 0.395508 0.670254 -0.329746 2.39981 -0.675883

21.7226 0.395508 0.664796 -0.335204 2.39978 -0.6758
21.7236 0.397511 0.664796 -0.335204 2.386 -0.684622

21.7236 0.397468 0.664796 -0.335204 2.38634 -0.684567
21.7263 0.402832 0.664796 -0.335204 2.36629 -0.707472

21.7263 0.402832 0.659225 -0.340775 2.36625 -0.707424
21.7301 0.410156 0.659225 -0.340775 2.33304 -0.750107

21.7301 0.410156 0.65335 -0.34665 2.33301 -0.749959
21.731 0.411779 0.65335 -0.34665 2.32171 -0.757882

21.731 0.411735 0.65335 -0.34665 2.32204 -0.757865
21.734 0.41748 0.65335 -0.34665 2.30945 -0.786996

21.734 0.41748 0.647182 -0.352818 2.3094 -0.78694
21.738 0.424805 0.647182 -0.352818 2.27295 -0.841834

21.738 0.424805 0.642703 -0.357297 2.2729 -0.841525
21.7383 0.425386 0.642703 -0.357297 2.26726 -0.845192

21.7383 0.425315 0.641068 -0.358932 2.26802 -0.845133
21.7421 0.432129 0.641068 -0.358932 2.23729 -0.885126

21.7421 0.432129 0.635242 -0.364758 2.23729 -0.885039
21.7456 0.438251 0.635242 -0.364758 2.19745 -0.933428

21.7456 0.438234 0.635596 -0.364404 2.19765 -0.933418
21.7463 0.439453 0.635596 -0.364404 2.18489 -0.940542

21.7463 0.439453 0.628781 -0.371219 2.18487 -0.940433
21.7506 0.446777 0.628781 -0.371219 2.13625 -0.989725

21.7506 0.446777 0.622274 -0.377726 2.13624 -0.989576
21.7529 0.450605 0.622274 -0.377726 2.11631 -1.02563

21.7529 0.450559 0.622274 -0.377726 2.1167 -1.02553
21.7551 0.454102 0.622274 -0.377726 2.09731 -1.0562

21.7551 0.454102 0.615264 -0.384736 2.09719 -1.05594
21.7596 0.461426 0.615264 -0.384736 2.02795 -1.11442

21.7596 0.461426 0.615303 -0.384697 2.02792 -1.11404
21.7603 0.462466 0.615303 -0.384697 2.01324 -1.12113

21.7603 0.462363 0.608119 -0.391881 2.01475 -1.12118
21.7644 0.46875 0.608119 -0.391881 1.96784 -1.16878

21.7644 0.46875 0.601613 -0.398387 1.96782 -1.16845
21.7676 0.473623 0.601613 -0.398387 1.93443 -1.22434

21.7676 0.473574 0.602757 -0.397243 1.93512 -1.22433
21.7692 0.476074 0.602757 -0.397243 1.90473 -1.24681

21.7692 0.476074 0.593893 -0.406107 1.90465 -1.24644
21.7742 0.483398 0.593893 -0.406107 1.81382 -1.30504

21.7742 0.483398 0.592379 -0.407621 1.81384 -1.30447
21.7749 0.484468 0.592379 -0.407621 1.79908 -1.31251

21.7749 0.484362 0.585702 -0.414298 1.80051 -1.31274
21.7794 0.490723 0.585702 -0.414298 1.74743 -1.37278

21.7794 0.490723 0.579165 -0.420835 1.74739 -1.3721
21.7822 0.494652 0.579165 -0.420835 1.7249 -1.43358

21.7822 0.494558 0.579266 -0.420734 1.72629 -1.43367
21.7848 0.498047 0.579266 -0.420734 1.67992 -1.47931

21.7847 0.498047 0.569235 -0.430765 1.67984 -1.47854
21.7896 0.504429 0.569235 -0.430765 1.56846 -1.52926

21.7896 0.504395 0.568915 -0.431085 1.56915 -1.52944
21.7903 0.505371 0.568915 -0.431085 1.54665 -1.53553

21.7903 0.505371 0.559857 -0.440143 1.54672 -1.53522
21.796 0.512695 0.559857 -0.440143 1.43242 -1.58611

21.796 0.512695 0.555873 -0.444127 1.4326 -1.58475
21.7969 0.513849 0.555873 -0.444127 1.42189 -1.59587

21.7969 0.513712 0.551395 -0.448605 1.4229 -1.59653
21.802 0.52002 0.551395 -0.448605 1.36602 -1.66216

21.8019 0.52002 0.546957 -0.453043 1.36623 -1.66091
21.8042 0.522736 0.546957 -0.453043 1.34085 -1.69284

21.8042 0.522613 0.543127 -0.456873 1.34163 -1.69361
21.8082 0.527344 0.543127 -0.456873 1.26417 -1.73595

21.8082 0.527344 0.535293 -0.464707 1.26421 -1.73585
21.8115 0.531205 0.535293 -0.464707 1.18956 -1.74828

21.8115 0.531106 0.530389 -0.469611 1.19065 -1.74928
21.8147 0.534668 0.530389 -0.469611 1.13084 -1.76275

21.8147 0.534668 0.523344 -0.476656 1.13085 -1.76272
21.8188 0.539249 0.523344 -0.476656 1.05337 -1.77734

21.8188 0.539181 0.517047 -0.482953 1.05395 -1.77798
21.8215 0.541992 0.517047 -0.482953 1.01698 -1.79088

21.8215 0.541992 0.510872 -0.489128 1.01708 -1.79058
21.8262 0.54692 0.510872 -0.489128 0.94125 -1.81801

21.8262 0.546883 0.50357 -0.49643 0.941745 -1.81836
21.8286 0.549316 0.50357 -0.49643 0.895639 -1.83145

21.8285 0.549316 0.495721 -0.504279 0.895908 -1.83077
21.8335 0.554202 0.495721 -0.504279 0.803703 -1.88062

21.8335 0.554161 0.487761 -0.512239 0.804382 -1.88104
21.8361 0.556641 0.487761 -0.512239 0.746307 -1.90814

21.836 0.556641 0.479658 -0.520342 0.74681 -1.90658
21.8408 0.561063 0.479658 -0.520342 0.635124 -1.9376

21.8408 0.561049 0.471139 -0.528861 0.635327 -1.93779
21.8441 0.563965 0.471139 -0.528861 0.563021 -1.95374

21.844 0.563965 0.464404 -0.535596 0.563914 -1.95214
21.8481 0.567562 0.464404 -0.535596 0.466834 -1.95334

21.8481 0.567564 0.454487 -0.545513 0.466799 -1.95331
21.8526 0.571289 0.454487 -0.545513 0.372806 -1.94822

21.8525 0.571289 0.449898 -0.550102 0.374002 -1.94679
21.8555 0.57373 0.449898 -0.550102 0.312611 -1.94958

21.8555 0.573715 0.440958 -0.559042 0.312816 -1.94976
21.8617 0.578613 0.440958 -0.559042 0.188282 -1.94993

21.8616 0.578613 0.433356 -0.566644 0.189298 -1.94889
21.8628 0.579554 0.433356 -0.566644 0.166842 -1.94796

21.8628 0.579502 0.424522 -0.575478 0.167491 -1.94861
21.8701 0.584905 0.424522 -0.575478 0.0207968 -1.96147

21.8701 0.584883 0.405107 -0.594893 0.021225 -1.96178
21.8717 0.585938 0.405107 -0.594893 -0.0128554 -1.96641

21.8716 0.585938 0.407785 -0.592215 -0.012394 -1.96578
21.8774 0.589949 0.407785 -0.592215 -0.164049 -1.92674

21.8774 0.589915 0.390957 -0.609043 -0.163406 -1.92729
21.8827 0.593262 0.390957 -0.609043 -0.27947 -1.86879

21.8825 0.593262 0.388119 -0.611881 -0.278349 -1.86854
21.8848 0.59469 0.388119 -0.611881 -0.32058 -1.85578

21.8848 0.594645 0.373131 -0.626869 -0.319805 -1.85632
21.8921 0.599005 0.373131 -0.626869 -0.465749 -1.82336

21.8921 0.598977 0.354121 -0.645879 -0.46515 -1.82373
21.895 0.600586 0.354121 -0.645879 -0.526123 -1.80894

21.8949 0.600586 0.354121 -0.645879 -0.525452 -1.80877
21.8994 0.603034 0.354121 -0.645879 -0.626057 -1.76589

21.8994 0.603022 0.333658 -0.666342 -0.625792 -1.76603
21.9067 0.60669 0.333658 -0.666342 -0.784295 -1.69737

21.9067 0.606661 0.312355 -0.687645 -0.783571 -1.69772
21.9095 0.60791 0.312355 -0.687645 -0.839711 -1.67746

21.9094 0.60791 0.312355 -0.687645 -0.839095 -1.67758
21.9141 0.61002 0.312355 -0.687645 1e+30 1e+30

