16.3332 0 0.992008 -0.00799236 2.71188 0
16.3333 0.0146484 0.992008 -0.00799236 2.71206 -0.0136565

16.3333 0.0146484 0.976452 -0.0235484 2.71206 -0.0136566
16.3337 0.0292969 0.976452 -0.0235484 2.72004 -0.0281683

16.3337 0.0292969 0.96514 -0.0348601 2.72007 -0.0281715
16.3339 0.0366211 0.96514 -0.0348601 2.72696 -0.0376798

16.3339 0.0366211 0.957726 -0.0422743 2.72696 -0.0376797
16.3343 0.0439453 0.957726 -0.0422743 2.72374 -0.0488893

16.3342 0.0439453 0.94645 -0.0535504 2.7237 -0.0488811
16.3351 0.0585938 0.94645 -0.0535504 2.69976 -0.062598

16.3351 0.0585938 0.93571 -0.0642895 2.69978 -0.0626053
16.3356 0.065918 0.93571 -0.0642895 2.68286 -0.0610175

16.3356 0.065918 0.929867 -0.0701329 2.68287 -0.0610174
16.3361 0.0732422 0.929867 -0.0701329 2.69467 -0.057873

16.3361 0.0732422 0.923296 -0.0767038 2.69466 -0.0578737
16.3368 0.0805664 0.923296 -0.0767038 2.72078 -0.06999

16.3368 0.0805664 0.916253 -0.0837474 2.72078 -0.0699844
16.3374 0.0878906 0.916253 -0.0837474 2.72509 -0.0930413

16.3374 0.0878906 0.909092 -0.0909085 2.72509 -0.0930414
16.3382 0.0952148 0.909092 -0.0909085 2.71237 -0.10638

16.3382 0.0952148 0.902113 -0.0978867 2.71237 -0.10638
16.3389 0.102539 0.902113 -0.0978867 2.70214 -0.113695

16.3389 0.102539 0.89531 -0.10469 2.70215 -0.113695
16.3398 0.109863 0.89531 -0.10469 2.6987 -0.119018

16.3398 0.109863 0.888693 -0.111307 2.6987 -0.119018
16.3403 0.114059 0.888693 -0.111307 2.69826 -0.122037

16.3403 0.114058 0.888693 -0.111307 2.69826 -0.122036
16.3407 0.117188 0.888693 -0.111307 2.69857 -0.124764

16.3407 0.117188 0.882334 -0.117666 2.69857 -0.124764
16.3417 0.124512 0.882334 -0.117666 2.69786 -0.130602

16.3417 0.124512 0.876106 -0.123894 2.69786 -0.130602
16.3427 0.131836 0.876106 -0.123894 2.69169 -0.13398

16.3427 0.131836 0.866419 -0.133581 2.69166 -0.133972
16.345 0.146484 0.866419 -0.133581 2.68195 -0.140911

16.345 0.146484 0.853397 -0.146603 2.68194 -0.140908
16.3475 0.161133 0.853397 -0.146603 2.67634 -0.151865

16.3475 0.161133 0.84077 -0.15923 2.67633 -0.151864
16.3477 0.162013 0.84077 -0.15923 2.67609 -0.152801

16.3477 0.161985 0.84077 -0.15923 2.67611 -0.152778
16.3503 0.175781 0.84077 -0.15923 2.66481 -0.165607

16.3503 0.175781 0.831889 -0.168111 2.66484 -0.165629
16.3518 0.183105 0.831889 -0.168111 2.65687 -0.171429

16.3518 0.183105 0.826413 -0.173587 2.65687 -0.171429
16.3533 0.19043 0.826413 -0.173587 2.65767 -0.176755

16.3533 0.19043 0.817735 -0.182265 2.65764 -0.176729
16.3566 0.205078 0.817735 -0.182265 2.66098 -0.192047

16.3566 0.205078 0.809042 -0.190958 2.661 -0.192069
16.3583 0.212402 0.809042 -0.190958 2.65799 -0.201329

16.3583 0.212402 0.80282 -0.19718 2.65799 -0.20133
16.3601 0.219727 0.80282 -0.19718 2.64321 -0.207596

16.3601 0.219727 0.796893 -0.203107 2.64321 -0.207597
16.362 0.227051 0.796893 -0.203107 2.63279 -0.211213

16.362 0.227051 0.791036 -0.208964 2.63278 -0.211211
16.3623 0.228364 0.791036 -0.208964 2.63126 -0.211766

16.3623 0.228357 0.791036 -0.208964 2.63127 -0.211765
16.3639 0.234375 0.791036 -0.208964 2.62772 -0.214806

16.3639 0.234375 0.785041 -0.214959 2.62772 -0.214805
16.3659 0.241699 0.785041 -0.214959 2.62972 -0.221532

16.3659 0.241699 0.779111 -0.220889 2.62973 -0.221532
16.368 0.249023 0.779111 -0.220889 2.62835 -0.2387

16.368 0.249023 0.773396 -0.226604 2.62835 -0.2387
16.3696 0.254665 0.773396 -0.226604 2.62057 -0.250073

16.3696 0.25466 0.773396 -0.226604 2.62058 -0.250067
16.3701 0.256348 0.773396 -0.226604 2.61689 -0.253246

16.3701 0.256348 0.767876 -0.232124 2.61688 -0.253244
16.3723 0.263672 0.767876 -0.232124 2.60937 -0.268869

16.3723 0.263672 0.762189 -0.237811 2.60937 -0.268865
16.3746 0.270996 0.762189 -0.237811 2.60792 -0.29216

16.3746 0.270996 0.756294 -0.243706 2.60792 -0.29216
16.377 0.278236 0.756294 -0.243706 2.59871 -0.3146

16.377 0.278236 0.756294 -0.243706 2.59871 -0.314599
16.377 0.27832 0.756294 -0.243706 2.59856 -0.314839

16.377 0.27832 0.750645 -0.249355 2.59856 -0.314843
16.3794 0.285645 0.750645 -0.249355 2.59221 -0.334365

16.3794 0.285645 0.745056 -0.254944 2.59221 -0.334361
16.3819 0.292969 0.745056 -0.254944 2.58684 -0.354385

16.3819 0.292969 0.739468 -0.260532 2.58684 -0.354388
16.3843 0.29966 0.739468 -0.260532 2.56874 -0.368618

16.3843 0.299657 0.739468 -0.260532 2.56875 -0.368617
16.3845 0.300293 0.739468 -0.260532 2.56695 -0.369542

16.3845 0.300293 0.733992 -0.266008 2.56695 -0.369538
16.3872 0.307617 0.733992 -0.266008 2.55599 -0.383677

16.3872 0.307617 0.72825 -0.27175 2.55598 -0.383673
16.3899 0.314941 0.72825 -0.27175 2.54679 -0.413851

16.3899 0.314941 0.722454 -0.277546 2.54679 -0.413845
16.3916 0.319411 0.722454 -0.277546 2.53715 -0.430683

16.3916 0.319398 0.722454 -0.277546 2.5372 -0.430666
16.3927 0.322266 0.722454 -0.277546 2.52957 -0.439507

16.3927 0.322266 0.716827 -0.283173 2.52956 -0.43949
16.3956 0.32959 0.716827 -0.283173 2.52033 -0.461869

16.3956 0.32959 0.711226 -0.288774 2.52033 -0.461869
16.3986 0.336914 0.711226 -0.288774 2.49859 -0.487043

16.3986 0.336914 0.705715 -0.294285 2.49857 -0.486988
16.3989 0.337805 0.705715 -0.294285 2.4946 -0.489454

16.3989 0.337771 0.705715 -0.294285 2.49477 -0.489423
16.4016 0.344238 0.705715 -0.294285 2.47772 -0.507941

16.4016 0.344238 0.699925 -0.300075 2.47771 -0.507926
16.4048 0.351562 0.699925 -0.300075 2.46067 -0.541747

16.4048 0.351562 0.693951 -0.306049 2.46066 -0.541714
16.4062 0.354955 0.693951 -0.306049 1e+30 1e+30

