11.5551 0 0.984755 -0.0152453 2.58261 0
11.5556 0.0292969 0.984755 -0.0152453 2.58558 -0.0418899

11.5556 0.0292969 0.962469 -0.0375309 2.58572 -0.0419062
11.5562 0.0439453 0.962469 -0.0375309 2.58735 -0.0634775

11.5562 0.0439453 0.947022 -0.0529775 2.58736 -0.0634785
11.557 0.0585938 0.947022 -0.0529775 2.59138 -0.083511

11.557 0.0585938 0.935982 -0.064018 2.59142 -0.0835224
11.5575 0.065918 0.935982 -0.064018 2.59369 -0.0933995

11.5575 0.065918 0.928893 -0.0711071 2.59372 -0.0934111
11.5576 0.0669233 0.928893 -0.0711071 2.59367 -0.0951123

11.5576 0.0669663 0.932344 -0.0676561 2.59367 -0.095176
11.5581 0.0732422 0.932344 -0.0676561 2.59718 -0.104127

11.5581 0.0732422 0.92152 -0.07848 2.59723 -0.104138
11.5587 0.0805664 0.92152 -0.07848 2.59874 -0.118859

11.5587 0.0805664 0.913371 -0.0866289 2.59873 -0.118855
11.5594 0.0878906 0.913371 -0.0866289 2.59709 -0.134476

11.5594 0.0878906 0.905248 -0.0947516 2.59709 -0.134481
11.5602 0.0952148 0.905248 -0.0947516 2.59957 -0.148312

11.5602 0.0952148 0.897784 -0.102216 2.59957 -0.148313
11.561 0.102539 0.897784 -0.102216 2.59398 -0.160223

11.561 0.102539 0.890903 -0.109097 2.59399 -0.160228
11.5619 0.109863 0.890903 -0.109097 2.58278 -0.16234

11.5619 0.109863 0.884453 -0.115547 2.58278 -0.162341
11.5629 0.117188 0.884453 -0.115547 2.58086 -0.165838

11.5629 0.117188 0.877731 -0.122269 2.58086 -0.165839
11.5639 0.124512 0.877731 -0.122269 2.57424 -0.174314

11.5639 0.124512 0.870736 -0.129264 2.57424 -0.174313
11.5649 0.131672 0.870736 -0.129264 2.57269 -0.184201

11.5649 0.13167 0.870736 -0.129264 2.57269 -0.1842
11.565 0.131836 0.870736 -0.129264 2.5729 -0.184428

11.565 0.131836 0.864206 -0.135794 2.5729 -0.184432
11.5661 0.13916 0.864206 -0.135794 2.58376 -0.199233

11.5661 0.13916 0.857911 -0.142089 2.58376 -0.199229
11.5673 0.146484 0.857911 -0.142089 2.58318 -0.215109

11.5673 0.146484 0.851005 -0.148995 2.58317 -0.215104
11.5686 0.153809 0.851005 -0.148995 2.55973 -0.224023

11.5686 0.153809 0.844363 -0.155637 2.55974 -0.224021
11.57 0.161133 0.844363 -0.155637 2.55776 -0.219578

11.5699 0.161133 0.834659 -0.165341 2.55772 -0.219559
11.5723 0.172853 0.834659 -0.165341 2.55199 -0.23035

11.5723 0.172849 0.834659 -0.165341 2.55199 -0.230346
11.5728 0.175781 0.834659 -0.165341 2.55219 -0.234214

11.5729 0.175781 0.822331 -0.177669 2.5522 -0.23422
11.576 0.19043 0.822331 -0.177669 2.54624 -0.253745

11.576 0.19043 0.813599 -0.186401 2.54628 -0.253769
11.5777 0.197754 0.813599 -0.186401 2.53897 -0.262195

11.5777 0.197754 0.807569 -0.192431 2.53897 -0.262194
11.5795 0.205078 0.807569 -0.192431 2.53132 -0.265742

11.5795 0.205078 0.801533 -0.198467 2.53132 -0.265742
11.5796 0.205634 0.801533 -0.198467 2.53083 -0.265808

11.5796 0.205628 0.801533 -0.198467 2.53084 -0.265808
11.5813 0.212402 0.801533 -0.198467 2.52791 -0.272303

11.5813 0.212402 0.795955 -0.204045 2.52791 -0.272304
11.5831 0.219727 0.795955 -0.204045 2.53096 -0.285261

11.5831 0.219727 0.790418 -0.209582 2.53096 -0.285258
11.5851 0.227051 0.790418 -0.209582 2.52999 -0.299948

11.5851 0.227051 0.784657 -0.215343 2.52999 -0.299945
11.5869 0.233713 0.784657 -0.215343 2.51883 -0.316286

11.5869 0.233698 0.787398 -0.212602 2.51886 -0.316268
11.5871 0.234375 0.787398 -0.212602 2.52033 -0.315559

11.5869 0.234375 0.775553 -0.224447 2.51749 -0.316999
11.5869 0.234478 0.775553 -0.224447 2.51972 -0.315203

11.5871 0.234375 0.778773 -0.221227 2.52033 -0.315555
11.5892 0.241699 0.778773 -0.221227 2.51174 -0.329574

11.5892 0.241699 0.77265 -0.22735 2.51174 -0.329571
11.5913 0.249023 0.77265 -0.22735 2.4991 -0.342805

11.5913 0.249023 0.766373 -0.233627 2.4991 -0.342805
11.5936 0.256348 0.766373 -0.233627 2.48198 -0.350671

11.5936 0.256348 0.760383 -0.239617 2.48198 -0.35067
11.5942 0.258497 0.760383 -0.239617 2.478 -0.352441

11.5942 0.258485 0.760383 -0.239617 2.47803 -0.352436
11.5959 0.263672 0.760383 -0.239617 2.47246 -0.360378

11.5959 0.263672 0.754547 -0.245453 2.47245 -0.360374
11.5983 0.270996 0.754547 -0.245453 2.47117 -0.377175

11.5983 0.270996 0.748601 -0.251399 2.47116 -0.377173
11.6007 0.27832 0.748601 -0.251399 2.46396 -0.402612

11.6007 0.27832 0.742755 -0.257245 2.46395 -0.402591
11.6016 0.280786 0.742755 -0.257245 2.45948 -0.411028

11.6016 0.280766 0.742755 -0.257245 2.45953 -0.410993
11.6033 0.285645 0.742755 -0.257245 2.45137 -0.424823

11.6032 0.285645 0.736833 -0.263167 2.45136 -0.424808
11.6059 0.292969 0.736833 -0.263167 2.4428 -0.445019

11.6059 0.292969 0.730881 -0.269119 2.4428 -0.445022
11.6086 0.300293 0.730881 -0.269119 2.42482 -0.465345

11.6086 0.300293 0.725175 -0.274825 2.4248 -0.465311
11.6089 0.301176 0.725175 -0.274825 2.42199 -0.467452

11.6089 0.301146 0.725175 -0.274825 2.42211 -0.46742
11.6113 0.307617 0.725175 -0.274825 2.40948 -0.485259

11.6113 0.307617 0.719304 -0.280696 2.40946 -0.485247
11.6142 0.314941 0.719304 -0.280696 2.39984 -0.515149

11.6142 0.314941 0.713357 -0.286643 2.39984 -0.515144
11.6162 0.319963 0.713357 -0.286643 2.38674 -0.535294

11.6162 0.31995 0.713357 -0.286643 2.3868 -0.535274
11.6171 0.322266 0.713357 -0.286643 2.37853 -0.543563

11.6171 0.322266 0.70751 -0.29249 2.37852 -0.543539
11.6202 0.32959 0.70751 -0.29249 2.36494 -0.568482

11.6202 0.32959 0.701497 -0.298503 2.36494 -0.568476
11.6233 0.336914 0.701497 -0.298503 2.33864 -0.597111

11.6233 0.336914 0.695501 -0.304499 2.3386 -0.597033
11.6235 0.337532 0.695501 -0.304499 2.33535 -0.599083

11.6235 0.337492 0.695501 -0.304499 2.33559 -0.599039
11.6265 0.344238 0.695501 -0.304499 2.31576 -0.621044

11.6265 0.344238 0.689389 -0.310611 2.31574 -0.621031
11.6298 0.351562 0.689389 -0.310611 2.2934 -0.65427

11.6298 0.351562 0.683266 -0.316734 2.29338 -0.654215
11.6309 0.353898 0.683266 -0.316734 2.28223 -0.663436

11.6309 0.353868 0.683266 -0.316734 2.2824 -0.663404
11.6332 0.358887 0.683266 -0.316734 2.27088 -0.682902

11.6332 0.358887 0.677096 -0.322904 2.27085 -0.682868
11.6367 0.366211 0.677096 -0.322904 2.25091 -0.720428

11.6367 0.366211 0.671054 -0.328946 2.25089 -0.720376
11.6382 0.369308 0.671054 -0.328946 2.23608 -0.735285

11.6382 0.369276 0.671054 -0.328946 2.23628 -0.735249
11.6403 0.373535 0.671054 -0.328946 2.22112 -0.754109

11.6403 0.373535 0.664901 -0.335099 2.22108 -0.754051
11.644 0.380859 0.664901 -0.335099 2.19067 -0.791292

11.6439 0.380859 0.658597 -0.341403 2.19065 -0.791226
11.6455 0.383877 0.658597 -0.341403 2.17274 -0.80555

11.6455 0.383843 0.658597 -0.341403 2.17298 -0.805525
11.6478 0.388184 0.658597 -0.341403 2.15936 -0.826057

11.6477 0.388184 0.652113 -0.347887 2.1593 -0.825992
11.6517 0.395508 0.652113 -0.347887 2.1269 -0.871633

11.6516 0.395508 0.645504 -0.354496 2.12686 -0.871477
11.6528 0.397684 0.645504 -0.354496 2.11146 -0.884297

11.6528 0.397635 0.645504 -0.354496 2.11186 -0.88426
11.6557 0.402832 0.645504 -0.354496 2.09574 -0.914475

11.6557 0.402832 0.638841 -0.361159 2.09567 -0.914397
11.6598 0.410156 0.638841 -0.361159 2.04744 -0.962049

11.6598 0.410156 0.635176 -0.364824 2.04738 -0.961785
11.6602 0.410809 0.635176 -0.364824 2.04036 -0.965148

11.6602 0.410734 0.632101 -0.367899 2.04125 -0.965104
11.6641 0.41748 0.632101 -0.367899 2.00641 -1.00103

11.6641 0.41748 0.625518 -0.374482 2.0064 -1.00093
11.6675 0.423169 0.625518 -0.374482 1.97576 -1.04814

11.6675 0.423146 0.625965 -0.374035 1.97602 -1.04812
11.6685 0.424805 0.625965 -0.374035 1.96101 -1.05858

11.6685 0.424805 0.61832 -0.38168 1.96096 -1.05845
11.673 0.432129 0.61832 -0.38168 1.90419 -1.10469

11.673 0.432129 0.611593 -0.388407 1.90416 -1.10449
11.6748 0.435032 0.611593 -0.388407 1.88033 -1.12559

11.6748 0.434968 0.611339 -0.388661 1.88093 -1.12559
11.6777 0.439453 0.611339 -0.388661 1.86457 -1.16107

11.6776 0.439453 0.603973 -0.396027 1.86441 -1.16082
11.6821 0.446316 0.603973 -0.396027 1.80137 -1.2191

11.6821 0.446302 0.607659 -0.392341 1.8016 -1.2191
11.6824 0.446777 0.607659 -0.392341 1.7939 -1.22213

11.6824 0.446777 0.596015 -0.403985 1.7939 -1.22213
11.6874 0.454102 0.596015 -0.403985 1.70946 -1.26577

11.6874 0.454102 0.591103 -0.408897 1.70944 -1.26553
11.6895 0.457097 0.591103 -0.408897 1.68446 -1.28842

11.6895 0.45701 0.588687 -0.411313 1.68525 -1.28852
11.6925 0.461426 0.588687 -0.411313 1.66093 -1.32735

11.6925 0.461426 0.580671 -0.419329 1.66078 -1.32694
11.6968 0.467344 0.580671 -0.419329 1.60287 -1.38607

11.6968 0.467307 0.582934 -0.417066 1.60352 -1.38615
11.6978 0.46875 0.582934 -0.417066 1.57825 -1.39704

11.6978 0.46875 0.571301 -0.428699 1.57825 -1.39676
11.7033 0.476074 0.571301 -0.428699 1.47773 -1.44537

11.7032 0.476074 0.567512 -0.432488 1.47774 -1.44463
11.7041 0.477216 0.567512 -0.432488 1.46515 -1.4537

11.7041 0.477092 0.562624 -0.437376 1.4665 -1.45402
11.709 0.483398 0.562624 -0.437376 1.40775 -1.51172

11.709 0.483398 0.560083 -0.439917 1.40778 -1.5111
11.7114 0.486525 0.560083 -0.439917 1.37847 -1.54728

11.7114 0.486392 0.555727 -0.444273 1.37963 -1.54765
11.7149 0.490723 0.555727 -0.444273 1.31957 -1.58729

11.7149 0.490723 0.547158 -0.452842 1.31962 -1.5869
11.7188 0.495416 0.547158 -0.452842 1e+30 1e+30

