3.0929 0 0.992585 -0.00741546 0.640109 0
3.09295 0.00732422 0.992585 -0.00741546 0.637702 -0.0206015

3.09295 0.00732422 0.978143 -0.021857 0.637703 -0.0206017
3.09312 0.0146484 0.978143 -0.021857 0.631714 -0.0382862

3.09312 0.0146484 0.964318 -0.0356819 0.631716 -0.0382871
3.09339 0.0219727 0.964318 -0.0356819 0.629479 -0.0542715

3.09339 0.0219727 0.951161 -0.0488386 0.629481 -0.0542725
3.09377 0.0292969 0.951161 -0.0488386 0.635801 -0.070923

3.09377 0.0292969 0.938657 -0.0613426 0.635804 -0.0709242
3.09425 0.0366211 0.938657 -0.0613426 0.642002 -0.0873268

3.09424 0.0366211 0.926509 -0.0734906 0.641999 -0.0873259
3.09483 0.0439453 0.926509 -0.0734906 0.637969 -0.102043

3.09482 0.0439453 0.914339 -0.0856608 0.637967 -0.102044
3.09551 0.0512695 0.914339 -0.0856608 0.624752 -0.112995

3.09551 0.0512695 0.902169 -0.0978314 0.624751 -0.112996
3.0963 0.0585938 0.902169 -0.0978314 0.609526 -0.122469

3.0963 0.0585938 0.890098 -0.109902 0.609524 -0.122471
3.09721 0.065918 0.890098 -0.109902 0.597386 -0.13321

3.09721 0.065918 0.878169 -0.121831 0.597384 -0.133211
3.09814 0.0726688 0.878169 -0.121831 0.587253 -0.14646

3.09814 0.0726595 0.878169 -0.121831 0.587273 -0.146438
3.09823 0.0732422 0.878169 -0.121831 0.586282 -0.147825

3.09822 0.0732422 0.866519 -0.133481 0.586279 -0.147825
3.09935 0.0805664 0.866519 -0.133481 0.574969 -0.159382

3.09935 0.0805664 0.855323 -0.144677 0.57497 -0.159383
3.10059 0.0878906 0.855323 -0.144677 0.567932 -0.165735

3.10059 0.0878906 0.844604 -0.155396 0.567933 -0.165736
3.10194 0.0952148 0.844604 -0.155396 0.565711 -0.17448

3.10194 0.0952148 0.834114 -0.165886 0.565709 -0.174482
3.1034 0.102539 0.834114 -0.165886 0.564011 -0.175473

3.1034 0.102539 0.823952 -0.176048 0.564014 -0.17547
3.10496 0.109863 0.823952 -0.176048 0.558376 -0.180658

3.10495 0.109863 0.813995 -0.186005 0.558352 -0.180671
3.10547 0.11212 0.813995 -0.186005 0.555895 -0.18337

3.10547 0.112072 0.813995 -0.186005 0.555977 -0.183295
3.10664 0.117188 0.813995 -0.186005 0.556929 -0.189115

3.10663 0.117188 0.804175 -0.195825 0.55692 -0.189115
3.10842 0.124512 0.804175 -0.195825 0.558511 -0.201798

3.10842 0.124512 0.794441 -0.205559 0.558505 -0.201796
3.11031 0.131836 0.794441 -0.205559 0.551596 -0.21383

3.11031 0.131836 0.784714 -0.215286 0.551596 -0.21383
3.11232 0.13916 0.784714 -0.215286 0.540595 -0.222867

3.11231 0.13916 0.775254 -0.224746 0.540572 -0.222864
3.11279 0.14082 0.775254 -0.224746 0.538222 -0.224795

3.11279 0.140776 0.775254 -0.224746 0.538314 -0.224747
3.11445 0.146484 0.775254 -0.224746 0.532121 -0.228771

3.11441 0.146484 0.761106 -0.238894 0.532031 -0.22877
3.11901 0.161133 0.761106 -0.238894 0.518131 -0.241699

3.11903 0.161133 0.747337 -0.252663 0.518171 -0.241705
3.12012 0.164335 0.747337 -0.252663 0.516236 -0.244392

3.12012 0.164314 0.747337 -0.252663 0.51626 -0.244376
3.12152 0.168457 0.747337 -0.252663 0.512887 -0.247752

3.12151 0.168457 0.737899 -0.262101 0.512879 -0.24775
3.12412 0.175781 0.737899 -0.262101 0.508851 -0.256642

3.12412 0.175781 0.728552 -0.271448 0.50885 -0.256641
3.12684 0.183105 0.728552 -0.271448 0.500908 -0.266892

3.12683 0.183105 0.719353 -0.280647 0.500883 -0.266872
3.12744 0.184674 0.719353 -0.280647 0.498714 -0.269242

3.12744 0.184627 0.719353 -0.280647 0.49881 -0.269197
3.12971 0.19043 0.719353 -0.280647 0.493582 -0.277089

3.1297 0.19043 0.710172 -0.289828 0.493572 -0.277082
3.13269 0.197754 0.710172 -0.289828 0.4907 -0.287531

3.13269 0.197754 0.700943 -0.299057 0.490691 -0.287528
3.13477 0.202629 0.700943 -0.299057 0.486857 -0.296847

3.13477 0.20261 0.700943 -0.299057 0.4869 -0.296831
3.13582 0.205078 0.700943 -0.299057 0.48376 -0.300436

3.13581 0.205078 0.691763 -0.308237 0.483746 -0.300428
3.13908 0.212402 0.691763 -0.308237 0.476277 -0.311321

3.13908 0.212402 0.682669 -0.317331 0.476275 -0.31132
3.14209 0.218888 0.682669 -0.317331 0.466654 -0.320998

3.14209 0.21888 0.682669 -0.317331 0.466677 -0.320988
3.14248 0.219727 0.682669 -0.317331 0.4651 -0.322552

3.14248 0.219727 0.673563 -0.326437 0.465089 -0.322545
3.14603 0.227051 0.673563 -0.326437 0.455637 -0.336542

3.14603 0.227051 0.664503 -0.335497 0.455636 -0.336542
3.14941 0.233757 0.664503 -0.335497 0.444056 -0.344533

3.14941 0.233751 0.664503 -0.335497 0.444079 -0.344527
3.14973 0.234375 0.664503 -0.335497 0.44253 -0.345456

3.14973 0.234375 0.655567 -0.344433 0.442523 -0.345451
3.15357 0.241699 0.655567 -0.344433 0.428544 -0.355917

3.15357 0.241699 0.646615 -0.353385 0.428537 -0.355919
3.15674 0.247495 0.646615 -0.353385 0.419726 -0.360235

3.15674 0.247483 0.646615 -0.353385 0.419769 -0.360222
3.15758 0.249023 0.646615 -0.353385 0.41636 -0.362247

3.15757 0.249023 0.63765 -0.36235 0.416347 -0.362244
3.16174 0.256348 0.63765 -0.36235 0.400206 -0.369839

3.16172 0.256348 0.6287 -0.3713 0.400178 -0.369841
3.16406 0.260306 0.6287 -0.3713 0.390504 -0.373487

3.16406 0.260269 0.6287 -0.3713 0.390639 -0.373476
3.16607 0.263672 0.6287 -0.3713 0.382547 -0.376485

3.16606 0.263672 0.619704 -0.380296 0.382519 -0.376472
3.17055 0.270996 0.619704 -0.380296 0.364824 -0.380348

3.17053 0.270996 0.615582 -0.384418 0.364788 -0.380359
3.17139 0.272365 0.615582 -0.384418 0.361069 -0.380875

3.17139 0.272295 0.610631 -0.389369 0.361332 -0.380827
3.17523 0.27832 0.610631 -0.389369 0.344663 -0.383756

3.17522 0.27832 0.601523 -0.398477 0.344631 -0.38378
3.17871 0.283593 0.601523 -0.398477 0.336205 -0.380727

3.17871 0.28357 0.603504 -0.396496 0.336285 -0.380713
3.18007 0.285645 0.603504 -0.396496 0.331691 -0.381435

3.18007 0.285645 0.592366 -0.407634 0.331685 -0.381436
3.18511 0.292969 0.592366 -0.407634 0.316064 -0.382027

3.1851 0.292969 0.590236 -0.409764 0.316041 -0.382042
3.18604 0.294315 0.590236 -0.409764 0.313745 -0.381581

3.18604 0.294257 0.583158 -0.416842 0.313933 -0.381545
3.19035 0.300293 0.583158 -0.416842 0.30206 -0.382973

3.19034 0.300293 0.575028 -0.424972 0.302036 -0.382983
3.19336 0.304379 0.575028 -0.424972 0.293859 -0.384624

3.19336 0.304327 0.575856 -0.424144 0.294021 -0.384619
3.19578 0.307617 0.575856 -0.424144 0.287811 -0.385422

3.19578 0.307617 0.564583 -0.435417 0.287802 -0.385421
3.20068 0.313979 0.564583 -0.435417 0.277997 -0.387298

3.20068 0.313976 0.563697 -0.436303 0.278006 -0.387296
3.20143 0.314941 0.563697 -0.436303 0.276854 -0.387933

3.20142 0.314941 0.555169 -0.444831 0.276841 -0.387933
3.20729 0.322266 0.555169 -0.444831 0.262475 -0.390385

3.20725 0.322266 0.550239 -0.449761 0.262402 -0.390395
3.20801 0.323195 0.550239 -0.449761 0.259809 -0.390553

3.20801 0.323119 0.545676 -0.454324 0.260121 -0.390525
3.2134 0.32959 0.545676 -0.454324 0.248434 -0.393658

3.21339 0.32959 0.54064 -0.45936 0.248419 -0.393664
3.21533 0.331879 0.54064 -0.45936 0.245114 -0.394054

3.21533 0.331821 0.536998 -0.463002 0.24529 -0.394006
3.21972 0.336914 0.536998 -0.463002 0.233683 -0.394497

3.21972 0.336914 0.530597 -0.469403 0.233683 -0.394497
3.22266 0.340229 0.530597 -0.469403 0.228937 -0.39409

3.22266 0.340147 0.527112 -0.472888 0.22924 -0.394008
3.22633 0.344238 0.527112 -0.472888 0.219912 -0.397411

3.22632 0.344238 0.520173 -0.479827 0.219903 -0.397414
3.22998 0.348205 0.520173 -0.479827 0.206496 -0.40072

3.22998 0.348142 0.51507 -0.48493 0.206728 -0.400749
3.2332 0.351562 0.51507 -0.48493 0.196393 -0.40057

3.23318 0.351562 0.509078 -0.490922 0.196377 -0.40056
3.2373 0.355842 0.509078 -0.490922 0.184767 -0.402806

3.2373 0.355794 0.503488 -0.496512 0.184935 -0.402827
3.24035 0.358887 0.503488 -0.496512 0.176035 -0.404433

3.24032 0.358887 0.497686 -0.502314 0.176012 -0.4044
3.24463 0.363156 0.497686 -0.502314 0.161618 -0.403584

3.24463 0.363137 0.491977 -0.508023 0.161679 -0.403601
3.2478 0.366211 0.491977 -0.508023 0.152927 -0.402775

3.24777 0.366211 0.486379 -0.513621 0.152918 -0.402755
3.25195 0.370174 0.486379 -0.513621 0.14397 -0.400108

3.25195 0.370175 0.480194 -0.519806 0.143969 -0.400108
3.25559 0.373535 0.480194 -0.519806 0.136043 -0.398495

3.25554 0.373535 0.475625 -0.524375 0.136021 -0.398492
3.25928 0.376928 0.475625 -0.524375 0.127753 -0.396757

3.25928 0.376945 0.467542 -0.532458 0.127674 -0.396778
3.26374 0.380859 0.467542 -0.532458 0.118988 -0.392587

3.26365 0.380859 0.46534 -0.53466 0.118849 -0.39272
3.2666 0.383427 0.46534 -0.53466 0.111443 -0.390472

3.2666 0.383418 0.459809 -0.540191 0.111488 -0.390463
3.2722 0.388184 0.459809 -0.540191 0.100085 -0.383055

3.27214 0.388184 0.455306 -0.544694 0.0999944 -0.383158
3.27393 0.389678 0.455306 -0.544694 0.0965018 -0.380723

3.27393 0.389658 0.450126 -0.549874 0.0965835 -0.380716
3.28107 0.395508 0.450126 -0.549874 0.0844132 -0.37508

3.281 0.395508 0.445187 -0.554813 0.0843232 -0.375109
3.28125 0.395709 0.445187 -0.554813 0.0839402 -0.375067

3.28125 0.395652 0.440481 -0.559519 0.0841345 -0.375051
3.28857 0.401418 0.440481 -0.559519 0.0711062 -0.370623

3.28857 0.401404 0.429464 -0.570536 0.0711494 -0.370633
3.29047 0.402832 0.429464 -0.570536 0.0681642 -0.368361

3.29044 0.402832 0.430975 -0.569025 0.0681428 -0.368386
3.2959 0.406968 0.430975 -0.569025 0.0575291 -0.365589

3.2959 0.406939 0.421609 -0.578391 0.0575945 -0.365622
3.30031 0.410156 0.421609 -0.578391 0.052672 -0.360555

3.30021 0.410156 0.417352 -0.582648 0.0525709 -0.360635
3.30322 0.412313 0.417352 -0.582648 0.0478429 -0.358836

3.30322 0.412298 0.412281 -0.587719 0.0478978 -0.358832
3.31055 0.417436 0.412281 -0.587719 0.0400341 -0.357579

3.31053 0.41748 0.405655 -0.594345 0.0398998 -0.357578
3.31055 0.417491 0.405655 -0.594345 0.0398899 -0.357586

3.31055 0.417433 0.401697 -0.598303 0.0400413 -0.357578
3.31062 0.41748 0.401697 -0.598303 0.0399974 -0.357615

3.31062 0.41748 0.402944 -0.597056 0.039995 -0.357614
3.31787 0.422377 0.402944 -0.597056 0.0287372 -0.356549

3.31787 0.422354 0.393592 -0.606408 0.0288131 -0.356574
3.32165 0.424805 0.393592 -0.606408 0.0210237 -0.351498

3.32158 0.424805 0.393586 -0.606414 0.0208902 -0.35163
3.3252 0.427153 0.393586 -0.606414 0.0164511 -0.346614

3.3252 0.427129 0.384169 -0.615831 0.0165675 -0.346595
3.33252 0.431698 0.384169 -0.615831 0.00804749 -0.34241

3.33252 0.43169 0.372175 -0.627825 0.00808726 -0.342404
3.33326 0.432129 0.372175 -0.627825 0.00715815 -0.342707

3.33324 0.432129 0.374739 -0.625261 0.00712645 -0.342708
3.33984 0.436087 0.374739 -0.625261 -0.0102776 -0.338867

3.33984 0.436071 0.365375 -0.634625 -0.0102274 -0.338889
3.34572 0.439453 0.365375 -0.634625 -0.018714 -0.32772

3.34561 0.439453 0.364763 -0.635237 -0.018862 -0.327776
3.34717 0.44035 0.364763 -0.635237 -0.0211424 -0.327649

3.34717 0.4403 0.355999 -0.644001 -0.0209002 -0.327613
3.35449 0.444349 0.355999 -0.644001 -0.0326834 -0.319687

3.35449 0.444329 0.346635 -0.653365 -0.0326062 -0.31969
3.35911 0.446777 0.346635 -0.653365 -0.0385084 -0.311691

3.35901 0.446777 0.346635 -0.653365 -0.0386552 -0.311784
3.36182 0.448264 0.346635 -0.653365 -0.0429999 -0.311104

3.36182 0.448232 0.337287 -0.662713 -0.0428132 -0.311059
3.36914 0.45196 0.337287 -0.662713 -0.0564709 -0.300787

3.36914 0.451941 0.327937 -0.672063 -0.0563933 -0.300796
3.37357 0.454102 0.327937 -0.672063 -0.0628613 -0.293066

3.37348 0.454102 0.327937 -0.672063 -0.06298 -0.293164
3.37646 0.455559 0.327937 -0.672063 -0.0673267 -0.29167

3.37646 0.455532 0.318568 -0.681432 -0.0671726 -0.291638
3.38379 0.458956 0.318568 -0.681432 1e+30 1e+30

