4.98018 0.46875 0.426759 -0.573241 0.286825 -1.18849
4.98047 0.468964 0.426759 -0.573241 0.284357 -1.18876

4.98047 0.468904 0.421433 -0.578567 0.284963 -1.18894
4.98779 0.474239 0.421433 -0.578567 0.21828 -1.17662

4.98779 0.474221 0.408352 -0.591648 0.218441 -1.17672
4.99048 0.476074 0.408352 -0.591648 0.197362 -1.16495

4.99043 0.476074 0.410079 -0.589921 0.197462 -1.16498
4.99512 0.479335 0.410079 -0.589921 0.160295 -1.15515

4.99512 0.479314 0.398926 -0.601074 0.160539 -1.15519
5.00127 0.483398 0.398926 -0.601074 0.120027 -1.14284

5.00115 0.483398 0.390428 -0.609572 0.120091 -1.14256
5.00244 0.484223 0.390428 -0.609572 0.11141 -1.14346

5.00244 0.484185 0.387388 -0.612612 0.111776 -1.14356
5.00977 0.488817 0.387388 -0.612612 0.0543878 -1.13354

5.00977 0.488792 0.375776 -0.624224 0.0546462 -1.13367
5.01297 0.490723 0.375776 -0.624224 0.0275313 -1.1219

5.01291 0.490723 0.375776 -0.624224 0.0276598 -1.12193
5.01709 0.493238 0.375776 -0.624224 -0.00986245 -1.10305

5.01709 0.493222 0.364088 -0.635912 -0.00965038 -1.10309
5.02441 0.497416 0.364088 -0.635912 -0.0620547 -1.0796

5.02441 0.497402 0.352265 -0.647735 -0.0618963 -1.07964
5.0256 0.498047 0.352265 -0.647735 -0.0697993 -1.07923

5.02558 0.498047 0.352265 -0.647735 -0.0697927 -1.07921
5.03174 0.501398 0.352265 -0.647735 -0.126915 -1.04951

5.03174 0.501395 0.340443 -0.659557 -0.126868 -1.04951
5.03906 0.505176 0.340443 -0.659557 -0.174612 -1.00935

5.03906 0.505171 0.32832 -0.67168 -0.174554 -1.00936
5.03947 0.505371 0.32832 -0.67168 -0.176711 -1.00934

5.03946 0.505371 0.32832 -0.67168 -0.176714 -1.00933
5.04639 0.508756 0.32832 -0.67168 -0.227687 -0.983469

5.04639 0.508755 0.315865 -0.684135 -0.227672 -0.983469
5.05371 0.512137 0.315865 -0.684135 -0.273394 -0.945047

5.05371 0.512126 0.303298 -0.696702 -0.273269 -0.945068
5.05502 0.512695 0.303298 -0.696702 -0.280217 -0.94428

5.05499 0.512695 0.303298 -0.696702 -0.280213 -0.944274
5.06104 0.515325 0.303298 -0.696702 -0.324241 -0.920295

5.06104 0.515323 0.290481 -0.709519 -0.324219 -0.920297
5.06836 0.518322 0.290481 -0.709519 -0.375687 -0.870519

5.06836 0.518308 0.27746 -0.72254 -0.375518 -0.870568
5.07282 0.52002 0.27746 -0.72254 -0.40071 -0.848272

5.07274 0.52002 0.27746 -0.72254 -0.400613 -0.848489
5.07568 0.52115 0.27746 -0.72254 -0.420424 -0.838905

5.07568 0.521133 0.264237 -0.735763 -0.420173 -0.838926
5.08301 0.523763 0.264237 -0.735763 -0.475043 -0.795893

5.08301 0.523762 0.250611 -0.749389 -0.475032 -0.795898
5.09033 0.526211 0.250611 -0.749389 -0.511067 -0.73548

5.09033 0.526202 0.236797 -0.763203 -0.510953 -0.7355
5.09401 0.527344 0.236797 -0.763203 -0.527749 -0.714513

5.09396 0.527344 0.236797 -0.763203 -0.527719 -0.714763
5.09766 0.528491 0.236797 -0.763203 -0.548289 -0.695876

5.09766 0.528484 0.222515 -0.777485 -0.548179 -0.69588
5.10498 0.53058 0.222515 -0.777485 -0.594066 -0.648785

5.10498 0.530579 0.207613 -0.792387 -0.594059 -0.648785
5.1123 0.532498 0.207613 -0.792387 -0.627742 -0.585572

5.1123 0.532498 0.192339 -0.807661 -0.627732 -0.585575
5.11963 0.534242 0.192339 -0.807661 -0.654189 -0.538872

5.11963 0.534238 0.176857 -0.823143 -0.654134 -0.538876
5.12163 0.534668 0.176857 -0.823143 -0.661156 -0.529874

5.12161 0.534668 0.176857 -0.823143 -0.661143 -0.529953
5.12695 0.535815 0.176857 -0.823143 -0.684025 -0.500214

5.12695 0.535814 0.161018 -0.838982 -0.684007 -0.500215
5.13428 0.53722 0.161018 -0.838982 -0.718517 -0.44908

5.13428 0.537219 0.14464 -0.85536 -0.718509 -0.44908
5.1416 0.538458 0.14464 -0.85536 -0.749711 -0.387425

5.1416 0.538458 0.127748 -0.872252 -0.749709 -0.387426
5.14893 0.53953 0.127748 -0.872252 -0.765139 -0.319786

5.14893 0.53953 0.110234 -0.889766 -0.765139 -0.319786
5.15625 0.540438 0.110234 -0.889766 1e+30 1e+30

