10.9229 0.46875 0.565016 -0.434984 1.52072 -1.42911
10.9277 0.475074 0.565016 -0.434984 1.42483 -1.46719

10.9277 0.475048 0.564408 -0.435592 1.42528 -1.4673
10.9285 0.476074 0.564408 -0.435592 1.40514 -1.4717

10.9285 0.476074 0.555371 -0.444629 1.40519 -1.47146
10.9344 0.483398 0.555371 -0.444629 1.31013 -1.51449

10.9343 0.483398 0.550781 -0.449219 1.31018 -1.51351
10.9351 0.484326 0.550781 -0.449219 1.30302 -1.52153

10.9351 0.484209 0.546322 -0.453678 1.30385 -1.52193
10.9405 0.490723 0.546322 -0.453678 1.25043 -1.58095

10.9404 0.490723 0.541522 -0.458478 1.25055 -1.57991
10.9424 0.493055 0.541522 -0.458478 1.22977 -1.60383

10.9424 0.492937 0.537699 -0.462301 1.23062 -1.60438
10.9468 0.498047 0.537699 -0.462301 1.15697 -1.64087

10.9468 0.498047 0.53035 -0.46965 1.15708 -1.64062
10.9497 0.501383 0.53035 -0.46965 1.09733 -1.64661

10.9497 0.501288 0.526443 -0.473557 1.09867 -1.64733
10.9534 0.505371 0.526443 -0.473557 1.03562 -1.65599

10.9534 0.505371 0.518389 -0.481611 1.03567 -1.65592
10.957 0.509311 0.518389 -0.481611 0.972306 -1.65213

10.957 0.509252 0.512604 -0.487396 0.972774 -1.65249
10.9603 0.512695 0.512604 -0.487396 0.935989 -1.66178

10.9603 0.512695 0.50598 -0.49402 0.936056 -1.66156
10.9644 0.516868 0.50598 -0.49402 0.897635 -1.71107

10.9644 0.516821 0.499408 -0.500592 0.898353 -1.71143
10.9676 0.52002 0.499408 -0.500592 0.839446 -1.7386

10.9675 0.52002 0.492266 -0.507734 0.839679 -1.73748
10.9717 0.524079 0.492266 -0.507734 0.75475 -1.76351

10.9717 0.524046 0.483695 -0.516305 0.755217 -1.76381
10.9752 0.527344 0.483695 -0.516305 0.688425 -1.78993

10.9751 0.527344 0.477013 -0.522987 0.688861 -1.78877
10.979 0.53088 0.477013 -0.522987 0.610346 -1.79441

10.979 0.530868 0.46727 -0.53273 0.610555 -1.79451
10.9833 0.534668 0.46727 -0.53273 0.531958 -1.79245

10.9832 0.534668 0.463773 -0.536227 0.532648 -1.79149
10.9863 0.537355 0.463773 -0.536227 0.476133 -1.79307

10.9863 0.537333 0.456205 -0.543795 0.476441 -1.79326
10.9919 0.541992 0.456205 -0.543795 0.383552 -1.78988

10.9918 0.541992 0.450354 -0.549646 0.38419 -1.78923
10.9937 0.543524 0.450354 -0.549646 0.355066 -1.78639

10.9937 0.543498 0.442351 -0.557649 0.355361 -1.78665
11.001 0.549308 0.442351 -0.557649 0.240456 -1.78833

11.0009 0.549316 0.434953 -0.565047 0.240876 -1.78741
11.001 0.549387 0.434953 -0.565047 0.239503 -1.78757

11.001 0.549304 0.431233 -0.568767 0.240496 -1.78836
11.001 0.549316 0.431233 -0.568767 0.240263 -1.78839

11.001 0.549316 0.427237 -0.572763 0.240302 -1.78833
11.0083 0.554773 0.427237 -0.572763 0.119316 -1.7942

11.0083 0.554737 0.410682 -0.589318 0.119877 -1.79462
11.011 0.556641 0.410682 -0.589318 0.0719976 -1.79007

11.011 0.556641 0.41241 -0.58759 0.0725037 -1.78958
11.0156 0.559917 0.41241 -0.58759 -0.0186877 -1.76651

11.0156 0.559892 0.397713 -0.602287 -0.0182255 -1.76674
11.0218 0.563965 0.397713 -0.602287 -0.129561 -1.73013

11.0217 0.563965 0.388792 -0.611208 -0.128751 -1.72986
11.0229 0.56479 0.388792 -0.611208 -0.149988 -1.72476

11.0229 0.564743 0.381579 -0.618421 -0.149203 -1.72519
11.0303 0.569262 0.381579 -0.618421 -0.278341 -1.68399

11.0303 0.56923 0.365154 -0.634846 -0.277774 -1.68435
11.0339 0.571289 0.365154 -0.634846 -0.337282 -1.65508

11.0338 0.571289 0.365154 -0.634846 -0.336719 -1.65523
11.0376 0.573491 0.365154 -0.634846 -0.397939 -1.63169

11.0376 0.573473 0.348125 -0.651875 -0.397616 -1.63184
11.0449 0.577384 0.348125 -0.651875 -0.515113 -1.5927

11.0449 0.577362 0.329946 -0.670054 -0.51464 -1.59291
11.0475 0.578613 0.329946 -0.670054 -0.556214 -1.58187

11.0474 0.578613 0.329946 -0.670054 -0.555885 -1.58186
11.0522 0.580997 0.329946 -0.670054 -0.647892 -1.53109

11.0522 0.580987 0.311214 -0.688786 -0.647637 -1.53117
11.0596 0.584296 0.311214 -0.688786 -0.776043 -1.43622

11.0596 0.584273 0.292357 -0.707643 -0.775526 -1.43644
11.0636 0.585938 0.292357 -0.707643 -0.835016 -1.38993

11.0635 0.585938 0.292357 -0.707643 -0.834492 -1.39056
11.0669 0.587335 0.292357 -0.707643 -0.888743 -1.35837

11.0669 0.587319 0.272821 -0.727179 -0.888349 -1.35846
11.0742 0.590067 0.272821 -0.727179 -1.00452 -1.25591

11.0742 0.590068 0.251481 -0.748519 -1.00453 -1.2559
11.0815 0.592529 0.251481 -0.748519 -1.10445 -1.14385

11.0815 0.592518 0.229243 -0.770757 -1.10418 -1.14392
11.084 0.593262 0.229243 -0.770757 -1.13657 -1.11765

11.084 0.593262 0.229243 -0.770757 -1.13636 -1.11799
11.0889 0.594708 0.229243 -0.770757 -1.20396 -1.05743

11.0889 0.594706 0.205869 -0.794131 -1.2039 -1.05744
11.0962 0.596604 0.205869 -0.794131 -1.30702 -0.946359

11.0962 0.596603 0.180915 -0.819085 -1.30698 -0.946362
11.1035 0.598221 0.180915 -0.819085 -1.39317 -0.800681

11.1035 0.59822 0.154783 -0.845217 -1.39314 -0.800693
11.1108 0.599561 0.154783 -0.845217 -1.46895 -0.648073

11.1108 0.599558 0.127729 -0.872271 -1.46887 -0.648094
11.1179 0.600586 0.127729 -0.872271 -1.53873 -0.51852

11.1178 0.600586 0.127729 -0.872271 -1.53862 -0.518791
11.1182 0.600634 0.127729 -0.872271 -1.54218 -0.513626

11.1182 0.600632 0.0991712 -0.900829 -1.54214 -0.513632
11.1255 0.601439 0.0991712 -0.900829 -1.60929 -0.3777

11.1255 0.601439 0.0682344 -0.931766 -1.60931 -0.377698
11.1328 0.601976 0.0682344 -0.931766 -1.65946 -0.220245

11.228 0.58345 -0.302993 -0.697007 -1.1113 1.71475
11.2223 0.585938 -0.302993 -0.697007 -1.19118 1.59892

11.228 0.583454 -0.32354 -0.67646 -1.11142 1.71471
11.2354 0.579951 -0.32354 -0.67646 -0.993105 1.81364

11.2427 0.576128 -0.343591 -0.656409 -0.88329 1.90262
11.2379 0.578613 -0.343591 -0.656409 -0.957005 1.82535

11.2354 0.579927 -0.343591 -0.656409 -0.992238 1.81357
11.2379 0.578613 -0.343591 -0.656409 -0.956675 1.82494

11.2427 0.576121 -0.362967 -0.637033 -0.883086 1.90267
11.25 0.571948 -0.362967 -0.637033 1e+30 1e+30

11.1328 0.601977 0.0346777 -0.965322 -1.6595 -0.220242
11.1401 0.60224 0.0346777 -0.965322 -1.69275 -0.0632279

11.1401 0.60224 -0.00185099 -0.998149 -1.69277 -0.063226
11.1475 0.602227 -0.00185099 -0.998149 -1.71106 0.0956311

11.1475 0.602227 -0.0382345 -0.961766 -1.71105 0.0956305
11.1548 0.601935 -0.0382345 -0.961766 -1.7164 0.258304

11.1548 0.601935 -0.0718032 -0.928197 -1.71636 0.258301
11.1621 0.601368 -0.0718032 -0.928197 -1.70875 0.42227

11.1694 0.60052 -0.10258 -0.89742 -1.68969 0.578619
11.1689 0.600586 -0.10258 -0.89742 -1.69133 0.566773

11.1694 0.600532 -0.131627 -0.868373 -1.68999 0.578591
11.1768 0.599422 -0.131627 -0.868373 -1.65643 0.741407

11.1621 0.601367 -0.10258 -0.89742 -1.70873 0.422269
11.1689 0.600586 -0.10258 -0.89742 -1.69133 0.568565

11.1768 0.599424 -0.159709 -0.840291 -1.65647 0.741396
11.1841 0.598031 -0.159709 -0.840291 -1.60932 0.910955

11.1841 0.598034 -0.186888 -0.813112 -1.60938 0.910931
11.1914 0.596351 -0.186888 -0.813112 -1.54893 1.07223

11.1914 0.596351 -0.212941 -0.787059 -1.54895 1.07224
11.1987 0.59437 -0.212941 -0.787059 -1.4713 1.18765

11.2061 0.592098 -0.237273 -0.762727 -1.40796 1.30243
11.2023 0.593262 -0.237273 -0.762727 -1.44322 1.23681

11.1987 0.59436 -0.237273 -0.762727 -1.47099 1.18764
11.2023 0.593262 -0.237273 -0.762727 -1.44311 1.23609

11.2061 0.592094 -0.260482 -0.739518 -1.40784 1.30245
11.2134 0.589514 -0.260482 -0.739518 -1.33423 1.47426

11.2134 0.589511 -0.282401 -0.717599 -1.3341 1.47425
11.2207 0.586629 -0.282401 -0.717599 -1.21255 1.58437

11.2207 0.586622 -0.302993 -0.697007 -1.21229 1.58437
11.2223 0.585938 -0.302993 -0.697007 -1.1911 1.59866

