17.1733 0.234375 0.784175 -0.215825 2.63585 -0.219171
17.1753 0.241567 0.784175 -0.215825 2.62635 -0.231221

17.1753 0.241563 0.784175 -0.215825 2.62635 -0.231217
17.1753 0.241699 0.784175 -0.215825 2.62617 -0.231434

17.1753 0.241699 0.778552 -0.221448 2.62617 -0.231434
17.1774 0.249023 0.778552 -0.221448 2.61899 -0.243921

17.1774 0.249023 0.773074 -0.226926 2.61899 -0.24392
17.1796 0.256348 0.773074 -0.226926 2.61473 -0.258835

17.1796 0.256348 0.767601 -0.232399 2.61473 -0.258836
17.1818 0.263672 0.767601 -0.232399 2.60612 -0.272753

17.1818 0.263672 0.762151 -0.237849 2.60612 -0.272745
17.1826 0.26636 0.762151 -0.237849 2.60141 -0.276789

17.1826 0.26635 0.762151 -0.237849 2.60143 -0.276783
17.1841 0.270996 0.762151 -0.237849 2.59775 -0.282257

17.1841 0.270996 0.75653 -0.24347 2.59774 -0.282252
17.1864 0.27832 0.75653 -0.24347 2.60016 -0.294501

17.1864 0.27832 0.750846 -0.249154 2.60016 -0.294501
17.1889 0.285645 0.750846 -0.249154 2.59472 -0.319857

17.1889 0.285645 0.745461 -0.254539 2.59472 -0.319847
17.1899 0.288839 0.745461 -0.254539 2.58933 -0.329395

17.1899 0.288822 0.745461 -0.254539 2.58937 -0.329371
17.1914 0.292969 0.745461 -0.254539 2.57885 -0.339277

17.1914 0.292969 0.740147 -0.259853 2.57884 -0.339264
17.1939 0.300293 0.740147 -0.259853 2.56834 -0.357222

17.1939 0.300293 0.734642 -0.265358 2.56834 -0.357219
17.1966 0.307617 0.734642 -0.265358 2.55677 -0.380087

17.1966 0.307617 0.729048 -0.270952 2.55676 -0.380059
17.1973 0.309505 0.729048 -0.270952 2.55275 -0.384921

17.1973 0.309486 0.729048 -0.270952 2.5528 -0.384905
17.1993 0.314941 0.729048 -0.270952 2.54498 -0.397446

17.1993 0.314941 0.723229 -0.276771 2.54498 -0.397435
17.2021 0.322266 0.723229 -0.276771 2.53788 -0.419412

17.2021 0.322266 0.717387 -0.282613 2.53788 -0.419414
17.2046 0.328603 0.717387 -0.282613 2.51989 -0.440816

17.2046 0.3286 0.717387 -0.282613 2.51991 -0.440811
17.205 0.32959 0.717387 -0.282613 2.51523 -0.443831

17.205 0.32959 0.711845 -0.288155 2.51523 -0.443829
17.2079 0.336914 0.711845 -0.288155 2.49585 -0.463818

17.2079 0.336914 0.706327 -0.293673 2.49585 -0.463814
17.211 0.344238 0.706327 -0.293673 2.47949 -0.48803

17.211 0.344238 0.700805 -0.299195 2.47948 -0.488001
17.2119 0.346421 0.700805 -0.299195 2.47187 -0.494367

17.2119 0.346399 0.700805 -0.299195 2.47196 -0.494349
17.2141 0.351562 0.700805 -0.299195 2.46392 -0.508725

17.2141 0.351562 0.695149 -0.304851 2.46391 -0.508706
17.2173 0.358887 0.695149 -0.304851 2.45656 -0.543414

17.2173 0.358887 0.689533 -0.310467 2.45656 -0.543398
17.2192 0.363139 0.689533 -0.310467 2.44482 -0.566326

17.2192 0.363119 0.689533 -0.310467 2.44493 -0.566303
17.2206 0.366211 0.689533 -0.310467 2.4328 -0.578573

17.2206 0.366211 0.684015 -0.315985 2.43278 -0.578529
17.224 0.373535 0.684015 -0.315985 2.41432 -0.608607

17.224 0.373535 0.678511 -0.321489 2.41432 -0.608603
17.2266 0.37893 0.678511 -0.321489 2.39421 -0.633245

17.2266 0.378915 0.678511 -0.321489 2.39431 -0.63323
17.2275 0.380859 0.678511 -0.321489 2.38396 -0.640361

17.2275 0.380859 0.672927 -0.327073 2.38394 -0.640316
17.231 0.388184 0.672927 -0.327073 2.36483 -0.673031

17.231 0.388184 0.667071 -0.332929 2.36483 -0.673012
17.2339 0.3939 0.667071 -0.332929 2.34548 -0.708368

17.2339 0.393886 0.667071 -0.332929 2.34558 -0.708352
17.2347 0.395508 0.667071 -0.332929 2.33637 -0.716043

17.2347 0.395508 0.661051 -0.338949 2.33635 -0.715989
17.2384 0.402832 0.661051 -0.338949 2.31165 -0.753152

17.2384 0.402832 0.655066 -0.344934 2.31165 -0.753131
17.2412 0.40809 0.655066 -0.344934 2.28717 -0.787212

17.2412 0.408068 0.655066 -0.344934 2.28737 -0.787184
17.2423 0.410156 0.655066 -0.344934 2.27141 -0.797814

17.2423 0.410156 0.648958 -0.351042 2.27137 -0.797731
17.2463 0.41748 0.648958 -0.351042 2.23306 -0.836742

17.2463 0.41748 0.642863 -0.357137 2.23305 -0.836682
17.2485 0.421584 0.642863 -0.357137 2.21248 -0.863286

17.2485 0.421552 0.642863 -0.357137 2.21271 -0.86323
17.2503 0.424805 0.642863 -0.357137 2.19744 -0.882425

17.2503 0.424805 0.636402 -0.363598 2.19737 -0.882298
17.2545 0.432129 0.636402 -0.363598 2.15484 -0.932352

17.2545 0.432129 0.629887 -0.370113 2.15481 -0.932148
17.2559 0.434457 0.629887 -0.370113 2.13482 -0.948688

17.2559 0.434399 0.629877 -0.370123 2.13537 -0.948656
17.2588 0.439453 0.629877 -0.370123 2.11653 -0.983245

17.2588 0.439453 0.623353 -0.376647 2.11642 -0.98311
17.2632 0.446687 0.623353 -0.376647 2.05555 -1.03681

17.2632 0.446678 0.629172 -0.370828 2.05569 -1.03681
17.2632 0.446777 0.629172 -0.370828 2.05433 -1.03734

17.2632 0.446777 0.616498 -0.383502 2.05433 -1.03732
17.2678 0.454102 0.616498 -0.383502 1.99624 -1.0819

17.2678 0.454102 0.610066 -0.389934 1.99622 -1.08174
17.2705 0.458362 0.610066 -0.389934 1.97491 -1.1231

17.2705 0.458317 0.610066 -0.389934 1.97535 -1.12304
17.2725 0.461426 0.610066 -0.389934 1.95366 -1.15025

17.2725 0.461426 0.602631 -0.397369 1.95354 -1.14992
17.2773 0.46875 0.602631 -0.397369 1.88169 -1.21203

17.2773 0.46875 0.602012 -0.397988 1.88167 -1.21153
17.2778 0.469619 0.602012 -0.397988 1.86984 -1.2181

17.2778 0.469519 0.594741 -0.405259 1.87124 -1.21821
17.2823 0.476074 0.594741 -0.405259 1.81432 -1.27228

17.2823 0.476074 0.588075 -0.411925 1.8143 -1.27184
17.2852 0.480187 0.588075 -0.411925 1.78421 -1.32273

17.2852 0.480113 0.588747 -0.411253 1.78516 -1.32273
17.2875 0.483398 0.588747 -0.411253 1.75005 -1.35839

17.2874 0.483398 0.57977 -0.42023 1.74992 -1.35773
17.2925 0.490396 0.57977 -0.42023 1.64641 -1.41335

17.2925 0.490384 0.579371 -0.420629 1.64664 -1.4134
17.2927 0.490723 0.579371 -0.420629 1.63981 -1.41535

17.2927 0.490723 0.570809 -0.429191 1.63981 -1.41535
17.2982 0.498047 0.570809 -0.429191 1.54823 -1.47448

17.2982 0.498047 0.568256 -0.431744 1.54823 -1.47362
17.2998 0.500171 0.568256 -0.431744 1.53672 -1.50189

17.2998 0.500042 0.562721 -0.437279 1.53741 -1.50216
17.3039 0.505371 0.562721 -0.437279 1.4873 -1.56788

17.3039 0.505371 0.557759 -0.442241 1.48738 -1.56716
17.3071 0.50943 0.557759 -0.442241 1.43353 -1.61316

17.3071 0.509304 0.556594 -0.443406 1.43548 -1.61405
17.3098 0.512695 0.556594 -0.443406 1.37072 -1.64218

17.3098 0.512695 0.544188 -0.455812 1.37084 -1.64167
17.3145 0.518245 0.544188 -0.455812 1.26972 -1.65963

17.3145 0.518207 0.542179 -0.457821 1.27007 -1.65997
17.316 0.52002 0.542179 -0.457821 1.24421 -1.6662

17.316 0.52002 0.533326 -0.466674 1.24438 -1.66578
17.3218 0.526674 0.533326 -0.466674 1.16495 -1.70128

17.3218 0.52667 0.529727 -0.470273 1.16497 -1.70132
17.3224 0.527344 0.529727 -0.470273 1.15958 -1.70576

17.3224 0.527344 0.522556 -0.477444 1.15968 -1.70537
17.329 0.534668 0.522556 -0.477444 1.07447 -1.76482

17.3289 0.534668 0.516889 -0.483111 1.075 -1.76305
17.3291 0.534833 0.516889 -0.483111 1.07254 -1.7644

17.3291 0.534743 0.510222 -0.489778 1.07343 -1.76519
17.3361 0.541992 0.510222 -0.489778 0.936659 -1.81278

17.336 0.541992 0.503402 -0.496598 0.937422 -1.81111
17.3364 0.542473 0.503402 -0.496598 0.92635 -1.81373

17.3364 0.542359 0.496593 -0.503407 0.928195 -1.81484
17.3435 0.549316 0.496593 -0.503407 0.771899 -1.85183

17.3433 0.549316 0.49027 -0.50973 0.773002 -1.84957
17.3438 0.549718 0.49027 -0.50973 1e+30 1e+30

17.795 0 -0.995144 -0.00485561 2.68901 0
17.7949 0.0146484 -0.995144 -0.00485561 2.68941 0.0542707

17.7949 0.0146484 -0.985444 -0.0145564 2.6894 0.054271
17.7947 0.0292969 -0.985444 -0.0145564 2.68369 0.110386

17.7947 0.0292969 -0.978235 -0.0217651 2.68376 0.110383
17.7945 0.0366211 -0.978235 -0.0217651 2.67777 0.137045

17.7945 0.0366211 -0.973037 -0.026963 2.67775 0.137046
17.7943 0.0439453 -0.973037 -0.026963 2.66938 0.160027

17.7943 0.0439453 -0.967672 -0.0323279 2.66939 0.160026
17.7941 0.0512695 -0.967672 -0.0323279 2.66756 0.18428

17.7941 0.0512695 -0.963224 -0.0367758 2.66757 0.18428
17.7938 0.0585938 -0.963224 -0.0367758 2.67282 0.211556

17.7938 0.0585938 -0.95891 -0.0410904 2.67281 0.211558
17.7935 0.065918 -0.95891 -0.0410904 2.67437 0.240077

17.7935 0.065918 -0.954078 -0.0459217 2.67436 0.240079
17.7931 0.0732422 -0.954078 -0.0459217 2.67041 0.26922

17.7931 0.0732422 -0.949036 -0.0509639 2.67041 0.26922
17.7927 0.0805664 -0.949036 -0.0509639 2.66549 0.303312

17.7927 0.0805664 -0.944533 -0.0554665 2.66551 0.30331
17.7923 0.0878906 -0.944533 -0.0554665 2.6648 0.338946

17.7923 0.0878906 -0.937729 -0.0622711 2.66471 0.338944
17.7913 0.102539 -0.937729 -0.0622711 2.65965 0.403288

17.7913 0.102539 -0.928455 -0.0715455 2.65963 0.403287
17.7902 0.117188 -0.928455 -0.0715455 2.64758 0.460842

17.7902 0.117188 -0.919173 -0.0808274 2.64758 0.460842
17.7889 0.131836 -0.919173 -0.0808274 2.63292 0.519047

17.7889 0.131836 -0.910263 -0.0897371 2.63293 0.519047
17.7875 0.146484 -0.910263 -0.0897371 2.62421 0.581241

17.7875 0.146484 -0.901274 -0.0987255 2.62418 0.581241
17.7859 0.161133 -0.901274 -0.0987255 2.61232 0.65008

17.7859 0.161133 -0.892078 -0.107922 2.61233 0.65008
17.7841 0.175781 -0.892078 -0.107922 2.59336 0.718009

17.7832 0.182617 -0.885524 -0.114476 2.58625 0.749085
17.7831 0.183105 -0.885524 -0.114476 2.58542 0.750978

17.7831 0.183105 -0.881053 -0.118947 2.58546 0.750981
17.7821 0.19043 -0.881053 -0.118947 2.57166 0.786449

17.7821 0.19043 -0.875871 -0.124129 2.57167 0.786451
17.7811 0.197754 -0.875871 -0.124129 2.56541 0.819806

17.7811 0.197754 -0.871022 -0.128978 2.5654 0.819805
17.78 0.205078 -0.871022 -0.128978 2.56178 0.853805

17.78 0.205078 -0.866061 -0.133939 2.56178 0.853805
17.7789 0.212402 -0.866061 -0.133939 2.5532 0.889337

17.7789 0.212402 -0.861764 -0.138236 2.55322 0.889341
17.7777 0.219727 -0.861764 -0.138236 2.53673 0.924018

17.7777 0.219727 -0.854217 -0.145783 2.53655 0.923988
17.7752 0.234375 -0.854217 -0.145783 1e+30 1e+30

17.7832 0.182451 -0.882987 -0.117013 2.58661 0.748345
17.7841 0.175781 -0.882987 -0.117013 2.59341 0.718012

