31.1243 0 0.996139 -0.0038609 2.75344 0
31.1243 0.00732422 0.996139 -0.0038609 2.74975 -0.0101293

31.1243 0.00732422 0.988379 -0.0116214 2.74974 -0.0101296
31.1244 0.0146484 0.988379 -0.0116214 2.73788 -0.0204712

31.1244 0.0146484 0.980398 -0.0196018 2.73788 -0.0204724
31.1246 0.0219727 0.980398 -0.0196018 2.72177 -0.0285607

31.1246 0.0219727 0.972677 -0.0273225 2.72177 -0.0285588
31.1248 0.0292969 0.972677 -0.0273225 2.71497 -0.0316829

31.1248 0.0292969 0.965471 -0.034529 2.71497 -0.0316829
31.125 0.0366211 0.965471 -0.034529 2.72214 -0.0357256

31.125 0.0366211 0.95848 -0.0415204 2.72214 -0.0357259
31.1254 0.0439453 0.95848 -0.0415204 2.73766 -0.044889

31.1254 0.0439453 0.951338 -0.0486619 2.73766 -0.0448873
31.1257 0.0512695 0.951338 -0.0486619 2.74846 -0.0546127

31.1257 0.0512695 0.943635 -0.056365 2.74846 -0.0546117
31.1262 0.0585938 0.943635 -0.056365 2.74177 -0.0630079

31.1262 0.0585938 0.936053 -0.0639466 2.74177 -0.0630064
31.1267 0.065918 0.936053 -0.0639466 2.72788 -0.0675653

31.1267 0.065918 0.929265 -0.0707353 2.72788 -0.0675628
31.1272 0.0732422 0.929265 -0.0707353 2.70914 -0.065678

31.1272 0.0732422 0.923604 -0.076396 2.70914 -0.0656766
31.1278 0.0805664 0.923604 -0.076396 2.69417 -0.0589503

31.1278 0.0805664 0.917419 -0.0825806 2.69417 -0.05894
31.1279 0.081534 0.917419 -0.0825806 2.69386 -0.0580007

31.1279 0.0815661 0.917419 -0.0825806 2.69385 -0.0579601
31.1285 0.0878906 0.917419 -0.0825806 2.72883 -0.0673965

31.1285 0.0878906 0.90998 -0.0900195 2.72883 -0.0673973
31.1292 0.0952148 0.90998 -0.0900195 2.74049 -0.0800929

31.1292 0.0952148 0.902385 -0.0976154 2.74049 -0.0800881
31.13 0.102539 0.902385 -0.0976154 2.71774 -0.0751174

31.13 0.102539 0.895476 -0.104524 2.71773 -0.0751251
31.1309 0.109863 0.895476 -0.104524 2.72967 -0.076321

31.1309 0.109863 0.889594 -0.110406 2.72967 -0.0763223
31.1318 0.117188 0.889594 -0.110406 2.7253 -0.0825267

31.1318 0.117188 0.883409 -0.116591 2.7253 -0.0825266
31.1327 0.124512 0.883409 -0.116591 2.72334 -0.0827139

31.1328 0.124512 0.877428 -0.122572 2.72335 -0.0827184
31.1338 0.131836 0.877428 -0.122572 2.73281 -0.0880595

31.1338 0.131836 0.871343 -0.128657 2.73281 -0.088053
31.1349 0.13916 0.871343 -0.128657 2.72954 -0.0944335

31.1349 0.13916 0.864853 -0.135147 2.72954 -0.0944338
31.1353 0.141733 0.864853 -0.135147 2.72369 -0.0966482

31.1353 0.141726 0.864853 -0.135147 2.7237 -0.0966423
31.136 0.146484 0.864853 -0.135147 2.72482 -0.0960133

31.136 0.146484 0.855951 -0.144049 2.72481 -0.0959943
31.1384 0.161133 0.855951 -0.144049 2.72294 -0.101277

31.1384 0.161133 0.843814 -0.156186 2.72293 -0.101265
31.1412 0.175781 0.843814 -0.156186 2.72899 -0.110299

31.1412 0.175781 0.831554 -0.168446 2.72899 -0.110298
31.1426 0.182815 0.831554 -0.168446 2.73239 -0.115825

31.1426 0.182802 0.831554 -0.168446 2.73238 -0.11582
31.1441 0.19043 0.831554 -0.168446 2.72514 -0.121016

31.1441 0.19043 0.822805 -0.177195 2.72515 -0.121054
31.1457 0.197754 0.822805 -0.177195 2.7187 -0.125801

31.1457 0.197754 0.817397 -0.182603 2.71871 -0.125802
31.1474 0.205078 0.817397 -0.182603 2.72222 -0.129253

31.1473 0.205078 0.808983 -0.191017 2.7222 -0.12922
31.1508 0.219727 0.808983 -0.191017 2.72697 -0.135534

31.1508 0.219727 0.800617 -0.199383 2.72698 -0.13556
31.1526 0.227051 0.800617 -0.199383 2.72916 -0.139873

31.1526 0.227051 0.794895 -0.205105 2.72916 -0.139874
31.1545 0.234375 0.794895 -0.205105 2.71131 -0.145953

31.1545 0.234375 0.785866 -0.214134 2.7113 -0.145927
31.1572 0.244369 0.785866 -0.214134 2.69135 -0.142526

31.1572 0.24437 0.782734 -0.217266 2.69135 -0.142526
31.1585 0.249023 0.782734 -0.217266 2.68811 -0.141164

31.1585 0.249023 0.777394 -0.222606 2.68811 -0.141164
31.1606 0.256348 0.777394 -0.222606 2.69191 -0.147106

31.1606 0.256348 0.771811 -0.228189 2.69191 -0.147105
31.1628 0.263672 0.771811 -0.228189 2.69608 -0.172767

31.1628 0.263672 0.766404 -0.233596 2.69608 -0.172767
31.1646 0.269476 0.766404 -0.233596 2.6928 -0.19091

31.1646 0.269473 0.766404 -0.233596 2.69281 -0.190906
31.165 0.270996 0.766404 -0.233596 2.6896 -0.194871

31.165 0.270996 0.761265 -0.238735 2.6896 -0.194872
31.1673 0.27832 0.761265 -0.238735 2.68268 -0.212616

31.1673 0.27832 0.756148 -0.243852 2.68268 -0.212612
31.1697 0.285645 0.756148 -0.243852 2.67741 -0.228537

31.1697 0.285645 0.750872 -0.249128 2.67741 -0.228537
31.1719 0.292283 0.750872 -0.249128 2.66738 -0.23782

31.1719 0.292281 0.750872 -0.249128 2.66738 -0.237819
31.1721 0.292969 0.750872 -0.249128 2.66648 -0.238506

31.1721 0.292969 0.74553 -0.25447 2.66648 -0.238504
31.1746 0.300293 0.74553 -0.25447 2.665 -0.247668

31.1746 0.300293 0.74003 -0.25997 2.665 -0.247666
31.1772 0.307617 0.74003 -0.25997 2.66841 -0.270577

31.1772 0.307617 0.734639 -0.265361 2.66841 -0.27058
31.1792 0.313222 0.734639 -0.265361 2.65983 -0.288283

31.1792 0.313216 0.734639 -0.265361 2.65985 -0.288275
31.1798 0.314941 0.734639 -0.265361 2.655 -0.29299

31.1798 0.314941 0.729522 -0.270478 2.65499 -0.292985
31.1825 0.322266 0.729522 -0.270478 2.64597 -0.312786

31.1825 0.322266 0.724182 -0.275818 2.64596 -0.312779
31.1853 0.32959 0.724182 -0.275818 2.63389 -0.339868

31.1853 0.32959 0.718501 -0.281499 2.63388 -0.339846
31.1865 0.332663 0.718501 -0.281499 2.62507 -0.349401

31.1865 0.332647 0.718501 -0.281499 2.62513 -0.349384
31.1882 0.336914 0.718501 -0.281499 2.61686 -0.359741

31.1882 0.336914 0.71266 -0.28734 2.61685 -0.359726
31.1911 0.344238 0.71266 -0.28734 2.60841 -0.382121

31.1911 0.344238 0.706911 -0.293089 2.60841 -0.382127
31.1938 0.350756 0.706911 -0.293089 2.58642 -0.405106

31.1938 0.350752 0.706911 -0.293089 2.58644 -0.405102
31.1942 0.351562 0.706911 -0.293089 2.58223 -0.407302

31.1942 0.351562 0.7016 -0.2984 2.58223 -0.407302
31.1973 0.358887 0.7016 -0.2984 2.56372 -0.427946

31.1973 0.358887 0.696342 -0.303658 2.56372 -0.427941
31.2005 0.366211 0.696342 -0.303658 2.54682 -0.459476

31.2005 0.366211 0.690899 -0.309101 2.54681 -0.459414
31.2012 0.367755 0.690899 -0.309101 2.54116 -0.464349

31.2012 0.367728 0.690899 -0.309101 2.54127 -0.464336
31.2038 0.373535 0.690899 -0.309101 2.53322 -0.483224

31.2038 0.373535 0.685128 -0.314872 2.5332 -0.4832
31.2071 0.380859 0.685128 -0.314872 2.51906 -0.52358

31.2071 0.380859 0.67946 -0.32054 2.51905 -0.523523
31.2085 0.383767 0.67946 -0.32054 2.50675 -0.539144

31.2085 0.383735 0.67946 -0.32054 2.5069 -0.53911
31.2106 0.388184 0.67946 -0.32054 2.49228 -0.557587

31.2106 0.388184 0.673921 -0.326079 2.49225 -0.557535
31.2141 0.395508 0.673921 -0.326079 2.46612 -0.58858

31.2141 0.395508 0.66844 -0.33156 2.46612 -0.588544
31.2158 0.398925 0.66844 -0.33156 2.44959 -0.601715

31.2158 0.398898 0.66844 -0.33156 2.44973 -0.60171
31.2178 0.402832 0.66844 -0.33156 2.4393 -0.618156

31.2178 0.402832 0.662664 -0.337336 2.43926 -0.618094
31.2215 0.410156 0.662664 -0.337336 2.41967 -0.664945

31.2215 0.410156 0.656702 -0.343298 2.41966 -0.66486
31.2231 0.413339 0.656702 -0.343298 2.40455 -0.687234

31.2231 0.413303 0.656702 -0.343298 2.40475 -0.687194
31.2253 0.41748 0.656702 -0.343298 2.39127 -0.711783

31.2253 0.41748 0.650665 -0.349335 2.39121 -0.711684
31.2292 0.424805 0.650665 -0.349335 2.35197 -0.756672

31.2292 0.424805 0.644743 -0.355257 2.35195 -0.756526
31.2305 0.427049 0.644743 -0.355257 2.33283 -0.769468

31.2305 0.426996 0.644743 -0.355257 2.33331 -0.769433
31.2333 0.432129 0.644743 -0.355257 2.31063 -0.79701

31.2333 0.432129 0.638774 -0.361226 2.31056 -0.796912
31.2374 0.439453 0.638774 -0.361226 2.26179 -0.843471

31.2374 0.439453 0.635153 -0.364847 2.26176 -0.843213
31.2378 0.440146 0.635153 -0.364847 2.25501 -0.846552

31.2378 0.440081 0.632295 -0.367705 2.25567 -0.846568
31.2417 0.446777 0.632295 -0.367705 2.22879 -0.884326

31.2417 0.446777 0.625744 -0.374256 2.22877 -0.88419
31.2451 0.452527 0.625744 -0.374256 2.20157 -0.944682

31.2451 0.452502 0.626248 -0.373752 2.20188 -0.944655
31.2461 0.454102 0.626248 -0.373752 2.18492 -0.957265

31.2461 0.454102 0.61878 -0.38122 2.18489 -0.95712
31.2506 0.461426 0.61878 -0.38122 2.11974 -1.00791

31.2506 0.461426 0.612586 -0.387414 2.11972 -1.0077
31.2524 0.464409 0.612586 -0.387414 2.0933 -1.02967

31.2524 0.464342 0.612471 -0.387529 2.09393 -1.02969
31.2552 0.46875 0.612471 -0.387529 2.07255 -1.06476

31.2552 0.46875 0.605849 -0.394151 2.07239 -1.06448
31.2598 0.475766 0.605849 -0.394151 2.00598 -1.12722

31.2598 0.475754 0.609646 -0.390354 2.00615 -1.12724
31.26 0.476074 0.609646 -0.390354 2.0015 -1.12937

31.26 0.476074 0.598159 -0.401841 2.0015 -1.12931
31.2649 0.483398 0.598159 -0.401841 1.93353 -1.18715

31.2649 0.483398 0.592431 -0.407569 1.9335 -1.18681
31.2671 0.486628 0.592431 -0.407569 1.91648 -1.22614

31.2671 0.486545 0.591036 -0.408964 1.91699 -1.22618
31.27 0.490723 0.591036 -0.408964 1.8918 -1.27532

31.2699 0.490723 0.583444 -0.416556 1.89162 -1.27477
31.2744 0.496983 0.583444 -0.416556 1.80989 -1.3375

31.2744 0.496948 0.585449 -0.414551 1.81059 -1.33759
31.2752 0.498047 0.585449 -0.414551 1.78706 -1.34574

31.2752 0.498047 0.575037 -0.424963 1.78708 -1.34552
31.2806 0.505371 0.575037 -0.424963 1.67743 -1.40108

31.2805 0.505371 0.572631 -0.427369 1.67748 -1.40028
31.2817 0.506973 0.572631 -0.427369 1.66156 -1.41597

31.2817 0.506848 0.567298 -0.432702 1.6627 -1.41636
31.2862 0.512695 0.567298 -0.432702 1.61595 -1.48158

31.2862 0.512695 0.563429 -0.436571 1.61601 -1.48074
31.2891 0.516437 0.563429 -0.436571 1.58557 -1.53707

31.2891 0.516308 0.561566 -0.438434 1.58706 -1.5376
31.292 0.52002 0.561566 -0.438434 1.52639 -1.58307

31.2919 0.52002 0.548862 -0.451138 1.52646 -1.58246
31.2964 0.52544 0.548862 -0.451138 1.43473 -1.62812

31.2964 0.525384 0.547278 -0.452722 1.43559 -1.62857
31.298 0.527344 0.547278 -0.452722 1.39658 -1.64266

31.298 0.527344 0.538122 -0.461878 1.39675 -1.64209
31.3037 0.534024 0.538122 -0.461878 1.28424 -1.66822

31.3037 0.534011 0.534995 -0.465005 1.28432 -1.66833
31.3043 0.534668 0.534995 -0.465005 1.27703 -1.67109

31.3043 0.534668 0.528429 -0.471571 1.27714 -1.67076
31.3108 0.541992 0.528429 -0.471571 1.18848 -1.72179

31.3107 0.541992 0.523212 -0.476788 1.18908 -1.71984
31.311 0.542369 0.523212 -0.476788 1.18433 -1.72271

31.311 0.54227 0.516904 -0.483096 1.18506 -1.72364
31.3176 0.549316 0.516904 -0.483096 1.07982 -1.77989

31.3176 0.549316 0.509923 -0.490077 1.08024 -1.77861
31.3184 0.550158 0.509923 -0.490077 1.06645 -1.78546

31.3184 0.550067 0.503788 -0.496212 1.06742 -1.78631
31.3248 0.556641 0.503788 -0.496212 0.934725 -1.83664

31.3247 0.556641 0.496276 -0.503724 0.935604 -1.83478
31.3257 0.557587 0.496276 -0.503724 0.912328 -1.84138

31.3257 0.557466 0.489262 -0.510738 0.914332 -1.84259
31.3325 0.563965 0.489262 -0.510738 0.749876 -1.87445

31.3323 0.563965 0.483491 -0.516509 0.751366 -1.87207
31.333 0.564617 0.483491 -0.516509 0.734186 -1.87506

31.333 0.5645 0.476237 -0.523763 0.736076 -1.87643
31.3403 0.571159 0.476237 -0.523763 0.578746 -1.90608

31.3403 0.571152 0.467901 -0.532099 0.578829 -1.90617
31.3405 0.571289 0.467901 -0.532099 0.575961 -1.90671

31.3405 0.571289 0.461487 -0.538513 0.576073 -1.90651
31.3477 0.577444 0.461487 -0.538513 1e+30 1e+30

