10.166 0.480319 0.550428 -0.449572 1.26921 -1.55733
10.1685 0.483398 0.550428 -0.449572 1.21765 -1.57229

10.1685 0.483398 0.539262 -0.460738 1.21773 -1.57196
10.1733 0.489055 0.539262 -0.460738 1.13244 -1.58412

10.1733 0.489027 0.536506 -0.463494 1.13266 -1.58432
10.1748 0.490723 0.536506 -0.463494 1.11348 -1.58878

10.1748 0.490723 0.528146 -0.471854 1.11358 -1.58849
10.1807 0.497309 0.528146 -0.471854 1.05026 -1.61972

10.1807 0.497308 0.524257 -0.475743 1.05026 -1.61972
10.1813 0.498047 0.524257 -0.475743 1.04544 -1.62424

10.1813 0.498047 0.517133 -0.482867 1.04549 -1.62395
10.188 0.505196 0.517133 -0.482867 0.97062 -1.66935

10.188 0.505196 0.511853 -0.488147 0.970626 -1.66935
10.1882 0.505371 0.511853 -0.488147 0.968166 -1.67037

10.1881 0.505371 0.505237 -0.494763 0.968208 -1.67021
10.1953 0.512692 0.505237 -0.494763 0.845344 -1.70047

10.1952 0.512695 0.49917 -0.50083 0.845815 -1.69939
10.1953 0.5128 0.49917 -0.50083 0.843683 -1.69964

10.1953 0.512695 0.492942 -0.507058 0.845286 -1.70045
10.2026 0.519814 0.492942 -0.507058 0.704748 -1.71492

10.2026 0.519799 0.486017 -0.513983 0.704963 -1.71504
10.2029 0.52002 0.486017 -0.513983 0.700853 -1.71567

10.2029 0.52002 0.480456 -0.519544 0.700882 -1.71561
10.21 0.526582 0.480456 -0.519544 0.585786 -1.74371

10.21 0.526563 0.472184 -0.527816 0.586016 -1.74387
10.2108 0.527344 0.472184 -0.527816 0.572287 -1.74746

10.2108 0.527344 0.467253 -0.532747 0.572364 -1.74728
10.2173 0.533015 0.467253 -0.532747 0.466563 -1.76921

10.2173 0.532976 0.45531 -0.54469 0.467066 -1.76961
10.2193 0.534668 0.45531 -0.54469 0.433346 -1.7747

10.2193 0.534668 0.452488 -0.547512 0.433608 -1.7742
10.2246 0.539086 0.452488 -0.547512 0.33599 -1.7728

10.2246 0.539065 0.437628 -0.562372 0.336259 -1.77303
10.2284 0.541992 0.437628 -0.562372 0.272944 -1.76559

10.2282 0.541992 0.434521 -0.565479 0.273632 -1.76487
10.2319 0.544824 0.434521 -0.565479 0.213293 -1.76272

10.2319 0.544811 0.425502 -0.574498 0.21348 -1.76282
10.238 0.549316 0.425502 -0.574498 0.11221 -1.74959

10.2379 0.549316 0.417613 -0.582387 0.112952 -1.74912
10.2393 0.550292 0.417613 -0.582387 0.0906237 -1.74529

10.2393 0.55025 0.410759 -0.589241 0.0912214 -1.74569
10.2466 0.555355 0.410759 -0.589241 -0.0316277 -1.72971

10.2466 0.55533 0.394314 -0.605686 -0.0312455 -1.72997
10.2486 0.556641 0.394314 -0.605686 -0.0633252 -1.72595

10.2485 0.556641 0.395862 -0.604138 -0.0630018 -1.72569
10.2539 0.560155 0.395862 -0.604138 -0.161164 -1.69558

10.2539 0.56014 0.380575 -0.619425 -0.160876 -1.69572
10.2601 0.563965 0.380575 -0.619425 -0.26136 -1.65102

10.26 0.563965 0.375822 -0.624178 -0.260714 -1.65082
10.2612 0.564704 0.375822 -0.624178 -0.278278 -1.64661

10.2612 0.564652 0.363995 -0.636005 -0.277468 -1.64705
10.2686 0.568844 0.363995 -0.636005 -0.39156 -1.61285

10.2686 0.568816 0.34714 -0.65286 -0.391067 -1.61316
10.2732 0.571289 0.34714 -0.65286 -0.465909 -1.57864

10.2731 0.571289 0.34714 -0.65286 -0.465248 -1.57875
10.2759 0.572768 0.34714 -0.65286 -0.511706 -1.56454

10.2759 0.572734 0.329825 -0.670175 -0.511036 -1.56479
10.2832 0.576339 0.329825 -0.670175 -0.635168 -1.50122

10.2832 0.57632 0.311854 -0.688146 -0.634782 -1.50143
10.2883 0.578613 0.311854 -0.688146 -0.715316 -1.44184

10.2882 0.578613 0.311854 -0.688146 -0.71472 -1.44245
10.2905 0.579684 0.311854 -0.688146 -0.753813 -1.42114

10.2905 0.579655 0.293262 -0.706738 -0.753139 -1.42132
10.2979 0.582695 0.293262 -0.706738 -0.873392 -1.32247

10.2979 0.582692 0.27366 -0.72634 -0.873348 -1.32249
10.3052 0.585452 0.27366 -0.72634 -0.96845 -1.23098

10.3052 0.585444 0.253406 -0.746594 -0.968272 -1.23103
10.3066 0.585938 0.253406 -0.746594 -0.986266 -1.22325

10.3066 0.585938 0.253406 -0.746594 -0.986136 -1.22334
10.3125 0.587939 0.253406 -0.746594 1e+30 1e+30

10.7109 0 -0.99349 -0.00650958 2.52958 0
10.7108 0.0146484 -0.99349 -0.00650958 2.5274 0.0624036

10.7108 0.0146484 -0.98073 -0.0192702 2.5274 0.0624036
10.7105 0.0292969 -0.98073 -0.0192702 2.52699 0.12743

10.7105 0.0292969 -0.968571 -0.0314289 2.52701 0.127432
10.7101 0.0439453 -0.968571 -0.0314289 2.52937 0.190371

10.7101 0.0439453 -0.959817 -0.0401833 2.52946 0.190382
10.7098 0.0512695 -0.959817 -0.0401833 2.52987 0.224074

10.7098 0.0512695 -0.953936 -0.0460641 2.52987 0.224075
10.7094 0.0585938 -0.953936 -0.0460641 2.51929 0.259594

10.708 0.0810411 -0.931861 -0.0681394 2.49496 0.345684
10.7075 0.0878906 -0.931861 -0.0681394 2.4904 0.373903

10.7094 0.0585938 -0.948053 -0.0519473 2.51929 0.259593
10.709 0.065918 -0.948053 -0.0519473 2.49634 0.290344

10.709 0.065918 -0.941118 -0.0588815 2.49631 0.290338
10.7085 0.0732422 -0.941118 -0.0588815 2.49694 0.316832

10.708 0.0807987 -0.933661 -0.0663386 2.49526 0.344701
10.7085 0.0732422 -0.933661 -0.0663386 2.49695 0.316834

10.7075 0.0878906 -0.922703 -0.0772967 2.4903 0.373891
10.7063 0.102539 -0.922703 -0.0772967 2.48369 0.433536

10.7063 0.102539 -0.910882 -0.0891177 2.4837 0.433537
10.7049 0.117188 -0.910882 -0.0891177 2.47449 0.496337

10.7049 0.117188 -0.899912 -0.100088 2.47452 0.496339
10.7032 0.131836 -0.899912 -0.100088 2.46286 0.562719

10.7032 0.131836 -0.889164 -0.110836 2.46283 0.562716
10.7014 0.146484 -0.889164 -0.110836 2.4374 0.626654

10.7007 0.151729 -0.88091 -0.11909 2.42407 0.648433
10.7004 0.153809 -0.88091 -0.11909 2.42254 0.655373

10.7004 0.153809 -0.874906 -0.125094 2.42253 0.655373
10.6994 0.161133 -0.874906 -0.125094 2.41775 0.688577

10.7007 0.151724 -0.88091 -0.11909 2.42408 0.648415
10.7014 0.146484 -0.88091 -0.11909 2.43749 0.626656

10.6994 0.161133 -0.866272 -0.133728 2.41765 0.688567
10.6971 0.175781 -0.866272 -0.133728 2.39572 0.753936

10.6934 0.19729 -0.843553 -0.156447 2.35719 0.856353
10.6919 0.205078 -0.843553 -0.156447 2.34572 0.89619

10.6919 0.205078 -0.834773 -0.165227 2.34592 0.896235
10.6904 0.212402 -0.834773 -0.165227 2.33567 0.934956

10.6904 0.212402 -0.829555 -0.170445 2.33564 0.93495
10.6889 0.219727 -0.829555 -0.170445 2.32114 0.974121

10.686 0.233112 -0.818096 -0.181904 2.28551 1.04212
10.6858 0.234375 -0.818096 -0.181904 2.28175 1.04873

10.6889 0.219727 -0.823863 -0.176137 2.32114 0.97412
10.6874 0.227051 -0.823863 -0.176137 2.30174 1.01155

10.686 0.233082 -0.818096 -0.181904 2.28566 1.04198
10.6874 0.227051 -0.818096 -0.181904 2.30174 1.01155

10.6971 0.175781 -0.855025 -0.144975 2.39571 0.753935
10.6946 0.19043 -0.855025 -0.144975 2.3673 0.821728

10.6934 0.197249 -0.843553 -0.156447 2.35732 0.856156
10.6946 0.19043 -0.843553 -0.156447 2.3673 0.821728

10.6641 0.312813 -0.753182 -0.246818 1e+30 1e+30
10.6634 0.314941 -0.753182 -0.246818 2.03376 1.4532

10.6634 0.314941 -0.747265 -0.252735 2.03383 1.45323
10.6609 0.322266 -0.747265 -0.252735 2.0007 1.48995

10.6567 0.333987 -0.734595 -0.265405 1.95851 1.54407
10.6557 0.336914 -0.734595 -0.265405 1.94453 1.558

10.6609 0.322266 -0.740953 -0.259047 2.00069 1.48994
10.6583 0.32959 -0.740953 -0.259047 1.97535 1.52159

10.6567 0.333957 -0.734595 -0.265405 1.95875 1.54397
10.6583 0.32959 -0.734595 -0.265405 1.97539 1.5216

10.6557 0.336914 -0.728182 -0.271818 1.94458 1.55802
10.6529 0.344238 -0.728182 -0.271818 1.91561 1.59683

10.6529 0.344238 -0.721554 -0.278446 1.9156 1.59683
10.6501 0.351562 -0.721554 -0.278446 1.87849 1.63269

10.5908 0.465593 -0.593716 -0.406284 1.02632 2.19367
10.5887 0.46875 -0.593716 -0.406284 1e+30 1e+30

10.6055 0.442855 -0.622412 -0.377588 1.27701 2.09498
10.6031 0.446777 -0.622412 -0.377588 1.24102 2.13061

10.6031 0.446777 -0.613551 -0.386449 1.24103 2.13061
10.5985 0.454102 -0.613551 -0.386449 1.13459 2.15095

10.5981 0.454616 -0.603348 -0.396652 1.12444 2.15155
10.5937 0.461426 -0.603348 -0.396652 1.04102 2.17161

10.5908 0.465554 -0.593457 -0.406543 1.02687 2.19355
10.5936 0.461426 -0.593457 -0.406543 1.04124 2.17161

10.5981 0.4546 -0.611898 -0.388102 1.12482 2.15151
10.5985 0.454102 -0.611898 -0.388102 1.13467 2.15092

10.6348 0.387612 -0.686666 -0.313334 1.688 1.81678
10.6345 0.388184 -0.686666 -0.313334 1.68288 1.81971

10.6345 0.388184 -0.67923 -0.32077 1.6831 1.81977
10.631 0.395508 -0.67923 -0.32077 1.63247 1.86183

10.6274 0.402835 -0.664079 -0.335921 1.58015 1.89043
10.6237 0.410156 -0.664079 -0.335921 1.53201 1.9324

10.6274 0.402831 -0.671647 -0.328353 1.58021 1.89042
10.631 0.395508 -0.671647 -0.328353 1.63247 1.86183

10.6494 0.353328 -0.714899 -0.285101 1.86661 1.64282
10.6472 0.358887 -0.714899 -0.285101 1.83624 1.67326

10.6472 0.358887 -0.707957 -0.292043 1.83623 1.67325
10.6442 0.366211 -0.707957 -0.292043 1.80207 1.70779

10.6421 0.371123 -0.700877 -0.299123 1.78189 1.73089
10.6411 0.373535 -0.700877 -0.299123 1.76831 1.74208

10.6411 0.373535 -0.693819 -0.306181 1.76839 1.7421
10.6378 0.380859 -0.693819 -0.306181 1.73028 1.78129

10.6421 0.371087 -0.700877 -0.299123 1.78223 1.73076
10.6442 0.366211 -0.700877 -0.299123 1.80212 1.7078

10.6494 0.35331 -0.714899 -0.285101 1.86679 1.64275
10.6501 0.351562 -0.714899 -0.285101 1.87853 1.63271

10.6348 0.387547 -0.686666 -0.313334 1.68886 1.81653
10.6378 0.380859 -0.686666 -0.313334 1.7303 1.78129

10.6201 0.417139 -0.656402 -0.343598 1.4846 1.96658
10.6199 0.41748 -0.656402 -0.343598 1.48102 1.96824

10.6199 0.41748 -0.648244 -0.351756 1.48127 1.9683
10.6159 0.424805 -0.648244 -0.351756 1.41504 2.00571

10.6128 0.43043 -0.639601 -0.360399 1.3715 2.0227
10.6118 0.432129 -0.639601 -0.360399 1.35259 2.02905

10.6118 0.432129 -0.630843 -0.369157 1.3528 2.02907
10.6075 0.439453 -0.630843 -0.369157 1.29092 2.06802

10.6128 0.430368 -0.639601 -0.360399 1.37248 2.02249
10.6159 0.424805 -0.639601 -0.360399 1.41511 2.00569

10.6201 0.41707 -0.656402 -0.343598 1.48565 1.96632
10.6237 0.410156 -0.656402 -0.343598 1.53202 1.9324

10.6055 0.442819 -0.622412 -0.377588 1.27739 2.09477
10.6075 0.439453 -0.622412 -0.377588 1.29108 2.06807

10.6787 0.26325 -0.795105 -0.204895 1e+30 1e+30
10.6786 0.263672 -0.795105 -0.204895 1e+30 1e+30

10.6857 0.234375 -0.812355 -0.187645 2.2818 1.04874
10.6841 0.241699 -0.812355 -0.187645 2.26146 1.08598

10.6841 0.241699 -0.806621 -0.193379 2.26145 1.08598
10.6823 0.249023 -0.806621 -0.193379 1e+30 1e+30

