17.5467 0 0.99516 -0.00483967 2.71267 0
17.5468 0.00732422 0.99516 -0.00483967 2.71266 -0.0127257

17.5468 0.00732422 0.985974 -0.0140261 2.71266 -0.0127242
17.5469 0.0146484 0.985974 -0.0140261 2.71498 -0.0206122

17.5469 0.0146484 0.977948 -0.0220518 2.71498 -0.020609
17.547 0.0219727 0.977948 -0.0220518 2.71685 -0.0278047

17.547 0.0219727 0.970784 -0.0292157 2.71685 -0.0278042
17.5473 0.0292969 0.970784 -0.0292157 2.7145 -0.0352464

17.5473 0.0292969 0.963503 -0.0364971 2.7145 -0.0352479
17.5475 0.0366211 0.963503 -0.0364971 2.70961 -0.0449186

17.5475 0.0366211 0.955955 -0.0440453 2.70961 -0.044919
17.5479 0.0439453 0.955955 -0.0440453 2.70516 -0.0515596

17.5479 0.0439453 0.948538 -0.0514621 2.70516 -0.0515592
17.5483 0.0512695 0.948538 -0.0514621 2.7045 -0.0566325

17.5483 0.0512695 0.941763 -0.0582365 2.7045 -0.0566304
17.5487 0.0585938 0.941763 -0.0582365 2.70301 -0.0575533

17.5487 0.0585938 0.931285 -0.0687152 2.70298 -0.0575569
17.5488 0.0601066 0.931285 -0.0687152 2.70296 -0.0585144

17.5488 0.0600964 0.931285 -0.0687152 2.70296 -0.0585078
17.5498 0.0732422 0.931285 -0.0687152 2.69846 -0.0657303

17.5498 0.0732422 0.917387 -0.0826129 2.69846 -0.0657307
17.5511 0.0878906 0.917387 -0.0826129 2.69094 -0.0739404

17.5511 0.0878906 0.904021 -0.0959789 2.69094 -0.0739401
17.5527 0.102539 0.904021 -0.0959789 2.68878 -0.082371

17.5527 0.102539 0.89106 -0.10894 2.68878 -0.0823701
17.5545 0.117188 0.89106 -0.10894 2.7018 -0.0927433

17.5545 0.117188 0.881552 -0.118448 2.70183 -0.0927709
17.5555 0.124512 0.881552 -0.118448 2.71168 -0.102612

17.5555 0.124512 0.875855 -0.124145 2.71168 -0.102611
17.5562 0.129369 0.875855 -0.124145 2.71192 -0.110708

17.5562 0.129368 0.875855 -0.124145 2.71192 -0.110707
17.5565 0.131836 0.875855 -0.124145 2.70188 -0.112032

17.5565 0.131836 0.866011 -0.133989 2.70185 -0.112023
17.5587 0.146484 0.866011 -0.133989 2.68394 -0.121079

17.5587 0.146484 0.852866 -0.147134 2.68394 -0.121078
17.5613 0.161133 0.852866 -0.147134 2.67615 -0.122965

17.5613 0.161133 0.843138 -0.156862 2.67616 -0.122986
17.5627 0.168457 0.843138 -0.156862 2.67587 -0.123733

17.5627 0.168457 0.837223 -0.162777 2.67587 -0.123733
17.5635 0.172695 0.837223 -0.162777 2.67432 -0.129835

17.5635 0.172623 0.840319 -0.159681 2.67435 -0.129797
17.5641 0.175781 0.840319 -0.159681 2.67283 -0.125358

17.5641 0.175781 0.831506 -0.168494 2.67283 -0.125359
17.5656 0.183105 0.831506 -0.168494 2.67334 -0.125652

17.5656 0.183105 0.825435 -0.174565 2.67334 -0.125651
17.5671 0.19043 0.825435 -0.174565 2.68166 -0.132953

17.5671 0.19043 0.819217 -0.180783 2.68166 -0.132953
17.5687 0.197754 0.819217 -0.180783 2.67714 -0.150051

17.5687 0.197754 0.812859 -0.187141 2.67714 -0.150051
17.5704 0.205078 0.812859 -0.187141 2.66371 -0.15811

17.5704 0.205078 0.806721 -0.193279 2.66371 -0.15811
17.5708 0.206707 0.806721 -0.193279 2.66058 -0.158784

17.5708 0.206698 0.806721 -0.193279 2.6606 -0.15878
17.5722 0.212402 0.806721 -0.193279 2.65121 -0.162406

17.5722 0.212402 0.800808 -0.199192 2.65121 -0.162407
17.574 0.219727 0.800808 -0.199192 2.6471 -0.171836

17.574 0.219727 0.794944 -0.205056 2.6471 -0.171836
17.5759 0.227051 0.794944 -0.205056 2.65043 -0.190685

17.5759 0.227051 0.789094 -0.210906 2.65043 -0.190685
17.5778 0.234375 0.789094 -0.210906 2.64821 -0.209315

17.5778 0.234375 0.783441 -0.216559 2.64821 -0.209307
17.5781 0.235432 0.783441 -0.216559 1e+30 1e+30

