20.8134 0 0.992488 -0.00751173 2.70931 0
20.8135 0.0146484 0.992488 -0.00751173 2.71218 -0.00918912

20.8135 0.0146484 0.977814 -0.0221861 2.71218 -0.00918916
20.8139 0.0292969 0.977814 -0.0221861 2.71658 -0.0197504

20.8139 0.0292969 0.963554 -0.036446 2.71658 -0.0197503
20.8144 0.0439453 0.963554 -0.036446 2.71822 -0.031683

20.8144 0.0439453 0.949893 -0.0501071 2.71822 -0.0316838
20.8152 0.0585938 0.949893 -0.0501071 2.72713 -0.0398335

20.8152 0.0585938 0.939761 -0.0602387 2.72714 -0.0398313
20.8154 0.0620463 0.939761 -0.0602387 2.73452 -0.0400199

20.8154 0.0620479 0.939761 -0.0602387 2.73452 -0.04002
20.8157 0.065918 0.939761 -0.0602387 2.72689 -0.0436108

20.8157 0.065918 0.932045 -0.0679545 2.72689 -0.0436093
20.8162 0.0732422 0.932045 -0.0679545 2.73412 -0.0474417

20.8162 0.0732422 0.925232 -0.0747682 2.73413 -0.0474402
20.8168 0.0805664 0.925232 -0.0747682 2.74475 -0.0589241

20.8168 0.0805664 0.91732 -0.0826799 2.74472 -0.0589243
20.8175 0.0878906 0.91732 -0.0826799 2.73122 -0.0677358

20.8175 0.0878906 0.910731 -0.0892692 2.73122 -0.0677377
20.8182 0.0952148 0.910731 -0.0892692 2.7467 -0.0776803

20.8182 0.0952148 0.904491 -0.0955086 2.74667 -0.0776763
20.819 0.102539 0.904491 -0.0955086 2.74817 -0.0978441

20.819 0.102539 0.896737 -0.103263 2.74819 -0.0978504
20.8198 0.109863 0.896737 -0.103263 2.73119 -0.104279

20.8198 0.109863 0.890683 -0.109317 2.73119 -0.10427
20.8207 0.117188 0.890683 -0.109317 2.73102 -0.103736

20.8207 0.117188 0.881347 -0.118653 2.73098 -0.103724
20.8227 0.131836 0.881347 -0.118653 2.72894 -0.118521

20.8227 0.131836 0.868674 -0.131326 2.72893 -0.118519
20.8249 0.146484 0.868674 -0.131326 2.7232 -0.128747

20.8249 0.146484 0.855887 -0.144113 2.7232 -0.128746
20.8273 0.161133 0.855887 -0.144113 2.7146 -0.134336

20.8273 0.161133 0.843904 -0.156096 2.71461 -0.134342
20.83 0.175781 0.843904 -0.156096 2.72452 -0.144066

20.83 0.175781 0.83205 -0.16795 2.72439 -0.144012
20.8301 0.176217 0.83205 -0.16795 2.74612 -0.145286

20.8301 0.175868 0.835478 -0.164522 2.7439 -0.144985
20.8315 0.183105 0.835478 -0.164522 2.74209 -0.160674

20.8315 0.183105 0.828985 -0.171015 2.74207 -0.160663
20.833 0.19043 0.828985 -0.171015 2.69706 -0.170872

20.833 0.19043 0.822715 -0.177285 2.69705 -0.170878
20.8346 0.197754 0.822715 -0.177285 2.70214 -0.164153

20.8346 0.197754 0.817126 -0.182874 2.70215 -0.16415
20.8362 0.205078 0.817126 -0.182874 2.70297 -0.164181

20.8362 0.205078 0.811461 -0.188539 2.70297 -0.164184
20.8374 0.210129 0.811461 -0.188539 2.70091 -0.164053

20.8374 0.210126 0.811461 -0.188539 2.70092 -0.164052
20.8379 0.212402 0.811461 -0.188539 2.69952 -0.163702

20.8379 0.212402 0.805308 -0.194692 2.69952 -0.163704
20.8397 0.219727 0.805308 -0.194692 2.69468 -0.165105

20.8397 0.219727 0.799252 -0.200748 2.69468 -0.165104
20.8415 0.227051 0.799252 -0.200748 2.69524 -0.17068

20.8415 0.227051 0.793786 -0.206214 2.69524 -0.170686
20.8434 0.234375 0.793786 -0.206214 2.69697 -0.182672

20.8434 0.234375 0.78849 -0.21151 2.69697 -0.182668
20.8447 0.239157 0.78849 -0.21151 2.69368 -0.191159

20.8447 0.23915 0.78849 -0.21151 2.6937 -0.191152
20.8454 0.241699 0.78849 -0.21151 2.68793 -0.194226

20.8454 0.241699 0.782813 -0.217187 2.68792 -0.194223
20.8474 0.249023 0.782813 -0.217187 2.67386 -0.203699

20.8474 0.249023 0.776869 -0.223131 2.67386 -0.203699
20.8495 0.256348 0.776869 -0.223131 2.66602 -0.219415

20.8495 0.256348 0.771017 -0.228983 2.66602 -0.219417
20.8517 0.263672 0.771017 -0.228983 2.6606 -0.236814

20.8517 0.263672 0.765487 -0.234513 2.66059 -0.236805
20.8521 0.264767 0.765487 -0.234513 2.65975 -0.239498

20.8521 0.264751 0.765487 -0.234513 2.65977 -0.239476
20.854 0.270996 0.765487 -0.234513 2.65522 -0.25371

20.854 0.270996 0.76002 -0.23998 2.65522 -0.253705
20.8563 0.27832 0.76002 -0.23998 2.64829 -0.268829

20.8563 0.27832 0.754558 -0.245442 2.64829 -0.268831
20.8587 0.285645 0.754558 -0.245442 2.63653 -0.278625

20.8587 0.285645 0.749259 -0.250741 2.63652 -0.27862
20.8594 0.287796 0.749259 -0.250741 2.63302 -0.280468

20.8594 0.287785 0.749259 -0.250741 2.63304 -0.280466
20.8611 0.292969 0.749259 -0.250741 2.6288 -0.286451

20.8611 0.292969 0.743819 -0.256181 2.62879 -0.286447
20.8636 0.300293 0.743819 -0.256181 2.63135 -0.303587

20.8636 0.300293 0.738241 -0.261759 2.63135 -0.303586
20.8662 0.307617 0.738241 -0.261759 2.62175 -0.332147

20.8662 0.307617 0.732868 -0.267132 2.62174 -0.332113
20.8667 0.308931 0.732868 -0.267132 2.61864 -0.336367

20.8667 0.308906 0.732868 -0.267132 2.61872 -0.336334
20.8689 0.314941 0.732868 -0.267132 2.60733 -0.352683

20.8689 0.314941 0.727477 -0.272523 2.60732 -0.352671
20.8716 0.322266 0.727477 -0.272523 2.59282 -0.371229

20.8716 0.322266 0.721991 -0.278009 2.59282 -0.37123
20.874 0.328456 0.721991 -0.278009 2.57704 -0.383786

20.874 0.328453 0.721991 -0.278009 2.57705 -0.383785
20.8745 0.32959 0.721991 -0.278009 2.57427 -0.38562

20.8745 0.32959 0.71649 -0.28351 2.57427 -0.385614
20.8774 0.336914 0.71649 -0.28351 2.5703 -0.401373

20.8774 0.336914 0.710727 -0.289273 2.5703 -0.401369
20.8803 0.344238 0.710727 -0.289273 2.56309 -0.439907

20.8803 0.344238 0.705222 -0.294778 2.56308 -0.439868
20.8813 0.346669 0.705222 -0.294778 2.55621 -0.45151

20.8813 0.346641 0.705222 -0.294778 2.55632 -0.451464
20.8834 0.351562 0.705222 -0.294778 2.54572 -0.471198

20.8834 0.351562 0.699852 -0.300148 2.54569 -0.471164
20.8865 0.358887 0.699852 -0.300148 2.52887 -0.500217

20.8865 0.358887 0.694467 -0.305533 2.52887 -0.500212
20.8887 0.363734 0.694467 -0.305533 2.51106 -0.516989

20.8887 0.363719 0.694467 -0.305533 2.51114 -0.516974
20.8898 0.366211 0.694467 -0.305533 2.5008 -0.524477

20.8898 0.366211 0.688981 -0.311019 2.50078 -0.524444
20.8931 0.373535 0.688981 -0.311019 2.48749 -0.554778

20.8931 0.373535 0.683093 -0.316907 2.48748 -0.554766
20.896 0.379851 0.683093 -0.316907 2.46877 -0.591418

20.896 0.379846 0.683093 -0.316907 2.46881 -0.59141
20.8965 0.380859 0.683093 -0.316907 2.46317 -0.59619

20.8965 0.380859 0.677284 -0.322716 2.46317 -0.596181
20.9 0.388184 0.677284 -0.322716 2.4407 -0.627837

20.9 0.388184 0.67161 -0.32839 2.4407 -0.627832
20.9033 0.395068 0.67161 -0.32839 2.40503 -0.659878

20.9033 0.395062 0.67161 -0.32839 2.40508 -0.659872
20.9035 0.395508 0.67161 -0.32839 2.40151 -0.661554

20.9035 0.395508 0.666046 -0.333954 2.40151 -0.661543
20.9072 0.402832 0.666046 -0.333954 2.37529 -0.691865

20.9072 0.402832 0.660212 -0.339788 2.37529 -0.691819
20.9106 0.409516 0.660212 -0.339788 2.34976 -0.739044

20.9106 0.409511 0.660212 -0.339788 2.34979 -0.739041
20.911 0.410156 0.660212 -0.339788 2.34529 -0.742455

20.911 0.410156 0.654006 -0.345994 2.34529 -0.742433
20.9148 0.41748 0.654006 -0.345994 2.32254 -0.784501

20.9148 0.41748 0.647808 -0.352192 2.32253 -0.784463
20.918 0.423224 0.647808 -0.352192 2.29782 -0.831139

20.918 0.423205 0.647808 -0.352192 2.29803 -0.831118
20.9188 0.424805 0.647808 -0.352192 2.28292 -0.841055

20.9188 0.424805 0.641579 -0.358421 2.28289 -0.840967
20.9229 0.432129 0.641579 -0.358421 2.23553 -0.882778

20.9229 0.432129 0.635716 -0.364284 2.23552 -0.882711
20.9253 0.436279 0.635716 -0.364284 2.21124 -0.908929

20.9253 0.436242 0.635716 -0.364284 2.21153 -0.90887
20.9271 0.439453 0.635716 -0.364284 2.19279 -0.928832

20.9271 0.439453 0.629263 -0.370737 2.19271 -0.928661
20.9314 0.446777 0.629263 -0.370737 2.1437 -0.982695

20.9314 0.446777 0.623134 -0.376866 2.14368 -0.982424
20.9326 0.448781 0.623134 -0.376866 2.12506 -0.997238

20.9326 0.448716 0.622374 -0.377626 2.12571 -0.997254
20.9359 0.454102 0.622374 -0.377626 2.10963 -1.03951

20.9359 0.454102 0.615488 -0.384512 2.10952 -1.03936
20.9399 0.460621 0.615488 -0.384512 2.05817 -1.10827

20.9399 0.460598 0.619805 -0.380195 2.05857 -1.10826
20.9404 0.461426 0.619805 -0.380195 2.04546 -1.11488

20.9404 0.461426 0.608268 -0.391732 2.04545 -1.11484
20.9452 0.46875 0.608268 -0.391732 1.96278 -1.16669

20.9451 0.46875 0.602187 -0.397813 1.96277 -1.16641
20.9473 0.471963 0.602187 -0.397813 1.93445 -1.19242

20.9473 0.47189 0.601749 -0.398251 1.93512 -1.1925
20.95 0.476074 0.601749 -0.398251 1.91341 -1.23175

20.95 0.476074 0.594196 -0.405804 1.91323 -1.2313
20.9546 0.482799 0.594196 -0.405804 1.84334 -1.30344

20.9546 0.48278 0.596535 -0.403465 1.84369 -1.30347
20.955 0.483398 0.596535 -0.403465 1.83278 -1.30864

20.955 0.483398 0.585482 -0.414518 1.83278 -1.30855
20.9602 0.490723 0.585482 -0.414518 1.74173 -1.37336

20.9602 0.490723 0.584832 -0.415168 1.74171 -1.37303
20.9619 0.49318 0.584832 -0.415168 1.72133 -1.4024

20.9619 0.493045 0.577766 -0.422234 1.72253 -1.40256
20.9656 0.498047 0.577766 -0.422234 1.67623 -1.46128

20.9655 0.498047 0.57021 -0.42979 1.67611 -1.46051
20.9692 0.502975 0.57021 -0.42979 1.6079 -1.51763

20.9692 0.502896 0.573196 -0.426804 1.60929 -1.51796
20.9711 0.505371 0.573196 -0.426804 1.56071 -1.54093

20.971 0.505371 0.56044 -0.43956 1.56081 -1.54025
20.9766 0.512408 0.56044 -0.43956 1.4361 -1.58169

20.9766 0.512395 0.557722 -0.442278 1.43628 -1.58178
20.9768 0.512695 0.557722 -0.442278 1.43108 -1.58328

20.9768 0.512695 0.550738 -0.449262 1.43107 -1.5833
20.9828 0.52002 0.550738 -0.449262 1.35453 -1.64771

20.9827 0.52002 0.546314 -0.453686 1.35469 -1.64598
20.9839 0.521448 0.546314 -0.453686 1.35036 -1.66637

20.9839 0.521325 0.541503 -0.458497 1.35051 -1.66695
20.989 0.527344 0.541503 -0.458497 1.2761 -1.72983

20.9889 0.527344 0.535483 -0.464517 1.27646 -1.72894
20.9912 0.529975 0.535483 -0.464517 1.2251 -1.74089

20.9912 0.529846 0.53293 -0.46707 1.22689 -1.74212
20.9954 0.534668 0.53293 -0.46707 1.13218 -1.75877

20.9954 0.534668 0.523582 -0.476418 1.13225 -1.75866
20.9985 0.538083 0.523582 -0.476418 1.06056 -1.75893

20.9985 0.538 0.518956 -0.481044 1.06176 -1.75983
21.0022 0.541992 0.518956 -0.481044 1.01114 -1.7723

21.0022 0.541992 0.511271 -0.488729 1.01129 -1.77188
21.0059 0.545809 0.511271 -0.488729 0.965515 -1.79964

21.0059 0.545762 0.504306 -0.495694 0.966159 -1.79999
21.0094 0.549316 0.504306 -0.495694 0.901583 -1.82544

21.0093 0.549316 0.49652 -0.50348 0.901823 -1.82459
21.0132 0.55315 0.49652 -0.50348 0.83324 -1.87264

21.0132 0.553091 0.487905 -0.512095 0.834369 -1.87323
21.0169 0.556641 0.487905 -0.512095 0.743463 -1.90955

21.0168 0.556641 0.48117 -0.51883 0.744248 -1.90792
21.0205 0.560069 0.48117 -0.51883 0.644777 -1.92581

21.0205 0.560042 0.470636 -0.529364 0.645286 -1.92611
21.0249 0.563965 0.470636 -0.529364 0.546879 -1.94131

21.0248 0.563965 0.466274 -0.533726 0.547943 -1.94017
21.0278 0.56661 0.466274 -0.533726 0.478206 -1.93822

21.0278 0.566584 0.457505 -0.542495 0.478618 -1.93854
21.0334 0.571289 0.457505 -0.542495 0.359774 -1.9336

21.0333 0.571289 0.451194 -0.548806 0.360797 -1.93245
21.0352 0.572818 0.451194 -0.548806 0.32486 -1.9323

21.0352 0.572782 0.44209 -0.55791 0.325316 -1.93275
21.0425 0.578586 0.44209 -0.55791 0.180416 -1.94053

21.0424 0.578613 0.433933 -0.566067 0.180731 -1.93922
21.0425 0.57868 0.433933 -0.566067 0.179064 -1.93938

21.0425 0.578581 0.429684 -0.570316 0.180478 -1.94059
21.0425 0.578613 0.429684 -0.570316 0.179669 -1.94067

21.0425 0.578613 0.42536 -0.57464 0.179736 -1.94058
21.0498 0.584009 0.42536 -0.57464 0.0270225 -1.94653

21.0498 0.583967 0.407785 -0.592215 0.0278499 -1.94716
21.0527 0.585938 0.407785 -0.592215 -0.0359571 -1.94016

21.0526 0.585938 0.408681 -0.591319 -0.0352081 -1.93952
21.0571 0.589079 0.408681 -0.591319 -0.147159 -1.90823

21.0571 0.589054 0.391797 -0.608203 -0.146619 -1.90854
21.0637 0.593262 0.391797 -0.608203 -0.292446 -1.86173

21.0635 0.593262 0.381913 -0.618087 -0.291253 -1.86137
21.0645 0.593845 0.381913 -0.618087 -0.309719 -1.85688

21.0645 0.593782 0.373258 -0.626742 -0.308537 -1.85761
21.0718 0.598144 0.373258 -0.626742 -0.462567 -1.81234

21.0718 0.598114 0.354136 -0.645864 -0.46188 -1.81275
21.0763 0.600586 0.354136 -0.645864 -0.557936 -1.77033

21.0762 0.600586 0.354136 -0.645864 -0.556991 -1.77047
21.0791 0.602193 0.354136 -0.645864 -0.617966 -1.74997

21.0791 0.602159 0.333961 -0.666039 -0.61719 -1.75033
21.0864 0.605832 0.333961 -0.666039 -0.774518 -1.67926

21.0864 0.605807 0.312571 -0.687429 -0.773851 -1.67959
21.0911 0.60791 0.312571 -0.687429 -0.873965 -1.62091

21.0909 0.60791 0.312571 -0.687429 -0.872958 -1.62172
21.0938 0.609188 0.312571 -0.687429 1e+30 1e+30

