36.2333 0.46875 0.608331 -0.391669 2.09323 -1.09354
36.2381 0.476074 0.608331 -0.391669 2.01671 -1.1521

36.238 0.476074 0.602242 -0.397758 2.0167 -1.1518
36.2402 0.479389 0.602242 -0.397758 1.99004 -1.18443

36.2402 0.479313 0.601958 -0.398042 1.9907 -1.18447
36.2429 0.483398 0.601958 -0.398042 1.96347 -1.22576

36.2429 0.483398 0.594711 -0.405289 1.96327 -1.22525
36.2476 0.49024 0.594711 -0.405289 1.87721 -1.2929

36.2476 0.490224 0.596947 -0.403053 1.87751 -1.29293
36.2479 0.490723 0.596947 -0.403053 1.86798 -1.29663

36.2479 0.490723 0.586169 -0.413831 1.86798 -1.29655
36.2531 0.498047 0.586169 -0.413831 1.7795 -1.36241

36.253 0.498047 0.58464 -0.41536 1.77948 -1.36203
36.2549 0.500637 0.58464 -0.41536 1.76372 -1.39727

36.2549 0.500509 0.578306 -0.421694 1.76459 -1.39741
36.2584 0.505371 0.578306 -0.421694 1.72323 -1.45968

36.2584 0.505371 0.570303 -0.429697 1.72309 -1.45887
36.2622 0.510446 0.570303 -0.429697 1.65129 -1.51906

36.2622 0.510373 0.572981 -0.427019 1.65268 -1.51937
36.2639 0.512695 0.572981 -0.427019 1.60427 -1.54191

36.2639 0.512695 0.560603 -0.439397 1.60436 -1.54124
36.2695 0.519878 0.560603 -0.439397 1.4672 -1.58603

36.2695 0.519865 0.557741 -0.442259 1.4674 -1.58613
36.2697 0.52002 0.557741 -0.442259 1.46444 -1.58699

36.2697 0.52002 0.551203 -0.448797 1.46443 -1.58702
36.2756 0.527344 0.551203 -0.448797 1.38359 -1.65456

36.2755 0.527344 0.546814 -0.453186 1.38378 -1.65278
36.2769 0.528923 0.546814 -0.453186 1.3796 -1.67621

36.2769 0.528805 0.541773 -0.458227 1.37966 -1.67683
36.2818 0.534668 0.541773 -0.458227 1.30812 -1.74386

36.2818 0.534668 0.535332 -0.464668 1.30845 -1.74295
36.2842 0.537451 0.535332 -0.464668 1.25618 -1.7601

36.2842 0.537321 0.532745 -0.467255 1.25788 -1.76134
36.2883 0.541992 0.532745 -0.467255 1.16116 -1.78522

36.2883 0.541992 0.522833 -0.477167 1.16122 -1.78511
36.2915 0.545537 0.522833 -0.477167 1.08227 -1.79012

36.2915 0.545446 0.518086 -0.481914 1.08371 -1.79108
36.2951 0.549316 0.518086 -0.481914 1.02707 -1.80403

36.2951 0.549316 0.510842 -0.489158 1.02722 -1.80363
36.2988 0.553235 0.510842 -0.489158 0.963672 -1.81702

36.2988 0.553196 0.503911 -0.496089 0.96419 -1.81735
36.3022 0.556641 0.503911 -0.496089 0.901678 -1.83265

36.3022 0.556641 0.495949 -0.504051 0.90195 -1.83195
36.3062 0.560563 0.495949 -0.504051 0.837401 -1.8856

36.3062 0.560508 0.486999 -0.513001 0.838478 -1.88614
36.3098 0.563965 0.486999 -0.513001 0.751049 -1.92616

36.3097 0.563965 0.479984 -0.520016 0.751588 -1.92416
36.3135 0.567455 0.479984 -0.520016 0.650992 -1.95215

36.3135 0.56743 0.468878 -0.531122 0.651454 -1.95244
36.3178 0.571289 0.468878 -0.531122 0.548148 -1.97654

36.3177 0.571289 0.464389 -0.535611 0.549378 -1.97519
36.3208 0.573957 0.464389 -0.535611 0.472283 -1.9753

36.3208 0.573922 0.455619 -0.544381 0.472888 -1.97574
36.3264 0.578613 0.455619 -0.544381 0.340462 -1.96947

36.3263 0.578613 0.449282 -0.550718 0.341781 -1.96825
36.3281 0.58012 0.449282 -0.550718 0.301105 -1.96561

36.3281 0.580076 0.440362 -0.559638 0.30173 -1.96619
36.3354 0.58584 0.440362 -0.559638 0.146 -1.96931

36.3354 0.585833 0.427473 -0.572527 0.146089 -1.9694
36.3356 0.585938 0.427473 -0.572527 0.143392 -1.96967

36.3354 0.585938 0.432118 -0.567882 0.144823 -1.96775
36.3354 0.585955 0.432118 -0.567882 0.144371 -1.96779

36.3356 0.585938 0.423425 -0.576575 0.143514 -1.9695
36.3428 0.591224 0.423425 -0.576575 -0.0112439 -1.97583

36.3428 0.591181 0.405542 -0.594458 -0.0103903 -1.9765
36.3458 0.593262 0.405542 -0.594458 -0.0808667 -1.96955

36.3457 0.593262 0.405848 -0.594152 -0.0800241 -1.96882
36.3501 0.596241 0.405848 -0.594152 -0.189395 -1.94435

36.3501 0.596214 0.38803 -0.61197 -0.188811 -1.94471
36.357 0.600586 0.38803 -0.61197 -0.355975 -1.90264

36.3568 0.600586 0.376748 -0.623252 -0.354558 -1.90208
36.3574 0.600934 0.376748 -0.623252 -0.367647 -1.89981

36.3574 0.600864 0.368805 -0.631195 -0.366127 -1.9007
36.3647 0.605143 0.368805 -0.631195 -0.545773 -1.8413

36.3647 0.605114 0.34926 -0.65074 -0.545095 -1.84178
36.37 0.60791 0.34926 -0.65074 -0.663941 -1.77389

36.3698 0.60791 0.34926 -0.65074 -0.662758 -1.77402
36.3721 0.609116 0.34926 -0.65074 -0.710442 -1.75795

36.3721 0.609073 0.328651 -0.671349 -0.709464 -1.75844
36.3794 0.612658 0.328651 -0.671349 -0.872798 -1.67844

36.3794 0.612645 0.306176 -0.693824 -0.872436 -1.67865
36.3853 0.615234 0.306176 -0.693824 -1.00029 -1.5987

36.3851 0.615234 0.306176 -0.693824 -0.999159 -1.5992
36.3867 0.615929 0.306176 -0.693824 -1.0337 -1.58568

36.3867 0.61589 0.28223 -0.71777 -1.03261 -1.58605
36.394 0.61877 0.28223 -0.71777 -1.19766 -1.48097

36.394 0.618765 0.256974 -0.743026 -1.19749 -1.48101
36.4014 0.621298 0.256974 -0.743026 -1.34765 -1.31956

36.4014 0.621286 0.231218 -0.768782 -1.34727 -1.31972
36.4056 0.622559 0.231218 -0.768782 -1.42886 -1.24176

36.4055 0.622559 0.231218 -0.768782 -1.42819 -1.24283
36.4087 0.623509 0.231218 -0.768782 -1.49364 -1.18451

36.4087 0.623502 0.203379 -0.796621 -1.49338 -1.18458
36.416 0.625372 0.203379 -0.796621 -1.63927 -1.025

36.416 0.625372 0.172556 -0.827444 -1.63928 -1.02499
36.4233 0.626899 0.172556 -0.827444 -1.76042 -0.830068

36.4233 0.626899 0.139221 -0.860779 -1.76042 -0.830069
36.4307 0.628084 0.139221 -0.860779 -1.85464 -0.63744

36.4307 0.628083 0.103275 -0.896725 -1.85463 -0.63745
36.438 0.628927 0.103275 -0.896725 -1.94215 -0.440357

36.438 0.628926 0.064644 -0.935356 -1.94211 -0.440373
36.4453 0.629432 0.064644 -0.935356 -2.01991 -0.229919

36.4453 0.629431 0.02306 -0.97694 -2.01989 -0.22993
36.4526 0.629604 0.02306 -0.97694 -2.07526 -0.00540702

36.4526 0.629604 -0.0213177 -0.978682 -2.07527 -0.00540382
36.46 0.629445 -0.0213177 -0.978682 -2.09659 0.227101

36.46 0.629447 -0.0635235 -0.936477 -2.09664 0.227103
36.4673 0.62895 -0.0635235 -0.936477 -2.08767 0.458167

36.4673 0.628953 -0.103292 -0.896708 -2.08774 0.458158
36.4746 0.628109 -0.103292 -0.896708 -2.06136 0.684958

36.4746 0.628112 -0.140923 -0.859077 -2.06143 0.684946
36.4819 0.62691 -0.140923 -0.859077 -2.02793 0.918287

36.4819 0.626912 -0.17641 -0.82359 -2.02798 0.918273
36.4893 0.625343 -0.17641 -0.82359 -1.9522 1.15434

36.4893 0.625341 -0.209088 -0.790912 -1.95209 1.15433
36.4966 0.623405 -0.209088 -0.790912 -1.85259 1.33983

36.5039 0.621109 -0.23877 -0.76123 -1.76094 1.53483
36.4993 0.622559 -0.23877 -0.76123 -1.82355 1.4008

36.4966 0.6234 -0.23877 -0.76123 -1.85236 1.33983
36.4993 0.622559 -0.23877 -0.76123 -1.82348 1.40033

36.5259 0.611951 -0.320298 -0.679702 -1.35045 2.08238
36.5189 0.615234 -0.320298 -0.679702 -1.46795 1.91794

36.5259 0.611945 -0.345726 -0.654274 -1.35025 2.08245
36.5332 0.608075 -0.345726 -0.654274 -1.17341 2.20176

36.5039 0.621114 -0.267249 -0.732751 -1.76112 1.53479
36.5112 0.618443 -0.267249 -0.732751 -1.63718 1.7832

36.5112 0.618438 -0.294076 -0.705924 -1.63691 1.78317
36.5186 0.615387 -0.294076 -0.705924 -1.47397 1.91485

36.5186 0.615389 -0.320298 -0.679702 -1.47406 1.91485
36.5189 0.615234 -0.320298 -0.679702 -1.46789 1.91769

36.5479 0.599105 -0.392905 -0.607095 -0.827466 2.47371
36.5456 0.600586 -0.392905 -0.607095 -0.891237 2.42869

36.5405 0.603787 -0.369856 -0.630144 -1.04758 2.3216
36.5335 0.60791 -0.369856 -0.630144 -1.16805 2.20327

36.5332 0.608072 -0.36352 -0.63648 -1.17328 2.20175
36.5335 0.60791 -0.36352 -0.63648 -1.16796 2.20315

36.5405 0.603753 -0.392983 -0.607017 -1.04563 2.32144
36.5454 0.600586 -0.392983 -0.607017 -0.89113 2.42632

36.5479 0.599041 -0.414093 -0.585907 -0.824626 2.47402
36.5552 0.593864 -0.414093 -0.585907 -0.644854 2.55203

36.5625 0.588234 -0.435656 -0.564344 -0.478917 2.61192
36.556 0.593262 -0.435656 -0.564344 -0.626552 2.55373

36.5552 0.593861 -0.425965 -0.574035 -0.644705 2.55201
36.556 0.593262 -0.425965 -0.574035 -0.626518 2.55371

36.737 0 -0.995736 -0.00426352 2.78722 0
36.737 0.0146484 -0.995736 -0.00426352 2.78467 0.0576977

36.737 0.0146484 -0.987484 -0.0125161 2.78468 0.0576976
36.7368 0.0292969 -0.987484 -0.0125161 2.77981 0.112847

36.7368 0.0292969 -0.97918 -0.0208199 2.77979 0.112847
36.7365 0.0439453 -0.97918 -0.0208199 2.77484 0.167361

36.7365 0.0439453 -0.970826 -0.0291737 2.77485 0.167361
36.736 0.0585938 -0.970826 -0.0291737 2.76839 0.224247

36.736 0.0585938 -0.962552 -0.037448 2.76838 0.224247
36.7355 0.0732422 -0.962552 -0.037448 2.76323 0.280901

36.7355 0.0732422 -0.953763 -0.0462374 2.7632 0.280901
36.7348 0.0878906 -0.953763 -0.0462374 2.75921 0.33961

36.7348 0.0878906 -0.944935 -0.0550647 2.75923 0.339609
36.7339 0.102539 -0.944935 -0.0550647 2.75228 0.401229

36.7339 0.102539 -0.936405 -0.0635949 2.75227 0.401229
36.7329 0.117188 -0.936405 -0.0635949 2.74444 0.46299

36.7329 0.117188 -0.927856 -0.072144 2.74443 0.462991
36.7318 0.131836 -0.927856 -0.072144 2.73748 0.525999

36.7318 0.131836 -0.919327 -0.0806728 2.73748 0.525999
36.7305 0.146484 -0.919327 -0.0806728 2.72771 0.589819

36.7305 0.146484 -0.910779 -0.0892212 2.72771 0.58982
36.7291 0.161133 -0.910779 -0.0892212 2.71192 0.652984

36.7291 0.161133 -0.902239 -0.0977607 2.71192 0.652984
36.7275 0.175781 -0.902239 -0.0977607 2.69407 0.716022

36.7275 0.175781 -0.893852 -0.106148 2.69407 0.716022
36.7257 0.19043 -0.893852 -0.106148 2.67787 0.780889

36.7257 0.19043 -0.885387 -0.114613 2.67785 0.78089
36.7238 0.205078 -0.885387 -0.114613 2.66052 0.849193

36.7236 0.206601 -0.876613 -0.123387 2.65847 0.856459
36.7218 0.219727 -0.876613 -0.123387 2.64484 0.922706

36.7218 0.219727 -0.869859 -0.130141 2.64494 0.922714
36.7207 0.227051 -0.869859 -0.130141 2.63798 0.963587

36.7207 0.227051 -0.865371 -0.134629 2.63799 0.963587
36.7195 0.234375 -0.865371 -0.134629 2.62413 1.00134

36.7236 0.206498 -0.876613 -0.123387 2.65873 0.85597
36.7238 0.205078 -0.876613 -0.123387 2.66061 0.849193

36.6797 0.399672 -0.74396 -0.25604 2.11775 1.90419
36.6786 0.402832 -0.74396 -0.25604 2.09812 1.92458

36.6786 0.402832 -0.737519 -0.262481 2.09817 1.92459
36.676 0.410156 -0.737519 -0.262481 2.05737 1.97552

36.665 0.438468 -0.709754 -0.290246 1.87258 2.13831
36.6646 0.439453 -0.709754 -0.290246 1.86447 2.14401

36.6724 0.419923 -0.724057 -0.275943 1.9946 2.03046
36.6705 0.424805 -0.724057 -0.275943 1.96425 2.05947

36.676 0.410156 -0.730791 -0.269209 2.05736 1.97552
36.6733 0.41748 -0.730791 -0.269209 2.01028 2.01622

36.6724 0.419904 -0.724057 -0.275943 1.9948 2.03035
36.6733 0.41748 -0.724057 -0.275943 2.01033 2.01623

36.6705 0.424805 -0.71707 -0.28293 1.96425 2.05947
36.6676 0.432129 -0.71707 -0.28293 1.91625 2.10368

36.665 0.438419 -0.709754 -0.290246 1.87322 2.13802
36.6676 0.432129 -0.709754 -0.290246 1.91627 2.10368

36.6646 0.439453 -0.702234 -0.297766 1.86465 2.14401
36.6615 0.446777 -0.702234 -0.297766 1.81198 2.193

36.6615 0.446777 -0.694368 -0.305632 1.81196 2.193
36.6583 0.454102 -0.694368 -0.305632 1.75654 2.23209

36.6577 0.455372 -0.686275 -0.313725 1.74678 2.24009
36.6549 0.461426 -0.686275 -0.313725 1.7004 2.28329

36.655 0.461426 -0.677677 -0.322323 1.70036 2.28328
36.6515 0.46875 -0.677677 -0.322323 1.62976 2.32491

36.6577 0.455356 -0.686275 -0.313725 1.74699 2.23998
36.6583 0.454102 -0.686275 -0.313725 1.7566 2.23209

36.709 0.291896 -0.828479 -0.171521 2.48985 1.28517
36.7088 0.292969 -0.828479 -0.171521 2.48744 1.29039

36.7195 0.234375 -0.860929 -0.139071 2.62413 1.00134
36.7184 0.241699 -0.860929 -0.139071 2.60751 1.03572

36.7184 0.241699 -0.856441 -0.143559 2.60751 1.03572
36.7171 0.249023 -0.856441 -0.143559 2.59241 1.07161

36.7163 0.253754 -0.851781 -0.148219 2.58478 1.09609
36.7159 0.256348 -0.851781 -0.148219 2.58064 1.10933

36.7159 0.256348 -0.846972 -0.153028 2.58066 1.10933
36.7145 0.263672 -0.846972 -0.153028 2.56839 1.14722

36.7163 0.253738 -0.851781 -0.148219 2.58483 1.09601
36.7171 0.249023 -0.851781 -0.148219 2.59241 1.07161

36.7145 0.263672 -0.842245 -0.157755 2.56839 1.14722
36.7132 0.270996 -0.842245 -0.157755 2.55318 1.18515

36.7132 0.270996 -0.837662 -0.162338 2.55318 1.18515
36.7117 0.27832 -0.837662 -0.162338 2.53222 1.2209

36.7117 0.27832 -0.833134 -0.166866 2.53221 1.2209
36.7103 0.285645 -0.833134 -0.166866 2.50756 1.25517

36.709 0.291873 -0.828479 -0.171521 2.48995 1.28506
36.7103 0.285645 -0.828479 -0.171521 2.50756 1.25517

36.7088 0.292969 -0.823354 -0.176646 2.48746 1.29039
36.7072 0.300293 -0.823354 -0.176646 2.47867 1.32761

36.7072 0.300293 -0.817938 -0.182062 2.47867 1.32761
36.7056 0.307617 -0.817938 -0.182062 2.47252 1.3669

36.7056 0.307617 -0.8128 -0.1872 2.47253 1.3669
36.7039 0.314941 -0.8128 -0.1872 2.44755 1.40504

36.7039 0.314941 -0.807903 -0.192097 2.44755 1.40504
36.7021 0.322266 -0.807903 -0.192097 2.4181 1.44134

36.7017 0.324184 -0.802849 -0.197151 2.41215 1.45143
36.7003 0.32959 -0.802849 -0.197151 2.39746 1.48218

36.7003 0.32959 -0.797411 -0.202589 2.39746 1.48218
36.6985 0.336914 -0.797411 -0.202589 2.37904 1.52791

36.7017 0.32417 -0.802849 -0.197151 2.41223 1.45135
36.7021 0.322266 -0.802849 -0.197151 2.41811 1.44134

36.6985 0.336914 -0.791787 -0.208213 2.37904 1.52791
36.6965 0.344238 -0.791787 -0.208213 2.35476 1.57195

36.6965 0.344238 -0.786348 -0.213652 2.35477 1.57195
36.6946 0.351562 -0.786348 -0.213652 2.32021 1.61535

36.6943 0.352352 -0.780899 -0.219101 2.31613 1.62019
36.6925 0.358887 -0.780899 -0.219101 2.28976 1.65945

36.6925 0.358887 -0.775111 -0.224889 2.28975 1.65945
36.6904 0.366211 -0.775111 -0.224889 2.26535 1.70394

36.687 0.377309 -0.76301 -0.23699 2.22074 1.765
36.6859 0.380859 -0.76301 -0.23699 2.20546 1.78603

36.6904 0.366211 -0.76908 -0.23092 2.26534 1.70394
36.6882 0.373535 -0.76908 -0.23092 2.23513 1.74247

36.687 0.377284 -0.76301 -0.23699 2.22093 1.76486
36.6882 0.373535 -0.76301 -0.23699 2.23517 1.74247

36.6943 0.352337 -0.780899 -0.219101 2.31625 1.6201
36.6946 0.351562 -0.780899 -0.219101 2.32024 1.61535

36.6859 0.380859 -0.756745 -0.243255 2.20548 1.78603
36.6836 0.388184 -0.756745 -0.243255 2.17574 1.83158

36.6836 0.388184 -0.750284 -0.249716 2.17573 1.83158
36.6811 0.395508 -0.750284 -0.249716 2.1394 1.87591

36.6797 0.399641 -0.74396 -0.25604 2.11808 1.90401
36.6811 0.395508 -0.74396 -0.25604 2.13946 1.87591

36.6211 0.522269 -0.596923 -0.403077 0.974001 2.64739
36.6177 0.527344 -0.596923 -0.403077 0.897232 2.67454

36.5698 0.582086 -0.456555 -0.543445 -0.286628 2.68388
36.5652 0.585938 -0.456555 -0.543445 -0.399505 2.64058

36.5771 0.575401 -0.479872 -0.520128 -0.0991238 2.72217
36.5737 0.578613 -0.479872 -0.520128 -0.186988 2.70262

36.5698 0.58198 -0.470683 -0.529317 -0.2821 2.68286
36.5736 0.578613 -0.470683 -0.529317 -0.186717 2.70234

36.5845 0.568123 -0.503444 -0.496556 0.0927932 2.74352
36.5813 0.571289 -0.503444 -0.496556 0.0122463 2.73798

36.5918 0.56025 -0.524808 -0.475192 0.287861 2.7528
36.5884 0.563965 -0.524808 -0.475192 0.195415 2.75048

36.5845 0.568081 -0.513224 -0.486776 0.0941489 2.74347
36.5884 0.563965 -0.513224 -0.486776 0.19581 2.75032

36.5771 0.575319 -0.492325 -0.507675 -0.0964521 2.72221
36.5813 0.571289 -0.492325 -0.507675 0.0125539 2.73784

36.5991 0.551788 -0.542513 -0.457487 0.461518 2.74421
36.595 0.556641 -0.542513 -0.457487 0.359334 2.7549

36.6064 0.542706 -0.557441 -0.442559 0.643495 2.73436
36.6012 0.549316 -0.557441 -0.442559 0.506274 2.74411

36.5991 0.551787 -0.548456 -0.451544 0.461528 2.74421
36.6012 0.549316 -0.548456 -0.451544 0.506872 2.74369

36.6138 0.532864 -0.587897 -0.412103 0.833832 2.70243
36.6125 0.534668 -0.587897 -0.412103 0.804477 2.71462

36.6125 0.534668 -0.571937 -0.428063 0.804802 2.71463
36.607 0.541992 -0.571937 -0.428063 0.65935 2.73415

36.6138 0.532818 -0.584933 -0.415067 0.834995 2.70214
36.6177 0.527344 -0.584933 -0.415067 0.897335 2.67456

36.6064 0.542676 -0.56442 -0.43558 0.644425 2.73417
36.607 0.541992 -0.56442 -0.43558 0.659625 2.73395

36.5918 0.560245 -0.531785 -0.468215 0.288036 2.75275
36.595 0.556641 -0.531785 -0.468215 0.360225 2.75422

36.6504 0.470928 -0.668982 -0.331018 1.60942 2.33797
36.6478 0.476074 -0.668982 -0.331018 1.56625 2.37473

36.6478 0.476074 -0.660158 -0.339842 1.56623 2.37472
36.6441 0.483398 -0.660158 -0.339842 1.49316 2.41885

36.6431 0.485288 -0.650877 -0.349123 1.4738 2.43093
36.6402 0.490723 -0.650877 -0.349123 1.41528 2.47335

36.6402 0.490723 -0.641036 -0.358964 1.41525 2.47335
36.6361 0.498047 -0.641036 -0.358964 1.3125 2.50382

36.6431 0.485263 -0.650877 -0.349123 1.47421 2.43075
36.6441 0.483398 -0.650877 -0.349123 1.49326 2.41884

36.6284 0.510897 -0.620942 -0.379058 1.18143 2.60154
36.6273 0.512695 -0.620942 -0.379058 1.14886 2.61668

36.6357 0.49858 -0.630755 -0.369245 1.30407 2.50595
36.6318 0.505371 -0.630755 -0.369245 1.22576 2.55412

36.6284 0.510833 -0.620665 -0.379335 1.18309 2.60113
36.6318 0.505371 -0.620665 -0.379335 1.22594 2.5541

36.6273 0.512695 -0.609238 -0.390762 1.14905 2.61673
36.6226 0.52002 -0.609238 -0.390762 1.01227 2.64491

36.6211 0.522252 -0.600735 -0.399265 0.974407 2.64728
36.6226 0.52002 -0.600735 -0.399265 1.01261 2.64466

36.6357 0.498564 -0.634436 -0.365564 1.30442 2.50586
36.636 0.498047 -0.634436 -0.365564 1.31263 2.50378

36.6504 0.470907 -0.668982 -0.331018 1.60974 2.33783
36.6515 0.46875 -0.668982 -0.331018 1.62987 2.3249

36.5625 0.588159 -0.449623 -0.550377 -0.475471 2.61143
36.5652 0.585938 -0.449623 -0.550377 -0.399313 2.64025

