10.3125 0.220247 -0.817696 -0.182304 1e+30 1e+30
10.3094 0.234375 -0.817696 -0.182304 2.26364 1.03309

10.3093 0.234375 -0.806227 -0.193773 2.26366 1.0331
10.3058 0.249023 -0.806227 -0.193773 2.22164 1.10792

10.3052 0.251532 -0.798018 -0.201982 2.20949 1.12157
10.304 0.256348 -0.798018 -0.201982 2.19768 1.14413

10.304 0.256348 -0.792255 -0.207745 2.19765 1.14412
10.302 0.263672 -0.792255 -0.207745 2.18669 1.18078

10.3052 0.251526 -0.798018 -0.201982 2.20953 1.12154
10.3058 0.249023 -0.798018 -0.201982 2.2218 1.10796

10.2979 0.278757 -0.774023 -0.225977 2.13699 1.26372
10.2958 0.285645 -0.774023 -0.225977 2.11089 1.29927

10.2958 0.285645 -0.767867 -0.232133 2.11088 1.29927
10.2936 0.292969 -0.767867 -0.232133 2.09481 1.33682

10.302 0.263672 -0.785974 -0.214026 2.18669 1.18078
10.3 0.270996 -0.785974 -0.214026 2.17062 1.22107

10.3 0.270996 -0.779964 -0.220036 2.17062 1.22107
10.298 0.27832 -0.779964 -0.220036 2.13933 1.26137

10.2979 0.278744 -0.774023 -0.225977 2.13709 1.26366
10.298 0.27832 -0.774023 -0.225977 2.13935 1.26138

10.2832 0.324402 -0.736249 -0.263751 1.97682 1.49663
10.2813 0.32959 -0.736249 -0.263751 1.95512 1.52421

10.2813 0.32959 -0.729971 -0.270029 1.95512 1.52421
10.2786 0.336914 -0.729971 -0.270029 1.92615 1.56187

10.2759 0.344183 -0.723619 -0.276381 1.88605 1.59351
10.2759 0.344238 -0.723619 -0.276381 1.88566 1.59377

10.2758 0.344238 -0.71712 -0.28288 1.88582 1.59381
10.2729 0.351562 -0.71712 -0.28288 1.8465 1.63012

10.2759 0.344127 -0.723619 -0.276381 1.88662 1.5933
10.2786 0.336914 -0.723619 -0.276381 1.92615 1.56187

10.2905 0.302793 -0.755313 -0.244687 2.05762 1.38621
10.289 0.307617 -0.755313 -0.244687 2.04062 1.40948

10.2936 0.292969 -0.761583 -0.238417 2.0948 1.33682
10.2913 0.300293 -0.761583 -0.238417 2.06826 1.37296

10.2905 0.302773 -0.755313 -0.244687 2.05775 1.38612
10.2913 0.300293 -0.755313 -0.244687 2.06829 1.37298

10.289 0.307617 -0.748888 -0.251112 2.04062 1.40948
10.2865 0.314941 -0.748888 -0.251112 2.02003 1.44592

10.2865 0.314941 -0.742441 -0.257559 2.02004 1.44593
10.284 0.322266 -0.742441 -0.257559 1.98824 1.48451

10.2832 0.324381 -0.736249 -0.263751 1.977 1.49655
10.284 0.322266 -0.736249 -0.263751 1.98829 1.48454

10.2539 0.394615 -0.674531 -0.325469 1.61513 1.84356
10.2535 0.395508 -0.674531 -0.325469 1.60833 1.84835

10.2466 0.409113 -0.659481 -0.340519 1.52227 1.92961
10.246 0.410156 -0.659481 -0.340519 1.51059 1.93471

10.2535 0.395508 -0.667071 -0.332929 1.60856 1.84843
10.2498 0.402832 -0.667071 -0.332929 1.56442 1.8949

10.2466 0.409048 -0.659481 -0.340519 1.52331 1.92938
10.2498 0.402832 -0.659481 -0.340519 1.56447 1.8949

10.2246 0.447272 -0.607513 -0.392487 1.15803 2.11196
10.2202 0.454102 -0.607513 -0.392487 1.08007 2.13585

10.2173 0.458449 -0.598254 -0.401746 1.06765 2.16598
10.2153 0.461426 -0.598254 -0.401746 1.04104 2.19223

10.2153 0.461426 -0.588912 -0.411088 1.04116 2.19235
10.2102 0.46875 -0.588912 -0.411088 1e+30 1e+30

10.2173 0.458405 -0.598013 -0.401987 1.06829 2.16582
10.2202 0.454102 -0.598013 -0.401987 1.0803 2.13588

10.2393 0.422637 -0.643024 -0.356976 1.40789 1.98873
10.2381 0.424805 -0.643024 -0.356976 1.38553 1.99792

10.2319 0.435305 -0.626429 -0.373571 1.30824 2.05685
10.2295 0.439453 -0.626429 -0.373571 1.27094 2.0913

10.238 0.424805 -0.634695 -0.365305 1.38569 1.99795
10.2338 0.432129 -0.634695 -0.365305 1.32379 2.03527

10.2319 0.43527 -0.626429 -0.373571 1.30862 2.05666
10.2338 0.432129 -0.626429 -0.373571 1.32393 2.0353

10.246 0.410156 -0.651384 -0.348616 1.5108 1.93477
10.2421 0.41748 -0.651384 -0.348616 1.44301 1.96983

10.2393 0.422581 -0.643024 -0.356976 1.40874 1.98855
10.2421 0.41748 -0.643024 -0.356976 1.44311 1.96981

10.2295 0.439453 -0.617524 -0.382476 1.27093 2.09129
10.2249 0.446777 -0.617524 -0.382476 1.16731 2.11128

10.2246 0.447259 -0.61644 -0.38356 1.15832 2.11192
10.2249 0.446777 -0.61644 -0.38356 1.1674 2.11126

10.2686 0.362241 -0.703558 -0.296442 1.79761 1.6839
10.2669 0.366211 -0.703558 -0.296442 1.77618 1.70665

10.2612 0.379039 -0.689601 -0.310399 1.70782 1.7681
10.2604 0.380859 -0.689601 -0.310399 1.69474 1.77592

10.2669 0.366211 -0.696761 -0.303239 1.77621 1.70667
10.2637 0.373535 -0.696761 -0.303239 1.73649 1.74479

10.2612 0.378994 -0.689601 -0.310399 1.70832 1.76794
10.2637 0.373535 -0.689601 -0.310399 1.73653 1.74479

10.273 0.351562 -0.710282 -0.289718 1.84649 1.63011
10.27 0.358887 -0.710282 -0.289718 1.81281 1.66413

10.2686 0.362212 -0.703558 -0.296442 1.79784 1.68377
10.27 0.358887 -0.703558 -0.296442 1.81288 1.66415

10.2604 0.380859 -0.682078 -0.317922 1.69485 1.77594
10.257 0.388184 -0.682078 -0.317922 1.65031 1.81081

10.2539 0.394553 -0.674531 -0.325469 1.61588 1.84332
10.257 0.388184 -0.674531 -0.325469 1.65036 1.81081

9.84375 0.53637 0.438118 -0.561882 0.327758 -1.73472
9.85096 0.541992 0.438118 -0.561882 0.218801 -1.73539

9.85086 0.541992 0.430861 -0.569139 0.219347 -1.73455
9.85107 0.542154 0.430861 -0.569139 0.216262 -1.73492

9.85107 0.542083 0.423476 -0.576524 0.217099 -1.73554
9.8584 0.547463 0.423476 -0.576524 0.099804 -1.73414

9.8584 0.547429 0.4078 -0.5922 0.10032 -1.73453
9.86114 0.549316 0.4078 -0.5922 0.0545915 -1.72459

9.86107 0.549316 0.409124 -0.590876 0.0550397 -1.72429
9.86572 0.552538 0.409124 -0.590876 -0.0305072 -1.6983

9.86572 0.552516 0.39482 -0.60518 -0.0301133 -1.69848
9.87204 0.556641 0.39482 -0.60518 -0.131598 -1.66097

9.87191 0.556641 0.385857 -0.614143 -0.130945 -1.66072
9.87305 0.557355 0.385857 -0.614143 -0.147122 -1.65686

9.87305 0.557306 0.379211 -0.620789 -0.146395 -1.65727
9.88037 0.56178 0.379211 -0.620789 -0.261751 -1.6216

9.88037 0.56175 0.363282 -0.636718 -0.261273 -1.62191
9.88425 0.563965 0.363282 -0.636718 -0.320294 -1.5935

9.88416 0.563965 0.363282 -0.636718 -0.319828 -1.59353
9.8877 0.56598 0.363282 -0.636718 -0.371467 -1.57777

9.8877 0.565957 0.346806 -0.653194 -0.37108 -1.57794
9.89502 0.569845 0.346806 -0.653194 -0.481204 -1.54169

9.89502 0.569822 0.329543 -0.670457 -0.480729 -1.54191
9.898 0.571289 0.329543 -0.670457 -0.527557 -1.52573

9.89794 0.571289 0.329543 -0.670457 -0.527175 -1.52578
9.90234 0.573454 0.329543 -0.670457 -0.607697 -1.47922

9.90234 0.573442 0.311753 -0.688247 -0.607399 -1.47931
9.90967 0.57676 0.311753 -0.688247 -0.729189 -1.38526

9.90967 0.576741 0.293549 -0.706451 -0.728822 -1.38543
9.91417 0.578613 0.293549 -0.706451 -0.788681 -1.33274

9.91409 0.578613 0.293549 -0.706451 -0.78826 -1.33324
9.91699 0.57982 0.293549 -0.706451 -0.827917 -1.31037

9.91699 0.579801 0.274723 -0.725277 -0.8275 -1.31047
9.92432 0.582575 0.274723 -0.725277 -0.930639 -1.22701

9.92432 0.582575 0.254485 -0.745515 -0.930641 -1.22701
9.93164 0.585075 0.254485 -0.745515 -1.02303 -1.12964

9.93164 0.585064 0.233451 -0.766549 -1.02277 -1.12971
9.93451 0.585938 0.233451 -0.766549 -1.0578 -1.10274

9.93446 0.585938 0.233451 -0.766549 -1.05756 -1.10308
9.93896 0.587309 0.233451 -0.766549 -1.11822 -1.05341

9.93896 0.587304 0.21149 -0.78851 -1.11809 -1.05343
9.94629 0.589269 0.21149 -0.78851 -1.22092 -0.952445

9.94629 0.589267 0.188426 -0.811574 -1.22087 -0.952451
9.95361 0.590967 0.188426 -0.811574 -1.30295 -0.812584

9.95361 0.590967 0.164444 -0.835556 -1.30293 -0.812591
9.96094 0.592408 0.164444 -0.835556 1e+30 1e+30

