32.7807 0 0.995763 -0.0042374 2.69571 0
32.7807 0.00732422 0.995763 -0.0042374 2.70256 0.0027443

32.7807 0.00732422 0.987424 -0.0125762 2.70256 0.00274414
32.7808 0.0146484 0.987424 -0.0125762 2.71951 0.00125909

32.7808 0.0146484 0.979696 -0.0203037 2.71951 0.00125494
32.781 0.0219727 0.979696 -0.0203037 2.73719 -0.00574025

32.781 0.0219727 0.973408 -0.026592 2.7372 -0.0057492
32.7812 0.0292969 0.973408 -0.026592 2.74716 -0.0181762

32.7811 0.0292969 0.961715 -0.0382846 2.74712 -0.0181337
32.7817 0.0439453 0.961715 -0.0382846 2.75826 -0.0326114

32.7817 0.0439453 0.945843 -0.0541574 2.75826 -0.03261
32.7826 0.0585938 0.945843 -0.0541574 2.76373 -0.0497408

32.7826 0.0585938 0.93412 -0.0658797 2.76374 -0.0497526
32.7831 0.065918 0.93412 -0.0658797 2.76188 -0.0590011

32.7831 0.065918 0.927592 -0.0724079 2.76187 -0.0589996
32.7832 0.067479 0.927592 -0.0724079 2.76233 -0.0576893

32.7832 0.0671529 0.931143 -0.068857 2.76233 -0.0574
32.7837 0.0732422 0.931143 -0.068857 2.76319 -0.066306

32.7837 0.0732422 0.921117 -0.0788833 2.7632 -0.0663103
32.7843 0.0805664 0.921117 -0.0788833 2.7641 -0.0746843

32.7843 0.0805664 0.913835 -0.0861653 2.76411 -0.0746906
32.785 0.0878906 0.913835 -0.0861653 2.75952 -0.0803466

32.785 0.0878906 0.907314 -0.0926855 2.75952 -0.0803471
32.7857 0.0952148 0.907314 -0.0926855 2.75939 -0.0826224

32.7857 0.0952148 0.901212 -0.0987879 2.7594 -0.0826246
32.7865 0.102539 0.901212 -0.0987879 2.75978 -0.0848223

32.7865 0.102539 0.891196 -0.108804 2.75976 -0.0847964
32.7883 0.117188 0.891196 -0.108804 2.75475 -0.0919048

32.7883 0.117188 0.878051 -0.121949 2.75475 -0.0919059
32.7903 0.131836 0.878051 -0.121949 2.7487 -0.0968744

32.7903 0.131836 0.86567 -0.13433 2.7487 -0.0968774
32.7926 0.146484 0.86567 -0.13433 2.74277 -0.100878

32.7926 0.146484 0.853605 -0.146395 2.74277 -0.100876
32.7951 0.161133 0.853605 -0.146395 2.73843 -0.103694

32.7951 0.161133 0.844484 -0.155516 2.73844 -0.10371
32.7965 0.168457 0.844484 -0.155516 2.74172 -0.107172

32.7965 0.168457 0.838132 -0.161868 2.74172 -0.107173
32.7979 0.175551 0.838132 -0.161868 2.75042 -0.115562

32.7979 0.175637 0.841316 -0.158684 2.75052 -0.115635
32.7979 0.175781 0.841316 -0.158684 2.76027 -0.11292

32.7979 0.175781 0.832243 -0.167757 2.76036 -0.112935
32.7994 0.183105 0.832243 -0.167757 2.7656 -0.127993

32.7994 0.183105 0.826123 -0.173877 2.76559 -0.127988
32.8009 0.19043 0.826123 -0.173877 2.73403 -0.140568

32.8009 0.19043 0.820216 -0.179784 2.73403 -0.140578
32.8025 0.197754 0.820216 -0.179784 2.72383 -0.135889

32.8025 0.197754 0.815094 -0.184906 2.72383 -0.135889
32.8042 0.205078 0.815094 -0.184906 2.72514 -0.139613

32.8042 0.205078 0.806294 -0.193706 2.72512 -0.139589
32.8077 0.219727 0.806294 -0.193706 2.71944 -0.148571

32.8077 0.219727 0.797596 -0.202404 2.71946 -0.148597
32.8096 0.227051 0.797596 -0.202404 2.71557 -0.150399

32.8096 0.227051 0.792306 -0.207694 2.71557 -0.1504
32.8115 0.234375 0.792306 -0.207694 2.71661 -0.155137

32.8115 0.234375 0.786936 -0.213064 2.71661 -0.155132
32.8125 0.238155 0.786936 -0.213064 2.71786 -0.158447

32.8125 0.238151 0.786936 -0.213064 2.71786 -0.158447
32.8135 0.241699 0.786936 -0.213064 2.7166 -0.160424

32.8135 0.241699 0.781017 -0.218983 2.71659 -0.160419
32.8155 0.249023 0.781017 -0.218983 2.71398 -0.164633

32.8155 0.249023 0.774979 -0.225021 2.71398 -0.164633
32.8176 0.256348 0.774979 -0.225021 2.71221 -0.173897

32.8176 0.256348 0.76938 -0.23062 2.71222 -0.173902
32.8198 0.263632 0.76938 -0.23062 2.70623 -0.186446

32.8198 0.263632 0.76938 -0.23062 2.70623 -0.186446
32.8198 0.263672 0.76938 -0.23062 2.70618 -0.186522

32.8198 0.263672 0.764279 -0.235721 2.70618 -0.186524
32.8221 0.270996 0.764279 -0.235721 2.69939 -0.199656

32.8221 0.270996 0.758886 -0.241114 2.69938 -0.199649
32.8244 0.27832 0.758886 -0.241114 2.69421 -0.216805

32.8244 0.27832 0.753073 -0.246927 2.69421 -0.216805
32.8268 0.285645 0.753073 -0.246927 2.68627 -0.235881

32.8268 0.285645 0.747434 -0.252566 2.68626 -0.235868
32.8271 0.286624 0.747434 -0.252566 2.68461 -0.238298

32.8271 0.286609 0.747434 -0.252566 2.68464 -0.238278
32.8293 0.292969 0.747434 -0.252566 2.67704 -0.251618

32.8293 0.292969 0.741895 -0.258105 2.67703 -0.251615
32.8318 0.300293 0.741895 -0.258105 2.66999 -0.262977

32.8318 0.300293 0.736559 -0.263441 2.67 -0.26298
32.8345 0.307617 0.736559 -0.263441 2.65744 -0.271539

32.8345 0.307617 0.731414 -0.268586 2.65744 -0.271526
32.8345 0.307655 0.731414 -0.268586 2.65736 -0.271562

32.8345 0.307638 0.731414 -0.268586 2.6574 -0.271558
32.8372 0.314941 0.731414 -0.268586 2.6522 -0.281377

32.8372 0.314941 0.725987 -0.274013 2.65219 -0.281374
32.8399 0.322266 0.725987 -0.274013 2.65504 -0.311121

32.8399 0.322266 0.720468 -0.279532 2.65504 -0.311116
32.8418 0.327113 0.720468 -0.279532 2.64951 -0.33293

32.8418 0.327102 0.720468 -0.279532 2.64956 -0.332913
32.8428 0.32959 0.720468 -0.279532 2.64223 -0.342047

32.8428 0.32959 0.715171 -0.284829 2.64223 -0.342033
32.8457 0.336914 0.715171 -0.284829 2.63005 -0.363362

32.8457 0.336914 0.709924 -0.290076 2.63005 -0.36336
32.8487 0.344238 0.709924 -0.290076 2.6096 -0.380673

32.8487 0.344238 0.704638 -0.295362 2.60959 -0.380641
32.8491 0.34534 0.704638 -0.295362 2.60528 -0.382584

32.8491 0.345315 0.704638 -0.295362 2.60539 -0.382574
32.8517 0.351562 0.704638 -0.295362 2.59159 -0.395728

32.8517 0.351562 0.699029 -0.300971 2.59157 -0.395719
32.8549 0.358887 0.699029 -0.300971 2.57807 -0.428708

32.8549 0.358887 0.693364 -0.306636 2.57807 -0.428685
32.8564 0.362412 0.693364 -0.306636 2.56685 -0.444506

32.8564 0.362392 0.693364 -0.306636 2.56693 -0.444477
32.8581 0.366211 0.693364 -0.306636 2.55781 -0.457349

32.8581 0.366211 0.687831 -0.312169 2.55779 -0.457321
32.8615 0.373535 0.687831 -0.312169 2.54374 -0.485035

32.8615 0.373535 0.68252 -0.31748 2.54374 -0.485034
32.8638 0.378516 0.68252 -0.31748 2.52657 -0.505119

32.8638 0.3785 0.68252 -0.31748 2.52666 -0.505102
32.8649 0.380859 0.68252 -0.31748 2.51512 -0.513055

32.8649 0.380859 0.677188 -0.322812 2.5151 -0.513015
32.8684 0.388184 0.677188 -0.322812 2.49793 -0.544994

32.8683 0.388184 0.671454 -0.328546 2.49793 -0.544968
32.8711 0.393795 0.671454 -0.328546 2.48193 -0.579643

32.8711 0.393782 0.671454 -0.328546 2.48201 -0.579632
32.8719 0.395508 0.671454 -0.328546 2.47394 -0.587552

32.8719 0.395508 0.6655 -0.3345 2.47392 -0.587501
32.8756 0.402832 0.6655 -0.3345 2.45427 -0.623708

32.8756 0.402832 0.659622 -0.340378 2.45427 -0.623696
32.8784 0.40827 0.659622 -0.340378 2.42968 -0.65757

32.8784 0.408251 0.659622 -0.340378 2.42985 -0.65756
32.8794 0.410156 0.659622 -0.340378 2.41495 -0.665941

32.8794 0.410156 0.653913 -0.346087 2.41494 -0.665881
32.8833 0.41748 0.653913 -0.346087 2.37886 -0.697061

32.8833 0.41748 0.648386 -0.351614 2.37885 -0.697032
32.8857 0.422046 0.648386 -0.351614 2.35925 -0.720907

32.8857 0.422023 0.648386 -0.351614 2.35938 -0.720877
32.8873 0.424805 0.648386 -0.351614 2.34772 -0.73415

32.8872 0.424805 0.642428 -0.357572 2.34767 -0.734061
32.8913 0.432129 0.642428 -0.357572 2.32002 -0.783256

32.8913 0.432129 0.636252 -0.363748 2.32 -0.783114
32.8931 0.435215 0.636252 -0.363748 2.30354 -0.808665

32.8931 0.435171 0.636252 -0.363748 2.30382 -0.808617
32.8955 0.439453 0.636252 -0.363748 2.29027 -0.840365

32.8955 0.439453 0.630018 -0.369982 2.29019 -0.84023
32.8998 0.446777 0.630018 -0.369982 2.23448 -0.892473

32.8998 0.446777 0.627044 -0.372956 2.23445 -0.892173
32.9004 0.447823 0.627044 -0.372956 2.22185 -0.898169

32.9004 0.447739 0.623823 -0.376177 2.22289 -0.898169
32.9042 0.454102 0.623823 -0.376177 2.18888 -0.936664

32.9042 0.454102 0.617726 -0.382274 2.18886 -0.936438
32.9077 0.45976 0.617726 -0.382274 2.15477 -0.994951

32.9077 0.459732 0.618884 -0.381116 2.15511 -0.99493
32.9088 0.461426 0.618884 -0.381116 2.13767 -1.00784

32.9087 0.461426 0.61053 -0.38947 2.13763 -1.00765
32.9134 0.46875 0.61053 -0.38947 1e+30 1e+30

