5.28809 0.277209 -0.674981 -0.325019 1.25195 1.03232
5.28755 0.27832 -0.674981 -0.325019 1.24724 1.0365

5.28076 0.291717 -0.659481 -0.340519 1.20114 1.08647
5.28012 0.292969 -0.659481 -0.340519 1.19402 1.09006

5.28753 0.27832 -0.667247 -0.332753 1.24739 1.03659
5.28387 0.285645 -0.667247 -0.332753 1.22198 1.06763

5.28076 0.291665 -0.659481 -0.340519 1.2016 1.08635
5.28387 0.285645 -0.659481 -0.340519 1.222 1.06763

5.29446 0.263672 -0.682809 -0.317191 1.29917 0.987169
5.29105 0.270996 -0.682809 -0.317191 1.27064 1.00974

5.28809 0.277148 -0.674981 -0.325019 1.25239 1.03219
5.29105 0.270996 -0.674981 -0.325019 1.27068 1.00975

5.30685 0.234375 -0.714294 -0.285706 1.39847 0.889591
5.30393 0.241699 -0.714294 -0.285706 1.38048 0.916028

5.30273 0.244553 -0.706701 -0.293299 1.37157 0.928405
5.30392 0.241699 -0.706701 -0.293299 1.38052 0.916047

5.2801 0.292969 -0.651429 -0.348571 1.19414 1.09008
5.27618 0.300293 -0.651429 -0.348571 1.15564 1.11014

5.27344 0.305213 -0.643086 -0.356914 1.13554 1.12207
5.27617 0.300293 -0.643086 -0.356914 1.15571 1.11013

