24.7852 0.608309 0.313351 -0.686649 -0.787441 -1.70712
24.7925 0.611651 0.313351 -0.686649 -0.952239 -1.61712

24.7925 0.611647 0.290784 -0.709216 -0.952115 -1.61719
24.7998 0.61465 0.290784 -0.709216 -1.10483 -1.49298

24.7998 0.614638 0.267669 -0.732331 -1.10448 -1.4931
24.8014 0.615234 0.267669 -0.732331 -1.13572 -1.47997

24.8014 0.615234 0.267669 -0.732331 -1.13543 -1.48012
24.8071 0.617327 0.267669 -0.732331 -1.25872 -1.39214

24.8071 0.61733 0.242529 -0.757471 -1.2588 -1.39213
24.8145 0.619675 0.242529 -0.757471 -1.40838 -1.227

24.8145 0.619672 0.215104 -0.784896 -1.40831 -1.22703
24.8218 0.62168 0.215104 -0.784896 -1.52991 -1.07433

24.8218 0.621671 0.186553 -0.813447 -1.52964 -1.07442
24.8256 0.622559 0.186553 -0.813447 -1.59454 -1.00921

24.8256 0.622559 0.186553 -0.813447 -1.59406 -1.00999
24.8291 0.623362 0.186553 -0.813447 -1.65934 -0.947365

24.8291 0.623359 0.155991 -0.844009 -1.6592 -0.947398
24.8364 0.624712 0.155991 -0.844009 -1.79279 -0.788946

24.8364 0.624711 0.122852 -0.877148 -1.79272 -0.788954
24.8438 0.625737 0.122852 -0.877148 -1.91325 -0.584321

25.0781 0.432683 -0.705956 -0.294044 1.88676 2.1003
25.0753 0.439453 -0.705956 -0.294044 1.84231 2.14685

25.0635 0.46549 -0.673551 -0.326449 1.63836 2.31184
25.0619 0.46875 -0.673551 -0.326449 1.60284 2.33322

25.0708 0.449772 -0.690117 -0.309883 1.76564 2.20785
25.0689 0.454102 -0.690117 -0.309883 1.72959 2.23593

25.0753 0.439453 -0.698121 -0.301879 1.84228 2.14685
25.0721 0.446777 -0.698121 -0.301879 1.78769 2.18947

25.0708 0.449743 -0.690117 -0.309883 1.766 2.20766
25.0721 0.446777 -0.690117 -0.309883 1.78778 2.18946

25.0689 0.454102 -0.681872 -0.318128 1.72961 2.23593
25.0654 0.461426 -0.681872 -0.318128 1.66707 2.28412

25.0635 0.465453 -0.673551 -0.326449 1.639 2.31162
25.0654 0.461426 -0.673551 -0.326449 1.66719 2.28411

25.1492 0 -0.995514 -0.00448598 2.7666 0
25.1492 0.0146484 -0.995514 -0.00448598 2.76504 0.0548838

25.1492 0.0146484 -0.986436 -0.0135645 2.76503 0.0548843
25.149 0.0292969 -0.986436 -0.0135645 2.76057 0.109539

25.149 0.0292969 -0.977098 -0.0229019 2.76056 0.109539
25.1486 0.0439453 -0.977098 -0.0229019 2.75077 0.164132

25.1486 0.0439453 -0.968108 -0.0318917 2.75079 0.16413
25.1482 0.0585938 -0.968108 -0.0318917 2.74436 0.220546

25.1481 0.0585938 -0.959855 -0.0401451 2.74438 0.220545
25.1475 0.0732422 -0.959855 -0.0401451 2.742 0.278344

25.1475 0.0732422 -0.95214 -0.0478598 2.74201 0.278344
25.1468 0.0878906 -0.95214 -0.0478598 2.73335 0.335782

25.1468 0.0878906 -0.939171 -0.0608287 2.73299 0.335801
25.1449 0.117188 -0.939171 -0.0608287 2.72288 0.457897

25.1367 0.197108 -0.88556 -0.11444 2.65065 0.814433
25.1366 0.197754 -0.88556 -0.11444 2.64948 0.817505

25.1366 0.197754 -0.881518 -0.118482 2.64952 0.817505
25.1356 0.205078 -0.881518 -0.118482 2.63594 0.852634

25.1356 0.205078 -0.876843 -0.123157 2.63596 0.852634
25.1346 0.212402 -0.876843 -0.123157 2.62832 0.886578

25.1346 0.212402 -0.872395 -0.127605 2.62831 0.886577
25.1335 0.219727 -0.872395 -0.127605 2.62039 0.92138

25.1335 0.219727 -0.867807 -0.132193 2.62039 0.921381
25.1324 0.227051 -0.867807 -0.132193 2.60781 0.955258

25.1324 0.227051 -0.863361 -0.136639 2.60781 0.955258
25.1313 0.234375 -0.863361 -0.136639 2.59223 0.986158

25.1449 0.117188 -0.926319 -0.073681 2.72318 0.457892
25.1437 0.131836 -0.926319 -0.073681 2.71677 0.522857

25.1437 0.131836 -0.917821 -0.0821788 2.71676 0.522857
25.1424 0.146484 -0.917821 -0.0821788 2.70192 0.586339

25.1424 0.146484 -0.909257 -0.0907429 2.70192 0.58634
25.141 0.161133 -0.909257 -0.0907429 2.68926 0.64961

25.141 0.161133 -0.900726 -0.0992744 2.68926 0.64961
25.1394 0.175781 -0.900726 -0.0992744 2.67517 0.715419

25.1394 0.175781 -0.891997 -0.108003 2.67514 0.71542
25.1376 0.19043 -0.891997 -0.108003 2.65774 0.783385

25.1367 0.196961 -0.883333 -0.116667 2.65098 0.813748
25.1376 0.19043 -0.883333 -0.116667 2.65781 0.783384

25.1294 0.245646 -0.853945 -0.146055 2.58062 1.03943
25.1288 0.249023 -0.853945 -0.146055 2.5768 1.05602

25.1313 0.234375 -0.858799 -0.141201 2.59223 0.986159
25.1301 0.241699 -0.858799 -0.141201 2.58285 1.01983

25.1294 0.245633 -0.853945 -0.146055 2.58066 1.03937
25.1301 0.241699 -0.853945 -0.146055 2.58285 1.01983

25.1288 0.249023 -0.84925 -0.15075 2.57682 1.05603
25.1275 0.256348 -0.84925 -0.15075 2.56684 1.09305

25.1275 0.256348 -0.844701 -0.155299 2.56683 1.09305
25.1262 0.263672 -0.844701 -0.155299 2.55084 1.13051

25.1221 0.284521 -0.830438 -0.169562 2.49923 1.23826
25.1218 0.285645 -0.830438 -0.169562 2.4973 1.24467

25.1218 0.285645 -0.82524 -0.17476 2.49733 1.24467
25.1203 0.292969 -0.82524 -0.17476 2.48623 1.288

25.1262 0.263672 -0.840089 -0.159911 2.55084 1.13051
25.1248 0.270996 -0.840089 -0.159911 2.53023 1.16647

25.1248 0.270996 -0.835382 -0.164618 2.53022 1.16647
25.1233 0.27832 -0.835382 -0.164618 2.51184 1.20391

25.1221 0.284498 -0.830438 -0.169562 2.49931 1.23814
25.1233 0.27832 -0.830438 -0.169562 2.51184 1.20391

25.1074 0.345693 -0.78334 -0.21666 2.3225 1.58863
25.1058 0.351562 -0.78334 -0.21666 2.29719 1.62273

25.1203 0.292969 -0.819993 -0.180007 2.48623 1.288
25.1187 0.300293 -0.819993 -0.180007 2.47229 1.33306

25.1187 0.300293 -0.814927 -0.185073 2.47229 1.33306
25.117 0.307617 -0.814927 -0.185073 2.44957 1.37365

25.1147 0.317219 -0.804881 -0.195119 2.41568 1.42665
25.1135 0.322266 -0.804881 -0.195119 2.40057 1.45447

25.117 0.307617 -0.809936 -0.190064 2.44957 1.37365
25.1153 0.314941 -0.809936 -0.190064 2.42319 1.41355

25.1147 0.317204 -0.804881 -0.195119 2.41577 1.42656
25.1153 0.314941 -0.804881 -0.195119 2.42321 1.41355

25.1135 0.322266 -0.799528 -0.200472 2.40056 1.45447
25.1117 0.32959 -0.799528 -0.200472 2.38318 1.49564

25.1117 0.32959 -0.793985 -0.206015 2.38318 1.49564
25.1098 0.336914 -0.793985 -0.206015 2.36258 1.53728

25.1098 0.336914 -0.78864 -0.21136 2.36259 1.53728
25.1078 0.344238 -0.78864 -0.21136 2.32962 1.57966

25.1074 0.345677 -0.78334 -0.21666 2.32262 1.58853
25.1078 0.344238 -0.78334 -0.21666 2.32965 1.57967

25.1058 0.351562 -0.777735 -0.222265 2.29719 1.62273
25.1037 0.358887 -0.777735 -0.222265 2.27016 1.665

25.1037 0.358887 -0.771851 -0.228149 2.27016 1.665
25.1015 0.366211 -0.771851 -0.228149 2.24223 1.70345

25.1001 0.370956 -0.765901 -0.234099 2.22371 1.73225
25.0993 0.373535 -0.765901 -0.234099 2.21131 1.74746

25.0993 0.373535 -0.759714 -0.240286 2.21135 1.74747
25.097 0.380859 -0.759714 -0.240286 2.18118 1.79275

25.1001 0.370926 -0.765901 -0.234099 2.22396 1.73209
25.1015 0.366211 -0.765901 -0.234099 2.24226 1.70345

25.0928 0.39357 -0.746915 -0.253085 2.12409 1.86835
25.0921 0.395508 -0.746915 -0.253085 2.11257 1.88032

25.0921 0.395508 -0.740536 -0.259464 2.11266 1.88033
25.0895 0.402832 -0.740536 -0.259464 2.0739 1.92773

25.0895 0.402832 -0.733885 -0.266115 2.07389 1.92772
25.0869 0.410156 -0.733885 -0.266115 2.0326 1.96701

25.097 0.380859 -0.75325 -0.24675 2.18117 1.79275
25.0946 0.388184 -0.75325 -0.24675 2.14977 1.83505

25.0928 0.393532 -0.746915 -0.253085 2.12446 1.86814
25.0946 0.388184 -0.746915 -0.253085 2.14981 1.83506

25.0854 0.414007 -0.727175 -0.272825 2.01172 1.99041
25.0841 0.41748 -0.727175 -0.272825 1.98752 2.0101

25.0841 0.41748 -0.720261 -0.279739 1.98756 2.0101
25.0813 0.424805 -0.720261 -0.279739 1.94168 2.05652

25.0854 0.413978 -0.727175 -0.272825 2.01206 1.99025
25.0869 0.410156 -0.727175 -0.272825 2.03266 1.96701

25.0813 0.424805 -0.71322 -0.28678 1.94168 2.05652
25.0784 0.432129 -0.71322 -0.28678 1.89115 2.09681

25.0781 0.432674 -0.705956 -0.294044 1.88687 2.10024
25.0784 0.432129 -0.705956 -0.294044 1.89116 2.09681

24.8438 0.625736 0.0873994 -0.912601 -1.91322 -0.584324
24.8511 0.626438 0.0873994 -0.912601 -1.99424 -0.360047

24.8511 0.626438 0.0489583 -0.951042 -1.99425 -0.360043
24.8584 0.626815 0.0489583 -0.951042 -2.0326 -0.133939

24.8584 0.626817 0.00650806 -0.993492 -2.03262 -0.13393
24.8657 0.626865 0.00650806 -0.993492 -2.0545 0.0816998

24.8657 0.626867 -0.0379828 -0.962017 -2.05453 0.081705
24.873 0.626578 -0.0379828 -0.962017 -2.06626 0.293243

24.873 0.626579 -0.0795153 -0.920485 -2.06628 0.293244
24.8804 0.625947 -0.0795153 -0.920485 -2.06139 0.513096

24.8804 0.625947 -0.117909 -0.882091 -2.06141 0.513098
24.8877 0.624968 -0.117909 -0.882091 -2.0191 0.742379

24.8877 0.624967 -0.153114 -0.846886 -2.01905 0.742375
24.895 0.623643 -0.153114 -0.846886 -1.96085 0.959135

24.9023 0.621976 -0.185177 -0.814823 -1.89143 1.16239
24.8998 0.622559 -0.185177 -0.814823 -1.92094 1.09453

24.895 0.623642 -0.185177 -0.814823 -1.96081 0.959135
24.8998 0.622559 -0.185177 -0.814823 -1.92091 1.09472

24.9243 0.614863 -0.274 -0.726 -1.56696 1.72409
24.9233 0.615234 -0.274 -0.726 -1.58066 1.70956

24.9243 0.614832 -0.301485 -0.698515 -1.56577 1.72417
24.9316 0.61167 -0.301485 -0.698515 -1.46542 1.91401

24.9023 0.621983 -0.215739 -0.784261 -1.89169 1.16234
24.9097 0.619968 -0.215739 -0.784261 -1.80821 1.38951

24.9097 0.619973 -0.245741 -0.754259 -1.80834 1.38946
24.917 0.617586 -0.245741 -0.754259 -1.69041 1.59241

24.917 0.617578 -0.274 -0.726 -1.69 1.59239
24.9232 0.615234 -0.274 -0.726 -1.58059 1.70779

24.9316 0.611662 -0.327176 -0.672824 -1.46517 1.91411
24.939 0.6081 -0.327176 -0.672824 -1.29251 2.05059

24.9463 0.604147 -0.351101 -0.648899 -1.16644 2.21594
24.9393 0.60791 -0.351101 -0.648899 -1.28578 2.05425

24.939 0.608099 -0.349333 -0.650667 -1.29244 2.05058
24.9393 0.60791 -0.349333 -0.650667 -1.2857 2.05404

24.9536 0.599854 -0.373725 -0.626275 -0.93829 2.36477
24.9524 0.600586 -0.373725 -0.626275 -0.969493 2.34962

24.9536 0.599788 -0.396469 -0.603531 -0.935249 2.36496
24.9609 0.594976 -0.396469 -0.603531 -0.785 2.4328

24.9463 0.604123 -0.373846 -0.626154 -1.16495 2.21585
24.9522 0.600586 -0.373846 -0.626154 -0.969133 2.34778

24.9756 0.584011 -0.440922 -0.559078 -0.430803 2.60051
24.9731 0.585938 -0.440922 -0.559078 -0.490024 2.57473

24.9902 0.57099 -0.489699 -0.510301 -0.060946 2.69553
24.9899 0.571289 -0.489699 -0.510301 -0.069109 2.69372

24.9829 0.577765 -0.467925 -0.532075 -0.244605 2.65392
24.9819 0.578613 -0.467925 -0.532075 -0.268952 2.6475

24.9756 0.583924 -0.460923 -0.539077 -0.427545 2.60061
24.9818 0.578613 -0.460923 -0.539077 -0.267806 2.64611

24.9829 0.577677 -0.480738 -0.519262 -0.241332 2.65364
24.9898 0.571289 -0.480738 -0.519262 -0.0681301 2.69263

25.0049 0.555697 -0.528569 -0.471431 0.318227 2.72031
25.004 0.556641 -0.528569 -0.471431 0.296542 2.7197

25.0195 0.537889 -0.564605 -0.435395 0.676484 2.69253
25.0164 0.541992 -0.564605 -0.435395 0.600677 2.71158

25.0122 0.547109 -0.548598 -0.451402 0.510365 2.71771
25.0104 0.549316 -0.548598 -0.451402 0.461121 2.72281

25.0049 0.555621 -0.534444 -0.465556 0.320698 2.71989
25.0104 0.549316 -0.534444 -0.465556 0.461287 2.72277

25.0122 0.54706 -0.55108 -0.44892 0.511869 2.71748
25.0163 0.541992 -0.55108 -0.44892 0.600946 2.71159

24.9976 0.563652 -0.509196 -0.490804 0.130803 2.71912
24.9973 0.563965 -0.509196 -0.490804 0.122988 2.71926

24.9902 0.57089 -0.499316 -0.500684 -0.0573133 2.69512
24.9972 0.563965 -0.499316 -0.500684 0.1238 2.71883

24.9976 0.56355 -0.517186 -0.482814 0.134342 2.71853
25.004 0.556641 -0.517186 -0.482814 0.296879 2.71948

25.0488 0.493387 -0.636328 -0.363672 1.34004 2.47513
25.0462 0.498047 -0.636328 -0.363672 1.29185 2.51844

25.0342 0.517318 -0.603273 -0.396727 1.02797 2.61439
25.0324 0.52002 -0.603273 -0.396727 0.991181 2.63789

25.0324 0.52002 -0.591535 -0.408465 0.991292 2.63792
25.0273 0.527344 -0.591535 -0.408465 0.860558 2.66327

25.0415 0.505851 -0.614513 -0.385487 1.16393 2.54989
25.0372 0.512695 -0.614513 -0.385487 1.06268 2.58456

25.0462 0.498047 -0.626159 -0.373841 1.29181 2.51842
25.0418 0.505371 -0.626159 -0.373841 1.17401 2.54843

25.0415 0.505831 -0.623079 -0.376921 1.16448 2.54977
25.0418 0.505371 -0.623079 -0.376921 1.17414 2.54836

25.0342 0.517272 -0.603056 -0.396944 1.02895 2.6141
25.0372 0.512695 -0.603056 -0.396944 1.06297 2.5845

25.0562 0.479999 -0.655678 -0.344322 1.48817 2.39587
25.0544 0.483398 -0.655678 -0.344322 1.44474 2.41406

25.0619 0.46875 -0.664894 -0.335106 1.6029 2.33323
25.0582 0.476074 -0.664894 -0.335106 1.52316 2.37604

25.0562 0.479958 -0.655678 -0.344322 1.48893 2.39565
25.0582 0.476074 -0.655678 -0.344322 1.52328 2.376

25.0544 0.483398 -0.646023 -0.353977 1.44481 2.41406
25.0503 0.490723 -0.646023 -0.353977 1.36095 2.45653

25.0488 0.493361 -0.636328 -0.363672 1.34045 2.47492
25.0503 0.490723 -0.636328 -0.363672 1.36111 2.45651

25.0269 0.528025 -0.578209 -0.421791 0.845843 2.66412
25.022 0.534668 -0.578209 -0.421791 0.722832 2.68436

25.0195 0.537889 -0.570169 -0.429831 0.676479 2.69253
25.022 0.534668 -0.570169 -0.429831 0.723559 2.68395

25.0269 0.527995 -0.585746 -0.414254 0.846727 2.66393
25.0273 0.527344 -0.585746 -0.414254 0.860778 2.66312

24.9683 0.589705 -0.418886 -0.581114 -0.633353 2.51865
24.9633 0.593262 -0.418886 -0.581114 -0.735031 2.44579

24.9609 0.59492 -0.411387 -0.588613 -0.782637 2.43239
24.9633 0.593262 -0.411387 -0.588613 -0.734876 2.44562

24.9683 0.589657 -0.439092 -0.560908 -0.63184 2.51888
24.973 0.585938 -0.439092 -0.560908 -0.489351 2.57348

