39.1399 0.46875 0.61571 -0.38429 2.08892 -1.0799
39.1406 0.469988 0.61571 -0.38429 2.07351 -1.08974

39.1406 0.469895 0.610095 -0.389905 2.07471 -1.08979
39.1446 0.476074 0.610095 -0.389905 2.03949 -1.14288

39.1446 0.476074 0.603326 -0.396674 2.03947 -1.14253
39.1479 0.481235 0.603326 -0.396674 2.00222 -1.21102

39.1479 0.481182 0.604954 -0.395046 2.00318 -1.21102
39.1494 0.483398 0.604954 -0.395046 1.96611 -1.23233

39.1494 0.483398 0.595858 -0.404142 1.96606 -1.23197
39.1543 0.490723 0.595858 -0.404142 1.85497 -1.28096

39.1543 0.490723 0.595422 -0.404578 1.85501 -1.28051
39.1553 0.492148 0.595422 -0.404578 1.8346 -1.28864

39.1553 0.492031 0.588288 -0.411712 1.83619 -1.28901
39.1595 0.498047 0.588288 -0.411712 1.79071 -1.34041

39.1594 0.498047 0.581089 -0.418911 1.79069 -1.33955
39.1626 0.502416 0.581089 -0.418911 1.76673 -1.41072

39.1626 0.502335 0.583052 -0.416948 1.76783 -1.4108
39.1648 0.505371 0.583052 -0.416948 1.73056 -1.45171

39.1647 0.505371 0.571251 -0.428749 1.73048 -1.45089
39.1699 0.512291 0.571251 -0.428749 1.61028 -1.51636

39.1699 0.512269 0.569597 -0.430403 1.61076 -1.51646
39.1702 0.512695 0.569597 -0.430403 1.60012 -1.51972

39.1702 0.512695 0.561869 -0.438131 1.60011 -1.51977
39.176 0.52002 0.561869 -0.438131 1.48162 -1.58174

39.1759 0.52002 0.558784 -0.441216 1.4818 -1.58018
39.1772 0.521745 0.558784 -0.441216 1.46741 -1.60179

39.1772 0.521595 0.554188 -0.445812 1.46837 -1.6024
39.1819 0.527344 0.554188 -0.445812 1.40487 -1.66349

39.1818 0.527344 0.55012 -0.44988 1.40513 -1.66254
39.1846 0.530704 0.55012 -0.44988 1.35752 -1.68952

39.1846 0.530573 0.54753 -0.45247 1.35877 -1.6906
39.188 0.534668 0.54753 -0.45247 1.2912 -1.71875

39.188 0.534668 0.537595 -0.462405 1.29106 -1.7192
39.1919 0.539222 0.537595 -0.462405 1.21756 -1.73924

39.1919 0.539144 0.531042 -0.468958 1.21822 -1.73997
39.1944 0.541992 0.531042 -0.468958 1.1806 -1.75677

39.1944 0.541992 0.52404 -0.47596 1.18056 -1.75689
39.1992 0.547279 0.52404 -0.47596 1.10454 -1.79214

39.1992 0.547219 0.517339 -0.482661 1.10526 -1.79272
39.2012 0.549316 0.517339 -0.482661 1.07007 -1.80614

39.2012 0.549316 0.511977 -0.488023 1.07013 -1.80593
39.2065 0.55496 0.511977 -0.488023 0.958181 -1.82878

39.2065 0.554919 0.504316 -0.495684 0.958764 -1.82919
39.2082 0.556641 0.504316 -0.495684 0.922098 -1.83527

39.2082 0.556641 0.496563 -0.503437 0.922379 -1.83472
39.2139 0.562235 0.496563 -0.503437 0.804699 -1.88066

39.2139 0.562205 0.488986 -0.511014 0.805184 -1.88098
39.2157 0.563965 0.488986 -0.511014 0.764247 -1.89899

39.2156 0.563965 0.48057 -0.51943 0.764715 -1.89767
39.2212 0.569101 0.48057 -0.51943 0.643767 -1.94751

39.2212 0.569082 0.47172 -0.52828 0.644049 -1.94775
39.2237 0.571289 0.47172 -0.52828 0.590645 -1.96838

39.2236 0.571289 0.464736 -0.535264 0.591352 -1.9668
39.2285 0.575573 0.464736 -0.535264 0.47911 -1.98991

39.2285 0.575565 0.452187 -0.547813 0.47924 -1.99003
39.2322 0.578613 0.452187 -0.547813 0.391996 -1.99783

39.2321 0.578613 0.447037 -0.552963 0.39338 -1.99602
39.2358 0.581662 0.447037 -0.552963 0.299296 -1.98575

39.2358 0.581656 0.438514 -0.561486 0.299408 -1.98583
39.2413 0.585938 0.438514 -0.561486 0.173643 -1.96746

39.2412 0.585938 0.430902 -0.569098 0.17487 -1.9666
39.2432 0.58743 0.430902 -0.569098 0.134757 -1.95982

39.2432 0.587397 0.421909 -0.578091 0.13522 -1.96025
39.2505 0.592743 0.421909 -0.578091 -0.0197465 -1.95955

39.2505 0.592732 0.403338 -0.596662 -0.0195424 -1.95969
39.2513 0.593262 0.403338 -0.596662 -0.03588 -1.9618

39.2512 0.593262 0.403968 -0.596032 -0.0356788 -1.96154
39.2578 0.59771 0.403968 -0.596032 -0.192616 -1.93464

39.2578 0.597671 0.385588 -0.614412 -0.191756 -1.93526
39.2625 0.600586 0.385588 -0.614412 -0.301394 -1.88788

39.2623 0.600586 0.384856 -0.615144 -0.30028 -1.88778
39.2651 0.602342 0.384856 -0.615144 -0.360185 -1.86879

39.2651 0.6023 0.366657 -0.633343 -0.359323 -1.86931
39.2725 0.60654 0.366657 -0.633343 -0.520497 -1.82744

39.2725 0.606512 0.346666 -0.653334 -0.519769 -1.8278
39.2751 0.60791 0.346666 -0.653334 -0.579897 -1.8122

39.275 0.60791 0.346666 -0.653334 -0.579292 -1.81214
39.2798 0.610435 0.346666 -0.653334 -0.69583 -1.744

39.2798 0.610427 0.325247 -0.674753 -0.695618 -1.74409
39.2871 0.613957 0.325247 -0.674753 -0.863242 -1.64466

39.2871 0.613931 0.302692 -0.697308 -0.862473 -1.64494
39.2901 0.615234 0.302692 -0.697308 -0.922932 -1.61571

39.29 0.615234 0.302692 -0.697308 -0.92236 -1.61609
39.2944 0.617142 0.302692 -0.697308 -1.01943 -1.56227

39.2944 0.617136 0.278739 -0.721261 -1.01923 -1.56233
39.3018 0.619966 0.278739 -0.721261 -1.18204 -1.42485

39.3018 0.61996 0.252974 -0.747026 -1.18184 -1.42493
39.3091 0.622441 0.252974 -0.747026 -1.33108 -1.29838

39.3091 0.622435 0.226144 -0.773856 -1.33088 -1.29842
39.3095 0.622559 0.226144 -0.773856 -1.33907 -1.29426

39.3095 0.622559 0.226144 -0.773856 -1.33888 -1.29444
39.3164 0.624582 0.226144 -0.773856 -1.47813 -1.17134

39.3164 0.624581 0.19736 -0.80264 -1.47808 -1.17135
39.3237 0.626382 0.19736 -0.80264 -1.6141 -0.973138

39.3237 0.626382 0.166466 -0.833534 -1.61412 -0.973134
39.3311 0.627845 0.166466 -0.833534 -1.72134 -0.759828

39.3311 0.627846 0.132832 -0.867168 -1.72138 -0.759818
39.3384 0.628968 0.132832 -0.867168 -1.81748 -0.560772

39.3384 0.628968 0.0961595 -0.90384 -1.81748 -0.560773
39.3457 0.629747 0.0961595 -0.90384 -1.91485 -0.376763

39.3457 0.629758 0.0564741 -0.943526 -1.91537 -0.376648
39.3478 0.629883 0.0564741 -0.943526 -1.94252 -0.326774

39.3481 0.629883 0.0564741 -0.943526 -1.94539 -0.320176
39.353 0.630179 0.0564741 -0.943526 -2.00588 -0.183667

39.353 0.630185 0.0131483 -0.986852 -2.00615 -0.183606
39.3604 0.630283 0.0131483 -0.986852 -2.0728 0.0337969

39.375 0.62945 -0.0735933 -0.926407 -2.11879 0.517193
39.3695 0.629883 -0.0735933 -0.926407 -2.13115 0.338493

39.3604 0.630282 -0.0321827 -0.967817 -2.07277 0.0337908
39.3677 0.630039 -0.0321827 -0.967817 -2.12076 0.273059

39.3677 0.630054 -0.0735933 -0.926407 -2.12123 0.273105
39.3698 0.629883 -0.0735933 -0.926407 -2.13348 0.348705

39.6094 0.317162 -0.806595 -0.193405 2.41574 1.40326
39.6082 0.322266 -0.806595 -0.193405 2.39951 1.4304

39.6082 0.322266 -0.801302 -0.198698 2.3995 1.4304
39.6063 0.32959 -0.801302 -0.198698 2.38389 1.4715

39.6063 0.32959 -0.795613 -0.204387 2.38389 1.4715
39.6045 0.336914 -0.795613 -0.204387 2.36835 1.51482

39.6021 0.345911 -0.784713 -0.215287 2.33167 1.57014
39.6005 0.351562 -0.784713 -0.215287 2.30928 1.60411

39.6045 0.336914 -0.790091 -0.209909 2.36836 1.51482
39.6025 0.344238 -0.790091 -0.209909 2.33904 1.55953

39.6021 0.345895 -0.784713 -0.215287 2.33179 1.57004
39.6025 0.344238 -0.784713 -0.215287 2.33907 1.55953

39.5947 0.371351 -0.767494 -0.232506 2.2348 1.72404
39.5941 0.373535 -0.767494 -0.232506 2.22277 1.7373

39.5941 0.373535 -0.761721 -0.238279 2.22284 1.73733
39.5918 0.380859 -0.761721 -0.238279 2.18807 1.78386

39.6005 0.351562 -0.77908 -0.22092 2.30928 1.60411
39.5984 0.358887 -0.77908 -0.22092 2.28445 1.64764

39.5984 0.358887 -0.773225 -0.226775 2.28445 1.64764
39.5963 0.366211 -0.773225 -0.226775 2.25711 1.69027

39.5947 0.371314 -0.767494 -0.232506 2.23513 1.72385
39.5963 0.366211 -0.767494 -0.232506 2.25715 1.69028

39.5874 0.394191 -0.749537 -0.250463 2.12903 1.85758
39.587 0.395508 -0.749537 -0.250463 2.12189 1.86507

39.5918 0.380859 -0.755666 -0.244334 2.18806 1.78386
39.5894 0.388184 -0.755666 -0.244334 2.15678 1.82405

39.5874 0.394155 -0.749537 -0.250463 2.12935 1.85739
39.5894 0.388184 -0.749537 -0.250463 2.1568 1.82405

39.587 0.395508 -0.743167 -0.256833 2.12197 1.86508
39.5844 0.402832 -0.743167 -0.256833 2.08918 1.90889

39.5844 0.402832 -0.736433 -0.263567 2.08917 1.90889
39.5818 0.410156 -0.736433 -0.263567 2.05384 1.95524

39.5801 0.414838 -0.729837 -0.270163 2.02814 1.98774
39.5791 0.41748 -0.729837 -0.270163 2.01035 2.00427

39.5791 0.41748 -0.723228 -0.276772 2.01043 2.00429
39.5763 0.424805 -0.723228 -0.276772 1.96612 2.05261

39.5728 0.433687 -0.709375 -0.290625 1.90523 2.0991
39.5704 0.439453 -0.709375 -0.290625 1.86445 2.13593

39.5763 0.424805 -0.716329 -0.283671 1.96611 2.05261
39.5734 0.432129 -0.716329 -0.283671 1.91631 2.08955

39.5728 0.433672 -0.709375 -0.290625 1.9054 2.09901
39.5734 0.432129 -0.709375 -0.290625 1.91635 2.08954

39.5654 0.451015 -0.694472 -0.305528 1.78205 2.20292
39.5641 0.454102 -0.694472 -0.305528 1.75659 2.2221

39.5581 0.466998 -0.678598 -0.321402 1.6527 2.30436
39.5573 0.46875 -0.678598 -0.321402 1.63304 2.31467

39.5641 0.454102 -0.686751 -0.313249 1.75667 2.22211
39.5607 0.461426 -0.686751 -0.313249 1.6972 2.27192

39.5581 0.466948 -0.678598 -0.321402 1.65356 2.30406
39.5607 0.461426 -0.678598 -0.321402 1.69725 2.2719

39.5704 0.439453 -0.702047 -0.297953 1.86443 2.13592
39.5673 0.446777 -0.702047 -0.297953 1.80929 2.17755

39.5654 0.450979 -0.694472 -0.305528 1.78254 2.20271
39.5673 0.446777 -0.694472 -0.305528 1.80937 2.17754

39.5801 0.4148 -0.729837 -0.270163 2.02857 1.98754
39.5818 0.410156 -0.729837 -0.270163 2.0539 1.95525

39.6439 0 -0.994903 -0.00509737 2.76599 0
39.6439 0.0146484 -0.994903 -0.00509737 2.76445 0.052923

39.6439 0.0146484 -0.98559 -0.01441 2.76448 0.0529237
39.6437 0.0292969 -0.98559 -0.01441 2.75842 0.107034

39.6437 0.0292969 -0.972203 -0.0277967 2.75815 0.107038
39.6429 0.0585938 -0.972203 -0.0277967 2.75066 0.214462

39.6428 0.0585938 -0.959116 -0.0408841 2.75091 0.214451
39.6422 0.0732422 -0.959116 -0.0408841 2.74824 0.268777

39.6422 0.0732422 -0.950613 -0.0493868 2.74823 0.268777
39.6414 0.0878906 -0.950613 -0.0493868 2.75262 0.326919

39.6414 0.0878906 -0.944314 -0.0556863 2.75271 0.326918
39.641 0.0952148 -0.944314 -0.0556863 2.75617 0.358475

39.641 0.0952148 -0.940798 -0.0592025 2.75617 0.358475
39.6405 0.102539 -0.940798 -0.0592025 2.74748 0.388793

39.6405 0.102539 -0.93443 -0.0655697 2.74738 0.388798
39.6395 0.117188 -0.93443 -0.0655697 2.73568 0.450266

39.6387 0.127696 -0.925718 -0.0742816 2.73075 0.495775
39.6383 0.131836 -0.925718 -0.0742816 2.72773 0.514643

39.6383 0.131836 -0.917175 -0.082825 2.72776 0.514641
39.637 0.146484 -0.917175 -0.082825 2.71045 0.580027

39.637 0.146484 -0.908766 -0.0912344 2.71043 0.580028
39.6355 0.161133 -0.908766 -0.0912344 2.69349 0.645551

39.6355 0.161133 -0.900413 -0.0995874 2.69349 0.645551
39.6339 0.175781 -0.900413 -0.0995874 2.67756 0.714184

39.6387 0.127669 -0.925718 -0.0742816 2.73079 0.495651
39.6395 0.117188 -0.925718 -0.0742816 2.73567 0.450267

39.6339 0.175781 -0.894276 -0.105724 2.67764 0.714178
39.633 0.183105 -0.894276 -0.105724 2.66874 0.746371

39.6331 0.183105 -0.88994 -0.11006 2.66873 0.746372
39.6321 0.19043 -0.88994 -0.11006 2.66647 0.779149

39.6313 0.1966 -0.885459 -0.114541 2.66359 0.80956
39.6312 0.197754 -0.885459 -0.114541 2.66225 0.814822

39.6312 0.197754 -0.880896 -0.119104 2.66226 0.814822
39.6302 0.205078 -0.880896 -0.119104 2.65107 0.848483

39.6313 0.196589 -0.885459 -0.114541 2.66361 0.809507
39.6321 0.19043 -0.885459 -0.114541 2.66647 0.779149

39.6302 0.205078 -0.876475 -0.123525 2.65107 0.848483
39.6292 0.212402 -0.876475 -0.123525 2.63971 0.882255

39.6292 0.212402 -0.872149 -0.127851 2.6397 0.882255
39.6281 0.219727 -0.872149 -0.127851 2.6332 0.916774

39.6281 0.219727 -0.867727 -0.132273 2.6332 0.916774
39.627 0.227051 -0.867727 -0.132273 2.62606 0.95089

39.627 0.227051 -0.863224 -0.136776 2.62605 0.95089
39.6258 0.234375 -0.863224 -0.136776 2.60936 0.984891

39.624 0.245213 -0.854374 -0.145626 2.58223 1.03618
39.6234 0.249023 -0.854374 -0.145626 2.57936 1.05643

39.6234 0.249023 -0.849535 -0.150465 2.57936 1.05643
39.6221 0.256348 -0.849535 -0.150465 2.57213 1.09562

39.6221 0.256348 -0.844673 -0.155327 2.57213 1.09562
39.6207 0.263672 -0.844673 -0.155327 2.56068 1.13479

39.6258 0.234375 -0.858824 -0.141176 2.60937 0.98489
39.6246 0.241699 -0.858824 -0.141176 2.58926 1.01914

39.624 0.2452 -0.854374 -0.145626 2.58227 1.03612
39.6246 0.241699 -0.854374 -0.145626 2.58926 1.01914

39.6207 0.263672 -0.840006 -0.159994 2.56068 1.13479
39.6193 0.270996 -0.840006 -0.159994 2.54255 1.17135

39.6193 0.270996 -0.835434 -0.164566 2.54255 1.17135
39.6179 0.27832 -0.835434 -0.164566 2.52233 1.20693

39.6167 0.284193 -0.830787 -0.169213 2.50861 1.2365
39.6164 0.285645 -0.830787 -0.169213 2.50547 1.24376

39.6164 0.285645 -0.825889 -0.174111 2.50549 1.24376
39.6149 0.292969 -0.825889 -0.174111 2.4919 1.28094

39.6167 0.284171 -0.830787 -0.169213 2.5087 1.23639
39.6179 0.27832 -0.830787 -0.169213 2.52233 1.20693

39.6149 0.292969 -0.820912 -0.179088 2.4919 1.28094
39.6133 0.300293 -0.820912 -0.179088 2.4778 1.31879

39.6133 0.300293 -0.816093 -0.183907 2.4778 1.31879
39.6116 0.307617 -0.816093 -0.183907 2.45307 1.35489

39.6116 0.307617 -0.811388 -0.188612 2.45307 1.35489
39.6099 0.314941 -0.811388 -0.188612 2.42373 1.3914

39.6094 0.317146 -0.806595 -0.193405 2.41583 1.40318
39.6099 0.314941 -0.806595 -0.193405 2.42375 1.3914

39.4775 0.580882 -0.464014 -0.535986 -0.232587 2.69881
39.4717 0.585938 -0.464014 -0.535986 -0.375228 2.65737

39.4922 0.566535 -0.508913 -0.491087 0.157252 2.75714
39.4876 0.571289 -0.508913 -0.491087 0.0368022 2.7505

39.4849 0.574021 -0.48445 -0.51555 -0.0394215 2.74179
39.48 0.578613 -0.48445 -0.51555 -0.166084 2.7138

39.4775 0.580811 -0.4769 -0.5231 -0.229606 2.69825
39.4799 0.578613 -0.4769 -0.5231 -0.165765 2.71344

39.4849 0.573958 -0.497485 -0.502515 -0.0368631 2.74121
39.4876 0.571289 -0.497485 -0.502515 0.0373211 2.75

39.375 0.62946 -0.112223 -0.887777 -2.11903 0.517144
39.3823 0.628534 -0.112223 -0.887777 -2.07162 0.75175

39.3823 0.628537 -0.149057 -0.850943 -2.07169 0.751728
39.3896 0.627254 -0.149057 -0.850943 -2.0259 0.989064

39.3896 0.627257 -0.184142 -0.815858 -2.02599 0.989031
39.397 0.625604 -0.184142 -0.815858 -1.9473 1.22554

39.397 0.625603 -0.216843 -0.783157 -1.94723 1.22553
39.4043 0.623575 -0.216843 -0.783157 -1.83988 1.40032

39.4336 0.611682 -0.327358 -0.672642 -1.31559 2.14292
39.4263 0.615234 -0.327358 -0.672642 -1.44834 1.96987

39.4116 0.621181 -0.246679 -0.753321 -1.74714 1.58135
39.4074 0.622559 -0.246679 -0.753321 -1.80568 1.46607

39.4043 0.623566 -0.246679 -0.753321 -1.83949 1.40031
39.4074 0.622559 -0.246679 -0.753321 -1.80553 1.46522

39.4116 0.621183 -0.275224 -0.724776 -1.7472 1.58134
39.4189 0.618402 -0.275224 -0.724776 -1.62503 1.82136

39.4189 0.618394 -0.301664 -0.698336 -1.62457 1.82133
39.4263 0.615234 -0.301664 -0.698336 -1.44831 1.96946

39.4409 0.607751 -0.352586 -0.647414 -1.12667 2.25535
39.4406 0.60791 -0.352586 -0.647414 -1.13219 2.25378

39.4336 0.611674 -0.352586 -0.647414 -1.31533 2.14301
39.4405 0.60791 -0.352586 -0.647414 -1.13167 2.253

39.4409 0.607703 -0.377062 -0.622938 -1.12465 2.25524
39.4482 0.60327 -0.377062 -0.622938 -0.989379 2.3592

39.4556 0.59841 -0.400635 -0.599365 -0.794081 2.49139
39.4523 0.600586 -0.400635 -0.599365 -0.877271 2.43945

39.4629 0.593116 -0.427209 -0.572791 -0.601944 2.58334
39.4627 0.593262 -0.427209 -0.572791 -0.606986 2.58103

39.4556 0.598365 -0.42194 -0.57806 -0.792268 2.49157
39.4626 0.593262 -0.42194 -0.57806 -0.606132 2.57925

39.4482 0.60323 -0.400588 -0.599412 -0.987249 2.35898
39.4522 0.600586 -0.400588 -0.599412 -0.877141 2.43796

39.4629 0.593037 -0.442985 -0.557015 -0.598552 2.58321
39.4702 0.587212 -0.442985 -0.557015 -0.414636 2.65059

39.4702 0.58717 -0.455907 -0.544093 -0.412885 2.6503
39.4717 0.585938 -0.455907 -0.544093 -0.375104 2.65723

39.5508 0.481712 -0.660926 -0.339074 1.51659 2.39534
39.5499 0.483398 -0.660926 -0.339074 1.49792 2.40632

39.5435 0.495301 -0.642257 -0.357743 1.38258 2.4922
39.5419 0.498047 -0.642257 -0.357743 1.33944 2.51072

39.5499 0.483398 -0.651829 -0.348171 1.49814 2.40633
39.546 0.490723 -0.651829 -0.348171 1.42272 2.46066

39.5435 0.495249 -0.642257 -0.357743 1.38376 2.49189
39.546 0.490723 -0.642257 -0.357743 1.42283 2.46064

39.5361 0.507851 -0.621087 -0.378913 1.20301 2.56282
39.5332 0.512695 -0.621087 -0.378913 1.1512 2.60714

39.5288 0.519636 -0.615091 -0.384909 1.05374 2.65306
39.5286 0.52002 -0.615091 -0.384909 1.04512 2.6554

39.5285 0.52002 -0.598836 -0.401164 1.04552 2.65539
39.5236 0.527344 -0.598836 -0.401164 0.905217 2.68467

39.5288 0.519552 -0.610997 -0.389003 1.05622 2.65253
39.5332 0.512695 -0.610997 -0.389003 1.15123 2.60716

39.5419 0.498047 -0.631632 -0.368368 1.33955 2.51074
39.5376 0.505371 -0.631632 -0.368368 1.23162 2.54935

39.5361 0.507826 -0.621252 -0.378748 1.20347 2.56264
39.5376 0.505371 -0.621252 -0.378748 1.23184 2.54929

39.5068 0.549844 -0.544375 -0.455625 0.521745 2.75521
39.5011 0.556641 -0.544375 -0.455625 0.376472 2.75897

39.5142 0.540492 -0.573842 -0.426158 0.7098 2.73323
39.513 0.541992 -0.573842 -0.426158 0.683395 2.74153

39.5215 0.530384 -0.585984 -0.414016 0.863775 2.68853
39.5185 0.534668 -0.585984 -0.414016 0.793682 2.71074

39.5142 0.540429 -0.573586 -0.426414 0.71147 2.73285
39.5184 0.534668 -0.573586 -0.426414 0.793797 2.71076

39.513 0.541992 -0.559762 -0.440238 0.683673 2.74151
39.5073 0.549316 -0.559762 -0.440238 0.533379 2.75546

39.5068 0.549811 -0.55152 -0.44848 0.522748 2.755
39.5072 0.549316 -0.55152 -0.44848 0.533655 2.75525

39.4995 0.558487 -0.52821 -0.47179 0.340674 2.75781
39.4946 0.563965 -0.52821 -0.47179 0.216421 2.75946

39.4922 0.566511 -0.516932 -0.483068 0.158131 2.75692
39.4946 0.563965 -0.516932 -0.483068 0.217154 2.75891

39.4995 0.558478 -0.534566 -0.465434 0.340954 2.75774
39.5011 0.556641 -0.534566 -0.465434 0.376963 2.75861

39.5215 0.530359 -0.588672 -0.411328 0.864335 2.68834
39.5236 0.527344 -0.588672 -0.411328 0.905677 2.68436

39.5573 0.46875 -0.66989 -0.33011 1.63321 2.31467
39.5537 0.476074 -0.66989 -0.33011 1.56162 2.36282

39.5508 0.481658 -0.660926 -0.339074 1.51753 2.395
39.5536 0.476074 -0.660926 -0.339074 1.5617 2.3628

