13.5992 0.351562 0.688099 -0.311901 2.39258 -0.579038
13.6011 0.355803 0.688099 -0.311901 2.38005 -0.602262

13.6011 0.355783 0.688099 -0.311901 2.38016 -0.602226
13.6025 0.358887 0.688099 -0.311901 2.36859 -0.616251

13.6025 0.358887 0.68223 -0.31777 2.36856 -0.616206
13.6059 0.366211 0.68223 -0.31777 2.34735 -0.650554

13.6059 0.366211 0.676334 -0.323666 2.34735 -0.650545
13.6084 0.371466 0.676334 -0.323666 2.32359 -0.676345

13.6084 0.371448 0.676334 -0.323666 2.32373 -0.67632
13.6094 0.373535 0.676334 -0.323666 2.31048 -0.6847

13.6094 0.373535 0.670428 -0.329572 2.31046 -0.684656
13.613 0.380859 0.670428 -0.329572 2.28303 -0.717318

13.613 0.380859 0.664458 -0.335542 2.28303 -0.717304
13.6157 0.386274 0.664458 -0.335542 2.26163 -0.747949

13.6157 0.386258 0.664458 -0.335542 2.26174 -0.74793
13.6167 0.388184 0.664458 -0.335542 2.25199 -0.756553

13.6167 0.388184 0.658283 -0.341717 2.25196 -0.756492
13.6205 0.395508 0.658283 -0.341717 2.23007 -0.795604

13.6205 0.395508 0.652098 -0.347902 2.23006 -0.795577
13.623 0.400309 0.652098 -0.347902 2.21138 -0.830492

13.623 0.400284 0.652098 -0.347902 2.2116 -0.830444
13.6244 0.402832 0.652098 -0.347902 2.19523 -0.84597

13.6244 0.402832 0.645852 -0.354148 2.19518 -0.845871
13.6284 0.410156 0.645852 -0.354148 2.15474 -0.887942

13.6284 0.410156 0.639756 -0.360244 2.15473 -0.887869
13.6304 0.413653 0.639756 -0.360244 2.13224 -0.907979

13.6304 0.413613 0.639756 -0.360244 2.13253 -0.907956
13.6325 0.41748 0.639756 -0.360244 2.11524 -0.931153

13.6325 0.41748 0.633302 -0.366698 2.11515 -0.931026
13.6368 0.424805 0.633302 -0.366698 2.06784 -0.981403

13.6367 0.424805 0.62752 -0.37248 2.06779 -0.981162
13.6377 0.426403 0.62752 -0.37248 2.05231 -0.991109

13.6377 0.426337 0.626341 -0.373659 2.05303 -0.991083
13.6412 0.432129 0.626341 -0.373659 2.02804 -1.02764

13.6411 0.432129 0.619359 -0.380641 2.02795 -1.02754
13.645 0.438446 0.619359 -0.380641 1.98292 -1.08475

13.645 0.438424 0.622084 -0.377916 1.98323 -1.08473
13.6456 0.439453 0.622084 -0.377916 1.97048 -1.09203

13.6456 0.439453 0.611886 -0.388114 1.97046 -1.09196
13.6503 0.446777 0.611886 -0.388114 1.89872 -1.13829

13.6503 0.446777 0.605316 -0.394684 1.8987 -1.13812
13.6523 0.449961 0.605316 -0.394684 1.86903 -1.16019

13.6523 0.449896 0.605046 -0.394954 1.8697 -1.16021
13.6551 0.454102 0.605046 -0.394954 1.85054 -1.19347

13.6551 0.454102 0.597754 -0.402246 1.85038 -1.19317
13.6597 0.460953 0.597754 -0.402246 1.78573 -1.2543

13.6597 0.460939 0.600443 -0.399557 1.78596 -1.25432
13.66 0.461426 0.600443 -0.399557 1.77822 -1.2576

13.66 0.461426 0.589583 -0.410417 1.77822 -1.25756
13.6651 0.46875 0.589583 -0.410417 1.69835 -1.31043

13.6651 0.46875 0.586737 -0.413263 1.69833 -1.31016
13.667 0.471478 0.586737 -0.413263 1.67903 -1.3377

13.667 0.471369 0.582019 -0.417981 1.67989 -1.33781
13.6704 0.476074 0.582019 -0.417981 1.64715 -1.38622

13.6703 0.476074 0.574216 -0.425784 1.647 -1.38569
13.6743 0.481446 0.574216 -0.425784 1.58517 -1.44362

13.6743 0.481388 0.576881 -0.423119 1.5862 -1.44379
13.6758 0.483398 0.576881 -0.423119 1.54938 -1.46094

13.6758 0.483398 0.56489 -0.43511 1.54941 -1.46047
13.6814 0.490723 0.56489 -0.43511 1.43336 -1.50306

13.6813 0.490723 0.560453 -0.439547 1.43353 -1.50205
13.6816 0.491125 0.560453 -0.439547 1.42768 -1.50427

13.6816 0.491001 0.555738 -0.444262 1.42925 -1.50485
13.6873 0.498047 0.555738 -0.444262 1.36362 -1.56822

13.6872 0.498047 0.551761 -0.448239 1.36368 -1.56695
13.689 0.500201 0.551761 -0.448239 1.35263 -1.59819

13.689 0.500078 0.547005 -0.452995 1.35317 -1.59858
13.6933 0.505371 0.547005 -0.452995 1.28966 -1.65746

13.6933 0.505371 0.541505 -0.458495 1.28979 -1.65691
13.6963 0.508886 0.541505 -0.458495 1.23265 -1.68057

13.6963 0.508765 0.538021 -0.461979 1.23421 -1.68137
13.6997 0.512695 0.538021 -0.461979 1.16289 -1.70241

13.6997 0.512695 0.530127 -0.469873 1.16284 -1.70256
13.7036 0.517141 0.530127 -0.469873 1.07966 -1.70228

13.7036 0.517066 0.524146 -0.475854 1.08029 -1.70295
13.7063 0.52002 0.524146 -0.475854 1.04162 -1.70757

13.7063 0.52002 0.518515 -0.481485 1.04163 -1.70756
13.7109 0.525021 0.518515 -0.481485 0.97349 -1.72697

13.7109 0.524965 0.511759 -0.488241 0.974008 -1.7274
13.7132 0.527344 0.511759 -0.488241 0.943394 -1.73952

13.7132 0.527344 0.50559 -0.49441 0.943502 -1.73914
13.7183 0.532542 0.50559 -0.49441 0.866265 -1.77981

13.7183 0.532504 0.498397 -0.501603 0.866889 -1.78017
13.7204 0.534668 0.498397 -0.501603 0.818263 -1.79366

13.7204 0.534668 0.490422 -0.509578 0.818581 -1.79282
13.7256 0.539673 0.490422 -0.509578 0.70798 -1.81729

13.7256 0.539652 0.482928 -0.517072 0.708211 -1.8175
13.7281 0.541992 0.482928 -0.517072 0.666521 -1.83255

13.728 0.541992 0.474785 -0.525215 0.666993 -1.83145
13.7329 0.546413 0.474785 -0.525215 0.583573 -1.86162

13.7329 0.546409 0.466588 -0.533412 0.583621 -1.86167
13.7362 0.549316 0.466588 -0.533412 0.518864 -1.87406

13.7361 0.549316 0.46025 -0.53975 0.519668 -1.87253
13.7402 0.552818 0.46025 -0.53975 0.432856 -1.87178

13.7402 0.552823 0.451159 -0.548841 0.432774 -1.87172
13.7449 0.556641 0.451159 -0.548841 0.34534 -1.86888

13.7448 0.556641 0.445398 -0.554602 0.346197 -1.86785
13.7476 0.558885 0.445398 -0.554602 0.296281 -1.86897

13.7476 0.55887 0.43681 -0.56319 0.296483 -1.86914
13.7541 0.563965 0.43681 -0.56319 0.17667 -1.86881

13.754 0.563965 0.429179 -0.570821 0.177531 -1.86786
13.7549 0.564617 0.429179 -0.570821 0.162329 -1.86789

13.7549 0.564557 0.42102 -0.57898 0.163126 -1.86856
13.7622 0.569883 0.42102 -0.57898 0.0259398 -1.87345

13.7622 0.569854 0.40288 -0.59712 0.0264514 -1.87383
13.7643 0.571289 0.40288 -0.59712 -0.0156166 -1.87363

13.7643 0.571289 0.405474 -0.594526 -0.0150913 -1.87305
13.7695 0.574879 0.405474 -0.594526 -0.138378 -1.8359

13.7695 0.574855 0.38975 -0.61025 -0.137865 -1.83616
13.7754 0.578613 0.38975 -0.61025 -0.253711 -1.78283

13.7753 0.578613 0.384405 -0.615595 -0.252779 -1.78258
13.7769 0.579603 0.384405 -0.615595 -0.279098 -1.77527

13.7769 0.57955 0.372737 -0.627263 -0.278236 -1.77581
13.7842 0.583902 0.372737 -0.627263 -0.409794 -1.74282

13.7842 0.583873 0.355076 -0.644924 -0.409232 -1.74318
13.7879 0.585938 0.355076 -0.644924 -0.479626 -1.71969

13.7878 0.585938 0.355076 -0.644924 -0.478874 -1.7198
13.7915 0.587957 0.355076 -0.644924 -0.551772 -1.69556

13.7915 0.587935 0.336317 -0.663683 -0.551298 -1.69578
13.7988 0.591647 0.336317 -0.663683 -0.695371 -1.63032

13.7988 0.591621 0.316805 -0.683195 -0.694777 -1.63065
13.8024 0.593262 0.316805 -0.683195 -0.762039 -1.59309

13.8023 0.593262 0.316805 -0.683195 -0.761374 -1.59347
13.8062 0.595053 0.316805 -0.683195 -0.841111 -1.54584

13.8062 0.595038 0.296797 -0.703203 -0.840692 -1.54597
13.8135 0.598129 0.296797 -0.703203 -0.987119 -1.42907

13.8135 0.598121 0.275936 -0.724064 -0.986932 -1.42918
13.8199 0.600586 0.275936 -0.724064 -1.08952 -1.33452

13.8199 0.600586 0.275936 -0.724064 -1.08891 -1.33504
13.8208 0.600946 0.275936 -0.724064 -1.10383 -1.32712

13.8208 0.60092 0.253936 -0.746064 -1.10319 -1.32731
13.8281 0.603412 0.253936 -0.746064 1e+30 1e+30

