33.75 0.461989 -0.678774 -0.321226 1.69552 2.2878
33.7468 0.46875 -0.678774 -0.321226 1.63974 2.33628

33.3284 0.46875 0.607764 -0.392236 2.05874 -1.09803
33.3325 0.475148 0.607764 -0.392236 2.00456 -1.16356

33.3325 0.47512 0.613373 -0.386627 2.00495 -1.16358
33.3331 0.476074 0.613373 -0.386627 1.99189 -1.17074

33.3331 0.476074 0.59979 -0.40021 1.99188 -1.17065
33.338 0.483398 0.59979 -0.40021 1.91903 -1.23334

33.338 0.483398 0.595097 -0.404903 1.919 -1.23301
33.3398 0.486133 0.595097 -0.404903 1.89822 -1.26499

33.3398 0.486034 0.592339 -0.407661 1.89906 -1.26506
33.3431 0.490723 0.592339 -0.407661 1.87464 -1.32264

33.343 0.490723 0.584952 -0.415048 1.87445 -1.32207
33.3472 0.496548 0.584952 -0.415048 1.80247 -1.39172

33.3472 0.496498 0.588258 -0.411742 1.8036 -1.39187
33.3483 0.498047 0.588258 -0.411742 1.76685 -1.40503

33.3482 0.498047 0.576441 -0.423559 1.76688 -1.40471
33.3536 0.505371 0.576441 -0.423559 1.64155 -1.45532

33.3536 0.505371 0.573635 -0.426365 1.64162 -1.45445
33.3545 0.506626 0.573635 -0.426365 1.62711 -1.46446

33.3545 0.506499 0.568418 -0.431582 1.62846 -1.46494
33.3592 0.512695 0.568418 -0.431582 1.57722 -1.52939

33.3592 0.512695 0.56579 -0.43421 1.57726 -1.52867
33.3618 0.516149 0.56579 -0.43421 1.55491 -1.57935

33.3618 0.516017 0.561605 -0.438395 1.55563 -1.5798
33.3649 0.52002 0.561605 -0.438395 1.49402 -1.62745

33.3649 0.52002 0.550384 -0.449616 1.4941 -1.62676
33.3691 0.5252 0.550384 -0.449616 1.40495 -1.66393

33.3691 0.525138 0.549021 -0.450979 1.40589 -1.66448
33.371 0.527344 0.549021 -0.450979 1.36139 -1.67744

33.3709 0.527344 0.5392 -0.4608 1.36156 -1.67691
33.3765 0.533828 0.5392 -0.4608 1.25163 -1.7016

33.3765 0.533813 0.536289 -0.463711 1.25172 -1.70174
33.3772 0.534668 0.536289 -0.463711 1.24255 -1.70602

33.3772 0.534668 0.529263 -0.470737 1.24269 -1.70561
33.3837 0.541992 0.529263 -0.470737 1.15137 -1.75951

33.3836 0.541992 0.524011 -0.475989 1.15211 -1.75719
33.3838 0.542229 0.524011 -0.475989 1.14885 -1.75905

33.3838 0.542118 0.517546 -0.482454 1.14975 -1.76015
33.3905 0.549316 0.517546 -0.482454 1.03978 -1.81808

33.3904 0.549316 0.510616 -0.489384 1.04022 -1.81679
33.3911 0.55003 0.510616 -0.489384 1.02866 -1.82239

33.3911 0.549945 0.504125 -0.495875 1.02954 -1.82322
33.3977 0.556641 0.504125 -0.495875 0.892218 -1.87248

33.3976 0.556641 0.496632 -0.503368 0.893158 -1.87056
33.3984 0.557482 0.496632 -0.503368 0.871937 -1.87609

33.3984 0.557359 0.4895 -0.5105 0.874017 -1.87737
33.4053 0.563965 0.4895 -0.5105 0.700882 -1.90736

33.4052 0.563965 0.483457 -0.516543 0.702484 -1.90487
33.4058 0.564525 0.483457 -0.516543 0.687071 -1.9073

33.4058 0.564396 0.476157 -0.523843 0.689269 -1.90884
33.4131 0.571053 0.476157 -0.523843 0.52675 -1.93384

33.4131 0.571045 0.467477 -0.532523 0.526848 -1.93395
33.4134 0.571289 0.467477 -0.532523 0.521625 -1.93464

33.4134 0.571289 0.461183 -0.538817 0.52173 -1.93447
33.4204 0.577331 0.461183 -0.538817 0.383258 -1.97086

33.4204 0.577294 0.447414 -0.552586 0.383787 -1.97135
33.422 0.578613 0.447414 -0.552586 0.350486 -1.98132

33.422 0.578613 0.444794 -0.555206 0.350785 -1.98073
33.4277 0.583204 0.444794 -0.555206 0.21899 -1.99042

33.4277 0.583159 0.42774 -0.57226 0.219811 -1.99113
33.4315 0.585938 0.42774 -0.57226 0.131509 -1.98415

33.4313 0.585938 0.425333 -0.574667 0.132787 -1.98317
33.4351 0.588699 0.425333 -0.574667 0.0412034 -1.96656

33.4351 0.588673 0.412202 -0.587798 0.0417021 -1.96691
33.4416 0.593262 0.412202 -0.587798 -0.110369 -1.93845

33.4415 0.593262 0.402503 -0.597497 -0.109014 -1.93766
33.4424 0.593885 0.402503 -0.597497 -0.128536 -1.93443

33.4424 0.593822 0.394478 -0.605522 -0.127431 -1.93527
33.4497 0.598594 0.394478 -0.605522 -0.293129 -1.90652

33.4497 0.598553 0.376262 -0.623738 -0.292293 -1.90714
33.4531 0.600586 0.376262 -0.623738 -0.367788 -1.8853

33.453 0.600586 0.376262 -0.623738 -0.366833 -1.88504
33.457 0.603029 0.376262 -0.623738 -0.458877 -1.85049

33.457 0.603011 0.357002 -0.642998 -0.458501 -1.85073
33.4644 0.607078 0.357002 -0.642998 -0.621143 -1.80613

33.4644 0.607058 0.335911 -0.664089 -0.620651 -1.80638
33.466 0.60791 0.335911 -0.664089 -0.657477 -1.80098

33.466 0.60791 0.335911 -0.664089 -0.65708 -1.80084
33.4717 0.610784 0.335911 -0.664089 -0.797476 -1.72851

33.4717 0.610777 0.314058 -0.685942 -0.79727 -1.72859
33.479 0.614131 0.314058 -0.685942 -0.964997 -1.62062

33.479 0.614105 0.29203 -0.70797 -0.964291 -1.62093
33.4817 0.615234 0.29203 -0.70797 -1.02095 -1.59558

33.4817 0.615234 0.29203 -0.70797 -1.02031 -1.59587
33.4863 0.617155 0.29203 -0.70797 -1.13041 -1.52508

33.4863 0.617153 0.26839 -0.73161 -1.13034 -1.5251
33.4937 0.61984 0.26839 -0.73161 -1.29822 -1.36392

33.4937 0.619837 0.242175 -0.757825 -1.29815 -1.36396
33.501 0.622178 0.242175 -0.757825 -1.43089 -1.22529

33.501 0.622172 0.214771 -0.785229 -1.4307 -1.22535
33.5024 0.622559 0.214771 -0.785229 -1.4551 -1.20982

33.5024 0.622559 0.214771 -0.785229 -1.45493 -1.20998
33.5083 0.62418 0.214771 -0.785229 -1.56815 -1.11218

33.5083 0.624181 0.185276 -0.814724 -1.5682 -1.11217
33.5156 0.625847 0.185276 -0.814724 -1.71606 -0.947718

33.5156 0.625846 0.153287 -0.846713 -1.716 -0.947726
33.5229 0.627172 0.153287 -0.846713 -1.82949 -0.742547

33.5229 0.62717 0.119208 -0.880792 -1.82947 -0.742566
33.5303 0.628162 0.119208 -0.880792 -1.91636 -0.523553

33.5303 0.628161 0.0826104 -0.91739 -1.91635 -0.523556
33.5376 0.628821 0.0826104 -0.91739 -1.98468 -0.305023

33.5376 0.628822 0.0427001 -0.9573 -1.9847 -0.305015
33.5449 0.629148 0.0427001 -0.9573 -2.03438 -0.0923845

33.5449 0.62915 -0.001435 -0.998565 -2.03441 -0.0923759
33.5522 0.629139 -0.001435 -0.998565 -2.06467 0.117469

33.5522 0.62914 -0.0459465 -0.954054 -2.0647 0.117473
33.5596 0.628788 -0.0459465 -0.954054 -2.07605 0.331123

33.5596 0.628789 -0.0871057 -0.912894 -2.07607 0.331124
33.5669 0.62809 -0.0871057 -0.912894 -2.06962 0.554965

33.5669 0.62809 -0.125157 -0.874843 -2.06963 0.554964
33.5742 0.627042 -0.125157 -0.874843 -2.04842 0.797223

33.5742 0.627044 -0.1605 -0.8395 -2.04844 0.797218
33.5815 0.625643 -0.1605 -0.8395 -1.98771 1.05274

33.5815 0.625643 -0.193279 -0.806721 -1.9877 1.05274
33.5889 0.623888 -0.193279 -0.806721 -1.88227 1.25903

33.5962 0.621789 -0.22362 -0.77638 -1.78759 1.4352
33.5935 0.622559 -0.22362 -0.77638 -1.8235 1.37373

33.5889 0.623883 -0.22362 -0.77638 -1.88202 1.25903
33.5935 0.622559 -0.22362 -0.77638 -1.82363 1.37264

33.5962 0.621788 -0.253229 -0.746771 -1.78759 1.4352
33.6035 0.619305 -0.253229 -0.746771 -1.69191 1.65338

33.6182 0.613171 -0.308483 -0.691517 -1.42269 1.96946
33.6135 0.615234 -0.308483 -0.691517 -1.50734 1.84449

33.6182 0.613168 -0.333985 -0.666015 -1.42259 1.96948
33.6255 0.609496 -0.333985 -0.666015 -1.26449 2.12984

33.6328 0.605421 -0.358072 -0.641928 -1.08844 2.29488
33.6284 0.60791 -0.358072 -0.641928 -1.20014 2.17404

33.6255 0.609467 -0.358072 -0.641928 -1.26295 2.12971
33.6283 0.60791 -0.358072 -0.641928 -1.19963 2.17275

33.6035 0.619305 -0.28196 -0.71804 -1.6919 1.65338
33.6108 0.616429 -0.28196 -0.71804 -1.55183 1.80592

33.6108 0.61641 -0.308483 -0.691517 -1.55095 1.80588
33.6135 0.615234 -0.308483 -0.691517 -1.50703 1.84352

33.6621 0.584668 -0.451709 -0.548291 -0.370114 2.64498
33.6606 0.585938 -0.451709 -0.548291 -0.408097 2.62861

33.6914 0.555456 -0.536981 -0.463019 0.391363 2.75035
33.6904 0.556641 -0.536981 -0.463019 0.364369 2.75118

33.6768 0.571268 -0.497819 -0.502181 -0.000474386 2.73047
33.6767 0.571289 -0.497819 -0.502181 -0.00104356 2.73035

33.6694 0.578244 -0.476757 -0.523243 -0.186348 2.69583
33.669 0.578613 -0.476757 -0.523243 -0.196532 2.69417

33.6621 0.584584 -0.468149 -0.531851 -0.366878 2.64487
33.6689 0.578613 -0.468149 -0.531851 -0.195302 2.69302

33.6694 0.578149 -0.488213 -0.511787 -0.182776 2.69536
33.6766 0.571289 -0.488213 -0.511787 1.67816e-05 2.72916

33.6841 0.563667 -0.517261 -0.482739 0.198292 2.7527
33.6838 0.563965 -0.517261 -0.482739 0.1909 2.75284

33.6768 0.571151 -0.506904 -0.493096 0.00384356 2.72991
33.6837 0.563965 -0.506904 -0.493096 0.191507 2.75249

33.6841 0.563577 -0.524816 -0.475184 0.201419 2.75215
33.6904 0.556641 -0.524816 -0.475184 0.364621 2.75104

33.7134 0.526911 -0.599105 -0.400895 0.935357 2.68838
33.7131 0.527344 -0.599105 -0.400895 0.926261 2.69092

33.7207 0.51578 -0.60854 -0.39146 1.08671 2.61455
33.718 0.52002 -0.60854 -0.39146 1.0347 2.64679

33.7134 0.526839 -0.597616 -0.402384 0.937498 2.68787
33.718 0.52002 -0.597616 -0.402384 1.03476 2.6468

33.7354 0.491032 -0.641549 -0.358451 1.40766 2.46047
33.7314 0.498047 -0.641549 -0.358451 1.33376 2.51499

33.7427 0.477095 -0.660868 -0.339132 1.55738 2.37929
33.7394 0.483398 -0.660868 -0.339132 1.4952 2.42314

33.7468 0.46875 -0.670028 -0.329972 1.63971 2.33628
33.7432 0.476074 -0.670028 -0.329972 1.56852 2.37376

33.7427 0.477075 -0.660868 -0.339132 1.55773 2.37914
33.7432 0.476074 -0.660868 -0.339132 1.5686 2.37374

33.7394 0.483398 -0.651348 -0.348652 1.49519 2.42313
33.7355 0.490723 -0.651348 -0.348652 1.41156 2.45884

33.7354 0.491022 -0.643842 -0.356158 1.40786 2.4604
33.7355 0.490723 -0.643842 -0.356158 1.41162 2.45883

33.728 0.503942 -0.631603 -0.368397 1.27279 2.55788
33.7272 0.505371 -0.631603 -0.368397 1.24575 2.56755

33.7272 0.505371 -0.620109 -0.379891 1.246 2.56756
33.7227 0.512695 -0.620109 -0.379891 1.12385 2.60286

33.728 0.503872 -0.631511 -0.368489 1.27462 2.55744
33.7314 0.498047 -0.631511 -0.368489 1.33385 2.51497

33.7207 0.515753 -0.608757 -0.391243 1.08726 2.61435
33.7227 0.512695 -0.608757 -0.391243 1.12409 2.60275

33.7061 0.53708 -0.570808 -0.429192 0.736916 2.71481
33.7024 0.541992 -0.570808 -0.429192 0.642925 2.73462

33.6987 0.546579 -0.557684 -0.442316 0.570545 2.73706
33.6966 0.549316 -0.557684 -0.442316 0.516223 2.74531

33.6914 0.555384 -0.541749 -0.458251 0.393696 2.74994
33.6965 0.549316 -0.541749 -0.458251 0.516427 2.74526

33.6987 0.546553 -0.55863 -0.44137 0.571255 2.73694
33.7023 0.541992 -0.55863 -0.44137 0.643365 2.73433

33.7131 0.527344 -0.584765 -0.415235 0.926616 2.69088
33.7079 0.534668 -0.584765 -0.415235 0.77883 2.71492

33.7061 0.537083 -0.578621 -0.421379 0.736828 2.71483
33.7078 0.534668 -0.578621 -0.421379 0.779438 2.71443

33.6475 0.595965 -0.404007 -0.595993 -0.763106 2.48281
33.6406 0.600586 -0.404007 -0.595993 -0.900914 2.39727

33.6328 0.605412 -0.380633 -0.619367 -1.08803 2.29497
33.6401 0.60091 -0.380633 -0.619367 -0.910659 2.39634

33.6401 0.600909 -0.392297 -0.607703 -0.910605 2.39634
33.6406 0.600586 -0.392297 -0.607703 -0.900868 2.39723

33.6548 0.590544 -0.426309 -0.573691 -0.556656 2.58613
33.6511 0.593262 -0.426309 -0.573691 -0.652587 2.54947

33.6475 0.595903 -0.423543 -0.576457 -0.75988 2.48246
33.6511 0.593262 -0.423543 -0.576457 -0.652026 2.54793

33.6548 0.590487 -0.447269 -0.552731 -0.554482 2.58631
33.6604 0.585938 -0.447269 -0.552731 -0.406978 2.62672

33.8322 0 -0.995417 -0.00458284 2.77348 0
33.8322 0.0146484 -0.995417 -0.00458284 2.77753 0.0537805

33.8322 0.0146484 -0.986263 -0.0137373 2.77753 0.0537806
33.832 0.0292969 -0.986263 -0.0137373 2.78045 0.110045

33.832 0.0292969 -0.977361 -0.0226391 2.78046 0.110045
33.8316 0.0439453 -0.977361 -0.0226391 2.77839 0.16309

33.8316 0.0439453 -0.96888 -0.03112 2.7784 0.16309
33.8312 0.0585938 -0.96888 -0.03112 2.77632 0.217933

33.8312 0.0585938 -0.960503 -0.0394972 2.77631 0.217933
33.8306 0.0732422 -0.960503 -0.0394972 2.77333 0.277484

33.8306 0.0732422 -0.952057 -0.0479433 2.77332 0.277484
33.8298 0.0878906 -0.952057 -0.0479433 2.76807 0.337973

33.8298 0.0878906 -0.943786 -0.0562144 2.76808 0.337972
33.829 0.102539 -0.943786 -0.0562144 2.76162 0.400367

33.829 0.102539 -0.935902 -0.0640981 2.76163 0.400366
33.828 0.117188 -0.935902 -0.0640981 2.75151 0.463824

33.828 0.117188 -0.927889 -0.0721112 2.75149 0.463827
33.8268 0.131836 -0.927889 -0.0721112 2.73613 0.525562

33.8268 0.131836 -0.919431 -0.0805687 2.73611 0.525564
33.8255 0.146484 -0.919431 -0.0805687 2.7205 0.587207

33.8232 0.169069 -0.902205 -0.0977953 2.70045 0.684349
33.8225 0.175781 -0.902205 -0.0977953 2.69417 0.713192

33.8255 0.146484 -0.910825 -0.0891752 2.72049 0.587207
33.8241 0.161133 -0.910825 -0.0891752 2.70684 0.650009

33.8232 0.16904 -0.902205 -0.0977953 2.70051 0.684224
33.8241 0.161133 -0.902205 -0.0977953 2.70685 0.650009

33.8225 0.175781 -0.893534 -0.106466 2.69418 0.713191
33.8208 0.19043 -0.893534 -0.106466 2.68288 0.778619

33.8208 0.19043 -0.884883 -0.115117 2.68287 0.778619
33.8189 0.205078 -0.884883 -0.115117 2.66437 0.846084

33.8189 0.205078 -0.8762 -0.1238 2.66435 0.846084
33.8168 0.219727 -0.8762 -0.1238 2.63994 0.913272

33.8159 0.225486 -0.869656 -0.130344 2.63317 0.941674
33.8157 0.227051 -0.869656 -0.130344 2.63204 0.949278

33.8157 0.227051 -0.865438 -0.134562 2.63202 0.949277
33.8145 0.234375 -0.865438 -0.134562 2.61872 0.985221

33.8159 0.225518 -0.869656 -0.130344 2.6331 0.941829
33.8168 0.219727 -0.869656 -0.130344 2.64002 0.913272

33.8086 0.26892 -0.843755 -0.156245 2.54675 1.15298
33.8082 0.270996 -0.843755 -0.156245 2.54352 1.16301

33.8082 0.270996 -0.838743 -0.161257 2.54352 1.16301
33.8068 0.27832 -0.838743 -0.161257 2.53705 1.20194

33.8068 0.27832 -0.833547 -0.166453 2.53706 1.20194
33.8053 0.285645 -0.833547 -0.166453 2.52896 1.24496

33.8053 0.285645 -0.828563 -0.171437 2.52896 1.24497
33.8038 0.292969 -0.828563 -0.171437 2.50839 1.28491

33.8013 0.304751 -0.818697 -0.181303 2.47207 1.34698
33.8006 0.307617 -0.818697 -0.181303 2.46485 1.36219

33.8038 0.292969 -0.823671 -0.176329 2.50839 1.28491
33.8023 0.300293 -0.823671 -0.176329 2.48448 1.32284

33.8013 0.304731 -0.818697 -0.181303 2.47216 1.34688
33.8023 0.300293 -0.818697 -0.181303 2.48449 1.32284

33.8006 0.307617 -0.81351 -0.18649 2.46487 1.36219
33.799 0.314941 -0.81351 -0.18649 2.45085 1.40344

33.799 0.314941 -0.808162 -0.191838 2.45085 1.40344
33.7972 0.322266 -0.808162 -0.191838 2.43461 1.44589

33.7939 0.335433 -0.797978 -0.202022 2.38181 1.52158
33.7936 0.336914 -0.797978 -0.202022 2.37477 1.53004

33.7936 0.336914 -0.792871 -0.207129 2.37483 1.53005
33.7917 0.344238 -0.792871 -0.207129 2.34739 1.57271

33.7917 0.344238 -0.78737 -0.21263 2.34737 1.5727
33.7897 0.351562 -0.78737 -0.21263 2.32701 1.61467

33.7972 0.322266 -0.802961 -0.197039 2.43462 1.44589
33.7954 0.32959 -0.802961 -0.197039 2.40621 1.48731

33.7939 0.335399 -0.797978 -0.202022 2.38207 1.5214
33.7954 0.32959 -0.797978 -0.202022 2.40623 1.48731

33.8145 0.234375 -0.861047 -0.138953 2.61871 0.985221
33.8134 0.241699 -0.861047 -0.138953 2.6067 1.01975

33.8134 0.241699 -0.856599 -0.143401 2.60671 1.01975
33.8121 0.249023 -0.856599 -0.143401 2.60427 1.0559

33.8121 0.249023 -0.852403 -0.147597 2.60427 1.0559
33.8109 0.256348 -0.852403 -0.147597 2.58917 1.09409

33.8109 0.256348 -0.848208 -0.151792 2.58917 1.09409
33.8096 0.263672 -0.848208 -0.151792 2.56313 1.12882

33.8086 0.2689 -0.843755 -0.156245 2.54682 1.15289
33.8096 0.263672 -0.843755 -0.156245 2.56313 1.12882

33.7793 0.386407 -0.757789 -0.242211 2.18974 1.8225
33.7787 0.388184 -0.757789 -0.242211 2.17903 1.83348

33.7787 0.388184 -0.75171 -0.24829 2.17912 1.8335
33.7763 0.395508 -0.75171 -0.24829 2.14092 1.88019

33.772 0.40803 -0.738884 -0.261116 2.07525 1.95336
33.7712 0.410156 -0.738884 -0.261116 2.06109 1.96606

33.7763 0.395508 -0.745328 -0.254672 2.1409 1.88019
33.7738 0.402832 -0.745328 -0.254672 2.10323 1.92192

33.772 0.407993 -0.738884 -0.261116 2.07565 1.95315
33.7738 0.402832 -0.738884 -0.261116 2.10327 1.92191

33.7866 0.362387 -0.775859 -0.224141 2.28916 1.67601
33.7855 0.366211 -0.775859 -0.224141 2.27388 1.69821

33.7897 0.351562 -0.78162 -0.21838 2.32701 1.61468
33.7876 0.358887 -0.78162 -0.21838 2.30137 1.65445

33.7866 0.362364 -0.775859 -0.224141 2.2893 1.67587
33.7876 0.358887 -0.775859 -0.224141 2.3014 1.65445

33.7855 0.366211 -0.769918 -0.230082 2.27389 1.69821
33.7833 0.373535 -0.769918 -0.230082 2.24732 1.74261

33.7833 0.373535 -0.763791 -0.236209 2.24732 1.74261
33.7811 0.380859 -0.763791 -0.236209 2.21678 1.78668

33.7793 0.386368 -0.757789 -0.242211 2.19012 1.82228
33.7811 0.380859 -0.757789 -0.242211 2.21682 1.78668

33.7646 0.427648 -0.717965 -0.282035 1.9569 2.07193
33.7629 0.432129 -0.717965 -0.282035 1.92958 2.10086

33.7629 0.432129 -0.710583 -0.289417 1.92959 2.10086
33.7599 0.439453 -0.710583 -0.289417 1.88168 2.15082

33.7712 0.410156 -0.732244 -0.267756 2.06117 1.96607
33.7685 0.41748 -0.732244 -0.267756 2.01927 2.01418

33.7685 0.41748 -0.72516 -0.27484 2.01925 2.01418
33.7658 0.424805 -0.72516 -0.27484 1.97449 2.0539

33.7646 0.427626 -0.717965 -0.282035 1.95714 2.07178
33.7658 0.424805 -0.717965 -0.282035 1.97455 2.05389

33.7573 0.445603 -0.702966 -0.297034 1.8367 2.18857
33.7568 0.446777 -0.702966 -0.297034 1.82556 2.19587

33.7568 0.446777 -0.695097 -0.304903 1.82575 2.19587
33.7536 0.454102 -0.695097 -0.304903 1.765 2.24812

33.7573 0.445551 -0.702966 -0.297034 1.83746 2.18825
33.7599 0.439453 -0.702966 -0.297034 1.88172 2.15081

33.7536 0.454102 -0.687032 -0.312968 1.765 2.24812
33.7503 0.461426 -0.687032 -0.312968 1.70104 2.2845

33.75 0.461979 -0.678774 -0.321226 1.69568 2.28773
33.7503 0.461426 -0.678774 -0.321226 1.70106 2.2845

