3.77197 0.466068 -0.287779 -0.712221 -0.0620575 0.274657
3.76533 0.46875 -0.287779 -0.712221 -0.0687635 0.267295

3.77197 0.466068 -0.297326 -0.702674 -0.0620578 0.274657
3.7793 0.462969 -0.297326 -0.702674 -0.0506455 0.282651

3.78662 0.459745 -0.30678 -0.69322 -0.0411962 0.288102
3.78282 0.461426 -0.30678 -0.69322 -0.0467566 0.283531

3.7793 0.462951 -0.30678 -0.69322 -0.0505486 0.282638
3.78274 0.461426 -0.30678 -0.69322 -0.0466546 0.283486

3.78662 0.459729 -0.316194 -0.683806 -0.0411289 0.288107
3.79395 0.456343 -0.316194 -0.683806 -0.0326041 0.295805

3.80127 0.45284 -0.325565 -0.674435 -0.0234494 0.299714
3.79866 0.454102 -0.325565 -0.674435 -0.0280595 0.29847

3.80127 0.452809 -0.33489 -0.66511 -0.0233202 0.299718
3.80859 0.449121 -0.33489 -0.66511 -0.0126293 0.306438

3.79395 0.456325 -0.325565 -0.674435 -0.0325079 0.295785
3.79855 0.454102 -0.325565 -0.674435 -0.0280348 0.298426

3.83057 0.437126 -0.362681 -0.637319 0.0205484 0.322995
3.82648 0.439453 -0.362681 -0.637319 0.0127853 0.317573

3.83057 0.437109 -0.371884 -0.628116 0.0206181 0.323004
3.83789 0.432773 -0.371884 -0.628116 0.0311929 0.32493

3.81592 0.44531 -0.34418 -0.65582 -0.00131986 0.312117
3.81312 0.446777 -0.34418 -0.65582 -0.00614595 0.309948

3.80859 0.449101 -0.34418 -0.65582 -0.0125266 0.306423
3.81302 0.446777 -0.34418 -0.65582 -0.006103 0.309874

3.81592 0.445279 -0.353443 -0.646557 -0.00119391 0.312119
3.82324 0.441275 -0.353443 -0.646557 0.00847503 0.316397

3.82324 0.441253 -0.362681 -0.637319 0.00859062 0.31638
3.82641 0.439453 -0.362681 -0.637319 0.0129019 0.317516

3.85254 0.423634 -0.38916 -0.61084 0.0520443 0.332434
3.8507 0.424805 -0.38916 -0.61084 0.0494542 0.332602

3.84521 0.428266 -0.381086 -0.618914 0.0391615 0.328652
3.83894 0.432129 -0.381086 -0.618914 0.032177 0.32432

3.83789 0.432759 -0.377225 -0.622775 0.0312514 0.324915
3.83893 0.432129 -0.377225 -0.622775 0.0321936 0.324319

3.84521 0.428247 -0.390299 -0.609701 0.0392609 0.328635
3.85059 0.424805 -0.390299 -0.609701 0.0495718 0.3326

3.85254 0.423579 -0.399547 -0.600453 0.0522603 0.332424
3.85986 0.418705 -0.399547 -0.600453 0.0602525 0.332463

3.86719 0.413647 -0.408808 -0.591192 0.068153 0.337917
3.86164 0.41748 -0.408808 -0.591192 0.0620737 0.332667

3.85986 0.418675 -0.40197 -0.59803 0.0603768 0.332433
3.86164 0.41748 -0.40197 -0.59803 0.0620777 0.332665

3.94043 0.350715 -0.510343 -0.489657 0.204952 0.363975
3.93962 0.351562 -0.510343 -0.489657 0.202987 0.364259

3.95508 0.334718 -0.532634 -0.467366 0.227245 0.35687
3.95315 0.336914 -0.532634 -0.467366 0.223506 0.357049

3.94775 0.342867 -0.520869 -0.479131 0.215281 0.358203
3.94649 0.344238 -0.520869 -0.479131 0.213935 0.359433

3.94043 0.350647 -0.514932 -0.485068 0.20519 0.363987
3.94647 0.344238 -0.514932 -0.485068 0.21397 0.359435

3.94775 0.342838 -0.525127 -0.474873 0.215346 0.358179
3.95311 0.336914 -0.525127 -0.474873 0.223541 0.357067

3.96973 0.317227 -0.55332 -0.44668 0.259034 0.350447
3.96566 0.322266 -0.55332 -0.44668 0.249447 0.353711

3.98438 0.298044 -0.585662 -0.414338 0.288944 0.343504
3.98278 0.300293 -0.585662 -0.414338 0.283997 0.344871

3.98274 0.300293 -0.572035 -0.427965 0.284049 0.34493
3.97726 0.307617 -0.572035 -0.427965 0.272286 0.345937

3.97705 0.307884 -0.562643 -0.437357 0.272093 0.346033
3.97156 0.314941 -0.562643 -0.437357 0.26305 0.349228

3.96973 0.317228 -0.558373 -0.441627 0.259033 0.350447
3.97153 0.314941 -0.558373 -0.441627 0.263111 0.349213

3.97705 0.307883 -0.567471 -0.432529 0.272095 0.346032
3.97725 0.307617 -0.567471 -0.432529 0.272293 0.345936

3.9624 0.32615 -0.545563 -0.454437 0.242859 0.353703
3.95954 0.32959 -0.545563 -0.454437 0.236815 0.354816

3.95508 0.334678 -0.536368 -0.463632 0.227343 0.356882
3.95948 0.32959 -0.536368 -0.463632 0.236883 0.354823

3.9624 0.326169 -0.549543 -0.450457 0.242808 0.353707
3.9656 0.322266 -0.549543 -0.450457 0.249573 0.353651

3.87451 0.408441 -0.414687 -0.585313 0.0820114 0.344027
3.87209 0.410156 -0.414687 -0.585313 0.0777439 0.341744

3.87451 0.408384 -0.427355 -0.572645 0.0822461 0.344024
3.88184 0.402918 -0.427355 -0.572645 0.0935454 0.346218

3.89648 0.391352 -0.446146 -0.553854 0.116129 0.357692
3.89132 0.395508 -0.446146 -0.553854 0.10706 0.351751

3.88916 0.397242 -0.436712 -0.563288 0.103045 0.349377
3.88195 0.402832 -0.436712 -0.563288 0.0936763 0.346182

3.88184 0.402918 -0.431921 -0.568079 0.0935471 0.346217
3.88195 0.402832 -0.431921 -0.568079 0.0936779 0.346182

3.88916 0.397209 -0.44114 -0.55886 0.103195 0.349349
3.89132 0.395508 -0.44114 -0.55886 0.107078 0.351733

3.91113 0.378878 -0.466672 -0.533328 0.143904 0.364986
3.90887 0.380859 -0.466672 -0.533328 0.139275 0.363443

3.92578 0.365379 -0.488958 -0.511042 0.175753 0.367349
3.92491 0.366211 -0.488958 -0.511042 0.173752 0.367671

3.91846 0.372253 -0.478274 -0.521726 0.159057 0.367168
3.91706 0.373535 -0.478274 -0.521726 0.156111 0.367084

3.91113 0.378824 -0.474154 -0.525846 0.1441 0.364984
3.917 0.373535 -0.474154 -0.525846 0.15619 0.36706

3.91846 0.372203 -0.484311 -0.515689 0.159244 0.367149
3.92484 0.366211 -0.484311 -0.515689 0.173858 0.367678

3.90381 0.385254 -0.453524 -0.546476 0.12952 0.361467
3.90028 0.388184 -0.453524 -0.546476 0.123544 0.359886

3.89648 0.391285 -0.449921 -0.550079 0.116451 0.357596
3.90028 0.388184 -0.449921 -0.550079 0.123545 0.359886

3.90381 0.385177 -0.462963 -0.537037 0.129781 0.361458
3.90882 0.380859 -0.462963 -0.537037 0.139333 0.363406

3.86719 0.41362 -0.418059 -0.581941 0.0682979 0.337883
3.87201 0.410156 -0.418059 -0.581941 0.0778381 0.341662

3.93311 0.358171 -0.499576 -0.500424 0.187699 0.364085
3.93239 0.358887 -0.499576 -0.500424 0.18659 0.364183

3.92578 0.365314 -0.494175 -0.505825 0.176006 0.367329
3.93236 0.358887 -0.494175 -0.505825 0.186636 0.364169

3.93311 0.358144 -0.505043 -0.494957 0.187785 0.364068
3.93956 0.351562 -0.505043 -0.494957 0.203061 0.364292

4.08062 0 -0.985795 -0.0142052 0.536448 0
4.08041 0.0146484 -0.985795 -0.0142052 0.531034 0.0298985

4.08038 0.0146484 -0.965452 -0.0345483 0.531186 0.0299261
4.08011 0.0219727 -0.965452 -0.0345483 0.533089 0.0494048

4.08012 0.0219727 -0.952725 -0.0472749 0.533072 0.0493957
4.07975 0.0292969 -0.952725 -0.0472749 0.541286 0.0718944

4.07959 0.0318326 -0.939523 -0.0604772 0.542271 0.080267
4.07928 0.0366211 -0.939523 -0.0604772 0.539925 0.0841631

4.07928 0.0366211 -0.926554 -0.0734463 0.539924 0.0841625
4.0787 0.0439453 -0.926554 -0.0734463 0.528953 0.0878114

4.07959 0.0318298 -0.939523 -0.0604772 0.542271 0.0802587
4.07975 0.0292969 -0.939523 -0.0604772 0.541286 0.0718941

4.0787 0.0439453 -0.913804 -0.0861956 0.528953 0.0878116
4.07801 0.0512695 -0.913804 -0.0861956 0.510619 0.0946766

4.07801 0.0512695 -0.901008 -0.0989923 0.510614 0.0946782
4.07721 0.0585938 -0.901008 -0.0989923 0.495808 0.0999829

4.07227 0.0913695 -0.844265 -0.155735 0.492586 0.127005
4.07156 0.0952148 -0.844265 -0.155735 0.491189 0.136964

4.07155 0.0952148 -0.834923 -0.165077 0.4912 0.136974
4.0701 0.102539 -0.834923 -0.165077 0.492306 0.14115

4.07014 0.102539 -0.819287 -0.180713 0.492217 0.141121
4.06691 0.117188 -0.819287 -0.180713 0.488693 0.159402

4.0772 0.0585938 -0.888792 -0.111208 0.495813 0.0999819
4.07629 0.065918 -0.888792 -0.111208 0.497757 0.105838

4.07629 0.065918 -0.878105 -0.121895 0.497764 0.105839
4.07527 0.0732422 -0.878105 -0.121895 0.496107 0.110786

4.07531 0.0732422 -0.860846 -0.139154 0.496015 0.110781
4.07294 0.0878906 -0.860846 -0.139154 0.492948 0.123789

4.07227 0.0912303 -0.839519 -0.160481 0.492665 0.126892
4.0729 0.0878906 -0.839519 -0.160481 0.493028 0.123809

4.04297 0.192298 -0.709102 -0.290898 0.416379 0.255972
4.04073 0.197754 -0.709102 -0.290898 0.407275 0.26819

4.04073 0.197754 -0.699836 -0.300164 0.407281 0.268195
4.03759 0.205078 -0.699836 -0.300164 0.396484 0.274397

4.02832 0.225039 -0.672487 -0.327513 0.375509 0.288474
4.02734 0.227051 -0.672487 -0.327513 0.372317 0.290238

4.02732 0.227051 -0.663455 -0.336545 0.372365 0.290249
4.0236 0.234375 -0.663455 -0.336545 0.361788 0.296611

4.03564 0.209437 -0.690625 -0.309375 0.3925 0.27906
4.03432 0.212402 -0.690625 -0.309375 0.388461 0.280374

4.03431 0.212402 -0.681525 -0.318475 0.388478 0.280377
4.03088 0.219727 -0.681525 -0.318475 0.378688 0.284209

4.03564 0.209396 -0.690625 -0.309375 0.392585 0.279047
4.03758 0.205078 -0.690625 -0.309375 0.396501 0.274395

4.02832 0.224973 -0.672487 -0.327513 0.375682 0.288432
4.03088 0.219727 -0.672487 -0.327513 0.378711 0.284204

4.06494 0.125108 -0.794362 -0.205638 0.487379 0.170465
4.0632 0.131836 -0.794362 -0.205638 0.485257 0.183946

4.06687 0.117188 -0.804247 -0.195753 0.488786 0.159431
4.06509 0.124512 -0.804247 -0.195753 0.487071 0.169563

4.06494 0.125106 -0.794362 -0.205638 0.48738 0.170462
4.0651 0.124512 -0.794362 -0.205638 0.487051 0.169558

4.06322 0.131836 -0.779485 -0.220515 0.485184 0.183923
4.05908 0.146484 -0.779485 -0.220515 0.474807 0.212709

4.05762 0.151191 -0.765281 -0.234719 0.468016 0.222466
4.05681 0.153809 -0.765281 -0.234719 0.464352 0.225956

4.05681 0.153809 -0.755876 -0.244124 0.464372 0.225974
4.05444 0.161133 -0.755876 -0.244124 0.455498 0.236058

4.05029 0.173137 -0.737031 -0.262969 0.441114 0.246548
4.04935 0.175781 -0.737031 -0.262969 0.436665 0.2486

4.05444 0.161133 -0.746451 -0.253549 0.455496 0.236056
4.05195 0.168457 -0.746451 -0.253549 0.447272 0.242591

4.05029 0.1731 -0.737031 -0.262969 0.441197 0.246527
4.05195 0.168457 -0.737031 -0.262969 0.44728 0.242591

4.05762 0.151146 -0.765281 -0.234719 0.468112 0.222438
4.05905 0.146484 -0.765281 -0.234719 0.474903 0.212786

4.04934 0.175781 -0.727684 -0.272316 0.436678 0.248605
4.0466 0.183105 -0.727684 -0.272316 0.424843 0.254353

4.0466 0.183105 -0.71838 -0.28162 0.424841 0.254354
4.04373 0.19043 -0.71838 -0.28162 0.419138 0.254154

4.04297 0.192238 -0.704334 -0.295666 0.416524 0.255918
4.04373 0.19043 -0.704334 -0.295666 0.419144 0.254154

4.01367 0.252624 -0.636351 -0.363649 0.343241 0.309152
4.01154 0.256348 -0.636351 -0.363649 0.337558 0.312844

4.01153 0.256348 -0.627328 -0.372672 0.337577 0.312866
4.00718 0.263672 -0.627328 -0.372672 0.328206 0.315186

3.99902 0.276704 -0.611092 -0.388908 0.315739 0.325352
3.99799 0.27832 -0.611092 -0.388908 0.313028 0.325994

3.9917 0.287644 -0.590681 -0.409319 0.300914 0.331999
3.98801 0.292969 -0.590681 -0.409319 0.295111 0.338445

3.99796 0.27832 -0.599962 -0.400038 0.313073 0.326018
3.99308 0.285645 -0.599962 -0.400038 0.302387 0.330366

3.9917 0.287647 -0.596558 -0.403442 0.300908 0.332001
3.99305 0.285645 -0.596558 -0.403442 0.302439 0.330365

4.00635 0.265023 -0.618265 -0.381735 0.327191 0.31602
4.00266 0.270996 -0.618265 -0.381735 0.32125 0.322266

3.99902 0.27665 -0.609171 -0.390829 0.315878 0.325357
4.00265 0.270996 -0.609171 -0.390829 0.321272 0.322262

4.00635 0.26502 -0.621241 -0.378759 0.327197 0.316018
4.00717 0.263672 -0.621241 -0.378759 0.328225 0.315183

4.021 0.23934 -0.65443 -0.34557 0.358438 0.298846
4.01975 0.241699 -0.65443 -0.34557 0.355299 0.299984

4.01974 0.241699 -0.645384 -0.354616 0.355317 0.299986
4.01571 0.249023 -0.645384 -0.354616 0.34593 0.304467

4.021 0.239301 -0.65443 -0.34557 0.358518 0.298831
4.0236 0.234375 -0.65443 -0.34557 0.361802 0.296606

4.01367 0.252568 -0.636351 -0.363649 0.343355 0.309094
4.0157 0.249023 -0.636351 -0.363649 0.345966 0.304475

3.98438 0.297991 -0.581405 -0.418595 0.289102 0.343518
3.98799 0.292969 -0.581405 -0.418595 0.295153 0.338449

3.75 0.474534 -0.268359 -0.731641 -0.0876472 0.251899
3.75732 0.471848 -0.268359 -0.731641 -0.0788329 0.26482

3.75732 0.471848 -0.278127 -0.721873 -0.0788359 0.26482
3.76465 0.469026 -0.278127 -0.721873 -0.0692649 0.267617

3.76465 0.469022 -0.287779 -0.712221 -0.0692441 0.267614
3.76532 0.46875 -0.287779 -0.712221 -0.0687483 0.267299

