8.37891 0.453186 -0.571074 -0.428926 0.854948 2.0421
8.37822 0.454102 -0.571074 -0.428926 0.842561 2.04571

8.37158 0.462504 -0.549895 -0.450105 0.732542 2.0537
8.36647 0.46875 -0.549895 -0.450105 1e+30 1e+30

8.37819 0.454102 -0.561167 -0.438833 0.842751 2.04582
8.37246 0.461426 -0.561167 -0.438833 0.745653 2.05411

8.37158 0.462497 -0.555113 -0.444887 0.732659 2.05369
8.37244 0.461426 -0.555113 -0.444887 0.745771 2.05406

8.4375 0.355186 -0.680927 -0.319073 1e+30 1e+30
8.43577 0.358887 -0.680927 -0.319073 1.60721 1.63784

8.43576 0.358887 -0.673692 -0.326308 1.60725 1.63786
8.43221 0.366211 -0.673692 -0.326308 1.55852 1.67095

8.43018 0.370302 -0.666078 -0.333922 1.53471 1.68838
8.42855 0.373535 -0.666078 -0.333922 1.50899 1.70183

8.42855 0.373535 -0.658191 -0.341809 1.50906 1.70186
8.42474 0.380859 -0.658191 -0.341809 1.45961 1.73378

8.43018 0.370259 -0.666078 -0.333922 1.53522 1.68827
8.43221 0.366211 -0.666078 -0.333922 1.55859 1.67096

8.42285 0.384389 -0.650508 -0.349492 1.44413 1.75277
8.42081 0.388184 -0.650508 -0.349492 1.42004 1.77283

8.42081 0.388184 -0.642919 -0.357081 1.42008 1.77285
8.41674 0.395508 -0.642919 -0.357081 1.36699 1.79913

8.41553 0.397628 -0.634771 -0.365229 1.35258 1.80634
8.41253 0.402832 -0.634771 -0.365229 1.31365 1.83114

8.4082 0.410081 -0.626081 -0.373919 1.2384 1.84917
8.41253 0.402832 -0.626081 -0.373919 1.31366 1.83114

8.41553 0.397602 -0.634771 -0.365229 1.35289 1.80625
8.41673 0.395508 -0.634771 -0.365229 1.36706 1.79913

8.42285 0.384355 -0.650508 -0.349492 1.44443 1.75263
8.42473 0.380859 -0.650508 -0.349492 1.45972 1.73381

8.39355 0.432839 -0.590289 -0.409711 1.03193 1.9694
8.38896 0.439453 -0.590289 -0.409711 0.956484 1.98368

8.40088 0.421766 -0.608966 -0.391034 1.17672 1.92504
8.39893 0.424805 -0.608966 -0.391034 1.14815 1.9541

8.40816 0.410156 -0.617197 -0.382803 1.23748 1.84933
8.40362 0.41748 -0.617197 -0.382803 1.18389 1.88377

8.40088 0.421716 -0.608966 -0.391034 1.17744 1.92489
8.4036 0.41748 -0.608966 -0.391034 1.18407 1.88389

8.39892 0.424805 -0.600225 -0.399775 1.14821 1.95418
8.39404 0.432129 -0.600225 -0.399775 1.04532 1.96941

8.39355 0.432824 -0.597466 -0.402534 1.03225 1.96939
8.39402 0.432129 -0.597466 -0.402534 1.04539 1.96938

8.38623 0.443247 -0.581047 -0.418953 0.944016 1.99986
8.38368 0.446777 -0.581047 -0.418953 0.91488 2.01867

8.37891 0.453114 -0.571353 -0.428647 0.856259 2.04201
8.38366 0.446777 -0.571353 -0.428647 0.915008 2.01883

8.38623 0.443219 -0.581525 -0.418475 0.944343 1.99984
8.38894 0.439453 -0.581525 -0.418475 0.956704 1.98368

7.96875 0.506639 0.461437 -0.538563 0.521683 -1.61611
7.97582 0.512695 0.461437 -0.538563 0.428958 -1.61242

7.97573 0.512695 0.455433 -0.544567 0.42927 -1.61177
7.97607 0.512986 0.455433 -0.544567 0.425818 -1.61217

7.97607 0.512921 0.44864 -0.55136 0.426329 -1.61264
7.9834 0.51888 0.44864 -0.55136 0.341665 -1.63541

7.9834 0.518854 0.43618 -0.56382 0.341985 -1.63564
7.98491 0.52002 0.43618 -0.56382 0.320993 -1.64126

7.98488 0.52002 0.435261 -0.564739 0.32113 -1.64095
7.99072 0.524526 0.435261 -0.564739 0.226214 -1.6311

7.99072 0.524495 0.42159 -0.57841 0.226606 -1.63142
7.99463 0.527344 0.42159 -0.57841 0.167213 -1.61203

7.99454 0.527344 0.41906 -0.58094 0.167571 -1.61194
7.99805 0.529875 0.41906 -0.58094 0.117146 -1.59886

7.99805 0.529855 0.408246 -0.591754 0.117444 -1.599
8.00502 0.534668 0.408246 -0.591754 0.0276891 -1.58367

8.00491 0.534668 0.399558 -0.600442 0.0281239 -1.58308
8.00537 0.534974 0.399558 -0.600442 0.022483 -1.58352

8.00537 0.534912 0.394286 -0.605714 0.0232616 -1.58392
8.0127 0.53968 0.394286 -0.605714 -0.0818278 -1.56226

8.0127 0.539651 0.38012 -0.61988 -0.0814166 -1.56256
8.01651 0.541992 0.38012 -0.61988 -0.136341 -1.53169

8.01643 0.541992 0.38012 -0.61988 -0.136049 -1.53186
8.02002 0.544192 0.38012 -0.61988 -0.182832 -1.51042

8.02002 0.544169 0.365535 -0.634465 -0.182487 -1.51057
8.02734 0.548389 0.365535 -0.634465 -0.27372 -1.48595

8.02734 0.54837 0.350322 -0.649678 -0.273411 -1.48609
8.0291 0.549316 0.350322 -0.649678 -0.295378 -1.48484

8.02906 0.549316 0.350322 -0.649678 -0.295233 -1.48473
8.03467 0.55234 0.350322 -0.649678 -0.380167 -1.44106

8.03467 0.552335 0.334696 -0.665304 -0.380083 -1.44109
8.04199 0.55602 0.334696 -0.665304 -0.475155 -1.38437

8.04199 0.556006 0.318616 -0.681384 -0.474912 -1.38445
8.04335 0.556641 0.318616 -0.681384 -0.490368 -1.38174

8.04332 0.556641 0.318616 -0.681384 -0.490274 -1.38173
8.04932 0.559444 0.318616 -0.681384 -0.573828 -1.33477

8.04932 0.559441 0.302203 -0.697797 -0.573768 -1.33478
8.05664 0.562613 0.302203 -0.697797 -0.668911 -1.25111

8.05664 0.562597 0.285453 -0.714547 -0.668611 -1.25122
8.06007 0.563965 0.285453 -0.714547 -0.705626 -1.22283

8.06 0.563965 0.285453 -0.714547 -0.705392 -1.22319
8.06396 0.565548 0.285453 -0.714547 -0.75344 -1.19241

8.06396 0.565539 0.267898 -0.732102 -0.753257 -1.19244
8.07129 0.568219 0.267898 -0.732102 -0.844041 -1.11107

8.07129 0.568219 0.249085 -0.750915 -0.844032 -1.11108
8.07861 0.570648 0.249085 -0.750915 -0.919274 -1.02766

8.07861 0.570638 0.229834 -0.770166 -0.919067 -1.0277
8.08079 0.571289 0.229834 -0.770166 -0.941183 -1.01154

8.08076 0.571289 0.229834 -0.770166 -0.941051 -1.01174
8.08594 0.572834 0.229834 -0.770166 -1.00013 -0.959821

8.08594 0.572832 0.20993 -0.79007 -1.00008 -0.959828
8.09326 0.574778 0.20993 -0.79007 -1.08866 -0.864864

8.09326 0.574777 0.189044 -0.810956 -1.08862 -0.864867
8.10059 0.576484 0.189044 -0.810956 -1.15095 -0.741216

8.10059 0.576483 0.167435 -0.832565 -1.15093 -0.741223
8.10791 0.577956 0.167435 -0.832565 -1.20532 -0.631527

8.10791 0.577956 0.144992 -0.855008 -1.20533 -0.631526
8.11178 0.578613 0.144992 -0.855008 -1.23328 -0.581197

8.1118 0.578613 0.144992 -0.855008 -1.23333 -0.581057
8.11523 0.579196 0.144992 -0.855008 -1.2606 -0.539014

8.11523 0.579199 0.121207 -0.878793 -1.26066 -0.539007
8.12256 0.580209 0.121207 -0.878793 -1.31571 -0.440647

8.12256 0.580209 0.0957411 -0.904259 -1.31571 -0.440647
8.12988 0.580984 0.0957411 -0.904259 -1.36484 -0.330113

8.12988 0.580984 0.0687839 -0.931216 -1.36483 -0.330114
8.13721 0.581525 0.0687839 -0.931216 -1.40425 -0.214572

8.13721 0.581524 0.0404515 -0.959549 -1.40422 -0.214573
8.14453 0.581833 0.0404515 -0.959549 -1.43076 -0.0917993

8.14453 0.581832 0.0107643 -0.989236 -1.43073 -0.0917998
8.15186 0.581912 0.0107643 -0.989236 -1.44199 0.0365439

8.15186 0.581912 -0.0197901 -0.98021 -1.44199 0.0365439
8.15918 0.581764 -0.0197901 -0.98021 -1.43883 0.165703

8.15918 0.581765 -0.0489374 -0.951063 -1.43886 0.165703
8.1665 0.581388 -0.0489374 -0.951063 -1.42532 0.291459

8.1665 0.581389 -0.0767991 -0.923201 -1.42535 0.291461
8.17383 0.58078 -0.0767991 -0.923201 -1.40613 0.412465

8.17383 0.580781 -0.103464 -0.896536 -1.40615 0.412466
8.18115 0.579935 -0.103464 -0.896536 -1.3826 0.526463

8.18115 0.579935 -0.128712 -0.871288 -1.38259 0.526462
8.18848 0.578853 -0.128712 -0.871288 -1.36287 0.624988

8.1958 0.577535 -0.152437 -0.847563 -1.33928 0.732377
8.1898 0.578613 -0.152437 -0.847563 -1.36046 0.641515

8.18848 0.578856 -0.152437 -0.847563 -1.36293 0.624988
8.18983 0.578613 -0.152437 -0.847563 -1.3605 0.641802

8.1958 0.577537 -0.17508 -0.82492 -1.33931 0.73237
8.20312 0.575982 -0.17508 -0.82492 1e+30 1e+30

