6.15234 0.553491 -0.163417 -0.836583 -1.01115 0.611842
6.15967 0.552061 -0.163417 -0.836583 -0.979869 0.687252

6.15967 0.552061 -0.18184 -0.81816 -0.979876 0.687253
6.16699 0.550433 -0.18184 -0.81816 -0.945642 0.749885

6.17432 0.548616 -0.199292 -0.800708 -0.916438 0.8102
6.1715 0.549316 -0.199292 -0.800708 -0.928645 0.786073

6.16699 0.550427 -0.199292 -0.800708 -0.945532 0.749884
6.17146 0.549316 -0.199292 -0.800708 -0.928663 0.785702

6.17432 0.54861 -0.215946 -0.784054 -0.916342 0.810211
6.18164 0.546592 -0.215946 -0.784054 -0.886773 0.890636

6.19629 0.541975 -0.247706 -0.752294 -0.786609 1.02711
6.19624 0.541992 -0.247706 -0.752294 -0.786875 1.02692

6.18164 0.546593 -0.23216 -0.76784 -0.886781 0.890633
6.18896 0.544378 -0.23216 -0.76784 -0.837375 0.977859

6.18896 0.544378 -0.247706 -0.752294 -0.837357 0.977858
6.19621 0.541992 -0.247706 -0.752294 -0.786843 1.02683

6.19629 0.541971 -0.263193 -0.736807 -0.786525 1.02711
6.20361 0.539354 -0.263193 -0.736807 -0.747286 1.09689

6.20361 0.539356 -0.278872 -0.721128 -0.747306 1.09688
6.21094 0.536523 -0.278872 -0.721128 -0.689911 1.17083

6.23291 0.526752 -0.323225 -0.676775 -0.511699 1.33156
6.23167 0.527344 -0.323225 -0.676775 -0.522061 1.32541

6.23291 0.526704 -0.337084 -0.662916 -0.510749 1.33161
6.24023 0.52298 -0.337084 -0.662916 -0.449092 1.39269

6.24756 0.519077 -0.350419 -0.649581 -0.363633 1.4362
6.24581 0.52002 -0.350419 -0.649581 -0.380616 1.43231

6.24023 0.52296 -0.350419 -0.649581 -0.44854 1.39267
6.24568 0.52002 -0.350419 -0.649581 -0.380429 1.43214

6.24756 0.51903 -0.363292 -0.636708 -0.362647 1.43628
6.25488 0.514851 -0.363292 -0.636708 -0.306619 1.45752

6.26221 0.510458 -0.37614 -0.62386 -0.241217 1.4906
6.2585 0.512695 -0.37614 -0.62386 -0.276159 1.46974

6.26221 0.510437 -0.38874 -0.61126 -0.240866 1.49065
6.26953 0.505779 -0.38874 -0.61126 -0.18961 1.50753

6.25488 0.514827 -0.37614 -0.62386 -0.306146 1.45749
6.25842 0.512695 -0.37614 -0.62386 -0.275885 1.46942

6.21826 0.533495 -0.294035 -0.705965 -0.634714 1.21685
6.21545 0.534668 -0.294035 -0.705965 -0.655904 1.19849

6.21094 0.536508 -0.294035 -0.705965 -0.689565 1.17081
6.21536 0.534668 -0.294035 -0.705965 -0.655912 1.198

6.21826 0.533475 -0.308923 -0.691077 -0.634358 1.2169
6.22559 0.530201 -0.308923 -0.691077 -0.580958 1.2811

6.22559 0.530187 -0.323225 -0.676775 -0.580603 1.28108
6.23154 0.527344 -0.323225 -0.676775 -0.521904 1.32483

6.28418 0.495718 -0.414139 -0.585861 -0.0614355 1.60157
6.28089 0.498047 -0.414139 -0.585861 -0.0960367 1.57217

6.2915 0.490325 -0.42835 -0.57165 0.0232456 1.63877
6.29097 0.490723 -0.42835 -0.57165 0.0173845 1.63805

6.28418 0.495672 -0.426663 -0.573337 -0.0606227 1.60168
6.29083 0.490723 -0.426663 -0.573337 0.0178425 1.63785

6.2915 0.490239 -0.438591 -0.561409 0.0248725 1.63876
6.29883 0.484517 -0.438591 -0.561409 0.0893334 1.64528

6.27686 0.50087 -0.401558 -0.598442 -0.141666 1.54008
6.27015 0.505371 -0.401558 -0.598442 -0.186236 1.50728

6.26953 0.505772 -0.392917 -0.607083 -0.189502 1.50752
6.27015 0.505371 -0.392917 -0.607083 -0.186251 1.50728

6.27686 0.500845 -0.414199 -0.585801 -0.141119 1.54004
6.28081 0.498047 -0.414199 -0.585801 -0.095896 1.57164

6.30615 0.478507 -0.45094 -0.54906 0.154853 1.66356
6.3002 0.483398 -0.45094 -0.54906 0.100694 1.64546

6.31348 0.472223 -0.461004 -0.538996 0.232691 1.68562
6.30897 0.476074 -0.461004 -0.538996 0.187881 1.67431

6.30615 0.478452 -0.45791 -0.54209 0.155886 1.66348
6.30897 0.476074 -0.45791 -0.54209 0.187909 1.67428

6.29883 0.484492 -0.445521 -0.554479 0.0897389 1.64523
6.30019 0.483398 -0.445521 -0.554479 0.100732 1.64545

6.31348 0.47213 -0.469951 -0.530049 0.23432 1.68536
6.31729 0.46875 -0.469951 -0.530049 0.270636 1.68871

