31.3477 0.577409 0.448293 -0.551707 0.436222 -1.94573
31.3491 0.578613 0.448293 -0.551707 0.406227 -1.95495

31.3491 0.578613 0.445507 -0.554493 0.406474 -1.95445
31.355 0.583331 0.445507 -0.554493 0.274616 -1.96974

31.355 0.583288 0.428342 -0.571658 0.275422 -1.9704
31.3585 0.585938 0.428342 -0.571658 0.192096 -1.96715

31.3584 0.585938 0.427084 -0.572916 0.193272 -1.96587
31.3623 0.588853 0.427084 -0.572916 0.0963725 -1.9488

31.3623 0.588826 0.413827 -0.586173 0.09689 -1.94917
31.3686 0.593262 0.413827 -0.586173 -0.0478433 -1.92226

31.3684 0.593262 0.404299 -0.595701 -0.0465295 -1.9215
31.3696 0.594069 0.404299 -0.595701 -0.0704717 -1.91709

31.3696 0.594014 0.396296 -0.603704 -0.0695486 -1.91781
31.377 0.598822 0.396296 -0.603704 -0.228693 -1.90045

31.377 0.598783 0.378093 -0.621907 -0.227814 -1.901
31.3799 0.600586 0.378093 -0.621907 -0.29505 -1.89123

31.3798 0.600586 0.378093 -0.621907 -0.294278 -1.89077
31.3843 0.603287 0.378093 -0.621907 -0.401693 -1.84622

31.3843 0.603273 0.358968 -0.641032 -0.40136 -1.84642
31.3916 0.607374 0.358968 -0.641032 -0.569056 -1.79771

31.3916 0.607362 0.338112 -0.661888 -0.568746 -1.79785
31.3927 0.60791 0.338112 -0.661888 -0.591771 -1.79613

31.3927 0.60791 0.338112 -0.661888 -0.591566 -1.79603
31.3989 0.611116 0.338112 -0.661888 -0.741466 -1.71746

31.3989 0.611109 0.31671 -0.68329 -0.741272 -1.71753
31.4062 0.614504 0.31671 -0.68329 -0.905645 -1.61999

31.7578 0.000358993 -0.99554 -0.00446027 2.76291 0.00134964
31.7577 0.0146484 -0.99554 -0.00446027 2.76415 0.0550738

31.7577 0.0146484 -0.986638 -0.0133622 2.76414 0.0550739
31.7576 0.0292969 -0.986638 -0.0133622 2.76012 0.109042

31.7576 0.0292969 -0.973766 -0.0262344 2.75989 0.109046
31.7568 0.0585938 -0.973766 -0.0262344 2.75149 0.219133

31.7568 0.0585938 -0.956715 -0.0432847 2.75143 0.219134
31.7555 0.0878906 -0.956715 -0.0432847 2.74262 0.336438

31.7554 0.0878906 -0.943976 -0.0560235 2.74291 0.336431
31.7546 0.102539 -0.943976 -0.0560235 2.73941 0.399133

31.7546 0.102539 -0.935559 -0.0644408 2.7394 0.399133
31.7536 0.117188 -0.935559 -0.0644408 2.73107 0.462441

31.7536 0.117188 -0.927203 -0.0727975 2.73107 0.462441
31.7524 0.131836 -0.927203 -0.0727975 2.71788 0.525626

31.7524 0.131836 -0.91887 -0.0811301 2.71787 0.525626
31.7511 0.146484 -0.91887 -0.0811301 2.70303 0.587541

31.7511 0.146484 -0.910364 -0.0896359 2.70301 0.587541
31.7497 0.161133 -0.910364 -0.0896359 2.69053 0.648251

31.7497 0.161133 -0.901821 -0.0981787 2.69053 0.648251
31.7481 0.175781 -0.901821 -0.0981787 2.67641 0.708892

31.7481 0.175781 -0.893356 -0.106644 2.6764 0.708893
31.7463 0.19043 -0.893356 -0.106644 2.66296 0.772295

31.7463 0.19043 -0.885008 -0.114992 2.66297 0.772295
31.7444 0.205078 -0.885008 -0.114992 2.64436 0.840655

31.7432 0.214188 -0.875117 -0.124883 2.62805 0.883854
31.7424 0.219727 -0.875117 -0.124883 2.62422 0.9096

31.7424 0.219727 -0.870471 -0.129529 2.62424 0.909603
31.7413 0.227051 -0.870471 -0.129529 2.62333 0.945421

31.7413 0.227051 -0.865885 -0.134115 2.62334 0.945423
31.7401 0.234375 -0.865885 -0.134115 2.61677 0.983695

31.7444 0.205078 -0.879012 -0.120988 2.64447 0.840665
31.7434 0.212402 -0.879012 -0.120988 2.63156 0.875569

31.7432 0.214084 -0.875117 -0.124883 2.62837 0.883386
31.7434 0.212402 -0.875117 -0.124883 2.63163 0.875578

31.7401 0.234375 -0.861511 -0.138489 2.61677 0.983695
31.739 0.241699 -0.861511 -0.138489 2.60327 1.02023

31.739 0.241699 -0.85716 -0.14284 2.60327 1.02023
31.7377 0.249023 -0.85716 -0.14284 2.58601 1.05395

31.7358 0.259964 -0.848324 -0.151676 2.56373 1.10651
31.7352 0.263672 -0.848324 -0.151676 2.55829 1.12498

31.7377 0.249023 -0.852829 -0.147171 2.58601 1.05395
31.7365 0.256348 -0.852829 -0.147171 2.57007 1.08856

31.7358 0.25995 -0.848324 -0.151676 2.56377 1.10644
31.7365 0.256348 -0.848324 -0.151676 2.57007 1.08856

31.7352 0.263672 -0.843633 -0.156367 2.5583 1.12498
31.7338 0.270996 -0.843633 -0.156367 2.54777 1.16259

31.7338 0.270996 -0.838972 -0.161028 2.54777 1.16259
31.7324 0.27832 -0.838972 -0.161028 2.53437 1.20092

31.7324 0.27832 -0.834438 -0.165562 2.53438 1.20092
31.731 0.285645 -0.834438 -0.165562 2.51227 1.23708

31.731 0.285645 -0.830052 -0.169948 2.51227 1.23708
31.7295 0.292969 -0.830052 -0.169948 2.48582 1.27281

31.7285 0.297452 -0.825584 -0.174416 2.47169 1.29564
31.7279 0.300293 -0.825584 -0.174416 2.46459 1.30933

31.7279 0.300293 -0.820598 -0.179402 2.46459 1.30933
31.7263 0.307617 -0.820598 -0.179402 2.45284 1.34773

31.7263 0.307617 -0.81528 -0.18472 2.45284 1.34773
31.7247 0.314941 -0.81528 -0.18472 2.44157 1.38864

31.7247 0.314941 -0.810117 -0.189883 2.44158 1.38864
31.7229 0.322266 -0.810117 -0.189883 2.41812 1.42666

31.7212 0.329509 -0.805081 -0.194919 2.39314 1.46633
31.7212 0.32959 -0.805081 -0.194919 2.39283 1.4668

31.7212 0.32959 -0.799832 -0.200168 2.39289 1.46681
31.7193 0.336914 -0.799832 -0.200168 2.37149 1.50954

31.7212 0.329476 -0.805081 -0.194919 2.39334 1.46614
31.7229 0.322266 -0.805081 -0.194919 2.41812 1.42666

31.7193 0.336914 -0.794182 -0.205818 2.37148 1.50954
31.7174 0.344238 -0.794182 -0.205818 2.35674 1.55268

31.7174 0.344238 -0.788427 -0.211573 2.35674 1.55268
31.7155 0.351562 -0.788427 -0.211573 2.33392 1.59807

31.7285 0.297431 -0.825584 -0.174416 2.47178 1.29555
31.7295 0.292969 -0.825584 -0.174416 2.48583 1.27281

31.6992 0.404342 -0.740878 -0.259122 2.10098 1.92041
31.6972 0.410156 -0.740878 -0.259122 2.06649 1.95912

31.6919 0.42459 -0.727578 -0.272422 1.97829 2.04523
31.6918 0.424805 -0.727578 -0.272422 1.97671 2.04655

31.6972 0.410156 -0.734368 -0.265632 2.06647 1.95911
31.6945 0.41748 -0.734368 -0.265632 2.02368 2.00481

31.6919 0.424538 -0.727578 -0.272422 1.9789 2.04491
31.6945 0.41748 -0.727578 -0.272422 2.02368 2.0048

31.6918 0.424805 -0.720632 -0.279368 1.9769 2.04656
31.689 0.432129 -0.720632 -0.279368 1.93089 2.09503

31.689 0.432129 -0.713344 -0.286656 1.93087 2.09503
31.686 0.439453 -0.713344 -0.286656 1.88312 2.13539

31.6846 0.442939 -0.705938 -0.294062 1.86144 2.1572
31.683 0.446777 -0.705938 -0.294062 1.8315 2.18035

31.683 0.446777 -0.698219 -0.301781 1.83153 2.18035
31.6798 0.454102 -0.698219 -0.301781 1.77415 2.22642

31.6772 0.459834 -0.690137 -0.309863 1.73293 2.25888
31.6765 0.461426 -0.690137 -0.309863 1.71856 2.26876

31.6765 0.461426 -0.681791 -0.318209 1.71873 2.26876
31.6731 0.46875 -0.681791 -0.318209 1.65984 2.32315

31.6772 0.459788 -0.690137 -0.309863 1.73361 2.25859
31.6798 0.454102 -0.690137 -0.309863 1.7742 2.22641

31.6846 0.442909 -0.705938 -0.294062 1.86177 2.15699
31.686 0.439453 -0.705938 -0.294062 1.88319 2.13538

31.7139 0.357372 -0.782948 -0.217052 2.30953 1.63592
31.7134 0.358887 -0.782948 -0.217052 2.30113 1.64505

31.7134 0.358887 -0.77752 -0.22248 2.30121 1.64508
31.7113 0.366211 -0.77752 -0.22248 2.26902 1.69009

31.7113 0.366211 -0.771752 -0.228248 2.26901 1.69009
31.7092 0.373535 -0.771752 -0.228248 2.24516 1.73223

31.7092 0.373535 -0.765793 -0.234207 2.24515 1.73223
31.7069 0.380859 -0.765793 -0.234207 2.21509 1.77255

31.7139 0.357332 -0.782948 -0.217052 2.30986 1.63572
31.7155 0.351562 -0.782948 -0.217052 2.33395 1.59808

31.7065 0.382119 -0.759654 -0.240346 2.20968 1.78015
31.7046 0.388184 -0.759654 -0.240346 2.18676 1.81697

31.7046 0.388184 -0.753318 -0.246682 2.18677 1.81698
31.7022 0.395508 -0.753318 -0.246682 2.15524 1.86408

31.7065 0.382104 -0.759654 -0.240346 2.20979 1.78006
31.7069 0.380859 -0.759654 -0.240346 2.21512 1.77255

31.7022 0.395508 -0.747054 -0.252946 2.15524 1.86408
31.6997 0.402832 -0.747054 -0.252946 2.11069 1.91004

31.6992 0.404328 -0.740878 -0.259122 2.10112 1.92032
31.6997 0.402832 -0.740878 -0.259122 2.11073 1.91004

31.4062 0.614488 0.294836 -0.705164 -0.905192 -1.62016
31.408 0.615234 0.294836 -0.705164 -0.941399 -1.61266

31.408 0.615234 0.294836 -0.705164 -0.941039 -1.61265
31.4136 0.617568 0.294836 -0.705164 -1.0696 -1.53315

31.4136 0.617571 0.270829 -0.729171 -1.06967 -1.53313
31.4209 0.620291 0.270829 -0.729171 -1.23699 -1.37375

31.4209 0.620285 0.244877 -0.755123 -1.2368 -1.37383
31.4279 0.622559 0.244877 -0.755123 -1.3709 -1.25949

31.4279 0.622559 0.244877 -0.755123 -1.37036 -1.25989
31.4282 0.622679 0.244877 -0.755123 -1.37763 -1.25628

31.4282 0.622664 0.217417 -0.782583 -1.37715 -1.25641
31.4355 0.624699 0.217417 -0.782583 -1.5194 -1.1442

31.4355 0.624697 0.187613 -0.812387 -1.51935 -1.14421
31.4429 0.626389 0.187613 -0.812387 -1.6653 -0.96456

31.4429 0.626388 0.155932 -0.844068 -1.66526 -0.964583
31.4502 0.627741 0.155932 -0.844068 -1.77927 -0.74891

31.4502 0.62774 0.122168 -0.877832 -1.77923 -0.748925
31.4575 0.628759 0.122168 -0.877832 -1.87817 -0.532625

31.4575 0.628759 0.0857528 -0.914247 -1.87818 -0.532621
31.4648 0.629446 0.0857528 -0.914247 -1.96533 -0.325696

31.4648 0.629447 0.045864 -0.954136 -1.96536 -0.325682
31.4722 0.629799 0.045864 -0.954136 -2.04143 -0.127836

31.4722 0.6298 0.00182329 -0.998177 -2.04145 -0.127826
31.4795 0.629814 0.00182329 -0.998177 -2.09635 0.0791214

31.4795 0.629815 -0.0431286 -0.956871 -2.09638 0.0791307
31.4868 0.629485 -0.0431286 -0.956871 -2.11457 0.302595

31.4868 0.629486 -0.0847388 -0.915261 -2.11458 0.302595
31.4941 0.628808 -0.0847388 -0.915261 -2.10047 0.533757

31.4941 0.628808 -0.123096 -0.876904 -2.10048 0.533756
31.5015 0.62778 -0.123096 -0.876904 -2.06989 0.778259

31.5015 0.627781 -0.158728 -0.841272 -2.06992 0.778251
31.5088 0.626399 -0.158728 -0.841272 -2.02492 1.04129

31.5088 0.626402 -0.192307 -0.807693 -2.02498 1.04126
31.5161 0.624658 -0.192307 -0.807693 -1.90766 1.26787

31.5161 0.624657 -0.223473 -0.776527 -1.90758 1.26787
31.5234 0.622559 -0.223473 -0.776527 -1.80611 1.42562

31.6406 0.526247 -0.605699 -0.394301 0.973677 2.68105
31.6399 0.527344 -0.605699 -0.394301 0.953261 2.68868

31.5894 0.58509 -0.457147 -0.542853 -0.359613 2.66926
31.5883 0.585938 -0.457147 -0.542853 -0.385157 2.66057

31.5967 0.578577 -0.481123 -0.518877 -0.17436 2.71842
31.5966 0.578613 -0.481123 -0.518877 -0.175374 2.7182

31.5894 0.585003 -0.471668 -0.528332 -0.356184 2.66903
31.5965 0.578613 -0.471668 -0.528332 -0.174232 2.71695

31.6113 0.563747 -0.522023 -0.477977 0.224396 2.76147
31.6111 0.563965 -0.522023 -0.477977 0.219266 2.76135

31.6111 0.563965 -0.511389 -0.488611 0.219845 2.76095
31.6041 0.571289 -0.511389 -0.488611 0.0313713 2.75026

31.5967 0.578476 -0.492128 -0.507872 -0.170543 2.71797
31.604 0.571379 -0.492128 -0.507872 0.0286599 2.75017

31.604 0.571334 -0.502143 -0.497857 0.0304054 2.7499
31.604 0.571289 -0.502143 -0.497857 0.0316935 2.74999

31.6187 0.555381 -0.541833 -0.458167 0.422137 2.76107
31.6176 0.556641 -0.541833 -0.458167 0.393134 2.76254

31.626 0.546336 -0.563069 -0.436931 0.60522 2.74255
31.6237 0.549316 -0.563069 -0.436931 0.545646 2.75423

31.6187 0.555309 -0.546014 -0.453986 0.424477 2.76065
31.6236 0.549316 -0.546014 -0.453986 0.545944 2.75419

31.6333 0.536664 -0.574959 -0.425041 0.770299 2.71228
31.6294 0.541992 -0.574959 -0.425041 0.671147 2.73287

31.6399 0.527344 -0.588782 -0.411218 0.953634 2.68868
31.6348 0.534668 -0.588782 -0.411218 0.807894 2.71273

31.6333 0.536658 -0.58286 -0.41714 0.770449 2.71224
31.6347 0.534668 -0.58286 -0.41714 0.808425 2.7123

31.626 0.546315 -0.562991 -0.437009 0.605811 2.74245
31.6293 0.541992 -0.562991 -0.437009 0.671629 2.73259

31.6113 0.563659 -0.529437 -0.470563 0.227408 2.76089
31.6176 0.556641 -0.529437 -0.470563 0.393374 2.76242

31.5454 0.61392 -0.30993 -0.69007 -1.43331 1.98531
31.5425 0.615234 -0.30993 -0.69007 -1.49325 1.91276

31.5454 0.613895 -0.335466 -0.664534 -1.43232 1.98545
31.5527 0.610198 -0.335466 -0.664534 -1.2797 2.16065

31.5308 0.62007 -0.2536 -0.7464 -1.71958 1.62953
31.5234 0.622559 -0.2536 -0.7464 -1.80614 1.4262

31.5308 0.620071 -0.282955 -0.717045 -1.7196 1.62952
31.5381 0.617181 -0.282955 -0.717045 -1.58034 1.82673

31.5381 0.617158 -0.30993 -0.69007 -1.57911 1.82665
31.5424 0.615234 -0.30993 -0.69007 -1.49353 1.91022

31.5601 0.606119 -0.359681 -0.640319 -1.07745 2.32711
31.5569 0.60791 -0.359681 -0.640319 -1.16736 2.24866

31.5527 0.610167 -0.359681 -0.640319 -1.27788 2.16053
31.5568 0.60791 -0.359681 -0.640319 -1.16768 2.2463

31.5601 0.606094 -0.383208 -0.616792 -1.07631 2.32731
31.5674 0.601543 -0.383208 -0.616792 -0.912837 2.4157

31.5747 0.59653 -0.406892 -0.593108 -0.769726 2.50636
31.5688 0.600586 -0.406892 -0.593108 -0.886149 2.41625

31.582 0.591075 -0.427629 -0.572371 -0.548673 2.61384
31.5791 0.593262 -0.427629 -0.572371 -0.625149 2.58354

31.5747 0.596481 -0.428331 -0.571669 -0.767073 2.50607
31.579 0.593262 -0.428331 -0.571669 -0.624776 2.58268

31.5674 0.601514 -0.396214 -0.603786 -0.911634 2.41548
31.5688 0.600586 -0.396214 -0.603786 -0.886173 2.41626

31.582 0.590995 -0.451002 -0.548998 -0.545454 2.61404
31.5882 0.585938 -0.451002 -0.548998 -0.383925 2.6588

31.6699 0.475355 -0.673196 -0.326804 1.60268 2.36412
31.6696 0.476074 -0.673196 -0.326804 1.5941 2.3687

31.6695 0.476074 -0.664137 -0.335863 1.59439 2.36869
31.6658 0.483398 -0.664137 -0.335863 1.51542 2.42134

31.6626 0.489613 -0.65467 -0.34533 1.45174 2.45219
31.662 0.490723 -0.65467 -0.34533 1.43653 2.45854

31.662 0.490723 -0.645019 -0.354981 1.43686 2.4585
31.658 0.498047 -0.645019 -0.354981 1.3531 2.51261

31.6626 0.489548 -0.65467 -0.34533 1.45308 2.45175
31.6658 0.483398 -0.65467 -0.34533 1.51548 2.42131

31.6553 0.502753 -0.635176 -0.364824 1.31355 2.5494
31.6538 0.505371 -0.635176 -0.364824 1.26802 2.56914

31.6538 0.505371 -0.624082 -0.375918 1.2681 2.56916
31.6494 0.512695 -0.624082 -0.375918 1.14165 2.59865

31.6479 0.514912 -0.61256 -0.38744 1.10923 2.60436
31.6447 0.52002 -0.61256 -0.38744 1.04504 2.63938

31.6406 0.526188 -0.601508 -0.398492 0.975287 2.68064
31.6447 0.52002 -0.601508 -0.398492 1.04511 2.6394

31.6479 0.514892 -0.613933 -0.386067 1.10967 2.60422
31.6493 0.512695 -0.613933 -0.386067 1.1419 2.59851

31.6553 0.502699 -0.635176 -0.364824 1.3149 2.54906
31.6579 0.498047 -0.635176 -0.364824 1.35326 2.51259

31.6699 0.475292 -0.673196 -0.326804 1.60382 2.36371
31.6731 0.46875 -0.673196 -0.326804 1.65987 2.32314

