38.3981 0 -0.995402 -0.00459819 2.75441 0
38.398 0.0146484 -0.995402 -0.00459819 2.75482 0.0534516

38.398 0.0146484 -0.986296 -0.0137041 2.75482 0.0534516
38.3978 0.0292969 -0.986296 -0.0137041 2.75573 0.108591

38.3978 0.0292969 -0.976935 -0.0230649 2.75571 0.108591
38.3975 0.0439453 -0.976935 -0.0230649 2.75242 0.167729

38.3975 0.0439453 -0.967423 -0.0325765 2.75243 0.167729
38.397 0.0585938 -0.967423 -0.0325765 2.74196 0.225096

38.397 0.0585938 -0.958339 -0.0416608 2.74197 0.225096
38.3963 0.0732422 -0.958339 -0.0416608 2.73321 0.281029

38.3963 0.0732422 -0.950542 -0.0494582 2.73327 0.281031
38.3956 0.0878906 -0.950542 -0.0494582 2.72415 0.336377

38.3956 0.0878906 -0.942596 -0.0574037 2.72408 0.336374
38.3947 0.102539 -0.942596 -0.0574037 2.7143 0.391111

38.3947 0.102539 -0.933899 -0.0661012 2.71432 0.391112
38.3936 0.117188 -0.933899 -0.0661012 2.70833 0.448159

38.3936 0.118181 -0.925729 -0.0742709 2.708 0.452168
38.3925 0.131836 -0.925729 -0.0742709 2.70145 0.509243

38.3925 0.131836 -0.917157 -0.0828425 2.70141 0.509244
38.3911 0.146484 -0.917157 -0.0828425 2.69163 0.572337

38.3936 0.118163 -0.925729 -0.0742709 2.70802 0.452095
38.3936 0.117188 -0.925729 -0.0742709 2.70834 0.448159

38.3911 0.146484 -0.908087 -0.0919127 2.69163 0.572337
38.3897 0.161133 -0.908087 -0.0919127 2.68145 0.635234

38.3897 0.161133 -0.899176 -0.100824 2.68145 0.635234
38.388 0.175781 -0.899176 -0.100824 2.67274 0.699985

38.388 0.175781 -0.890544 -0.109456 2.67275 0.699985
38.3862 0.19043 -0.890544 -0.109456 2.66052 0.76673

38.3862 0.19043 -0.881622 -0.118378 2.66047 0.766731
38.3843 0.205078 -0.881622 -0.118378 2.64545 0.834035

38.3842 0.205078 -0.872784 -0.127216 2.64548 0.834035
38.3821 0.219727 -0.872784 -0.127216 2.62648 0.902505

38.3821 0.219727 -0.864521 -0.135479 2.62648 0.902505
38.3798 0.234375 -0.864521 -0.135479 2.59558 0.972895

38.3203 0.449129 -0.69536 -0.30464 1.81221 2.18055
38.3181 0.454102 -0.69536 -0.30464 1.77586 2.21398

38.313 0.465299 -0.679482 -0.320518 1.69387 2.28994
38.3114 0.46875 -0.679482 -0.320518 1.65846 2.31341

38.3181 0.454102 -0.68756 -0.31244 1.77585 2.21398
38.3148 0.461426 -0.68756 -0.31244 1.71919 2.26268

38.313 0.465263 -0.679482 -0.320518 1.69446 2.28973
38.3148 0.461426 -0.679482 -0.320518 1.71929 2.26267

38.3789 0.239887 -0.858425 -0.141575 2.58295 1.00003
38.3786 0.241699 -0.858425 -0.141575 2.58035 1.00951

38.3786 0.241699 -0.853765 -0.146235 2.58038 1.00952
38.3773 0.249023 -0.853765 -0.146235 2.57224 1.04294

38.3773 0.249023 -0.848772 -0.151228 2.57226 1.04294
38.376 0.256348 -0.848772 -0.151228 2.56555 1.07955

38.376 0.256348 -0.844265 -0.155735 2.56555 1.07956
38.3747 0.263672 -0.844265 -0.155735 2.55009 1.11512

38.3747 0.263672 -0.839764 -0.160236 2.55009 1.11512
38.3733 0.270996 -0.839764 -0.160236 2.53155 1.14716

38.3733 0.270996 -0.835085 -0.164915 2.53154 1.14716
38.3718 0.27832 -0.835085 -0.164915 2.51688 1.18055

38.3716 0.279629 -0.830164 -0.169836 2.51505 1.18694
38.3704 0.285645 -0.830164 -0.169836 2.50563 1.21748

38.3704 0.285645 -0.825187 -0.174813 2.50564 1.21748
38.3688 0.292969 -0.825187 -0.174813 2.49187 1.25623

38.3716 0.279619 -0.830164 -0.169836 2.51508 1.18689
38.3718 0.27832 -0.830164 -0.169836 2.51689 1.18055

38.3643 0.313133 -0.810772 -0.189228 2.43131 1.36788
38.3638 0.314941 -0.810772 -0.189228 2.42551 1.37748

38.3638 0.314941 -0.805629 -0.194371 2.42554 1.37748
38.3621 0.322266 -0.805629 -0.194371 2.41134 1.41981

38.3688 0.292969 -0.820362 -0.179638 2.49187 1.25623
38.3672 0.300293 -0.820362 -0.179638 2.47566 1.29646

38.3672 0.300293 -0.8156 -0.1844 2.47566 1.29646
38.3655 0.307617 -0.8156 -0.1844 2.45173 1.33686

38.3643 0.313103 -0.810772 -0.189228 2.43148 1.36773
38.3655 0.307617 -0.810772 -0.189228 2.45174 1.33686

38.3621 0.322266 -0.800211 -0.199789 2.41133 1.41981
38.3602 0.32959 -0.800211 -0.199789 2.39884 1.46546

38.3602 0.32959 -0.794939 -0.205061 2.39885 1.46547
38.3583 0.336914 -0.794939 -0.205061 2.37245 1.50929

38.3569 0.342249 -0.789894 -0.210106 2.35152 1.54159
38.3564 0.344238 -0.789894 -0.210106 2.34239 1.55263

38.3564 0.344238 -0.784746 -0.215254 2.34244 1.55264
38.3544 0.351562 -0.784746 -0.215254 2.31568 1.59307

38.3569 0.342217 -0.789894 -0.210106 2.35175 1.54143
38.3583 0.336914 -0.789894 -0.210106 2.37247 1.50929

38.3789 0.239771 -0.855822 -0.144178 2.58338 0.999474
38.3798 0.234375 -0.855822 -0.144178 2.59561 0.972898

38.3496 0.36809 -0.768253 -0.231747 2.25315 1.6854
38.348 0.373535 -0.768253 -0.231747 2.23042 1.71812

38.348 0.373535 -0.762659 -0.237341 2.23042 1.71812
38.3457 0.380859 -0.762659 -0.237341 2.19821 1.7631

38.3423 0.391354 -0.750755 -0.249245 2.14488 1.82158
38.3409 0.395508 -0.750755 -0.249245 2.1253 1.84577

38.3457 0.380859 -0.756755 -0.243245 2.1982 1.7631
38.3433 0.388184 -0.756755 -0.243245 2.15997 1.80268

38.3423 0.391331 -0.750755 -0.249245 2.14507 1.82145
38.3433 0.388184 -0.750755 -0.249245 2.16002 1.80269

38.3409 0.395508 -0.744449 -0.255551 2.12531 1.84577
38.3384 0.402832 -0.744449 -0.255551 2.0952 1.89274

38.3384 0.402832 -0.737755 -0.262245 2.09519 1.89274
38.3358 0.410156 -0.737755 -0.262245 2.05828 1.93469

38.3544 0.351562 -0.77928 -0.22072 2.31566 1.59307
38.3523 0.358887 -0.77928 -0.22072 2.29301 1.63285

38.3523 0.358887 -0.773718 -0.226282 2.29301 1.63285
38.3502 0.366211 -0.773718 -0.226282 2.26118 1.67395

38.3496 0.368073 -0.768253 -0.231747 2.25327 1.6853
38.3502 0.366211 -0.768253 -0.231747 2.26122 1.67395

38.335 0.412411 -0.731056 -0.268944 2.04591 1.94937
38.3331 0.41748 -0.731056 -0.268944 2.02032 1.98226

38.3331 0.41748 -0.724217 -0.275783 2.02032 1.98226
38.3303 0.424805 -0.724217 -0.275783 1.98115 2.03087

38.3276 0.431627 -0.717296 -0.282704 1.93707 2.07197
38.3274 0.432129 -0.717296 -0.282704 1.93319 2.07511

38.3274 0.432129 -0.710278 -0.289722 1.93338 2.07512
38.3244 0.439453 -0.710278 -0.289722 1.88553 2.12524

38.3276 0.431575 -0.717296 -0.282704 1.9377 2.07167
38.3303 0.424805 -0.717296 -0.282704 1.98117 2.03087

38.335 0.412394 -0.731056 -0.268944 2.04607 1.94927
38.3358 0.410156 -0.731056 -0.268944 2.05832 1.9347

38.3244 0.439453 -0.702868 -0.297132 1.88551 2.12523
38.3213 0.446777 -0.702868 -0.297132 1.83044 2.16593

38.3203 0.449108 -0.69536 -0.30464 1.81248 2.18041
38.3213 0.446777 -0.69536 -0.30464 1.83051 2.16593

37.9688 0.562666 0.489511 -0.510489 0.807826 -1.86785
37.9701 0.563965 0.489511 -0.510489 0.778475 -1.87942

37.9701 0.563965 0.482222 -0.517778 0.778791 -1.87862
37.9761 0.569565 0.482222 -0.517778 0.653953 -1.9323

37.9761 0.569536 0.472666 -0.527334 0.654343 -1.93264
37.978 0.571289 0.472666 -0.527334 0.613935 -1.94981

37.978 0.571289 0.466626 -0.533374 0.614401 -1.9487
37.9834 0.576035 0.466626 -0.533374 0.494584 -1.97934

37.9834 0.576009 0.453235 -0.546765 0.495039 -1.97972
37.9865 0.578613 0.453235 -0.546765 0.420437 -1.99005

37.9864 0.578613 0.44875 -0.55125 0.421498 -1.98835
37.9907 0.582108 0.44875 -0.55125 0.312478 -1.97924

37.9907 0.582091 0.438079 -0.561921 0.312786 -1.97946
37.9957 0.585938 0.438079 -0.561921 0.198534 -1.96235

37.9955 0.585938 0.430454 -0.569546 0.199869 -1.96133
37.998 0.587847 0.430454 -0.569546 0.146489 -1.95508

37.998 0.587829 0.421616 -0.578384 0.146751 -1.95532
38.0054 0.593168 0.421616 -0.578384 -0.0115178 -1.95337

38.0053 0.593262 0.412364 -0.587636 -0.012868 -1.95186
38.0054 0.593286 0.412364 -0.587636 -0.0135822 -1.95191

38.0054 0.593161 0.404907 -0.595093 -0.0113851 -1.95346
38.0055 0.593262 0.404907 -0.595093 -0.0144261 -1.95375

38.0055 0.593262 0.403465 -0.596535 -0.0142802 -1.95357
38.0127 0.598127 0.403465 -0.596535 -0.18006 -1.93815

38.0127 0.59808 0.385008 -0.614992 -0.178988 -1.93887
38.0167 0.600586 0.385008 -0.614992 -0.276433 -1.90586

38.0166 0.600586 0.384981 -0.615019 -0.275317 -1.90598
38.02 0.602738 0.384981 -0.615019 -0.355754 -1.87497

38.02 0.602704 0.366197 -0.633803 -0.355016 -1.8754
38.0273 0.606936 0.366197 -0.633803 -0.523736 -1.83213

38.0273 0.606913 0.345973 -0.654027 -0.523128 -1.83241
38.0292 0.60791 0.345973 -0.654027 -0.566516 -1.82558

38.0292 0.60791 0.345973 -0.654027 -0.566092 -1.82544
38.0347 0.610813 0.345973 -0.654027 -0.703834 -1.74517

38.0347 0.610809 0.324564 -0.675436 -0.703705 -1.74522
38.042 0.614329 0.324564 -0.675436 -0.867639 -1.64992

38.042 0.614307 0.302162 -0.697838 -0.867024 -1.65013
38.0441 0.615234 0.302162 -0.697838 -0.90904 -1.63874

38.0441 0.615234 0.302162 -0.697838 -0.908656 -1.6388
38.0493 0.617501 0.302162 -0.697838 -1.02497 -1.57033

38.0493 0.617501 0.278138 -0.721862 -1.02496 -1.57033
38.0566 0.620323 0.278138 -0.721862 -1.19104 -1.42629

38.0566 0.620312 0.252513 -0.747487 -1.19069 -1.42642
38.0633 0.622559 0.252513 -0.747487 -1.32634 -1.31431

38.0632 0.622559 0.252513 -0.747487 -1.32541 -1.31517
38.064 0.622821 0.252513 -0.747487 -1.34192 -1.30662

38.064 0.622792 0.225781 -0.774219 -1.34089 -1.30683
38.0713 0.624928 0.225781 -0.774219 -1.48904 -1.17936

38.0713 0.624927 0.19691 -0.80309 -1.48899 -1.17937
38.0786 0.626723 0.19691 -0.80309 -1.62623 -0.978724

38.0786 0.626723 0.165955 -0.834045 -1.62625 -0.978717
38.0859 0.62818 0.165955 -0.834045 -1.73682 -0.764599

38.0859 0.628181 0.132304 -0.867696 -1.73685 -0.764593
38.0933 0.629298 0.132304 -0.867696 -1.83825 -0.568629

38.0933 0.629301 0.0959091 -0.904091 -1.83838 -0.568601
38.0988 0.629883 0.0959091 -0.904091 -1.91173 -0.432927

38.0989 0.629883 0.0959091 -0.904091 -1.9132 -0.429548
38.1006 0.630062 0.0959091 -0.904091 -1.93853 -0.389009

38.1006 0.630076 0.0560881 -0.943912 -1.93919 -0.388875
38.1079 0.630511 0.0560881 -0.943912 -2.02659 -0.19092

38.1079 0.630511 0.0121667 -0.987833 -2.02657 -0.190922
38.1152 0.630601 0.0121667 -0.987833 -2.08725 0.036182

38.1299 0.629729 -0.0749521 -0.925048 -2.12229 0.51498
38.128 0.629883 -0.0749521 -0.925048 -2.12971 0.454969

38.1152 0.6306 -0.0334069 -0.966593 -2.08723 0.0361778
38.1226 0.630347 -0.0334069 -0.966593 -2.12444 0.275451

38.1226 0.630353 -0.0749521 -0.925048 -2.12467 0.275476
38.1284 0.629883 -0.0749521 -0.925048 -2.12909 0.467074

38.1299 0.629756 -0.113561 -0.886439 -2.12306 0.514889
38.1372 0.628818 -0.113561 -0.886439 -2.08345 0.750476

38.1372 0.628821 -0.150334 -0.849666 -2.08353 0.750451
38.1445 0.627525 -0.150334 -0.849666 -2.03212 0.98595

38.1445 0.627529 -0.185568 -0.814432 -2.03223 0.985908
38.1519 0.625861 -0.185568 -0.814432 -1.96269 1.22711

38.1519 0.62586 -0.218684 -0.781316 -1.96267 1.22711
38.1592 0.62381 -0.218684 -0.781316 -1.85038 1.40897

38.1665 0.621391 -0.248942 -0.751058 -1.753 1.58865
38.163 0.622559 -0.248942 -0.751058 -1.80568 1.494

38.1592 0.623799 -0.248942 -0.751058 -1.84988 1.40896
38.1629 0.622559 -0.248942 -0.751058 -1.80587 1.49255

38.1665 0.621387 -0.277619 -0.722381 -1.75286 1.58868
38.1738 0.618572 -0.277619 -0.722381 -1.63402 1.8342

38.1885 0.61178 -0.329654 -0.670346 -1.30824 2.16354
38.1815 0.615234 -0.329654 -0.670346 -1.44259 1.98954

38.1958 0.60779 -0.354775 -0.645225 -1.11658 2.27539
38.1956 0.60791 -0.354775 -0.645225 -1.12071 2.27455

38.1885 0.611775 -0.354845 -0.645155 -1.30804 2.16361
38.1955 0.60791 -0.354845 -0.645155 -1.12033 2.27412

38.1958 0.607763 -0.379408 -0.620592 -1.11543 2.27531
38.2031 0.603285 -0.379408 -0.620592 -0.979752 2.37543

38.1738 0.618565 -0.304029 -0.695971 -1.63355 1.83417
38.1812 0.615366 -0.304029 -0.695971 -1.44845 1.98603

38.1812 0.615368 -0.329599 -0.670401 -1.44856 1.98603
38.1814 0.615234 -0.329599 -0.670401 -1.44255 1.9892

38.2324 0.580667 -0.466557 -0.533443 -0.199451 2.71522
38.2264 0.585938 -0.466557 -0.533443 -0.351607 2.67762

38.2617 0.549316 -0.546175 -0.453825 0.566184 2.75375
38.2556 0.556641 -0.546175 -0.453825 0.402735 2.75981

38.2471 0.566157 -0.511636 -0.488364 0.197202 2.76042
38.2422 0.571289 -0.511636 -0.488364 0.0635627 2.75397

38.2397 0.573727 -0.48723 -0.51277 -0.00760556 2.74793
38.2346 0.578613 -0.48723 -0.51277 -0.1408 2.72575

38.2324 0.580601 -0.479485 -0.520515 -0.196741 2.71469
38.2346 0.578613 -0.479485 -0.520515 -0.140513 2.72545

38.2397 0.573661 -0.499809 -0.500191 -0.00486517 2.74735
38.2421 0.571289 -0.499809 -0.500191 0.0642065 2.75338

38.2544 0.558042 -0.529566 -0.470434 0.375188 2.75794
38.2491 0.563965 -0.529566 -0.470434 0.245129 2.7614

38.2471 0.566144 -0.518798 -0.481202 0.197658 2.7603
38.2491 0.563965 -0.518798 -0.481202 0.245719 2.76097

38.2544 0.558029 -0.536463 -0.463537 0.375611 2.75784
38.2556 0.556641 -0.536463 -0.463537 0.403135 2.7595

38.291 0.506765 -0.622944 -0.377056 1.22065 2.54702
38.2874 0.512695 -0.622944 -0.377056 1.14938 2.59011

38.2837 0.518651 -0.614665 -0.385335 1.0943 2.63464
38.2828 0.52002 -0.614665 -0.385335 1.06941 2.64521

38.2828 0.52002 -0.600797 -0.399203 1.06968 2.64526
38.2779 0.527344 -0.600797 -0.399203 0.9319 2.67206

38.2837 0.518592 -0.612646 -0.387354 1.09586 2.63426
38.2874 0.512695 -0.612646 -0.387354 1.14944 2.59013

38.3057 0.480209 -0.662016 -0.337984 1.5508 2.38487
38.304 0.483398 -0.662016 -0.337984 1.51493 2.40523

38.2983 0.493987 -0.643822 -0.356178 1.41206 2.47884
38.2961 0.498047 -0.643822 -0.356178 1.35811 2.51143

38.304 0.483398 -0.653038 -0.346962 1.51503 2.40524
38.3001 0.490723 -0.653038 -0.346962 1.43736 2.45462

38.2983 0.493951 -0.643822 -0.356178 1.41261 2.47854
38.3001 0.490723 -0.643822 -0.356178 1.43751 2.45459

38.3114 0.46875 -0.670908 -0.329092 1.6585 2.31342
38.3078 0.476074 -0.670908 -0.329092 1.58472 2.36014

38.3057 0.480168 -0.662016 -0.337984 1.55151 2.38463
38.3078 0.476074 -0.662016 -0.337984 1.58485 2.36011

38.2961 0.498047 -0.633625 -0.366375 1.35808 2.51142
38.2919 0.505371 -0.633625 -0.366375 1.24278 2.54209

38.291 0.506756 -0.625074 -0.374926 1.22085 2.54696
38.2918 0.505371 -0.625074 -0.374926 1.24294 2.54202

38.269 0.539802 -0.577151 -0.422849 0.746316 2.71535
38.2674 0.541992 -0.577151 -0.422849 0.710309 2.72853

38.2764 0.529607 -0.587909 -0.412091 0.892996 2.67294
38.2728 0.534668 -0.587909 -0.412091 0.810571 2.69686

38.269 0.539761 -0.575024 -0.424976 0.747358 2.71509
38.2728 0.534668 -0.575024 -0.424976 0.81067 2.69687

38.2617 0.549282 -0.561407 -0.438593 0.567219 2.75356
38.2674 0.541992 -0.561407 -0.438593 0.710606 2.72852

38.2764 0.529597 -0.593627 -0.406373 0.893236 2.67288
38.2779 0.527344 -0.593627 -0.406373 0.932331 2.67173

38.2104 0.598375 -0.403052 -0.596948 -0.781912 2.5084
38.2072 0.600586 -0.403052 -0.596948 -0.866637 2.45745

38.2178 0.593042 -0.42973 -0.57027 -0.584959 2.60172
38.2175 0.593262 -0.42973 -0.57027 -0.592763 2.59795

38.2104 0.598328 -0.424478 -0.575522 -0.780032 2.50858
38.2173 0.593262 -0.424478 -0.575522 -0.591743 2.59567

38.2031 0.603244 -0.402946 -0.597054 -0.977545 2.3752
38.2071 0.600586 -0.402946 -0.597054 -0.866493 2.456

38.2178 0.592945 -0.445506 -0.554494 -0.580701 2.60158
38.2251 0.58706 -0.445506 -0.554494 -0.387777 2.67199

38.2251 0.587024 -0.458186 -0.541814 -0.386225 2.67175
38.2264 0.585938 -0.458186 -0.541814 -0.351487 2.67749

