17.7539 0.329364 -0.785511 -0.214489 2.27035 1.4845
17.7538 0.32959 -0.785511 -0.214489 2.26914 1.48579

17.7538 0.32959 -0.780252 -0.219748 2.26923 1.48583
17.7518 0.336914 -0.780252 -0.219748 2.24039 1.52797

17.7518 0.336914 -0.774426 -0.225574 2.24036 1.52796
17.7496 0.344238 -0.774426 -0.225574 2.22374 1.56729

17.7496 0.344238 -0.768296 -0.231704 2.22374 1.56729
17.7474 0.351562 -0.768296 -0.231704 2.19936 1.608

17.7752 0.234375 -0.846719 -0.153281 2.50662 0.99201
17.7739 0.241699 -0.846719 -0.153281 2.49426 1.02577

17.7739 0.241699 -0.842299 -0.157701 2.49424 1.02576
17.7725 0.249023 -0.842299 -0.157701 2.49281 1.06545

17.7725 0.249023 -0.837447 -0.162553 2.49281 1.06545
17.7711 0.256348 -0.837447 -0.162553 2.48205 1.10708

17.7711 0.256348 -0.832414 -0.167586 2.48204 1.10707
17.7696 0.263672 -0.832414 -0.167586 2.46019 1.14546

17.7686 0.268845 -0.827771 -0.172229 2.44505 1.1722
17.7681 0.270996 -0.827771 -0.172229 2.43878 1.18192

17.7681 0.270996 -0.822826 -0.177174 2.43882 1.18193
17.7665 0.27832 -0.822826 -0.177174 2.42448 1.21619

17.7665 0.27832 -0.817387 -0.182613 2.42449 1.2162
17.7649 0.285645 -0.817387 -0.182613 2.41148 1.25377

17.7649 0.285645 -0.812301 -0.187699 2.41148 1.25377
17.7632 0.292969 -0.812301 -0.187699 2.38436 1.28928

17.7686 0.268783 -0.827771 -0.172229 2.44534 1.17195
17.7696 0.263672 -0.827771 -0.172229 2.46024 1.14549

17.7612 0.301178 -0.802081 -0.197919 2.35832 1.32654
17.7596 0.307617 -0.802081 -0.197919 2.34242 1.35802

17.7632 0.292969 -0.807291 -0.192709 2.38437 1.28928
17.7614 0.300293 -0.807291 -0.192709 2.36062 1.32247

17.7612 0.301166 -0.802081 -0.197919 2.35837 1.32649
17.7614 0.300293 -0.802081 -0.197919 2.36063 1.32247

17.7596 0.307617 -0.796504 -0.203496 2.34241 1.35802
17.7578 0.314941 -0.796504 -0.203496 2.32438 1.3981

17.7578 0.314941 -0.79085 -0.20915 2.32438 1.3981
17.7558 0.322266 -0.79085 -0.20915 2.30203 1.44227

17.7539 0.329318 -0.785511 -0.214489 2.27071 1.48429
17.7558 0.322266 -0.785511 -0.214489 2.30204 1.44228

17.7393 0.376711 -0.744082 -0.255918 2.09131 1.756
17.7378 0.380859 -0.744082 -0.255918 2.07106 1.78101

17.7466 0.354293 -0.762306 -0.237694 2.18854 1.62536
17.7451 0.358887 -0.762306 -0.237694 2.17093 1.65155

17.7451 0.358887 -0.75623 -0.24377 2.17094 1.65155
17.7428 0.366211 -0.75623 -0.24377 2.14531 1.69443

17.7466 0.354273 -0.762306 -0.237694 2.18868 1.62524
17.7474 0.351562 -0.762306 -0.237694 2.1994 1.60801

17.7428 0.366211 -0.750058 -0.249942 2.14531 1.69443
17.7403 0.373535 -0.750058 -0.249942 2.10925 1.73602

17.7393 0.376685 -0.744082 -0.255918 2.09154 1.75586
17.7403 0.373535 -0.744082 -0.255918 2.1093 1.73603

17.7378 0.380859 -0.737958 -0.262042 2.07107 1.78102
17.7352 0.388184 -0.737958 -0.262042 2.03701 1.82686

17.7352 0.388184 -0.731481 -0.268519 2.037 1.82687
17.7325 0.395508 -0.731481 -0.268519 1.99665 1.862

17.7319 0.397113 -0.72491 -0.27509 1.98741 1.87097
17.7298 0.402832 -0.72491 -0.27509 1.95693 1.90306

17.7298 0.402832 -0.718107 -0.281893 1.95692 1.90306
17.7269 0.410156 -0.718107 -0.281893 1.916 1.94543

17.7319 0.3971 -0.72491 -0.27509 1.98752 1.8709
17.7325 0.395508 -0.72491 -0.27509 1.99668 1.862

17.7246 0.415805 -0.711203 -0.288797 1.88393 1.98019
17.7239 0.41748 -0.711203 -0.288797 1.87124 1.99068

17.7239 0.41748 -0.704108 -0.295892 1.87138 1.99071
17.7208 0.424805 -0.704108 -0.295892 1.82552 2.04238

17.7173 0.432947 -0.688932 -0.311068 1.76374 2.08497
17.7143 0.439453 -0.688932 -0.311068 1.7172 2.12766

17.7208 0.424805 -0.696665 -0.303335 1.82551 2.04238
17.7177 0.432129 -0.696665 -0.303335 1.77106 2.08023

17.7173 0.432932 -0.688932 -0.311068 1.76394 2.08488
17.7176 0.432129 -0.688932 -0.311068 1.7711 2.08023

17.71 0.448743 -0.672901 -0.327099 1.64512 2.18066
17.7074 0.454102 -0.672901 -0.327099 1.60425 2.21888

17.7026 0.463387 -0.655785 -0.344215 1.51286 2.26736
17.6998 0.46875 -0.655785 -0.344215 1.46147 2.30086

17.7074 0.454102 -0.664585 -0.335415 1.60421 2.21886
17.7037 0.461426 -0.664585 -0.335415 1.53303 2.2571

17.7026 0.463364 -0.655785 -0.344215 1.51323 2.26722
17.7037 0.461426 -0.655785 -0.344215 1.53312 2.25708

17.7143 0.439453 -0.680854 -0.319146 1.71719 2.12765
17.7109 0.446777 -0.680854 -0.319146 1.66076 2.16848

17.71 0.448724 -0.672901 -0.327099 1.64537 2.18054
17.7109 0.446777 -0.672901 -0.327099 1.66085 2.16848

17.7246 0.415759 -0.711203 -0.288797 1.8845 1.97994
17.7269 0.410156 -0.711203 -0.288797 1.91605 1.94543

17.3438 0.549585 0.483543 -0.516457 0.765792 -1.8534
17.3511 0.556443 0.483543 -0.516457 0.614433 -1.88405

17.3511 0.556432 0.475937 -0.524063 0.614564 -1.88417
17.3513 0.556641 0.475937 -0.524063 0.610104 -1.88469

17.3513 0.556641 0.469773 -0.530227 0.610202 -1.88453
17.3584 0.562938 0.469773 -0.530227 0.471319 -1.90962

17.3584 0.562908 0.458682 -0.541318 0.471699 -1.90997
17.3596 0.563965 0.458682 -0.541318 0.448309 -1.91486

17.3596 0.563965 0.454706 -0.545294 0.448473 -1.91455
17.3657 0.569051 0.454706 -0.545294 0.324436 -1.93102

17.3657 0.569013 0.437988 -0.562012 0.325038 -1.93154
17.3686 0.571289 0.437988 -0.562012 0.263644 -1.93336

17.3685 0.571289 0.437555 -0.562445 0.264479 -1.93226
17.373 0.57479 0.437555 -0.562445 0.162971 -1.92649

17.373 0.574761 0.42383 -0.57617 0.16347 -1.92683
17.3783 0.578613 0.42383 -0.57617 0.0512502 -1.91141

17.3781 0.578613 0.414962 -0.585038 0.0525329 -1.91071
17.3804 0.580199 0.414962 -0.585038 0.00870128 -1.90197

17.3804 0.580168 0.407436 -0.592564 0.00917197 -1.90234
17.3877 0.585204 0.407436 -0.592564 -0.140421 -1.89485

17.3877 0.585192 0.387255 -0.612745 -0.140197 -1.895
17.3889 0.585938 0.387255 -0.612745 -0.164475 -1.89701

17.3888 0.585938 0.390438 -0.609562 -0.164139 -1.89663
17.395 0.589899 0.390438 -0.609562 -0.313257 -1.8559

17.395 0.589876 0.372552 -0.627448 -0.312805 -1.85625
17.4007 0.593262 0.372552 -0.627448 -0.43519 -1.79308

17.4006 0.593262 0.370936 -0.629064 -0.434149 -1.7929
17.4023 0.5943 0.370936 -0.629064 -0.466926 -1.78396

17.4023 0.594244 0.3537 -0.6463 -0.465861 -1.78457
17.4097 0.598252 0.3537 -0.6463 -0.610034 -1.73663

17.4097 0.598228 0.334071 -0.665929 -0.609497 -1.73696
17.4144 0.600586 0.334071 -0.665929 -0.706607 -1.69148

17.4143 0.600586 0.334071 -0.665929 -0.705629 -1.69176
17.417 0.601958 0.334071 -0.665929 -0.764308 -1.67063

17.417 0.601927 0.313119 -0.686881 -0.76354 -1.67095
17.4243 0.605266 0.313119 -0.686881 -0.925069 -1.57692

17.4243 0.605251 0.291369 -0.708631 -0.92471 -1.57713
17.4308 0.60791 0.291369 -0.708631 -1.05358 -1.48124

17.4307 0.60791 0.291369 -0.708631 -1.05256 -1.48182
17.4316 0.60831 0.291369 -0.708631 -1.07223 -1.47337

17.4316 0.608272 0.269007 -0.730993 -1.07118 -1.47371
17.439 0.610967 0.269007 -0.730993 -1.22231 -1.36811

17.439 0.610967 0.244803 -0.755197 -1.22229 -1.36811
17.4463 0.613341 0.244803 -0.755197 -1.35739 -1.19756

17.4463 0.613338 0.219339 -0.780661 -1.35731 -1.1976
17.453 0.615234 0.219339 -0.780661 -1.46397 -1.07961

17.453 0.615234 0.219339 -0.780661 -1.46353 -1.08014
17.4536 0.61541 0.219339 -0.780661 -1.47382 -1.0723

17.4536 0.6154 0.191897 -0.808103 -1.47352 -1.07238
17.4609 0.617139 0.191897 -0.808103 -1.59489 -0.953094

17.4609 0.617138 0.162013 -0.837987 -1.59486 -0.953099
17.4683 0.618554 0.162013 -0.837987 -1.72102 -0.792447

17.4683 0.618553 0.130272 -0.869728 -1.72096 -0.792454
17.4756 0.61965 0.130272 -0.869728 -1.81292 -0.605369

17.4756 0.619649 0.0965661 -0.903434 -1.8129 -0.605383
17.4829 0.620432 0.0965661 -0.903434 -1.87899 -0.400961

17.4829 0.620432 0.0604535 -0.939547 -1.87899 -0.400963
17.4902 0.620903 0.0604535 -0.939547 -1.92637 -0.192826

17.4902 0.620904 0.0211705 -0.97883 -1.92638 -0.192821
17.4976 0.621062 0.0211705 -0.97883 -1.95535 0.00939137

17.4976 0.621064 -0.021329 -0.978671 -1.95538 0.00939713
17.5049 0.620904 -0.021329 -0.978671 -1.96954 0.205045

17.5049 0.620906 -0.0620217 -0.937978 -1.96958 0.205047
17.5122 0.620422 -0.0620217 -0.937978 -1.9725 0.401577

17.5122 0.620422 -0.0999828 -0.900017 -1.97252 0.401577
17.5195 0.619609 -0.0999828 -0.900017 -1.96646 0.609468

17.5415 0.615193 -0.197454 -0.802546 -1.76489 1.21322
17.5413 0.615234 -0.197454 -0.802546 -1.76645 1.20999

17.5415 0.615191 -0.22592 -0.77408 -1.76479 1.21323
17.5488 0.613053 -0.22592 -0.77408 -1.68934 1.40556

17.5195 0.619609 -0.135173 -0.864827 -1.96647 0.609468
17.5269 0.618464 -0.135173 -0.864827 -1.93355 0.83287

17.5269 0.618464 -0.167745 -0.832255 -1.93355 0.83287
17.5342 0.616988 -0.167745 -0.832255 -1.84799 1.04403

17.5342 0.616985 -0.197454 -0.802546 -1.84784 1.04402
17.5413 0.615234 -0.197454 -0.802546 -1.76645 1.20916

17.5488 0.613057 -0.254243 -0.745757 -1.68947 1.40552
17.5562 0.61056 -0.254243 -0.745757 -1.57715 1.606

17.5635 0.607737 -0.280733 -0.719267 -1.4554 1.71593
17.563 0.60791 -0.280733 -0.719267 -1.461 1.7112

17.5562 0.610554 -0.280733 -0.719267 -1.57686 1.60598
17.5629 0.60791 -0.280733 -0.719267 -1.46079 1.71011

17.5635 0.607709 -0.306389 -0.693611 -1.45437 1.71596
17.5708 0.604474 -0.306389 -0.693611 -1.35903 1.88676

17.5708 0.604465 -0.330536 -0.669464 -1.3588 1.88684
17.5781 0.600849 -0.330536 -0.669464 -1.1938 2.01686

17.6074 0.582442 -0.417423 -0.582577 -0.584287 2.42828
17.6025 0.585938 -0.417423 -0.582577 -0.677088 2.36308

17.6221 0.570677 -0.463734 -0.536266 -0.225777 2.55641
17.6214 0.571289 -0.463734 -0.536266 -0.242349 2.55256

17.6147 0.576816 -0.437913 -0.562087 -0.398638 2.5051
17.6124 0.578613 -0.437913 -0.562087 -0.450733 2.48081

17.6074 0.5824 -0.436862 -0.563138 -0.583022 2.42846
17.6123 0.578613 -0.436862 -0.563138 -0.450077 2.47952

17.6147 0.57673 -0.457008 -0.542992 -0.395622 2.50521
17.6212 0.571289 -0.457008 -0.542992 -0.241225 2.55134

17.6221 0.570584 -0.475563 -0.524437 -0.222456 2.55613
17.6294 0.563965 -0.475563 -0.524437 -0.0563181 2.59192

17.6294 0.563953 -0.494027 -0.505973 -0.0561227 2.59208
17.6367 0.556802 -0.494027 -0.505973 0.118618 2.61469

17.666 0.522446 -0.57037 -0.42963 0.765476 2.58474
17.6623 0.527344 -0.57037 -0.42963 0.680775 2.60379

17.6953 0.476967 -0.637431 -0.362569 1.37494 2.33971
17.6917 0.483398 -0.637431 -0.362569 1.3165 2.39189

17.688 0.489663 -0.628835 -0.371165 1.25092 2.43412
17.6874 0.490723 -0.628835 -0.371165 1.23045 2.4405

17.6873 0.490723 -0.616985 -0.383015 1.23077 2.44054
17.6828 0.498047 -0.616985 -0.383015 1.11419 2.473

17.688 0.489584 -0.628028 -0.371972 1.25293 2.43372
17.6917 0.483398 -0.628028 -0.371972 1.31652 2.3919

17.6733 0.512341 -0.596778 -0.403222 0.945738 2.55939
17.6731 0.512695 -0.596778 -0.403222 0.938735 2.56141

17.6807 0.501313 -0.605946 -0.394054 1.08056 2.48631
17.678 0.505371 -0.605946 -0.394054 1.03719 2.51757

17.6733 0.512262 -0.595653 -0.404347 0.947879 2.55894
17.678 0.505371 -0.595653 -0.404347 1.03726 2.51761

17.6731 0.512695 -0.583456 -0.416544 0.939091 2.56141
17.6678 0.52002 -0.583456 -0.416544 0.80355 2.58438

17.666 0.522449 -0.577886 -0.422114 0.765403 2.58476
17.6678 0.52002 -0.577886 -0.422114 0.804096 2.58398

17.6807 0.50128 -0.606091 -0.393909 1.08114 2.4861
17.6828 0.498047 -0.606091 -0.393909 1.11444 2.47292

17.6514 0.540871 -0.539259 -0.460741 0.458026 2.62051
17.6504 0.541992 -0.539259 -0.460741 0.435208 2.62139

17.644 0.549168 -0.521099 -0.478901 0.286026 2.61974
17.6439 0.549316 -0.521099 -0.478901 0.283056 2.61967

17.6439 0.549316 -0.511637 -0.488363 0.28357 2.61934
17.6369 0.556641 -0.511637 -0.488363 0.1227 2.61471

17.644 0.54909 -0.528121 -0.471879 0.288352 2.61931
17.6504 0.541992 -0.528121 -0.471879 0.435459 2.62128

17.6587 0.531946 -0.55857 -0.44143 0.617658 2.60567
17.6565 0.534668 -0.55857 -0.44143 0.569995 2.61403

17.6514 0.540801 -0.543503 -0.456497 0.460072 2.62018
17.6565 0.534668 -0.543503 -0.456497 0.570194 2.61401

17.6587 0.53192 -0.559074 -0.440926 0.618293 2.60556
17.6623 0.527344 -0.559074 -0.440926 0.681158 2.60355

17.6367 0.55676 -0.503179 -0.496821 0.120007 2.61446
17.6368 0.556641 -0.503179 -0.496821 0.122969 2.61453

17.5854 0.596861 -0.353007 -0.646993 -1.07243 2.16418
17.5786 0.600586 -0.353007 -0.646993 -1.18489 2.0208

17.5928 0.592558 -0.374293 -0.625707 -0.863341 2.29236
17.5916 0.593262 -0.374293 -0.625707 -0.890254 2.28146

17.5854 0.59684 -0.374522 -0.625478 -1.07119 2.16411
17.5914 0.593262 -0.374522 -0.625478 -0.889816 2.28011

17.5781 0.600847 -0.351386 -0.648614 -1.1937 2.01685
17.5786 0.600586 -0.351386 -0.648614 -1.18482 2.02064

17.5928 0.59249 -0.396176 -0.603824 -0.86049 2.29252
17.6001 0.587685 -0.396176 -0.603824 -0.724764 2.34926

17.6001 0.587629 -0.410788 -0.589212 -0.722559 2.34889
17.6025 0.585938 -0.410788 -0.589212 -0.676915 2.36287

17.6998 0.46875 -0.646652 -0.353348 1.46145 2.30085
17.6958 0.476074 -0.646652 -0.353348 1.38436 2.33502

17.6953 0.476954 -0.63869 -0.36131 1.37516 2.33963
17.6958 0.476074 -0.63869 -0.36131 1.38447 2.33501

