5.06381 0 0.99384 -0.00616019 2.05559 0
5.06385 0.00732422 0.99384 -0.00616019 2.05136 -0.0375393

5.06385 0.00732422 0.981928 -0.0180723 2.05137 -0.0375402
5.06399 0.0146484 0.981928 -0.0180723 2.03985 -0.0701467

5.06399 0.0146484 0.971041 -0.0289591 2.03987 -0.0701529
5.06421 0.0219727 0.971041 -0.0289591 2.02815 -0.0991145

5.06421 0.0219727 0.96131 -0.0386897 2.02816 -0.0991202
5.0645 0.0292969 0.96131 -0.0386897 2.01794 -0.119168

5.06451 0.0292969 0.952281 -0.0477193 2.01794 -0.119171
5.06487 0.0366211 0.952281 -0.0477193 2.00993 -0.131151

5.06487 0.0366211 0.943296 -0.0567039 2.00992 -0.131152
5.06531 0.0439453 0.943296 -0.0567039 2.01387 -0.141052

5.06531 0.0439453 0.933646 -0.0663545 2.01386 -0.141051
5.06583 0.0512695 0.933646 -0.0663545 2.02313 -0.153859

5.06583 0.0512695 0.924242 -0.0757577 2.02314 -0.15386
5.06643 0.0585938 0.924242 -0.0757577 2.01855 -0.167412

5.06643 0.0585938 0.915084 -0.084916 2.01854 -0.167411
5.06711 0.065918 0.915084 -0.084916 2.00757 -0.181932

5.06711 0.065918 0.905451 -0.0945488 2.00757 -0.181932
5.06787 0.0732422 0.905451 -0.0945488 2.00005 -0.197874

5.06787 0.0732422 0.896232 -0.103768 2.00002 -0.197873
5.06836 0.077496 0.896232 -0.103768 1.99546 -0.205862

5.06836 0.0773972 0.891874 -0.108126 1.9956 -0.205653
5.06963 0.0878906 0.891874 -0.108126 1.98183 -0.227941

5.06963 0.0878906 0.874394 -0.125606 1.98182 -0.22794
5.07173 0.102539 0.874394 -0.125606 1.96315 -0.258105

5.07174 0.102539 0.857774 -0.142226 1.96316 -0.258108
5.07417 0.117188 0.857774 -0.142226 1.95774 -0.288088

5.07419 0.117188 0.846012 -0.153988 1.95783 -0.288108
5.07552 0.124512 0.846012 -0.153988 1.95301 -0.303668

5.07552 0.124512 0.838508 -0.161492 1.953 -0.303665
5.07568 0.125376 0.838508 -0.161492 1.95151 -0.305639

5.07568 0.125358 0.838508 -0.161492 1.95155 -0.305602
5.07693 0.131836 0.838508 -0.161492 1.94426 -0.32071

5.07691 0.131836 0.826557 -0.173443 1.94415 -0.320673
5.07998 0.146484 0.826557 -0.173443 1.9282 -0.354951

5.08 0.146484 0.814803 -0.185197 1.92827 -0.354979
5.08167 0.153809 0.814803 -0.185197 1.92133 -0.368126

5.08167 0.153809 0.807095 -0.192905 1.92134 -0.368128
5.08301 0.159419 0.807095 -0.192905 1.91934 -0.379193

5.08301 0.159415 0.807095 -0.192905 1.91934 -0.379183
5.08342 0.161133 0.807095 -0.192905 1.92017 -0.384149

5.08342 0.161133 0.799629 -0.200371 1.92017 -0.384146
5.08525 0.168457 0.799629 -0.200371 1.92994 -0.406968

5.08525 0.168457 0.792165 -0.207835 1.92994 -0.406969
5.08717 0.175781 0.792165 -0.207835 1.91198 -0.434962

5.08715 0.175781 0.780939 -0.219061 1.91187 -0.434894
5.09126 0.19043 0.780939 -0.219061 1.88891 -0.472358

5.09125 0.19043 0.765402 -0.234598 1.88886 -0.472329
5.09574 0.205078 0.765402 -0.234598 1.86709 -0.514052

5.09576 0.205078 0.753613 -0.246387 1.86717 -0.514094
5.09766 0.210871 0.753613 -0.246387 1.84953 -0.526611

5.09766 0.210805 0.750671 -0.249329 1.84977 -0.526478
5.10062 0.219727 0.750671 -0.249329 1.82634 -0.549253

5.1006 0.219727 0.736131 -0.263869 1.82624 -0.5492
5.10585 0.234375 0.736131 -0.263869 1.78765 -0.589322

5.10585 0.234375 0.720656 -0.279344 1.78764 -0.58932
5.11152 0.249023 0.720656 -0.279344 1.74545 -0.623017

5.11155 0.249023 0.709504 -0.290496 1.74552 -0.623033
5.1123 0.250875 0.709504 -0.290496 1.73977 -0.626751

5.1123 0.250848 0.709504 -0.290496 1.73989 -0.626705
5.11456 0.256348 0.709504 -0.290496 1.73277 -0.639329

5.11455 0.256348 0.702324 -0.297676 1.73274 -0.63932
5.11766 0.263672 0.702324 -0.297676 1.72274 -0.667787

5.11765 0.263672 0.694916 -0.305084 1.72273 -0.667768
5.11963 0.268176 0.694916 -0.305084 1.70945 -0.686092

5.11963 0.268155 0.694916 -0.305084 1.70955 -0.686064
5.12088 0.270996 0.694916 -0.305084 1.70018 -0.696965

5.12087 0.270996 0.687383 -0.312617 1.70015 -0.696922
5.1242 0.27832 0.687383 -0.312617 1.68588 -0.723563

5.12419 0.27832 0.679906 -0.320094 1.68586 -0.723551
5.12695 0.284179 0.679906 -0.320094 1.66026 -0.735889

5.12695 0.284129 0.67639 -0.32361 1.66051 -0.735808
5.13118 0.292969 0.67639 -0.32361 1.65002 -0.765049

5.1312 0.292969 0.665714 -0.334286 1.65011 -0.765124
5.13428 0.299088 0.665714 -0.334286 1.63441 -0.787392

5.13428 0.299078 0.665714 -0.334286 1.63452 -0.787363
5.13489 0.300293 0.665714 -0.334286 1.62541 -0.792476

5.13488 0.300293 0.657821 -0.342179 1.62538 -0.792457
5.13869 0.307617 0.657821 -0.342179 1.58414 -0.819578

5.13869 0.307617 0.650138 -0.349862 1.58414 -0.819577
5.1416 0.313027 0.650138 -0.349862 1.55579 -0.835481

5.1416 0.313008 0.650138 -0.349862 1.55593 -0.835454
5.14264 0.314941 0.650138 -0.349862 1.54475 -0.841288

5.14263 0.314941 0.642599 -0.357401 1.54471 -0.84126
5.14671 0.322266 0.642599 -0.357401 1.51145 -0.863507

5.1467 0.322266 0.634785 -0.365215 1.51141 -0.863484
5.14893 0.326139 0.634785 -0.365215 1.49637 -0.873755

5.14893 0.326114 0.634785 -0.365215 1.49652 -0.873711
5.15093 0.32959 0.634785 -0.365215 1.48487 -0.88655

5.15091 0.32959 0.626627 -0.373373 1.48482 -0.886514
5.15528 0.336914 0.626627 -0.373373 1.44836 -0.910136

5.15526 0.336914 0.620753 -0.379247 1.4483 -0.910091
5.15625 0.338532 0.620753 -0.379247 1.43712 -0.913978

5.15625 0.338476 0.61847 -0.38153 1.43763 -0.913933
5.1598 0.344238 0.61847 -0.38153 1.41892 -0.93341

5.1598 0.344238 0.610651 -0.389349 1.41887 -0.933383
5.16357 0.350164 0.610651 -0.389349 1.39136 -0.965578

5.16357 0.350139 0.613443 -0.386557 1.39159 -0.965565
5.16447 0.351562 0.613443 -0.386557 1.3812 -0.970733

5.16446 0.351562 0.602651 -0.397349 1.38118 -0.970701
5.16929 0.358887 0.602651 -0.397349 1.33077 -0.991622

5.16928 0.358887 0.597929 -0.402071 1.33073 -0.991588
5.1709 0.361291 0.597929 -0.402071 1.31246 -0.998127

5.1709 0.361226 0.59422 -0.40578 1.3131 -0.998072
5.1743 0.366211 0.59422 -0.40578 1.28579 -1.01244

5.17429 0.366211 0.585865 -0.414135 1.28575 -1.0124
5.17822 0.371774 0.585865 -0.414135 1.25448 -1.03447

5.17822 0.371741 0.589756 -0.410244 1.25475 -1.03444
5.17947 0.373535 0.589756 -0.410244 1.24499 -1.04166

5.17946 0.373535 0.577126 -0.422874 1.24496 -1.04162
5.18483 0.380859 0.577126 -0.422874 1.1936 -1.07214

5.18477 0.380859 0.571944 -0.428056 1.19341 -1.07186
5.18555 0.381898 0.571944 -0.428056 1.1867 -1.07735

5.18555 0.381784 0.568314 -0.431686 1.18796 -1.07728
5.19041 0.388184 0.568314 -0.431686 1.13842 -1.10043

5.1904 0.388184 0.56593 -0.43407 1.13841 -1.10041
5.19287 0.391401 0.56593 -0.43407 1.11615 -1.11237

5.19287 0.391308 0.560663 -0.439337 1.11697 -1.1124
5.19616 0.395508 0.560663 -0.439337 1.08592 -1.13037

5.19616 0.395508 0.551479 -0.448521 1.08591 -1.13034
5.2002 0.400472 0.551479 -0.448521 1.04822 -1.14874

5.2002 0.400429 0.550657 -0.449343 1.04861 -1.14878
5.20216 0.402832 0.550657 -0.449343 1.03052 -1.15796

5.20213 0.402832 0.540809 -0.459191 1.03048 -1.15782
5.20752 0.409176 0.540809 -0.459191 0.974795 -1.17666

5.20752 0.409166 0.538021 -0.461979 0.97492 -1.17668
5.20837 0.410156 0.538021 -0.461979 0.963631 -1.17916

5.20835 0.410156 0.53062 -0.46938 0.963614 -1.17905
5.21483 0.41748 0.53062 -0.46938 0.897799 -1.19365

5.21475 0.41748 0.525422 -0.474578 0.897715 -1.19329
5.21484 0.417582 0.525422 -0.474578 0.896995 -1.19354

5.21484 0.417497 0.52051 -0.47949 0.897689 -1.19371
5.22158 0.424805 0.52051 -0.47949 0.849412 -1.22126

5.22151 0.424805 0.515253 -0.484747 0.849358 -1.22082
5.22217 0.425501 0.515253 -0.484747 0.844939 -1.2243

5.22217 0.425425 0.510322 -0.489678 0.845484 -1.22443
5.2286 0.432129 0.510322 -0.489678 0.785372 -1.24942

5.22853 0.432129 0.504386 -0.495614 0.785354 -1.24903
5.22949 0.433105 0.504386 -0.495614 0.774712 -1.25201

5.22949 0.433036 0.498335 -0.501665 0.77548 -1.25219
5.23595 0.439453 0.498335 -0.501665 0.702731 -1.26515

5.23587 0.439453 0.493088 -0.506912 0.702734 -1.26492
5.23682 0.440373 0.493088 -0.506912 0.691362 -1.26522

5.23682 0.440304 0.487076 -0.512924 0.692205 -1.2654
5.24363 0.446777 0.487076 -0.512924 0.616652 -1.26417

5.24354 0.446777 0.482006 -0.517994 0.616731 -1.26392
5.24414 0.447337 0.482006 -0.517994 0.610235 -1.26375

5.24414 0.447263 0.476257 -0.523743 0.611031 -1.26398
5.25146 0.453923 0.476257 -0.523743 0.544403 -1.26837

5.25146 0.453917 0.469791 -0.530209 0.544452 -1.26839
5.25167 0.454102 0.469791 -0.530209 0.542887 -1.26872

5.25167 0.454102 0.465071 -0.534929 0.542889 -1.2687
5.25879 0.460293 0.465071 -0.534929 0.48369 -1.28128

5.25879 0.460267 0.45597 -0.54403 0.483939 -1.28139
5.26017 0.461426 0.45597 -0.54403 0.471141 -1.28321

5.26016 0.461426 0.453606 -0.546394 0.471161 -1.28313
5.26611 0.466372 0.453606 -0.546394 0.40944 -1.27798

5.26611 0.466356 0.440161 -0.559839 0.409604 -1.27806
5.26916 0.46875 0.440161 -0.559839 1e+30 1e+30

