7.22262 0.46875 0.508497 -0.491503 0.915285 -1.49121
7.229 0.475357 0.508497 -0.491503 0.83063 -1.50178

7.229 0.475349 0.503016 -0.496984 0.830718 -1.50182
7.22972 0.476074 0.503016 -0.496984 0.820805 -1.50209

7.2297 0.476074 0.49645 -0.50355 0.820851 -1.50196
7.23633 0.48261 0.49645 -0.50355 0.724962 -1.5129

7.23633 0.482597 0.490296 -0.509704 0.725148 -1.51298
7.23716 0.483398 0.490296 -0.509704 0.711726 -1.51493

7.23714 0.483398 0.48459 -0.51541 0.711775 -1.51478
7.24365 0.489518 0.48459 -0.51541 0.620783 -1.52882

7.24365 0.489494 0.4767 -0.5233 0.621005 -1.52897
7.245 0.490723 0.4767 -0.5233 0.605644 -1.53212

7.24498 0.490723 0.471954 -0.528046 0.605714 -1.53194
7.25098 0.496083 0.471954 -0.528046 0.535432 -1.55177

7.25098 0.496051 0.462199 -0.537801 0.535748 -1.55202
7.2533 0.498047 0.462199 -0.537801 0.50807 -1.55878

7.25324 0.498047 0.458548 -0.541452 0.508271 -1.55824
7.2583 0.502331 0.458548 -0.541452 0.439914 -1.56116

7.2583 0.502337 0.445908 -0.554092 0.439859 -1.56111
7.26207 0.505371 0.445908 -0.554092 0.391647 -1.55632

7.26194 0.505371 0.442296 -0.557704 0.392061 -1.55586
7.26562 0.50829 0.442296 -0.557704 0.344425 -1.55088

7.26562 0.508292 0.436615 -0.563385 0.344393 -1.55087
7.27131 0.512695 0.436615 -0.563385 0.274395 -1.53796

7.27121 0.512695 0.429983 -0.570017 0.274746 -1.53768
7.27295 0.514009 0.429983 -0.570017 0.254498 -1.53374

7.27295 0.513982 0.423786 -0.576214 0.254779 -1.53392
7.28027 0.519369 0.423786 -0.576214 0.170638 -1.53447

7.28027 0.519356 0.409338 -0.590662 0.170787 -1.53456
7.28123 0.52002 0.409338 -0.590662 0.159995 -1.53691

7.28121 0.52002 0.410617 -0.589383 0.160073 -1.53675
7.2876 0.52447 0.410617 -0.589383 0.0727592 -1.52308

7.2876 0.524442 0.397482 -0.602518 0.0731092 -1.52337
7.292 0.527344 0.397482 -0.602518 0.0145569 -1.49281

7.2919 0.527344 0.396404 -0.603596 0.0148765 -1.49291
7.29492 0.529326 0.396404 -0.603596 -0.0225458 -1.47721

7.29492 0.529298 0.384017 -0.615983 -0.0221581 -1.47739
7.30225 0.533864 0.384017 -0.615983 -0.105718 -1.46008

7.30225 0.533847 0.36994 -0.63006 -0.105499 -1.46019
7.30364 0.534668 0.36994 -0.63006 -0.120559 -1.46104

7.30361 0.534668 0.370208 -0.629792 -0.12046 -1.46091
7.30957 0.538169 0.370208 -0.629792 -0.200846 -1.4335

7.30957 0.538161 0.3562 -0.6438 -0.200718 -1.43354
7.31649 0.541992 0.3562 -0.6438 -0.283252 -1.39045

7.31638 0.541992 0.353973 -0.646027 -0.282903 -1.39021
7.31689 0.542274 0.353973 -0.646027 -0.288504 -1.38976

7.31689 0.54222 0.341382 -0.658618 -0.287724 -1.39006
7.32422 0.546016 0.341382 -0.658618 -0.380228 -1.35248

7.32422 0.546007 0.326312 -0.673688 -0.380092 -1.35257
7.33105 0.549316 0.326312 -0.673688 -0.456956 -1.30053

7.33095 0.549316 0.326312 -0.673688 -0.456616 -1.30047
7.33154 0.549606 0.326312 -0.673688 -0.463002 -1.29948

7.33154 0.549559 0.31107 -0.68893 -0.462281 -1.29969
7.33887 0.552867 0.31107 -0.68893 -0.550115 -1.25233

7.33887 0.552866 0.295043 -0.704957 -0.550098 -1.25233
7.34619 0.555931 0.295043 -0.704957 -0.631183 -1.18173

7.34619 0.555919 0.278718 -0.721282 -0.630972 -1.18179
7.34806 0.556641 0.278718 -0.721282 -0.649683 -1.17391

7.34803 0.556641 0.278718 -0.721282 -0.649579 -1.17399
7.35352 0.558762 0.278718 -0.721282 -0.714751 -1.13066

7.35352 0.558761 0.261629 -0.738371 -0.714732 -1.13066
7.36084 0.561356 0.261629 -0.738371 -0.800408 -1.03871

7.36084 0.561354 0.243706 -0.756294 -0.80037 -1.03872
7.36816 0.563714 0.243706 -0.756294 -0.866376 -0.972328

7.36816 0.563711 0.225366 -0.774634 -0.86631 -0.97234
7.36904 0.563965 0.225366 -0.774634 -0.874167 -0.969005

7.36903 0.563965 0.225366 -0.774634 -0.874128 -0.969037
7.37549 0.565845 0.225366 -0.774634 -0.940538 -0.916368

7.37549 0.565844 0.206246 -0.793754 -0.940525 -0.91637
7.38281 0.567747 0.206246 -0.793754 -1.02164 -0.821248

7.38281 0.567747 0.186282 -0.813718 -1.02163 -0.821253
7.39014 0.569424 0.186282 -0.813718 -1.07645 -0.707219

7.39014 0.569423 0.165567 -0.834433 -1.07643 -0.707224
7.39746 0.570876 0.165567 -0.834433 -1.12837 -0.611376

7.39746 0.570876 0.144192 -0.855808 -1.12836 -0.611376
7.39991 0.571289 0.144192 -0.855808 -1.14593 -0.584667

7.39992 0.571289 0.144192 -0.855808 -1.14596 -0.584561
7.40479 0.572108 0.144192 -0.855808 -1.18357 -0.526238

7.40479 0.572111 0.121582 -0.878418 -1.18363 -0.526231
7.41211 0.573124 0.121582 -0.878418 -1.23776 -0.428022

7.41211 0.573124 0.0973145 -0.902686 -1.23776 -0.428022
7.41943 0.573914 0.0973145 -0.902686 -1.28479 -0.320467

7.41943 0.573913 0.0717541 -0.928246 -1.28478 -0.320468
7.42676 0.57448 0.0717541 -0.928246 -1.32144 -0.211388

7.42676 0.574479 0.0450894 -0.954911 -1.32141 -0.211389
7.43408 0.574825 0.0450894 -0.954911 -1.34557 -0.0994543

7.43408 0.574824 0.0173139 -0.982686 -1.34554 -0.0994548
7.44141 0.574953 0.0173139 -0.982686 -1.35596 0.01605

7.44141 0.574953 -0.0115545 -0.988445 -1.35596 0.0160497
7.44873 0.574867 -0.0115545 -0.988445 -1.35319 0.133064

7.44873 0.574867 -0.0394045 -0.960596 -1.3532 0.133064
7.45605 0.574567 -0.0394045 -0.960596 -1.34007 0.247202

7.45605 0.574568 -0.0660082 -0.933992 -1.3401 0.247203
7.46338 0.57405 -0.0660082 -0.933992 -1.32139 0.355108

7.46338 0.574051 -0.0915819 -0.908418 -1.32142 0.355109
7.4707 0.573313 -0.0915819 -0.908418 -1.3013 0.457167

7.48535 0.571165 -0.139109 -0.860891 -1.25834 0.644403
7.48458 0.571289 -0.139109 -0.860891 -1.26056 0.635382

7.4707 0.573313 -0.116085 -0.883915 -1.30131 0.457167
7.47803 0.572351 -0.116085 -0.883915 -1.28 0.554139

7.47803 0.57235 -0.139109 -0.860891 -1.27997 0.554138
7.48459 0.571289 -0.139109 -0.860891 -1.26056 0.63548

7.48535 0.571168 -0.160975 -0.839025 -1.25839 0.644399
7.49268 0.569762 -0.160975 -0.839025 -1.23211 0.748697

7.49268 0.569763 -0.182038 -0.817962 -1.23212 0.748696
7.5 0.568133 -0.182038 -0.817962 1e+30 1e+30

7.66113 0.465765 -0.53038 -0.46962 0.588502 1.97026
7.65849 0.46875 -0.53038 -0.46962 1e+30 1e+30

7.67578 0.448348 -0.552495 -0.447505 0.756486 1.94598
7.67112 0.454102 -0.552495 -0.447505 0.700714 1.95734

7.66846 0.457246 -0.544686 -0.455314 0.675459 1.96012
7.66496 0.461426 -0.544686 -0.455314 0.630473 1.97088

7.66113 0.465768 -0.536596 -0.463404 0.588445 1.97025
7.66488 0.461426 -0.536596 -0.463404 0.630761 1.97113

7.66846 0.457268 -0.547341 -0.452659 0.675124 1.96019
7.67108 0.454102 -0.547341 -0.452659 0.701078 1.95723

7.70508 0.407543 -0.609587 -0.390413 1.17023 1.81787
7.7034 0.410156 -0.609587 -0.390413 1.14143 1.83979

7.73438 0.356227 -0.66576 -0.33424 1e+30 1e+30
7.73304 0.358887 -0.66576 -0.33424 1.4689 1.59555

7.73303 0.358887 -0.658054 -0.341946 1.46901 1.59558
7.72922 0.366211 -0.658054 -0.341946 1.42831 1.62898

7.72705 0.370267 -0.650461 -0.349539 1.4148 1.65173
7.72529 0.373535 -0.650461 -0.349539 1.39405 1.66893

7.72529 0.373535 -0.642551 -0.357449 1.3941 1.66896
7.72121 0.380859 -0.642551 -0.357449 1.33954 1.69455

7.72705 0.370231 -0.650461 -0.349539 1.41519 1.65163
7.72921 0.366211 -0.650461 -0.349539 1.42839 1.629

7.71973 0.383451 -0.634197 -0.365803 1.32047 1.70241
7.717 0.388184 -0.634197 -0.365803 1.28638 1.72115

7.71699 0.388184 -0.625721 -0.374279 1.28641 1.72117
7.71261 0.395508 -0.625721 -0.374279 1.22538 1.73993

7.7124 0.395844 -0.617413 -0.382587 1.22249 1.74077
7.70807 0.402832 -0.617413 -0.382587 1.18363 1.77476

7.70508 0.407482 -0.609471 -0.390529 1.17121 1.81771
7.70806 0.402832 -0.609471 -0.390529 1.18378 1.77486

7.7124 0.395842 -0.625281 -0.374719 1.2225 1.74077
7.7126 0.395508 -0.625281 -0.374719 1.22543 1.73994

7.71973 0.38342 -0.634197 -0.365803 1.32083 1.70232
7.7212 0.380859 -0.634197 -0.365803 1.33962 1.69455

7.68311 0.439002 -0.57193 -0.42807 0.868584 1.93815
7.68277 0.439453 -0.57193 -0.42807 0.861873 1.93949

7.69043 0.429015 -0.58305 -0.41695 0.949988 1.8928
7.6882 0.432129 -0.58305 -0.41695 0.931379 1.91415

7.68311 0.438927 -0.572924 -0.427076 0.869974 1.93809
7.68817 0.432129 -0.572924 -0.427076 0.931534 1.91441

7.69775 0.41858 -0.590839 -0.409161 1.02083 1.85181
7.69344 0.424805 -0.590839 -0.409161 0.960686 1.86694

7.70339 0.410156 -0.600447 -0.399553 1.14153 1.83991
7.69852 0.41748 -0.600447 -0.399553 1.03896 1.85229

7.69775 0.418582 -0.598201 -0.401799 1.0208 1.85182
7.69849 0.41748 -0.598201 -0.401799 1.03904 1.85225

7.69043 0.428978 -0.582003 -0.417997 0.950343 1.89278
7.69343 0.424805 -0.582003 -0.417997 0.960833 1.86699

7.68273 0.439453 -0.563143 -0.436857 0.862043 1.9396
7.67705 0.446777 -0.563143 -0.436857 0.770823 1.94605

7.67578 0.448341 -0.557603 -0.442397 0.756581 1.94597
7.67702 0.446777 -0.557603 -0.442397 0.770993 1.94599

7.81221 0 -0.996906 -0.00309434 2.33945 0
7.81219 0.00732422 -0.996906 -0.00309434 2.33418 0.0372239

7.81219 0.00732422 -0.990139 -0.00986119 2.33415 0.0372247
7.81212 0.0146484 -0.990139 -0.00986119 2.32509 0.0736733

7.81212 0.0146484 -0.982532 -0.0174677 2.32508 0.0736732
7.81199 0.0219727 -0.982532 -0.0174677 2.31749 0.109807

7.81198 0.0219727 -0.975325 -0.024675 2.31751 0.109808
7.8118 0.0292969 -0.975325 -0.024675 2.31141 0.137698

7.81182 0.0292969 -0.964651 -0.0353486 2.31127 0.13771
7.81128 0.0439453 -0.964651 -0.0353486 2.29878 0.200851

7.81128 0.0439453 -0.950018 -0.0499821 2.29874 0.200854
7.81051 0.0585938 -0.950018 -0.0499821 2.28478 0.264571

7.8105 0.0585938 -0.938901 -0.0610994 2.2849 0.264559
7.81002 0.065918 -0.938901 -0.0610994 2.27793 0.295965

7.81002 0.065918 -0.931956 -0.068044 2.27794 0.295964
7.80948 0.0732422 -0.931956 -0.068044 2.26613 0.32221

7.80951 0.0732422 -0.920412 -0.0795884 2.26596 0.322213
7.80824 0.0878906 -0.920412 -0.0795884 2.25279 0.384911

7.80762 0.0938085 -0.909103 -0.0908973 2.24908 0.411814
7.80748 0.0952148 -0.909103 -0.0908973 2.24749 0.418033

7.80749 0.0952148 -0.901891 -0.0981093 2.24737 0.418024
7.80669 0.102539 -0.901891 -0.0981093 2.23322 0.450248

7.80669 0.102539 -0.894855 -0.105145 2.23324 0.450251
7.80583 0.109863 -0.894855 -0.105145 2.22341 0.481219

7.80583 0.109863 -0.888228 -0.111772 2.22339 0.481216
7.80491 0.117188 -0.888228 -0.111772 1e+30 1e+30

7.80762 0.0939338 -0.909103 -0.0908973 2.24883 0.412359
7.80822 0.0878906 -0.909103 -0.0908973 2.25294 0.384917

