27.1875 0.264502 -0.840119 -0.159881 2.52994 1.11464
27.1863 0.270996 -0.840119 -0.159881 2.51547 1.14712

27.1863 0.270996 -0.834772 -0.165228 2.51548 1.14712
27.1848 0.27832 -0.834772 -0.165228 2.51164 1.18531

27.1848 0.27832 -0.829733 -0.170267 2.51165 1.18531
27.1833 0.285645 -0.829733 -0.170267 2.49547 1.22694

27.1833 0.285645 -0.824814 -0.175186 2.49547 1.22694
27.1818 0.292969 -0.824814 -0.175186 2.4726 1.26546

27.1802 0.300186 -0.81991 -0.18009 2.451 1.3044
27.1802 0.300293 -0.81991 -0.18009 2.4507 1.30498

27.1801 0.300293 -0.814895 -0.185105 2.45075 1.30499
27.1785 0.307617 -0.814895 -0.185105 2.43427 1.34469

27.1802 0.300156 -0.81991 -0.18009 2.45115 1.30424
27.1818 0.292969 -0.81991 -0.18009 2.4726 1.26546

27.1785 0.307617 -0.809667 -0.190333 2.43427 1.34469
27.1768 0.314941 -0.809667 -0.190333 2.4207 1.38474

27.1768 0.314941 -0.804322 -0.195678 2.4207 1.38474
27.175 0.322266 -0.804322 -0.195678 2.39837 1.42479

27.1729 0.330709 -0.794248 -0.205752 2.36041 1.4713
27.1712 0.336914 -0.794248 -0.205752 2.34098 1.50741

27.1712 0.336914 -0.788563 -0.211437 2.34096 1.5074
27.1693 0.344238 -0.788563 -0.211437 2.32729 1.55136

27.1693 0.344238 -0.782647 -0.217353 2.3273 1.55136
27.1672 0.351562 -0.782647 -0.217353 2.30538 1.59447

27.175 0.322266 -0.799267 -0.200733 2.39839 1.42479
27.1731 0.32959 -0.799267 -0.200733 2.36592 1.46487

27.1729 0.330696 -0.794248 -0.205752 2.36051 1.47124
27.1731 0.32959 -0.794248 -0.205752 2.36593 1.46488

27.1289 0.457206 -0.683066 -0.316934 1.72041 2.23899
27.1269 0.461426 -0.683066 -0.316934 1.68095 2.26695

27.1269 0.461426 -0.674706 -0.325294 1.68097 2.26696
27.1234 0.46875 -0.674706 -0.325294 1.61048 2.31059

27.1582 0.381498 -0.753553 -0.246447 2.17301 1.76813
27.156 0.388184 -0.753553 -0.246447 2.14218 1.80909

27.156 0.388184 -0.747289 -0.252711 2.14217 1.80909
27.1535 0.395508 -0.747289 -0.252711 2.11017 1.8534

27.1509 0.403116 -0.734412 -0.265588 2.06693 1.89622
27.1483 0.410156 -0.734412 -0.265588 2.03023 1.94057

27.1535 0.395508 -0.740935 -0.259065 2.11017 1.8534
27.151 0.402832 -0.740935 -0.259065 2.06872 1.89451

27.1509 0.403109 -0.734412 -0.265588 2.067 1.89618
27.151 0.402832 -0.734412 -0.265588 2.06873 1.89451

27.1655 0.357585 -0.776981 -0.223019 2.28026 1.63193
27.1652 0.358887 -0.776981 -0.223019 2.27372 1.63947

27.1651 0.358887 -0.77128 -0.22872 2.2738 1.63948
27.163 0.366211 -0.77128 -0.22872 2.24254 1.68139

27.1655 0.357548 -0.776981 -0.223019 2.28055 1.63173
27.1672 0.351562 -0.776981 -0.223019 2.3054 1.59447

27.163 0.366211 -0.765381 -0.234619 2.24254 1.68139
27.1607 0.373535 -0.765381 -0.234619 2.21421 1.72258

27.1607 0.373535 -0.759511 -0.240489 2.21421 1.72258
27.1584 0.380859 -0.759511 -0.240489 2.17665 1.76424

27.1582 0.381492 -0.753553 -0.246447 2.17306 1.76809
27.1584 0.380859 -0.753553 -0.246447 2.17665 1.76424

27.1436 0.422765 -0.720692 -0.279308 1.96242 2.01921
27.1428 0.424805 -0.720692 -0.279308 1.94753 2.03197

27.1428 0.424805 -0.713645 -0.286355 1.94763 2.03199
27.1398 0.432129 -0.713645 -0.286355 1.90073 2.0827

27.1398 0.432129 -0.706194 -0.293806 1.90072 2.0827
27.1368 0.439453 -0.706194 -0.293806 1.84958 2.1226

27.1483 0.410156 -0.727554 -0.272446 2.03022 1.94056
27.1456 0.41748 -0.727554 -0.272446 1.99208 1.98573

27.1436 0.422724 -0.720692 -0.279308 1.9629 2.01898
27.1456 0.41748 -0.720692 -0.279308 1.99213 1.98573

27.1362 0.440708 -0.698713 -0.301287 1.84039 2.13053
27.1336 0.446777 -0.698713 -0.301287 1.80012 2.17276

27.1336 0.446777 -0.691 -0.309 1.8001 2.17275
27.1303 0.454102 -0.691 -0.309 1.7431 2.21841

27.1362 0.440694 -0.698713 -0.301287 1.84056 2.13044
27.1368 0.439453 -0.698713 -0.301287 1.84963 2.1226

27.1289 0.457174 -0.683066 -0.316934 1.72081 2.23877
27.1303 0.454102 -0.683066 -0.316934 1.7432 2.2184

26.7188 0.489566 0.595533 -0.404467 1.8609 -1.30008
26.7195 0.490723 0.595533 -0.404467 1.84086 -1.31071

26.7195 0.490723 0.583324 -0.416676 1.84086 -1.3105
26.7248 0.498047 0.583324 -0.416676 1.74712 -1.3787

26.7247 0.498047 0.581501 -0.418499 1.74711 -1.3781
26.7261 0.499926 0.581501 -0.418499 1.72912 -1.39996

26.7261 0.499798 0.575238 -0.424762 1.73038 -1.40019
26.7302 0.505371 0.575238 -0.424762 1.67922 -1.46651

26.7301 0.505371 0.568839 -0.431161 1.67927 -1.46559
26.7334 0.50966 0.568839 -0.431161 1.62777 -1.52371

26.7334 0.509545 0.57138 -0.42862 1.62976 -1.52421
26.7358 0.512695 0.57138 -0.42862 1.56956 -1.55678

26.7357 0.512695 0.558233 -0.441767 1.56964 -1.5561
26.7407 0.519008 0.558233 -0.441767 1.45241 -1.59238

26.7407 0.518978 0.556836 -0.443164 1.45283 -1.59261
26.7416 0.52002 0.556836 -0.443164 1.43416 -1.59782

26.7415 0.52002 0.548211 -0.451789 1.43428 -1.59746
26.7476 0.527344 0.548211 -0.451789 1.34872 -1.6571

26.7475 0.527344 0.543425 -0.456575 1.34897 -1.65527
26.748 0.528021 0.543425 -0.456575 1.34515 -1.66314

26.748 0.527896 0.53877 -0.46123 1.34555 -1.6639
26.7538 0.534668 0.53877 -0.46123 1.27351 -1.73306

26.7538 0.534668 0.533201 -0.466799 1.27394 -1.73169
26.7554 0.536494 0.533201 -0.466799 1.24666 -1.74574

26.7554 0.536382 0.528688 -0.471312 1.24773 -1.74676
26.7604 0.541992 0.528688 -0.471312 1.13816 -1.77505

26.7603 0.541992 0.520766 -0.479234 1.13851 -1.77451
26.7627 0.544564 0.520766 -0.479234 1.07968 -1.77473

26.7627 0.54446 0.516734 -0.483266 1.08128 -1.77592
26.7672 0.549316 0.516734 -0.483266 0.997532 -1.79106

26.7672 0.549316 0.508237 -0.491763 0.99779 -1.79047
26.77 0.552229 0.508237 -0.491763 0.951465 -1.80808

26.77 0.55217 0.501315 -0.498685 0.951984 -1.80867
26.7745 0.556641 0.501315 -0.498685 0.8749 -1.84119

26.7744 0.556641 0.493824 -0.506176 0.875446 -1.83935
26.7773 0.559524 0.493824 -0.506176 0.826797 -1.88143

26.7773 0.559468 0.483882 -0.516118 0.827346 -1.88196
26.7821 0.563965 0.483882 -0.516118 0.717051 -1.9283

26.782 0.563965 0.478649 -0.521351 0.718287 -1.92651
26.7847 0.566395 0.478649 -0.521351 0.646255 -1.93605

26.7847 0.566341 0.469346 -0.530654 0.647241 -1.93672
26.7903 0.571289 0.469346 -0.530654 0.509554 -1.94924

26.7901 0.571289 0.463744 -0.536256 0.510898 -1.94765
26.792 0.572898 0.463744 -0.536256 0.465636 -1.94918

26.792 0.572836 0.4553 -0.5447 0.466652 -1.94999
26.7989 0.578613 0.4553 -0.5447 0.314807 -1.95154

26.7988 0.578613 0.448271 -0.551729 0.31602 -1.95008
26.7993 0.579056 0.448271 -0.551729 0.305942 -1.95011

26.7993 0.578973 0.439817 -0.560183 0.306897 -1.95123
26.8066 0.584723 0.439817 -0.560183 0.161495 -1.97209

26.8066 0.584696 0.422556 -0.577444 0.161947 -1.97247
26.8083 0.585938 0.422556 -0.577444 0.126215 -1.97851

26.8083 0.585938 0.42293 -0.57707 0.126627 -1.97787
26.814 0.590096 0.42293 -0.57707 -0.00954792 -1.96634

26.814 0.590055 0.405508 -0.594492 -0.00872517 -1.96698
26.8187 0.593262 0.405508 -0.594492 -0.120622 -1.94013

26.8185 0.593262 0.402018 -0.597982 -0.119262 -1.93963
26.8213 0.595121 0.402018 -0.597982 -0.179008 -1.92561

26.8213 0.595079 0.387584 -0.612416 -0.178249 -1.92615
26.8286 0.599714 0.387584 -0.612416 -0.342361 -1.91381

26.8286 0.599693 0.36883 -0.63117 -0.341843 -1.91411
26.8301 0.600586 0.36883 -0.63117 -0.378341 -1.91541

26.8301 0.600586 0.368834 -0.631166 -0.377895 -1.91499
26.8359 0.604 0.368834 -0.631166 -0.540954 -1.84596

26.8359 0.603991 0.349206 -0.650794 -0.540715 -1.84607
26.8432 0.60791 0.349206 -0.650794 -0.703646 -1.75645

26.8432 0.60791 0.346501 -0.653499 -0.70332 -1.75637
26.8433 0.607943 0.346501 -0.653499 -0.704547 -1.75616

26.8433 0.607924 0.328409 -0.671591 -0.704112 -1.75636
26.8506 0.611505 0.328409 -0.671591 -0.858114 -1.68143

26.8506 0.611503 0.30633 -0.69367 -0.858047 -1.68145
26.8579 0.614737 0.30633 -0.69367 -1.01333 -1.58853

26.8579 0.614729 0.282947 -0.717053 -1.0131 -1.58862
26.8592 0.615234 0.282947 -0.717053 -1.03903 -1.58437

26.8592 0.615234 0.282947 -0.717053 -1.03878 -1.58435
26.8652 0.61763 0.282947 -0.717053 -1.18284 -1.50204

26.8652 0.617628 0.25783 -0.74217 -1.18275 -1.50207
26.8726 0.620172 0.25783 -0.74217 -1.34929 -1.32419

26.8726 0.620166 0.231938 -0.768062 -1.34912 -1.32428
26.8799 0.622378 0.231938 -0.768062 -1.48467 -1.18227

26.8799 0.622377 0.20493 -0.79507 -1.48463 -1.18228
26.8806 0.622559 0.20493 -0.79507 -1.49757 -1.1738

26.8806 0.622559 0.20493 -0.79507 -1.49746 -1.17391
26.8872 0.624268 0.20493 -0.79507 -1.6273 -1.04817

26.8872 0.62427 0.17513 -0.82487 -1.6274 -1.04815
26.8945 0.625825 0.17513 -0.82487 -1.76771 -0.85955

26.8945 0.625826 0.142347 -0.857653 -1.76773 -0.859547
26.9019 0.627041 0.142347 -0.857653 -1.86674 -0.664064

26.9019 0.627042 0.106709 -0.893291 -1.86675 -0.664061
26.9092 0.627916 0.106709 -0.893291 -1.94416 -0.467804

26.9092 0.627916 0.0680453 -0.931955 -1.94415 -0.46781
26.9165 0.628451 0.0680453 -0.931955 -2.00946 -0.259072

26.9165 0.62845 0.0262445 -0.973755 -2.00944 -0.259081
26.9238 0.628647 0.0262445 -0.973755 -2.05605 -0.0347764

26.9238 0.628647 -0.0183881 -0.981612 -2.05604 -0.0347794
26.9312 0.62851 -0.0183881 -0.981612 -2.07771 0.199597

26.9312 0.628511 -0.060651 -0.939349 -2.07773 0.199599
26.9385 0.628038 -0.060651 -0.939349 -2.07463 0.436618

26.9385 0.62804 -0.100207 -0.899793 -2.07469 0.436614
26.9458 0.627225 -0.100207 -0.899793 -2.05496 0.671699

26.9458 0.627228 -0.137738 -0.862262 -2.05504 0.671684
26.9531 0.626058 -0.137738 -0.862262 -2.02207 0.90586

27.041 0.581814 -0.454352 -0.545648 -0.302519 2.66532
27.0361 0.585938 -0.454352 -0.545648 -0.424101 2.6206

27.0703 0.551898 -0.539787 -0.460213 0.442325 2.72177
27.0663 0.556641 -0.539787 -0.460213 0.343182 2.73243

27.0557 0.568028 -0.499687 -0.500313 0.0721345 2.72646
27.0524 0.571289 -0.499687 -0.500313 -0.0108597 2.72049

27.0483 0.575217 -0.476001 -0.523999 -0.115334 2.70654
27.0446 0.578613 -0.476001 -0.523999 -0.209227 2.68533

27.041 0.581718 -0.467695 -0.532305 -0.298388 2.66443
27.0445 0.578613 -0.467695 -0.532305 -0.208577 2.68461

27.0483 0.575126 -0.489001 -0.510999 -0.112347 2.70662
27.0523 0.571289 -0.489001 -0.510999 -0.0105617 2.72036

27.063 0.560259 -0.521078 -0.478922 0.273011 2.73482
27.0596 0.563965 -0.521078 -0.478922 0.178653 2.73407

27.0557 0.567977 -0.50965 -0.49035 0.0737323 2.72642
27.0595 0.563965 -0.50965 -0.49035 0.179052 2.73395

27.063 0.560245 -0.528385 -0.471615 0.273477 2.73467
27.0662 0.556641 -0.528385 -0.471615 0.344149 2.73175

26.9531 0.62606 -0.173209 -0.826791 -2.02218 0.905868
26.9604 0.624525 -0.173209 -0.826791 -1.93197 1.11552

26.9604 0.624521 -0.205487 -0.794513 -1.93176 1.1155
26.9678 0.622627 -0.205487 -0.794513 -1.85223 1.28456

26.9751 0.620376 -0.235536 -0.764464 -1.77813 1.49795
26.968 0.622559 -0.235536 -0.764464 -1.85017 1.28939

26.9678 0.62263 -0.235536 -0.764464 -1.85234 1.28456
26.968 0.622559 -0.235536 -0.764464 -1.85015 1.28923

26.9751 0.620377 -0.264411 -0.735589 -1.77818 1.49794
26.9824 0.617744 -0.264411 -0.735589 -1.64355 1.7335

26.9897 0.614783 -0.290891 -0.709109 -1.4854 1.88083
26.9886 0.615234 -0.290891 -0.709109 -1.50569 1.86371

26.9897 0.614751 -0.316957 -0.683043 -1.484 1.88096
26.9971 0.611352 -0.316957 -0.683043 -1.36169 2.05034

27.0044 0.60761 -0.342431 -0.657569 -1.19165 2.1679
27.0038 0.60791 -0.342431 -0.657569 -1.20213 2.16248

26.9971 0.611341 -0.342431 -0.657569 -1.36103 2.05028
27.0037 0.60791 -0.342431 -0.657569 -1.2016 2.16091

27.0044 0.607547 -0.366989 -0.633011 -1.18902 2.16786
27.0117 0.6033 -0.366989 -0.633011 -1.05856 2.28869

26.9824 0.617732 -0.290891 -0.709109 -1.64281 1.73347
26.9885 0.615234 -0.290891 -0.709109 -1.50576 1.8618

27.019 0.598646 -0.390571 -0.609429 -0.860399 2.43508
27.016 0.600586 -0.390571 -0.609429 -0.93999 2.37464

27.019 0.598598 -0.411702 -0.588298 -0.858411 2.43532
27.0264 0.593473 -0.411702 -0.588298 -0.669253 2.53145

27.0117 0.603263 -0.390571 -0.609429 -1.05653 2.28849
27.0159 0.600586 -0.390571 -0.609429 -0.939959 2.37262

27.0337 0.587901 -0.433037 -0.566963 -0.491705 2.60249
27.0267 0.593262 -0.433037 -0.566963 -0.662208 2.53391

27.0264 0.593474 -0.42306 -0.57694 -0.669314 2.53145
27.0267 0.593262 -0.42306 -0.57694 -0.662109 2.53376

27.0337 0.587833 -0.446712 -0.553288 -0.488614 2.60202
27.036 0.585938 -0.446712 -0.553288 -0.423878 2.62028

27.0996 0.511663 -0.620004 -0.379996 1.14805 2.59185
27.099 0.512695 -0.620004 -0.379996 1.1274 2.59928

27.0923 0.522807 -0.593876 -0.406124 0.949658 2.62969
27.0892 0.527344 -0.593876 -0.406124 0.883385 2.65348

27.0989 0.512695 -0.606091 -0.393909 1.12774 2.59933
27.0942 0.52002 -0.606091 -0.393909 0.991105 2.62747

27.0923 0.522789 -0.596179 -0.403821 0.950072 2.62957
27.0942 0.52002 -0.596179 -0.403821 0.991434 2.62722

27.1143 0.486495 -0.648138 -0.351862 1.44827 2.42284
27.112 0.490723 -0.648138 -0.351862 1.39768 2.45459

27.112 0.490723 -0.638034 -0.361966 1.39767 2.45459
27.1078 0.498047 -0.638034 -0.361966 1.29513 2.48878

27.1216 0.472422 -0.666125 -0.333875 1.58267 2.33305
27.1198 0.476074 -0.666125 -0.333875 1.54579 2.35612

27.1197 0.476074 -0.657347 -0.342653 1.54583 2.35612
27.1159 0.483398 -0.657347 -0.342653 1.47248 2.402

27.1216 0.472388 -0.666125 -0.333875 1.58316 2.33282
27.1234 0.46875 -0.666125 -0.333875 1.61059 2.31057

27.1143 0.486461 -0.648138 -0.351862 1.44878 2.42257
27.1159 0.483398 -0.648138 -0.351862 1.47261 2.40198

27.1069 0.499518 -0.627733 -0.372267 1.27536 2.49506
27.1035 0.505371 -0.627733 -0.372267 1.21402 2.54239

27.0996 0.511592 -0.617755 -0.382245 1.15002 2.59142
27.1035 0.505371 -0.617755 -0.382245 1.21406 2.54241

27.1069 0.499508 -0.628933 -0.371067 1.27556 2.495
27.1078 0.498047 -0.628933 -0.371067 1.29527 2.48874

27.085 0.533269 -0.583615 -0.416385 0.807946 2.6842
27.084 0.534668 -0.583615 -0.416385 0.783399 2.69289

27.0839 0.534668 -0.568955 -0.431045 0.783705 2.69289
27.0784 0.541992 -0.568955 -0.431045 0.63684 2.71197

27.0776 0.542944 -0.554263 -0.445737 0.616986 2.71224
27.0725 0.549316 -0.554263 -0.445737 0.488599 2.72273

27.0703 0.551903 -0.545173 -0.454827 0.442178 2.72181
27.0725 0.549316 -0.545173 -0.454827 0.489192 2.72231

27.0776 0.542925 -0.561076 -0.438924 0.61756 2.7121
27.0784 0.541992 -0.561076 -0.438924 0.637116 2.71177

27.085 0.533209 -0.582136 -0.417864 0.809544 2.68382
27.0892 0.527344 -0.582136 -0.417864 0.883485 2.65349

27.211 0 -0.990472 -0.00952775 2.73335 0
27.2108 0.0292969 -0.990472 -0.00952775 2.7336 0.107532

27.2107 0.0292969 -0.976626 -0.0233736 2.73391 0.107529
27.2104 0.0439453 -0.976626 -0.0233736 2.73472 0.162232

27.2104 0.0439453 -0.968094 -0.0319064 2.73471 0.162232
27.2099 0.0585938 -0.968094 -0.0319064 2.72574 0.218332

27.2099 0.0585938 -0.95525 -0.0447501 2.72547 0.218333
27.2086 0.0878906 -0.95525 -0.0447501 2.72025 0.334641

27.2085 0.0878906 -0.942702 -0.0572976 2.72051 0.334629
27.2076 0.102539 -0.942702 -0.0572976 2.71618 0.396648

27.2076 0.102539 -0.934175 -0.0658253 2.71616 0.396648
27.2066 0.117188 -0.934175 -0.0658253 2.70696 0.458975

27.2066 0.117188 -0.925436 -0.0745638 2.70695 0.458975
27.2054 0.131836 -0.925436 -0.0745638 2.69534 0.517718

27.2054 0.131836 -0.916726 -0.0832739 2.69534 0.517718
27.2041 0.146484 -0.916726 -0.0832739 2.6817 0.575482

27.2021 0.165262 -0.899353 -0.100647 2.66764 0.655865
27.201 0.175781 -0.899353 -0.100647 2.6593 0.702448

27.2041 0.146484 -0.908057 -0.0919433 2.68169 0.575483
27.2026 0.161133 -0.908057 -0.0919433 2.67035 0.637605

27.2021 0.165243 -0.899353 -0.100647 2.66767 0.655779
27.2026 0.161133 -0.899353 -0.100647 2.67035 0.637605

27.201 0.175781 -0.890619 -0.109381 2.6593 0.702448
27.1992 0.19043 -0.890619 -0.109381 2.6463 0.767987

27.1992 0.19043 -0.881916 -0.118084 2.6463 0.767987
27.1972 0.205078 -0.881916 -0.118084 2.62884 0.834767

27.1972 0.205078 -0.873286 -0.126714 2.62884 0.834767
27.1951 0.219727 -0.873286 -0.126714 2.60662 0.902085

27.1951 0.219727 -0.864579 -0.135421 2.60661 0.902084
27.1928 0.234375 -0.864579 -0.135421 2.58868 0.969979

27.1928 0.234375 -0.855423 -0.144577 2.58864 0.969979
27.1903 0.249023 -0.855423 -0.144577 2.56705 1.04122

27.1903 0.249023 -0.848489 -0.151511 2.56719 1.04124
27.189 0.256348 -0.848489 -0.151511 2.54957 1.07685

27.189 0.256348 -0.844714 -0.155286 2.54957 1.07685
27.1877 0.263672 -0.844714 -0.155286 2.53204 1.11057

27.1875 0.264477 -0.837297 -0.162703 2.53004 1.11452
27.1877 0.263672 -0.837297 -0.162703 2.532 1.11057

