10.777 0 0.995293 -0.00470709 2.5834 0
10.7771 0.00732422 0.995293 -0.00470709 2.5779 -0.0290656

10.7771 0.00732422 0.985846 -0.0141539 2.5779 -0.0290647
10.7772 0.0146484 0.985846 -0.0141539 2.56592 -0.0493477

10.7772 0.0146484 0.97676 -0.0232397 2.56593 -0.0493511
10.7773 0.0219727 0.97676 -0.0232397 2.55599 -0.0603958

10.7773 0.0219727 0.968688 -0.0313118 2.556 -0.0604012
10.7776 0.0292969 0.968688 -0.0313118 2.56554 -0.0589167

10.7776 0.0292969 0.958443 -0.0415575 2.56549 -0.0589162
10.7782 0.0439453 0.958443 -0.0415575 2.57214 -0.0820601

10.7782 0.0439453 0.944244 -0.0557556 2.5721 -0.0820489
10.7791 0.0585938 0.944244 -0.0557556 2.57755 -0.112716

10.7791 0.0585938 0.933075 -0.0669249 2.57761 -0.11274
10.7796 0.065918 0.933075 -0.0669249 2.57562 -0.129337

10.7796 0.065918 0.925556 -0.074444 2.57562 -0.129337
10.7802 0.0732422 0.925556 -0.074444 2.56741 -0.143889

10.7802 0.0732422 0.9184 -0.0815998 2.56741 -0.143889
10.7808 0.0805664 0.9184 -0.0815998 2.55726 -0.159034

10.7808 0.0805664 0.911452 -0.0885484 2.55726 -0.159033
10.7812 0.0847884 0.911452 -0.0885484 2.55247 -0.168337

10.7812 0.0878906 0.899972 -0.100028 2.56551 -0.15994
10.7812 0.0881878 0.899972 -0.100028 2.5615 -0.171741

10.7812 0.0847901 0.911452 -0.0885484 2.55248 -0.168338
10.7816 0.0878906 0.911452 -0.0885484 2.56172 -0.172973

10.7815 0.0878906 0.90374 -0.0962599 2.56171 -0.172959
10.7823 0.0952148 0.90374 -0.0962599 2.57043 -0.184198

10.7823 0.0952148 0.896023 -0.103977 2.57044 -0.18421
10.7832 0.102539 0.896023 -0.103977 2.57084 -0.197824

10.7832 0.102539 0.888986 -0.111014 2.57084 -0.197822
10.7841 0.109863 0.888986 -0.111014 2.57065 -0.214879

10.7841 0.109863 0.881986 -0.118014 2.57065 -0.214879
10.7851 0.117188 0.881986 -0.118014 2.55807 -0.226267

10.7851 0.117188 0.875025 -0.124975 2.55807 -0.226269
10.7861 0.124512 0.875025 -0.124975 2.54577 -0.222505

10.7861 0.124512 0.868175 -0.131825 2.54577 -0.222502
10.7872 0.131836 0.868175 -0.131825 2.53507 -0.220228

10.7872 0.131836 0.86158 -0.13842 2.53507 -0.220226
10.7884 0.13916 0.86158 -0.13842 2.52824 -0.216757

10.7884 0.13916 0.855151 -0.144849 2.52824 -0.216756
10.7886 0.140127 0.855151 -0.144849 2.52789 -0.215982

10.7886 0.140128 0.855151 -0.144849 2.52789 -0.215982
10.7897 0.146484 0.855151 -0.144849 2.52769 -0.216997

10.7897 0.146484 0.848942 -0.151058 2.52769 -0.216996
10.791 0.153809 0.848942 -0.151058 2.52831 -0.223434

10.791 0.153809 0.8432 -0.1568 2.52831 -0.223434
10.7923 0.161133 0.8432 -0.1568 2.53189 -0.231649

10.7923 0.161133 0.836909 -0.163091 2.53188 -0.231637
10.7937 0.168457 0.836909 -0.163091 2.53188 -0.242873

10.7937 0.168457 0.830365 -0.169635 2.53189 -0.24288
10.7952 0.175781 0.830365 -0.169635 2.5431 -0.255377

10.7952 0.175781 0.82394 -0.17606 2.54307 -0.255364
10.7959 0.178886 0.82394 -0.17606 2.55705 -0.262857

10.7959 0.178868 0.82394 -0.17606 2.55699 -0.262824
10.7968 0.183105 0.82394 -0.17606 2.54318 -0.273754

10.7968 0.183105 0.817349 -0.182651 2.54317 -0.273753
10.7984 0.19043 0.817349 -0.182651 2.51193 -0.283064

10.7984 0.19043 0.811227 -0.188773 2.51193 -0.283066
10.8001 0.197754 0.811227 -0.188773 2.50523 -0.28185

10.8001 0.197754 0.805489 -0.194511 2.50524 -0.281851
10.8019 0.205078 0.805489 -0.194511 2.50583 -0.291924

10.8019 0.205078 0.795979 -0.204021 2.50578 -0.291893
10.8056 0.219727 0.795979 -0.204021 2.49227 -0.313322

10.8057 0.219727 0.786495 -0.213505 2.49231 -0.313351
10.8077 0.227051 0.786495 -0.213505 2.48375 -0.31887

10.8077 0.227051 0.780439 -0.219561 2.48375 -0.318874
10.8097 0.234375 0.780439 -0.219561 2.48066 -0.330205

10.8097 0.234375 0.774664 -0.225336 2.48066 -0.330197
10.8105 0.237247 0.774664 -0.225336 2.47957 -0.335615

10.8105 0.237235 0.774664 -0.225336 2.47958 -0.335601
10.8118 0.241699 0.774664 -0.225336 2.47448 -0.342566

10.8118 0.241699 0.768448 -0.231552 2.47447 -0.342559
10.814 0.249023 0.768448 -0.231552 2.46549 -0.35534

10.814 0.249023 0.762008 -0.237992 2.46549 -0.35534
10.8163 0.256348 0.762008 -0.237992 2.45555 -0.377481

10.8163 0.256348 0.755928 -0.244072 2.45556 -0.377482
10.8179 0.2611 0.755928 -0.244072 2.44937 -0.390235

10.8179 0.26109 0.755928 -0.244072 2.4494 -0.390218
10.8187 0.263672 0.755928 -0.244072 2.44469 -0.39792

10.8187 0.263672 0.750289 -0.249711 2.44469 -0.397915
10.8211 0.270996 0.750289 -0.249711 2.44045 -0.419483

10.8211 0.270996 0.744513 -0.255487 2.44044 -0.419473
10.8237 0.27832 0.744513 -0.255487 2.42969 -0.439921

10.8237 0.27832 0.738645 -0.261355 2.42969 -0.439919
10.8252 0.282683 0.738645 -0.261355 2.4173 -0.448994

10.8252 0.282671 0.738645 -0.261355 2.41733 -0.448985
10.8262 0.285645 0.738645 -0.261355 2.41116 -0.454358

10.8262 0.285645 0.732822 -0.267178 2.41115 -0.454346
10.8289 0.292969 0.732822 -0.267178 2.40743 -0.471021

10.8289 0.292969 0.726757 -0.273243 2.40743 -0.471015
10.8317 0.300293 0.726757 -0.273243 2.39653 -0.505216

10.8317 0.300293 0.720793 -0.279207 2.39651 -0.505176
10.8325 0.302512 0.720793 -0.279207 2.39013 -0.514814

10.8325 0.302484 0.720793 -0.279207 2.39023 -0.51476
10.8345 0.307617 0.720793 -0.279207 2.3774 -0.532617

10.8345 0.307617 0.714824 -0.285176 2.37739 -0.532594
10.8374 0.314941 0.714824 -0.285176 2.36064 -0.555658

10.8374 0.314941 0.708933 -0.291067 2.36064 -0.555662
10.8398 0.320831 0.708933 -0.291067 2.33978 -0.57341

10.8398 0.320823 0.708933 -0.291067 2.33982 -0.5734
10.8404 0.322266 0.708933 -0.291067 2.33374 -0.577409

10.8404 0.322266 0.703209 -0.296791 2.33373 -0.577395
10.8435 0.32959 0.703209 -0.296791 2.31718 -0.599738

10.8435 0.32959 0.697248 -0.302752 2.31717 -0.599726
10.8467 0.336914 0.697248 -0.302752 2.29322 -0.63271

10.8467 0.336914 0.691194 -0.308806 2.2932 -0.632638
10.8472 0.337985 0.691194 -0.308806 2.2885 -0.636404

10.8472 0.337951 0.691194 -0.308806 2.28869 -0.636366
10.85 0.344238 0.691194 -0.308806 2.27201 -0.656932

10.85 0.344238 0.685087 -0.314913 2.27199 -0.656918
10.8533 0.351562 0.685087 -0.314913 2.24624 -0.687349

10.8533 0.351562 0.679185 -0.320815 2.24622 -0.687302
10.8545 0.35402 0.679185 -0.320815 2.23264 -0.696941

10.8545 0.353985 0.679185 -0.320815 2.23287 -0.69689
10.8568 0.358887 0.679185 -0.320815 2.2155 -0.713716

10.8568 0.358887 0.673265 -0.326735 2.21546 -0.713682
10.8604 0.366211 0.673265 -0.326735 2.18958 -0.745005

10.8603 0.366211 0.667072 -0.332928 2.18957 -0.744946
10.8618 0.36916 0.667072 -0.332928 2.17491 -0.756747

10.8618 0.369131 0.667072 -0.332928 2.17508 -0.756728
10.864 0.373535 0.667072 -0.332928 2.16469 -0.774547

10.864 0.373535 0.660522 -0.339478 2.16465 -0.774501
10.8678 0.380859 0.660522 -0.339478 2.14203 -0.817414

10.8678 0.380859 0.653959 -0.346041 2.142 -0.817305
10.8691 0.383473 0.653959 -0.346041 2.12698 -0.833736

10.8691 0.383431 0.653959 -0.346041 2.12728 -0.833678
10.8717 0.388184 0.653959 -0.346041 2.1126 -0.859826

10.8716 0.388184 0.647454 -0.352546 2.11254 -0.859753
10.8756 0.395508 0.647454 -0.352546 2.07108 -0.899849

10.8756 0.395508 0.641138 -0.358862 2.07104 -0.899669
10.8765 0.397038 0.641138 -0.358862 2.057 -0.906886

10.8765 0.396977 0.641048 -0.358952 2.0576 -0.906857
10.8797 0.402832 0.641048 -0.358952 2.03394 -0.93415

10.8797 0.402832 0.634492 -0.365508 2.03387 -0.934082
10.8838 0.409877 0.634492 -0.365508 1.99251 -0.98101

10.8838 0.409869 0.636959 -0.363041 1.99259 -0.981005
10.884 0.410156 0.636959 -0.363041 1.98985 -0.9825

10.8839 0.410156 0.627367 -0.372633 1.98984 -0.98247
10.8883 0.41748 0.627367 -0.372633 1.95022 -1.02564

10.8883 0.41748 0.62035 -0.37965 1.95019 -1.02553
10.8911 0.422091 0.62035 -0.37965 1.93081 -1.06875

10.8911 0.422054 0.62035 -0.37965 1.93121 -1.06869
10.8928 0.424805 0.62035 -0.37965 1.90953 -1.09

10.8928 0.424805 0.612971 -0.387029 1.90944 -1.0898
10.8974 0.432129 0.612971 -0.387029 1.83907 -1.13232

10.8974 0.432129 0.610187 -0.389813 1.83905 -1.13212
10.8984 0.433788 0.610187 -0.389813 1.81878 -1.13988

10.8984 0.433698 0.605559 -0.394441 1.81994 -1.13995
10.9022 0.439453 0.605559 -0.394441 1.78633 -1.1726

10.9022 0.439453 0.598354 -0.401646 1.7863 -1.1723
10.9058 0.444809 0.598354 -0.401646 1.7516 -1.22618

10.9058 0.444764 0.601303 -0.398697 1.75222 -1.22619
10.9071 0.446777 0.601303 -0.398697 1.72822 -1.2411

10.9071 0.446777 0.590125 -0.409875 1.72818 -1.2409
10.9122 0.454102 0.590125 -0.409875 1.64867 -1.28965

10.9121 0.454102 0.588252 -0.411748 1.64864 -1.28926
10.9131 0.455461 0.588252 -0.411748 1.63372 -1.29872

10.9131 0.455359 0.581642 -0.418358 1.6349 -1.29886
10.9174 0.461426 0.581642 -0.418358 1.58787 -1.34785

10.9174 0.461426 0.574979 -0.425021 1.58783 -1.34742
10.9204 0.465466 0.574979 -0.425021 1.55931 -1.39495

10.9204 0.465376 0.575722 -0.424278 1.5605 -1.39502
10.9229 0.46875 0.575722 -0.424278 1e+30 1e+30

