13.5864 0.584562 -0.357392 -0.642608 -0.874679 2.08912
13.584 0.585938 -0.357392 -0.642608 -0.923285 2.0587

13.5864 0.584524 -0.378234 -0.621766 -0.873334 2.08927
13.5938 0.580069 -0.378234 -0.621766 -0.756116 2.15473

13.4766 0.611123 0.0498148 -0.950185 -1.78651 -0.319757
13.4839 0.611507 0.0498148 -0.950185 -1.83067 -0.137263

13.4839 0.611509 0.0118636 -0.988136 -1.83074 -0.13726
13.4912 0.611597 0.0118636 -0.988136 -1.85188 0.0400381

13.4912 0.611598 -0.0282064 -0.971794 -1.8519 0.0400403
13.4985 0.611385 -0.0282064 -0.971794 -1.85694 0.216637

13.4985 0.611385 -0.0657322 -0.934268 -1.85695 0.216637
13.5059 0.61087 -0.0657322 -0.934268 -1.84524 0.401366

13.5059 0.61087 -0.100455 -0.899545 -1.84523 0.401365
13.5132 0.610052 -0.100455 -0.899545 -1.81654 0.593168

13.5132 0.610051 -0.13251 -0.86749 -1.81651 0.593166
13.5205 0.608932 -0.13251 -0.86749 -1.77547 0.775735

13.5278 0.607511 -0.162024 -0.837976 -1.72399 0.942434
13.5258 0.60791 -0.162024 -0.837976 -1.74158 0.898959

13.5205 0.608933 -0.162024 -0.837976 -1.77548 0.775735
13.5258 0.60791 -0.162024 -0.837976 -1.74151 0.899511

13.5278 0.607519 -0.190194 -0.809806 -1.72423 0.942395
13.5352 0.605799 -0.190194 -0.809806 -1.66429 1.11926

13.5352 0.605803 -0.217866 -0.782134 -1.66438 1.11923
13.5425 0.603763 -0.217866 -0.782134 -1.58942 1.3106

13.5425 0.603763 -0.244333 -0.755667 -1.58945 1.3106
13.5498 0.601395 -0.244333 -0.755667 -1.48964 1.4273

13.5571 0.598702 -0.269015 -0.730985 -1.40933 1.56709
13.552 0.600586 -0.269015 -0.730985 -1.46827 1.45435

13.5571 0.598704 -0.29279 -0.70721 -1.40939 1.56708
13.5645 0.595672 -0.29279 -0.70721 -1.2962 1.73394

13.5498 0.601385 -0.269015 -0.730985 -1.4893 1.42729
13.552 0.600586 -0.269015 -0.730985 -1.46815 1.45393

13.5718 0.592339 -0.315273 -0.684727 -1.15559 1.86328
13.5698 0.593262 -0.315273 -0.684727 -1.19294 1.82913

13.5645 0.595651 -0.315273 -0.684727 -1.29518 1.73389
13.5696 0.593262 -0.315273 -0.684727 -1.19312 1.82719

13.5718 0.592302 -0.336623 -0.663377 -1.15421 1.86344
13.5791 0.588585 -0.336623 -0.663377 -1.02914 1.99149

13.5791 0.588559 -0.357392 -0.642608 -1.02789 1.99141
13.5838 0.585938 -0.357392 -0.642608 -0.923242 2.0573

13.8012 0 -0.988184 -0.0118159 2.62356 0
13.8008 0.0292969 -0.988184 -0.0118159 2.62738 0.116901

13.8008 0.0292969 -0.967072 -0.0329284 2.6276 0.116906
13.7998 0.0585938 -0.967072 -0.0329284 2.62423 0.238834

13.7988 0.0771037 -0.94162 -0.0583799 2.61599 0.318166
13.7982 0.0878906 -0.94162 -0.0583799 2.61254 0.366076

13.7982 0.0878906 -0.930846 -0.069154 2.61259 0.36608
13.7971 0.102539 -0.930846 -0.069154 2.6037 0.431579

13.7971 0.102539 -0.920746 -0.0792539 2.60369 0.431578
13.7958 0.117188 -0.920746 -0.0792539 2.59052 0.495907

13.7998 0.0585938 -0.952786 -0.0472136 2.62444 0.238842
13.7991 0.0732422 -0.952786 -0.0472136 2.61712 0.301457

13.7988 0.0770844 -0.94162 -0.0583799 2.61601 0.318083
13.7991 0.0732422 -0.94162 -0.0583799 2.6171 0.301455

13.7958 0.117188 -0.910904 -0.0890957 2.59053 0.495909
13.7944 0.131836 -0.910904 -0.0890957 2.57664 0.558032

13.7944 0.131836 -0.903765 -0.0962348 2.57672 0.558036
13.7936 0.13916 -0.903765 -0.0962348 2.57008 0.589521

13.7936 0.13916 -0.898934 -0.101066 2.57008 0.58952
13.7928 0.146484 -0.898934 -0.101066 2.56049 0.623612

13.7915 0.156963 -0.889559 -0.110441 2.54841 0.664716
13.791 0.161133 -0.889559 -0.110441 2.54194 0.683115

13.7928 0.146484 -0.894385 -0.105615 2.5605 0.623614
13.7919 0.153809 -0.894385 -0.105615 2.55041 0.653493

13.7915 0.156956 -0.889559 -0.110441 2.54842 0.664692
13.7919 0.153809 -0.889559 -0.110441 2.55039 0.653492

13.791 0.161133 -0.881582 -0.118418 2.54185 0.683115
13.789 0.175781 -0.881582 -0.118418 2.52404 0.74472

13.789 0.175781 -0.871621 -0.128379 2.52408 0.744721
13.7869 0.19043 -0.871621 -0.128379 2.50255 0.809331

13.7869 0.19043 -0.861932 -0.138068 2.50251 0.809329
13.7845 0.205078 -0.861932 -0.138068 2.48191 0.878354

13.7842 0.20709 -0.851734 -0.148266 2.47977 0.888355
13.782 0.219727 -0.851734 -0.148266 2.46179 0.949958

13.782 0.219727 -0.844023 -0.155977 2.46193 0.949977
13.7806 0.227051 -0.844023 -0.155977 2.45087 0.985733

13.7806 0.227051 -0.83929 -0.16071 2.45087 0.985733
13.7792 0.234375 -0.83929 -0.16071 2.43506 1.02093

13.7842 0.207076 -0.851734 -0.148266 2.47981 0.888291
13.7845 0.205078 -0.851734 -0.148266 2.4819 0.878353

13.6963 0.468395 -0.633352 -0.366648 1.27233 2.28304
13.6961 0.46875 -0.633352 -0.366648 1.26584 2.28438

13.7109 0.441843 -0.657891 -0.342109 1.51985 2.12851
13.7084 0.446777 -0.657891 -0.342109 1.48254 2.15726

13.7084 0.446777 -0.6493 -0.3507 1.48254 2.15726
13.7044 0.454102 -0.6493 -0.3507 1.42173 2.19652

13.7036 0.455533 -0.640478 -0.359522 1.41012 2.20507
13.7003 0.461426 -0.640478 -0.359522 1.36092 2.25217

13.6963 0.468304 -0.631257 -0.368743 1.27444 2.28266
13.7003 0.461426 -0.631257 -0.368743 1.3609 2.25217

13.7036 0.455517 -0.640617 -0.359383 1.41035 2.20498
13.7044 0.454102 -0.640617 -0.359383 1.42181 2.19652

13.7695 0.278964 -0.803874 -0.196126 2.3139 1.23305
13.7679 0.285645 -0.803874 -0.196126 2.30886 1.2734

13.7679 0.285645 -0.797974 -0.202026 2.30889 1.27341
13.766 0.292969 -0.797974 -0.202026 2.29817 1.32181

13.7622 0.307426 -0.786961 -0.213039 2.24261 1.40525
13.7622 0.307617 -0.786961 -0.213039 2.24176 1.40633

13.766 0.292969 -0.792463 -0.207537 2.29817 1.32181
13.7641 0.300293 -0.792463 -0.207537 2.27211 1.36489

13.7622 0.307385 -0.786961 -0.213039 2.2429 1.40503
13.7641 0.300293 -0.786961 -0.213039 2.27211 1.36489

13.7621 0.307617 -0.781271 -0.218729 2.24185 1.40635
13.7601 0.314941 -0.781271 -0.218729 2.21672 1.44709

13.7601 0.314941 -0.775348 -0.224652 2.21672 1.44709
13.758 0.322266 -0.775348 -0.224652 2.19766 1.488

13.7549 0.332494 -0.763621 -0.236379 2.15132 1.54816
13.7535 0.336914 -0.763621 -0.236379 2.12791 1.57178

13.7535 0.336914 -0.757572 -0.242428 2.12792 1.57179
13.7512 0.344238 -0.757572 -0.242428 2.0974 1.61142

13.7512 0.344238 -0.751164 -0.248836 2.09739 1.61142
13.7487 0.351562 -0.751164 -0.248836 2.07105 1.64342

13.758 0.322266 -0.769423 -0.230577 2.19766 1.488
13.7558 0.32959 -0.769423 -0.230577 2.16625 1.52953

13.7549 0.332468 -0.763621 -0.236379 2.15153 1.54802
13.7558 0.32959 -0.763621 -0.236379 2.1663 1.52955

13.7792 0.234375 -0.831673 -0.168327 2.43491 1.02091
13.7763 0.249023 -0.831673 -0.168327 2.40729 1.09173

13.7763 0.249023 -0.821832 -0.178168 2.40731 1.09173
13.7731 0.263672 -0.821832 -0.178168 2.37174 1.16163

13.7731 0.263672 -0.814783 -0.185217 2.37185 1.16162
13.7714 0.270996 -0.814783 -0.185217 2.34208 1.19498

13.7714 0.270996 -0.809761 -0.190239 2.34205 1.19498
13.7697 0.27832 -0.809761 -0.190239 2.31484 1.22949

13.7695 0.278955 -0.803874 -0.196126 2.31394 1.23301
13.7697 0.27832 -0.803874 -0.196126 2.31483 1.22949

13.7402 0.37542 -0.724776 -0.275224 1.96355 1.77245
13.7382 0.380859 -0.724776 -0.275224 1.93494 1.80359

13.7329 0.394098 -0.711424 -0.288576 1.85905 1.87667
13.7323 0.395508 -0.711424 -0.288576 1.84797 1.88423

13.7382 0.380859 -0.718128 -0.281872 1.93495 1.80359
13.7353 0.388184 -0.718128 -0.281872 1.89452 1.84465

13.7329 0.39405 -0.711424 -0.288576 1.85963 1.87645
13.7353 0.388184 -0.711424 -0.288576 1.89456 1.84465

13.7323 0.395508 -0.704512 -0.295488 1.8481 1.88425
13.7293 0.402832 -0.704512 -0.295488 1.79851 1.928

13.7293 0.402832 -0.697191 -0.302809 1.7985 1.92799
13.7261 0.410156 -0.697191 -0.302809 1.74867 1.9578

13.7476 0.355033 -0.744768 -0.255232 2.05701 1.66188
13.7462 0.358887 -0.744768 -0.255232 2.04101 1.68122

13.7462 0.358887 -0.738168 -0.261832 2.04103 1.68122
13.7436 0.366211 -0.738168 -0.261832 2.01303 1.72205

13.7476 0.355011 -0.744768 -0.255232 2.05716 1.66177
13.7487 0.351562 -0.744768 -0.255232 2.07108 1.64342

13.7436 0.366211 -0.731391 -0.268609 2.01303 1.72205
13.7409 0.373535 -0.731391 -0.268609 1.97477 1.76151

13.7402 0.375403 -0.724776 -0.275224 1.9637 1.77237
13.7409 0.373535 -0.724776 -0.275224 1.97481 1.76152

13.7256 0.411243 -0.689803 -0.310197 1.7408 1.96317
13.7228 0.41748 -0.689803 -0.310197 1.70502 1.99996

13.7228 0.41748 -0.682269 -0.317731 1.705 1.99996
13.7194 0.424805 -0.682269 -0.317731 1.65649 2.03815

13.7183 0.427113 -0.674585 -0.325415 1.64033 2.05128
13.7158 0.432129 -0.674585 -0.325415 1.60469 2.08263

13.7158 0.432129 -0.666381 -0.333619 1.60467 2.08262
13.7122 0.439453 -0.666381 -0.333619 1.54049 2.11723

13.7183 0.42709 -0.674585 -0.325415 1.6406 2.05116
13.7194 0.424805 -0.674585 -0.325415 1.65656 2.03815

13.7256 0.41123 -0.689803 -0.310197 1.74095 1.96311
13.7261 0.410156 -0.689803 -0.310197 1.74872 1.9578

13.7109 0.441818 -0.657891 -0.342109 1.52019 2.12838
13.7122 0.439453 -0.657891 -0.342109 1.54059 2.11722

13.6084 0.570057 -0.416114 -0.583886 -0.472829 2.32786
13.6067 0.571289 -0.416114 -0.583886 -0.509404 2.30442

13.6011 0.575221 -0.39841 -0.60159 -0.640774 2.2354
13.596 0.578613 -0.39841 -0.60159 -0.720987 2.16735

13.5938 0.580031 -0.394795 -0.605205 -0.754773 2.15452
13.5959 0.578613 -0.394795 -0.605205 -0.720767 2.16709

13.6011 0.575193 -0.417452 -0.582548 -0.640006 2.23551
13.6065 0.571289 -0.417452 -0.582548 -0.508923 2.30267

13.6084 0.569966 -0.435538 -0.564462 -0.469727 2.32807
13.6157 0.564315 -0.435538 -0.564462 -0.315456 2.38502

13.623 0.558258 -0.453271 -0.546729 -0.173314 2.41631
13.6162 0.563965 -0.453271 -0.546729 -0.306425 2.386

13.6157 0.564309 -0.445159 -0.554841 -0.315245 2.385
13.6162 0.563965 -0.445159 -0.554841 -0.306351 2.38594

13.6304 0.551742 -0.471167 -0.528833 -0.0284843 2.45193
13.6249 0.556641 -0.471167 -0.528833 -0.1352 2.4239

13.6377 0.544738 -0.489822 -0.510178 0.119998 2.47551
13.6329 0.549316 -0.489822 -0.510178 0.0241844 2.46158

13.6304 0.551671 -0.482596 -0.517404 -0.0261912 2.45148
13.6329 0.549316 -0.482596 -0.517404 0.0244996 2.46128

13.645 0.537208 -0.510322 -0.489678 0.28224 2.48809
13.6404 0.541992 -0.510322 -0.489678 0.182439 2.48086

13.6523 0.529193 -0.526845 -0.473155 0.425982 2.48868
13.6474 0.534668 -0.526845 -0.473155 0.327483 2.49064

13.645 0.537195 -0.516879 -0.483121 0.282623 2.488
13.6474 0.534668 -0.516879 -0.483121 0.328007 2.49027

13.6377 0.544686 -0.500187 -0.499813 0.121705 2.47517
13.6404 0.541992 -0.500187 -0.499813 0.182874 2.4805

13.623 0.558213 -0.464503 -0.535497 -0.171824 2.41609
13.6249 0.556641 -0.464503 -0.535497 -0.135086 2.42378

13.6816 0.491352 -0.590302 -0.409698 0.993852 2.40528
13.677 0.498047 -0.590302 -0.409698 0.892117 2.42319

13.667 0.511548 -0.566251 -0.433749 0.728863 2.47568
13.6661 0.512695 -0.566251 -0.433749 0.709725 2.47997

13.6597 0.520666 -0.540842 -0.459158 0.569827 2.48696
13.654 0.527344 -0.540842 -0.459158 0.455468 2.48983

13.6661 0.512695 -0.554684 -0.445316 0.70998 2.47997
13.6602 0.52002 -0.554684 -0.445316 0.580869 2.48732

13.6597 0.520645 -0.547146 -0.452854 0.570331 2.48686
13.6602 0.52002 -0.547146 -0.452854 0.581063 2.48719

13.6743 0.501733 -0.578993 -0.421007 0.859986 2.43633
13.6717 0.505371 -0.578993 -0.421007 0.811429 2.45491

13.667 0.511478 -0.567238 -0.432762 0.73054 2.47541
13.6717 0.505371 -0.567238 -0.432762 0.811581 2.45497

13.6743 0.50171 -0.580189 -0.419811 0.860434 2.43626
13.677 0.498047 -0.580189 -0.419811 0.892461 2.42307

13.689 0.480179 -0.611314 -0.388686 1.15618 2.35311
13.6869 0.483398 -0.611314 -0.388686 1.12135 2.38362

13.696 0.46875 -0.621023 -0.378977 1.26623 2.28436
13.6916 0.476074 -0.621023 -0.378977 1.17544 2.32088

13.689 0.480138 -0.611314 -0.388686 1.15688 2.35291
13.6915 0.476074 -0.611314 -0.388686 1.17569 2.3209

13.6869 0.483398 -0.601672 -0.398328 1.12139 2.38365
13.6821 0.490723 -0.601672 -0.398328 1.00687 2.40486

13.6816 0.491327 -0.598058 -0.401942 0.994501 2.40519
13.682 0.490723 -0.598058 -0.401942 1.007 2.40477

13.6523 0.52919 -0.532253 -0.467747 0.426046 2.48866
13.654 0.527344 -0.532253 -0.467747 0.455823 2.4896

