21.7969 0.420301 -0.714238 -0.285762 1.929 2.01225
21.7951 0.424805 -0.714238 -0.285762 1.90263 2.04136

21.7896 0.437975 -0.699933 -0.300067 1.81485 2.12624
21.7889 0.439453 -0.699933 -0.300067 1.80103 2.13515

21.7951 0.424805 -0.707183 -0.292817 1.90265 2.04136
21.792 0.432129 -0.707183 -0.292817 1.85598 2.09043

21.7896 0.437924 -0.699933 -0.300067 1.81559 2.12596
21.792 0.432129 -0.699933 -0.300067 1.85603 2.09042

21.7822 0.454211 -0.676683 -0.323317 1.67697 2.22215
21.7788 0.461426 -0.676683 -0.323317 1.61979 2.2745

21.7788 0.461426 -0.668395 -0.331605 1.61978 2.27449
21.7751 0.46875 -0.668395 -0.331605 1.55067 2.31081

21.7889 0.439453 -0.692421 -0.307579 1.8012 2.13516
21.7856 0.446777 -0.692421 -0.307579 1.74048 2.18486

21.7856 0.446777 -0.684664 -0.315336 1.74047 2.18486
21.7823 0.454102 -0.684664 -0.315336 1.67808 2.22152

21.7822 0.454201 -0.676683 -0.323317 1.67712 2.22209
21.7823 0.454102 -0.676683 -0.323317 1.6781 2.22152

21.8657 0 -0.997998 -0.0020016 2.71959 0
21.8657 0.00732422 -0.997998 -0.0020016 2.71457 0.0343761

21.8657 0.00732422 -0.994213 -0.00578653 2.71457 0.0343747
21.8656 0.0146484 -0.994213 -0.00578653 2.69763 0.0624228

21.8657 0.0146484 -0.989693 -0.0103073 2.69761 0.0624308
21.8656 0.0219727 -0.989693 -0.0103073 2.68289 0.0861487

21.8656 0.0219727 -0.98453 -0.0154695 2.6829 0.0861475
21.8655 0.0292969 -0.98453 -0.0154695 2.68949 0.108344

21.8655 0.0292969 -0.976951 -0.0230494 2.68942 0.108339
21.8651 0.0439453 -0.976951 -0.0230494 2.69963 0.163428

21.8651 0.0439453 -0.967208 -0.0327923 2.69965 0.163429
21.8646 0.0585938 -0.967208 -0.0327923 2.70344 0.221194

21.8646 0.0585938 -0.957956 -0.0420437 2.70345 0.221195
21.864 0.0732422 -0.957956 -0.0420437 2.7005 0.279685

21.864 0.0732422 -0.948874 -0.0511263 2.7005 0.279685
21.8632 0.0878906 -0.948874 -0.0511263 2.6931 0.337289

21.8632 0.0878906 -0.935688 -0.0643118 2.69283 0.337289
21.8612 0.117188 -0.935688 -0.0643118 2.67416 0.455692

21.8555 0.174806 -0.896445 -0.103555 2.62918 0.702561
21.8554 0.175781 -0.896445 -0.103555 2.62807 0.706978

21.8553 0.175781 -0.887438 -0.112562 2.62813 0.70698
21.8535 0.19043 -0.887438 -0.112562 2.61198 0.773833

21.8535 0.19043 -0.878611 -0.121389 2.61198 0.773833
21.8515 0.205078 -0.878611 -0.121389 2.59567 0.842438

21.8515 0.205078 -0.869691 -0.130309 2.59565 0.842436
21.8493 0.219727 -0.869691 -0.130309 2.57706 0.912252

21.8493 0.219727 -0.860307 -0.139693 2.57702 0.912247
21.8469 0.234375 -0.860307 -0.139693 2.55848 0.983916

21.8612 0.117188 -0.922815 -0.0771848 2.67441 0.455692
21.86 0.131836 -0.922815 -0.0771848 2.66435 0.515315

21.86 0.131836 -0.913757 -0.086243 2.66433 0.515314
21.8586 0.146484 -0.913757 -0.086243 2.66162 0.575483

21.8586 0.146484 -0.906981 -0.0930186 2.66171 0.575484
21.8578 0.153809 -0.906981 -0.0930186 2.66028 0.607553

21.8578 0.153809 -0.903179 -0.0968206 2.66028 0.607553
21.857 0.161133 -0.903179 -0.0968206 2.64801 0.640647

21.8555 0.174749 -0.896445 -0.103555 2.62931 0.702305
21.857 0.161133 -0.896445 -0.103555 2.64789 0.640646

21.8469 0.234375 -0.850606 -0.149394 2.55847 0.983915
21.8443 0.249023 -0.850606 -0.149394 2.53802 1.05778

21.8443 0.249023 -0.841293 -0.158707 2.53805 1.05778
21.8416 0.263672 -0.841293 -0.158707 2.49833 1.13115

21.8408 0.267386 -0.834593 -0.165407 2.48607 1.14945
21.8401 0.270996 -0.834593 -0.165407 2.47909 1.16538

21.8401 0.270996 -0.82952 -0.17048 2.4791 1.16538
21.8386 0.27832 -0.82952 -0.17048 2.47045 1.19935

21.8386 0.27832 -0.824176 -0.175824 2.47045 1.19936
21.837 0.285645 -0.824176 -0.175824 2.45994 1.23709

21.837 0.285645 -0.819132 -0.180868 2.45994 1.23709
21.8354 0.292969 -0.819132 -0.180868 2.43776 1.27426

21.8408 0.267346 -0.834593 -0.165407 2.48621 1.14929
21.8415 0.263672 -0.834593 -0.165407 2.49844 1.13118

21.8262 0.33072 -0.788321 -0.211679 2.32278 1.48752
21.8245 0.336914 -0.788321 -0.211679 2.29838 1.52351

21.8245 0.336914 -0.782875 -0.217125 2.29837 1.52351
21.8225 0.344238 -0.782875 -0.217125 2.27742 1.56521

21.8225 0.344238 -0.777085 -0.222915 2.27742 1.56521
21.8204 0.351562 -0.777085 -0.222915 2.25541 1.60252

21.8335 0.301361 -0.809104 -0.190896 2.41524 1.31571
21.832 0.307617 -0.809104 -0.190896 2.40209 1.34852

21.8354 0.292969 -0.81422 -0.18578 2.43776 1.27426
21.8337 0.300293 -0.81422 -0.18578 2.41751 1.31034

21.8335 0.301348 -0.809104 -0.190896 2.41529 1.31565
21.8337 0.300293 -0.809104 -0.190896 2.41752 1.31034

21.832 0.307617 -0.803747 -0.196253 2.40209 1.34852
21.8302 0.314941 -0.803747 -0.196253 2.38432 1.39113

21.8302 0.314941 -0.798424 -0.201576 2.38432 1.39113
21.8284 0.322266 -0.798424 -0.201576 2.36043 1.43625

21.8284 0.322266 -0.793356 -0.206644 2.36044 1.43625
21.8265 0.32959 -0.793356 -0.206644 2.32829 1.48061

21.8262 0.330705 -0.788321 -0.211679 2.32289 1.48744
21.8265 0.32959 -0.788321 -0.211679 2.32831 1.48061

21.8115 0.380032 -0.753272 -0.246728 2.14348 1.77722
21.8113 0.380859 -0.753272 -0.246728 2.13793 1.78242

21.8188 0.356744 -0.771243 -0.228757 2.23804 1.63278
21.8182 0.358887 -0.771243 -0.228757 2.22933 1.64491

21.8182 0.358887 -0.765329 -0.234671 2.22939 1.64492
21.816 0.366211 -0.765329 -0.234671 2.20499 1.6893

21.8188 0.356713 -0.771243 -0.228757 2.23825 1.63263
21.8204 0.351562 -0.771243 -0.228757 2.25544 1.60252

21.816 0.366211 -0.759207 -0.240793 2.20498 1.6893
21.8136 0.373535 -0.759207 -0.240793 2.17808 1.7354

21.8115 0.379984 -0.753272 -0.246728 2.14397 1.77697
21.8136 0.373535 -0.753272 -0.246728 2.17811 1.7354

21.8112 0.380859 -0.747359 -0.252641 2.13806 1.78246
21.8088 0.388184 -0.747359 -0.252641 2.09881 1.82938

21.8088 0.388184 -0.74107 -0.25893 2.09879 1.82937
21.8062 0.395508 -0.74107 -0.25893 2.06447 1.87078

21.8042 0.401096 -0.734726 -0.265274 2.03575 1.90221
21.8036 0.402832 -0.734726 -0.265274 2.02464 1.91166

21.8036 0.402832 -0.728187 -0.271813 2.02473 1.91168
21.8008 0.410156 -0.728187 -0.271813 1.98715 1.95547

21.8042 0.401058 -0.734726 -0.265274 2.03614 1.90203
21.8062 0.395508 -0.734726 -0.265274 2.06451 1.87078

21.8008 0.410156 -0.721214 -0.278786 1.98713 1.95547
21.798 0.41748 -0.721214 -0.278786 1.94591 1.99467

21.7969 0.420278 -0.714238 -0.285762 1.92923 2.01212
21.798 0.41748 -0.714238 -0.285762 1.94598 1.99467

21.5625 0.625007 0.0521403 -0.94786 -1.96154 -0.372917
21.5698 0.62541 0.0521403 -0.94786 -2.01952 -0.151288

21.5698 0.625411 0.0102617 -0.989738 -2.01961 -0.151282
21.5771 0.625487 0.0102617 -0.989738 -2.04681 0.0676277

21.5771 0.625489 -0.0339609 -0.966039 -2.0469 0.067634
21.5845 0.625231 -0.0339609 -0.966039 -2.05151 0.282963

21.5845 0.625233 -0.0753774 -0.924623 -2.05159 0.282969
21.5918 0.624636 -0.0753774 -0.924623 -2.03923 0.497756

21.5918 0.624635 -0.113621 -0.886379 -2.03921 0.497754
21.5991 0.623696 -0.113621 -0.886379 -2.00977 0.71034

21.6064 0.622415 -0.148168 -0.851832 -1.96549 0.913865
21.6056 0.622559 -0.148168 -0.851832 -1.97108 0.891703

21.5991 0.623694 -0.148168 -0.851832 -2.00966 0.710334
21.6056 0.622559 -0.148168 -0.851832 -1.97105 0.892474

21.6064 0.622423 -0.180297 -0.819703 -1.96577 0.913836
21.6138 0.620812 -0.180297 -0.819703 -1.90576 1.139

21.6138 0.620816 -0.21136 -0.78864 -1.90586 1.13897
21.6211 0.618853 -0.21136 -0.78864 -1.82563 1.39128

21.6357 0.613851 -0.268767 -0.731233 -1.58296 1.69535
21.632 0.615234 -0.268767 -0.731233 -1.64237 1.60822

21.6357 0.613847 -0.295949 -0.704051 -1.58282 1.69538
21.6431 0.610769 -0.295949 -0.704051 -1.46615 1.874

21.6504 0.607351 -0.321666 -0.678334 -1.31044 2.01386
21.6492 0.60791 -0.321666 -0.678334 -1.33322 1.99364

21.6431 0.610751 -0.321666 -0.678334 -1.46519 1.87393
21.6491 0.60791 -0.321666 -0.678334 -1.3332 1.99116

21.6211 0.618855 -0.240949 -0.759051 -1.82573 1.39129
21.6284 0.61653 -0.240949 -0.759051 -1.68989 1.54628

21.6284 0.616517 -0.268767 -0.731233 -1.6893 1.54627
21.6319 0.615234 -0.268767 -0.731233 -1.64215 1.60693

21.665 0.599205 -0.368367 -0.631633 -0.963805 2.32169
21.6627 0.600586 -0.368367 -0.631633 -1.0263 2.277

21.6504 0.607297 -0.345725 -0.654275 -1.3082 2.01399
21.6577 0.603427 -0.345725 -0.654275 -1.17055 2.17328

21.6577 0.603395 -0.368367 -0.631633 -1.16872 2.17317
21.6625 0.600586 -0.368367 -0.631633 -1.02638 2.27484

21.665 0.599166 -0.390596 -0.609404 -0.962074 2.32192
21.6724 0.594472 -0.390596 -0.609404 -0.812248 2.39483

21.6797 0.589327 -0.41296 -0.58704 -0.673303 2.47873
21.6741 0.593262 -0.41296 -0.58704 -0.780608 2.39722

21.6724 0.594431 -0.402884 -0.597116 -0.81065 2.39454
21.6741 0.593262 -0.402884 -0.597116 -0.780627 2.39723

21.687 0.583769 -0.432669 -0.567331 -0.462654 2.57243
21.6842 0.585938 -0.432669 -0.567331 -0.532746 2.54535

21.6943 0.577686 -0.460557 -0.539443 -0.282067 2.62087
21.6933 0.578613 -0.460557 -0.539443 -0.308488 2.61301

21.687 0.583683 -0.454591 -0.545409 -0.459413 2.57261
21.6931 0.578613 -0.454591 -0.545409 -0.307333 2.61152

21.7017 0.571107 -0.482915 -0.517085 -0.106013 2.66316
21.7015 0.571289 -0.482915 -0.517085 -0.110835 2.66216

21.7017 0.571006 -0.493325 -0.506675 -0.102411 2.66274
21.7089 0.563965 -0.493325 -0.506675 0.0837616 2.69067

21.6943 0.577601 -0.47416 -0.52584 -0.278882 2.62064
21.7013 0.571289 -0.47416 -0.52584 -0.109716 2.66098

21.7163 0.556224 -0.521539 -0.478461 0.265585 2.69711
21.7159 0.556641 -0.521539 -0.478461 0.256689 2.69698

21.7236 0.547892 -0.540586 -0.459414 0.449199 2.69683
21.7224 0.549316 -0.540586 -0.459414 0.417952 2.69877

21.7163 0.556143 -0.528424 -0.471576 0.268108 2.69664
21.7224 0.549316 -0.528424 -0.471576 0.418167 2.69869

21.731 0.538908 -0.56085 -0.43915 0.615832 2.67699
21.7285 0.541992 -0.56085 -0.43915 0.559604 2.68845

21.7383 0.529336 -0.572141 -0.427859 0.772036 2.65066
21.7343 0.534668 -0.572141 -0.427859 0.677223 2.66965

21.731 0.538894 -0.561253 -0.438747 0.616205 2.67693
21.7343 0.534668 -0.561253 -0.438747 0.677727 2.66936

21.7236 0.547823 -0.544506 -0.455494 0.451318 2.6965
21.7285 0.541992 -0.544506 -0.455494 0.559907 2.68844

21.709 0.563859 -0.511303 -0.488697 0.0867499 2.69073
21.7159 0.556641 -0.511303 -0.488697 0.257155 2.69669

21.7676 0.4832 -0.650423 -0.349577 1.4015 2.39286
21.7675 0.483398 -0.650423 -0.349577 1.39892 2.39391

21.7603 0.496029 -0.631043 -0.368957 1.27991 2.48893
21.7591 0.498047 -0.631043 -0.368957 1.24388 2.50363

21.7674 0.483398 -0.640731 -0.359269 1.39933 2.39386
21.7633 0.490723 -0.640731 -0.359269 1.32427 2.44774

21.7603 0.495965 -0.631043 -0.368957 1.2815 2.48857
21.7633 0.490723 -0.631043 -0.368957 1.3244 2.44773

21.7529 0.507924 -0.60857 -0.39143 1.08876 2.5437
21.7499 0.512695 -0.60857 -0.39143 1.03399 2.57806

21.7456 0.519073 -0.600982 -0.399018 0.962759 2.62119
21.745 0.52002 -0.600982 -0.399018 0.945438 2.6277

21.7449 0.52002 -0.585524 -0.414476 0.945786 2.62775
21.7398 0.527344 -0.585524 -0.414476 0.806936 2.65102

21.7456 0.519007 -0.59784 -0.40216 0.964507 2.6208
21.7499 0.512695 -0.59784 -0.40216 1.03407 2.5781

21.7591 0.498047 -0.619994 -0.380006 1.24404 2.50367
21.7546 0.505371 -0.619994 -0.380006 1.12251 2.5353

21.7529 0.507902 -0.609598 -0.390402 1.08919 2.54356
21.7546 0.505371 -0.609598 -0.390402 1.12275 2.53519

21.7749 0.469235 -0.659538 -0.340462 1.54468 2.31338
21.7714 0.476074 -0.659538 -0.340462 1.47549 2.3595

21.7676 0.483124 -0.650196 -0.349804 1.40294 2.3924
21.7714 0.476074 -0.650196 -0.349804 1.4755 2.3595

21.7749 0.469222 -0.659581 -0.340419 1.5449 2.31331
21.7751 0.46875 -0.659581 -0.340419 1.55067 2.31081

21.7383 0.52933 -0.579636 -0.420364 0.772202 2.65062
21.7397 0.527344 -0.579636 -0.420364 0.80742 2.65065

21.6797 0.589277 -0.432841 -0.567159 -0.670752 2.47843
21.6841 0.585938 -0.432841 -0.567159 -0.532305 2.54453

