32.0845 0.46875 0.608526 -0.391474 2.06118 -1.07889
32.0874 0.473282 0.608526 -0.391474 2.03894 -1.13265

32.0874 0.473238 0.608651 -0.391349 2.03941 -1.13259
32.0892 0.476074 0.608651 -0.391349 2.01692 -1.16103

32.0892 0.476074 0.600697 -0.399303 2.0168 -1.16066
32.0941 0.483398 0.600697 -0.399303 1.93646 -1.22801

32.094 0.483398 0.599953 -0.400047 1.93645 -1.22744
32.0947 0.484447 0.599953 -0.400047 1.92083 -1.23643

32.0947 0.484333 0.592794 -0.407206 1.92256 -1.23656
32.0991 0.490723 0.592794 -0.407206 1.862 -1.29492

32.0991 0.490723 0.586263 -0.413737 1.86199 -1.29442
32.1021 0.494919 0.586263 -0.413737 1.82467 -1.34572

32.1021 0.494843 0.587307 -0.412693 1.82575 -1.34578
32.1043 0.498047 0.587307 -0.412693 1.78484 -1.37914

32.1043 0.498047 0.577764 -0.422236 1.78475 -1.37844
32.1094 0.50505 0.577764 -0.422236 1.67435 -1.43933

32.1094 0.505036 0.577011 -0.422989 1.67459 -1.43938
32.1096 0.505371 0.577011 -0.422989 1.66773 -1.4417

32.1096 0.505371 0.568504 -0.431496 1.66773 -1.4417
32.1152 0.512695 0.568504 -0.431496 1.5789 -1.51397

32.1151 0.512695 0.565573 -0.434427 1.57891 -1.51273
32.1167 0.514741 0.565573 -0.434427 1.57049 -1.54638

32.1167 0.514602 0.560255 -0.439745 1.57104 -1.54666
32.121 0.52002 0.560255 -0.439745 1.51415 -1.62329

32.1209 0.52002 0.556344 -0.443656 1.51429 -1.62258
32.124 0.523915 0.556344 -0.443656 1.45175 -1.66265

32.124 0.523774 0.553983 -0.446017 1.45396 -1.66394
32.1269 0.527344 0.553983 -0.446017 1.37985 -1.68853

32.1269 0.527344 0.542023 -0.457977 1.37997 -1.68815
32.1313 0.532633 0.542023 -0.457977 1.27672 -1.69856

32.1313 0.532591 0.539484 -0.460516 1.277 -1.69897
32.1331 0.534668 0.539484 -0.460516 1.25181 -1.70575

32.1331 0.534668 0.530259 -0.469741 1.25198 -1.70535
32.1387 0.540964 0.530259 -0.469741 1.17927 -1.74774

32.1387 0.540961 0.526513 -0.473487 1.17928 -1.74777
32.1396 0.541992 0.526513 -0.473487 1.17013 -1.75628

32.1396 0.541992 0.518329 -0.481671 1.17026 -1.75572
32.146 0.548908 0.518329 -0.481671 1.07545 -1.82509

32.146 0.548898 0.512688 -0.487312 1.0756 -1.82519
32.1464 0.549316 0.512688 -0.487312 1.06713 -1.82943

32.1464 0.549316 0.505422 -0.494578 1.06726 -1.82899
32.1533 0.556417 0.505422 -0.494578 0.902203 -1.86688

32.1533 0.556407 0.498887 -0.501113 0.90239 -1.86699
32.1536 0.556641 0.498887 -0.501113 0.896233 -1.86753

32.1535 0.556641 0.49259 -0.50741 0.896291 -1.86743
32.1606 0.56353 0.49259 -0.50741 0.720767 -1.8939

32.1606 0.563514 0.485218 -0.514782 0.721018 -1.89408
32.1611 0.563965 0.485218 -0.514782 0.70966 -1.89658

32.1611 0.563965 0.478956 -0.521044 0.709791 -1.89633
32.168 0.570273 0.478956 -0.521044 0.563125 -1.93528

32.168 0.570242 0.46865 -0.53135 0.56348 -1.93566
32.1692 0.571289 0.46865 -0.53135 0.541525 -1.94231

32.1691 0.571289 0.463537 -0.536463 0.541718 -1.94192
32.1753 0.576612 0.463537 -0.536463 0.417684 -1.98023

32.1753 0.576568 0.44868 -0.55132 0.418399 -1.98086
32.1778 0.578613 0.44868 -0.55132 0.362333 -1.994

32.1777 0.578613 0.446248 -0.553752 0.36303 -1.99271
32.1826 0.582552 0.446248 -0.553752 0.242484 -1.99365

32.1826 0.582514 0.432212 -0.567788 0.243152 -1.99425
32.1871 0.585938 0.432212 -0.567788 0.135323 -1.98102

32.187 0.585938 0.424441 -0.575559 0.136891 -1.98009
32.1899 0.588132 0.424441 -0.575559 0.0663013 -1.96854

32.1899 0.588119 0.41604 -0.58396 0.0665381 -1.96872
32.1972 0.593262 0.41604 -0.58396 -0.0957461 -1.9483

32.197 0.593262 0.406683 -0.593317 -0.0946229 -1.94731
32.1973 0.593418 0.406683 -0.593317 -0.099243 -1.9471

32.1973 0.593344 0.398338 -0.601662 -0.0980491 -1.94807
32.2046 0.598193 0.398338 -0.601662 -0.263203 -1.92158

32.2046 0.598154 0.379888 -0.620112 -0.262388 -1.92222
32.2086 0.600586 0.379888 -0.620112 -0.353385 -1.88745

32.2085 0.600586 0.379888 -0.620112 -0.352323 -1.88732
32.2119 0.602707 0.379888 -0.620112 -0.427611 -1.86495

32.2119 0.602677 0.360637 -0.639363 -0.427016 -1.86533
32.2192 0.606808 0.360637 -0.639363 -0.589247 -1.82921

32.2192 0.606784 0.340003 -0.659997 -0.58862 -1.82954
32.2214 0.60791 0.340003 -0.659997 -0.638909 -1.82099

32.2214 0.60791 0.340003 -0.659997 -0.638362 -1.82081
32.2266 0.610586 0.340003 -0.659997 -0.772187 -1.74851

32.2266 0.610578 0.318434 -0.681566 -0.771956 -1.74861
32.2339 0.614 0.318434 -0.681566 -0.943898 -1.63661

32.2339 0.613973 0.296421 -0.703579 -0.943175 -1.63695
32.2369 0.615234 0.296421 -0.703579 -1.00477 -1.6044

32.2368 0.615234 0.296421 -0.703579 -1.00409 -1.60482
32.2412 0.61709 0.296421 -0.703579 -1.10441 -1.54406

32.2412 0.617086 0.272842 -0.727158 -1.10429 -1.54409
32.2485 0.619834 0.272842 -0.727158 -1.26854 -1.39636

32.2485 0.619832 0.246633 -0.753367 -1.26847 -1.3964
32.2559 0.62223 0.246633 -0.753367 -1.40567 -1.2643

32.2559 0.622225 0.21921 -0.78079 -1.40552 -1.26435
32.257 0.622559 0.21921 -0.78079 -1.42688 -1.2522

32.257 0.622559 0.21921 -0.78079 -1.42676 -1.2523
32.2632 0.624285 0.21921 -0.78079 -1.5491 -1.14919

32.2632 0.624284 0.19002 -0.80998 -1.54909 -1.1492
32.2705 0.626003 0.19002 -0.80998 -1.70079 -0.976088

32.2705 0.626001 0.158758 -0.841242 -1.70073 -0.976097
32.2778 0.627383 0.158758 -0.841242 -1.81298 -0.763885

32.2778 0.627383 0.125271 -0.874729 -1.81298 -0.763885
32.2852 0.628432 0.125271 -0.874729 -1.90467 -0.546904

32.2852 0.628433 0.0888651 -0.911135 -1.90469 -0.546896
32.2925 0.629147 0.0888651 -0.911135 -1.98147 -0.336953

32.2925 0.629148 0.0489299 -0.95107 -1.98149 -0.336943
32.2998 0.629525 0.0489299 -0.95107 -2.04446 -0.13226

32.2998 0.629526 0.00490311 -0.995097 -2.04448 -0.132253
32.3071 0.629562 0.00490311 -0.995097 -2.08775 0.078431

32.3071 0.629563 -0.0403017 -0.959698 -2.08776 0.0784348
32.3145 0.629255 -0.0403017 -0.959698 -2.10418 0.301993

32.3145 0.629255 -0.0818828 -0.918117 -2.10419 0.301994
32.3218 0.628602 -0.0818828 -0.918117 -2.09369 0.537352

32.3218 0.628602 -0.120115 -0.879885 -2.0937 0.537352
32.3291 0.627602 -0.120115 -0.879885 -2.06292 0.784743

32.3291 0.627604 -0.155707 -0.844293 -2.06297 0.784733
32.3364 0.626254 -0.155707 -0.844293 -2.0182 1.04375

32.3364 0.626257 -0.189416 -0.810584 -2.01826 1.04372
32.3438 0.624545 -0.189416 -0.810584 -1.90149 1.25852

32.5781 0.182939 -0.893343 -0.106657 2.67229 0.74672
32.5772 0.19043 -0.893343 -0.106657 2.66737 0.780525

32.5772 0.19043 -0.88455 -0.11545 2.66741 0.780524
32.5753 0.205078 -0.88455 -0.11545 2.65057 0.849595

32.5753 0.205078 -0.878071 -0.121929 2.65064 0.849597
32.5743 0.212402 -0.878071 -0.121929 2.6427 0.884949

32.5743 0.212402 -0.873377 -0.126623 2.6427 0.88495
32.5732 0.219727 -0.873377 -0.126623 2.63686 0.918615

32.5732 0.219727 -0.868775 -0.131225 2.63687 0.918614
32.5721 0.227051 -0.868775 -0.131225 2.62327 0.952735

32.5721 0.227051 -0.864161 -0.135839 2.62326 0.952736
32.571 0.234375 -0.864161 -0.135839 2.6102 0.987728

32.5708 0.235407 -0.859575 -0.140425 2.60921 0.992918
32.5698 0.241699 -0.859575 -0.140425 2.60409 1.02638

32.5698 0.241699 -0.855203 -0.144797 2.60409 1.02638
32.5685 0.249023 -0.855203 -0.144797 2.59548 1.06519

32.5708 0.235398 -0.859575 -0.140425 2.60923 0.992872
32.571 0.234375 -0.859575 -0.140425 2.61022 0.987728

32.5685 0.249023 -0.850751 -0.149249 2.59547 1.06519
32.5672 0.256348 -0.850751 -0.149249 2.5785 1.10122

32.5672 0.256348 -0.846162 -0.153838 2.57849 1.10122
32.5659 0.263672 -0.846162 -0.153838 2.55777 1.13417

32.5635 0.276531 -0.839342 -0.160658 2.52198 1.19386
32.5631 0.27832 -0.839342 -0.160658 2.51869 1.20358

32.5631 0.27832 -0.832189 -0.167811 2.51883 1.20359
32.5616 0.285645 -0.832189 -0.167811 2.50902 1.24394

32.5616 0.285645 -0.826888 -0.173112 2.50902 1.24394
32.5601 0.292969 -0.826888 -0.173112 2.50148 1.28613

32.5659 0.263672 -0.841818 -0.158182 2.55778 1.13416
32.5645 0.270996 -0.841818 -0.158182 2.53629 1.16714

32.5635 0.276457 -0.837326 -0.162674 2.52226 1.19346
32.5645 0.270996 -0.837326 -0.162674 2.5363 1.16714

32.5488 0.340306 -0.790654 -0.209346 2.35279 1.54887
32.5478 0.344238 -0.790654 -0.209346 2.33613 1.57019

32.5478 0.344238 -0.785269 -0.214731 2.33614 1.5702
32.5458 0.351562 -0.785269 -0.214731 2.31128 1.61141

32.5601 0.292969 -0.821778 -0.178222 2.50149 1.28613
32.5585 0.300293 -0.821778 -0.178222 2.48169 1.32668

32.5585 0.300293 -0.816783 -0.183217 2.48169 1.32668
32.5569 0.307617 -0.816783 -0.183217 2.45712 1.36575

32.5562 0.310755 -0.811703 -0.188297 2.44831 1.3834
32.5552 0.314941 -0.811703 -0.188297 2.43687 1.40596

32.5552 0.314941 -0.806413 -0.193587 2.43687 1.40596
32.5534 0.322266 -0.806413 -0.193587 2.41897 1.44657

32.5562 0.310738 -0.811703 -0.188297 2.44839 1.3833
32.5569 0.307617 -0.811703 -0.188297 2.45714 1.36575

32.5534 0.322266 -0.801041 -0.198959 2.41898 1.44657
32.5516 0.32959 -0.801041 -0.198959 2.39766 1.48752

32.5516 0.32959 -0.795798 -0.204202 2.39766 1.48752
32.5497 0.336914 -0.795798 -0.204202 2.36664 1.52841

32.5488 0.340283 -0.790654 -0.209346 2.35294 1.54874
32.5497 0.336914 -0.790654 -0.209346 2.36667 1.52842

32.5195 0.430084 -0.716343 -0.283657 1.93008 2.08109
32.5187 0.432129 -0.716343 -0.283657 1.91485 2.09385

32.5187 0.432129 -0.709078 -0.290922 1.91495 2.09386
32.5157 0.439453 -0.709078 -0.290922 1.86885 2.14631

32.5049 0.463792 -0.677744 -0.322256 1.68235 2.29661
32.5025 0.46875 -0.677744 -0.322256 1.63816 2.33178

32.5122 0.447654 -0.693719 -0.306281 1.80653 2.1919
32.5094 0.454102 -0.693719 -0.306281 1.76064 2.23681

32.5157 0.439453 -0.701476 -0.298524 1.86884 2.14631
32.5126 0.446777 -0.701476 -0.298524 1.81419 2.1865

32.5122 0.44764 -0.693719 -0.306281 1.80672 2.19181
32.5126 0.446777 -0.693719 -0.306281 1.81424 2.1865

32.5094 0.454102 -0.685717 -0.314283 1.76063 2.23681
32.506 0.461426 -0.685717 -0.314283 1.702 2.28097

32.5049 0.463768 -0.677744 -0.322256 1.68268 2.29644
32.506 0.461426 -0.677744 -0.322256 1.7021 2.28096

32.5458 0.351562 -0.779462 -0.220538 2.31127 1.61141
32.5437 0.358887 -0.779462 -0.220538 2.29112 1.65148

32.5437 0.358887 -0.773662 -0.226338 2.29113 1.65148
32.5416 0.366211 -0.773662 -0.226338 2.26189 1.69449

32.5415 0.366429 -0.767854 -0.232146 2.26087 1.69585
32.5394 0.373535 -0.767854 -0.232146 2.23422 1.73985

32.5394 0.373535 -0.761826 -0.238174 2.23422 1.73984
32.5371 0.380859 -0.761826 -0.238174 2.20697 1.78412

32.5415 0.366425 -0.767854 -0.232146 2.2609 1.69582
32.5416 0.366211 -0.767854 -0.232146 2.26189 1.69449

32.5342 0.389745 -0.749668 -0.250332 2.16089 1.83608
32.5323 0.395508 -0.749668 -0.250332 2.1331 1.8737

32.5323 0.395508 -0.743341 -0.256659 2.13309 1.8737
32.5297 0.402832 -0.743341 -0.256659 2.09659 1.92135

32.5297 0.402832 -0.73689 -0.26311 2.0966 1.92135
32.5271 0.410156 -0.73689 -0.26311 2.05044 1.96217

32.5371 0.380859 -0.75575 -0.24425 2.20696 1.78412
32.5347 0.388184 -0.75575 -0.24425 2.16906 1.82604

32.5342 0.389728 -0.749668 -0.250332 2.16105 1.83597
32.5347 0.388184 -0.749668 -0.250332 2.1691 1.82605

32.5269 0.410856 -0.730348 -0.269652 2.04545 1.96642
32.5244 0.41748 -0.730348 -0.269652 2.00495 2.00713

32.5244 0.41748 -0.7234 -0.2766 2.00493 2.00713
32.5216 0.424805 -0.7234 -0.2766 1.96122 2.04931

32.5269 0.410847 -0.730348 -0.269652 2.04554 1.96637
32.5271 0.410156 -0.730348 -0.269652 2.05045 1.96217

32.5195 0.430044 -0.716343 -0.283657 1.93056 2.08086
32.5216 0.424805 -0.716343 -0.283657 1.96128 2.0493

32.5887 0 -0.995162 -0.00483791 2.76457 0
32.5886 0.0146484 -0.995162 -0.00483791 2.76296 0.0535123

32.5886 0.0146484 -0.986179 -0.0138207 2.763 0.0535116
32.5884 0.0292969 -0.986179 -0.0138207 2.759 0.107672

32.5884 0.0292969 -0.977945 -0.022055 2.759 0.107672
32.5881 0.0439453 -0.977945 -0.022055 2.75665 0.160855

32.5881 0.0439453 -0.969817 -0.0301827 2.75664 0.160855
32.5876 0.0585938 -0.969817 -0.0301827 2.76265 0.214395

32.5876 0.0585938 -0.963845 -0.0361549 2.76271 0.214385
32.5873 0.065918 -0.963845 -0.0361549 2.77251 0.242704

32.5873 0.065918 -0.960219 -0.0397806 2.77251 0.242706
32.587 0.0732422 -0.960219 -0.0397806 2.77256 0.276296

32.587 0.0732422 -0.95553 -0.0444704 2.77253 0.276312
32.5867 0.0805664 -0.95553 -0.0444704 2.75686 0.311424

32.5867 0.0805664 -0.950116 -0.0498842 2.75686 0.311422
32.5863 0.0878906 -0.950116 -0.0498842 2.74485 0.344101

32.5854 0.102146 -0.942049 -0.0579508 2.74058 0.402426
32.5854 0.102539 -0.942049 -0.0579508 2.73964 0.40573

32.5863 0.0878906 -0.945689 -0.0543114 2.74487 0.344105
32.5859 0.0952148 -0.945689 -0.0543114 2.74222 0.374585

32.5854 0.102144 -0.942049 -0.0579508 2.74058 0.402415
32.5859 0.0952148 -0.942049 -0.0579508 2.74222 0.374585

32.5854 0.102539 -0.935954 -0.0640458 2.73956 0.405743
32.5844 0.117188 -0.935954 -0.0640458 2.73066 0.469692

32.5844 0.117188 -0.929972 -0.0700276 2.73075 0.469692
32.5839 0.124512 -0.929972 -0.0700276 2.72207 0.504984

32.5839 0.124512 -0.926448 -0.073552 2.72206 0.504984
32.5833 0.131836 -0.926448 -0.073552 2.71084 0.534377

32.5833 0.131836 -0.921964 -0.0780364 2.71082 0.534371
32.5827 0.13916 -0.921964 -0.0780364 2.71438 0.561189

32.5827 0.13916 -0.916621 -0.083379 2.71438 0.561188
32.582 0.146484 -0.916621 -0.083379 2.72547 0.590623

32.582 0.146484 -0.912045 -0.0879545 2.7255 0.590626
32.5813 0.153809 -0.912045 -0.0879545 2.71861 0.623659

32.5813 0.153809 -0.908005 -0.0919955 2.7186 0.623659
32.5806 0.161133 -0.908005 -0.0919955 2.70749 0.653453

32.5806 0.161133 -0.901869 -0.0981312 2.70742 0.653457
32.579 0.175781 -0.901869 -0.0981312 2.68455 0.716112

32.5781 0.182876 -0.893343 -0.106657 2.67246 0.746447
32.579 0.175781 -0.893343 -0.106657 2.68454 0.716112

32.417 0.585585 -0.453883 -0.546117 -0.385774 2.65084
32.4166 0.585938 -0.453883 -0.546117 -0.396651 2.64752

32.417 0.585486 -0.46706 -0.53294 -0.381808 2.6505
32.4243 0.579067 -0.46706 -0.53294 -0.196112 2.69802

32.4316 0.572115 -0.487234 -0.512766 -0.00229616 2.73183
32.4248 0.578613 -0.487234 -0.512766 -0.182864 2.70028

32.4243 0.579049 -0.478025 -0.521975 -0.195404 2.69792
32.4248 0.578613 -0.478025 -0.521975 -0.18277 2.70018

32.4463 0.556514 -0.536298 -0.463702 0.373253 2.74954
32.4462 0.556641 -0.536298 -0.463702 0.370511 2.74955

32.4609 0.538193 -0.571855 -0.428145 0.729197 2.71098
32.4581 0.541992 -0.571855 -0.428145 0.661431 2.72894

32.4536 0.547676 -0.5559 -0.4441 0.562612 2.73908
32.4523 0.549316 -0.5559 -0.4441 0.528527 2.74356

32.4463 0.556434 -0.542702 -0.457298 0.375788 2.74902
32.4523 0.549316 -0.542702 -0.457298 0.52871 2.74351

32.4536 0.547614 -0.557667 -0.442333 0.564448 2.73874
32.4581 0.541992 -0.557667 -0.442333 0.661612 2.72896

32.439 0.56458 -0.508058 -0.491942 0.188899 2.74599
32.4325 0.571289 -0.508058 -0.491942 0.020881 2.73446

32.4461 0.556641 -0.526172 -0.473828 0.371061 2.74921
32.4395 0.563965 -0.526172 -0.473828 0.203267 2.74649

32.439 0.564549 -0.516809 -0.483191 0.189966 2.74577
32.4395 0.563965 -0.516809 -0.483191 0.203581 2.74627

32.4316 0.572088 -0.497949 -0.502051 -0.00123471 2.73165
32.4324 0.571289 -0.497949 -0.502051 0.0211158 2.73424

32.373 0.613957 -0.306961 -0.693039 -1.43587 1.9688
32.3702 0.615234 -0.306961 -0.693039 -1.4944 1.89818

32.3511 0.622483 -0.22075 -0.77925 -1.8032 1.41432
32.3508 0.622559 -0.22075 -0.77925 -1.80597 1.40973

32.3438 0.624543 -0.22075 -0.77925 -1.90137 1.25851
32.3508 0.622559 -0.22075 -0.77925 -1.80593 1.40885

32.3511 0.622478 -0.250941 -0.749059 -1.80301 1.41433
32.3584 0.620024 -0.250941 -0.749059 -1.7179 1.61534

32.3584 0.620024 -0.280198 -0.719802 -1.7179 1.61534
32.3657 0.617173 -0.280198 -0.719802 -1.5818 1.81124

32.3657 0.617151 -0.306961 -0.693039 -1.5806 1.81117
32.37 0.615234 -0.306961 -0.693039 -1.49468 1.89569

32.373 0.613933 -0.332247 -0.667753 -1.43489 1.96894
32.3804 0.610288 -0.332247 -0.667753 -1.28494 2.14248

32.3877 0.606275 -0.356283 -0.643717 -1.08947 2.29586
32.3847 0.60791 -0.356283 -0.643717 -1.16781 2.23135

32.3804 0.610259 -0.356283 -0.643717 -1.2832 2.14237
32.3846 0.60791 -0.356283 -0.643717 -1.16807 2.22907

32.4023 0.596815 -0.403272 -0.596728 -0.795001 2.48042
32.3968 0.600586 -0.403272 -0.596728 -0.901672 2.38674

32.3877 0.606247 -0.379938 -0.620062 -1.08824 2.29605
32.395 0.601759 -0.379938 -0.620062 -0.934256 2.38255

32.395 0.601724 -0.395915 -0.604085 -0.93281 2.38229
32.3968 0.600586 -0.395915 -0.604085 -0.901599 2.38668

32.4097 0.591467 -0.423896 -0.576104 -0.573654 2.58949
32.4072 0.593262 -0.423896 -0.576104 -0.636322 2.56093

32.4023 0.596779 -0.425357 -0.574643 -0.792999 2.48019
32.4071 0.593262 -0.425357 -0.574643 -0.635757 2.55957

32.4097 0.59138 -0.446716 -0.553284 -0.570123 2.58968
32.4164 0.585938 -0.446716 -0.553284 -0.395419 2.64582

32.4902 0.492488 -0.641504 -0.358496 1.3898 2.46743
32.4871 0.498047 -0.641504 -0.358496 1.33371 2.5164

32.4756 0.517063 -0.608942 -0.391058 1.0856 2.62081
32.4737 0.52002 -0.608942 -0.391058 1.04551 2.64845

32.4737 0.52002 -0.597811 -0.402189 1.04558 2.64847
32.4688 0.527344 -0.597811 -0.402189 0.913574 2.67586

32.4829 0.505371 -0.620104 -0.379896 1.22444 2.5512
32.4784 0.512695 -0.620104 -0.379896 1.11601 2.59052

32.4829 0.505284 -0.631519 -0.368481 1.22631 2.55081
32.4871 0.498047 -0.631519 -0.368481 1.33365 2.51638

32.4756 0.517019 -0.608942 -0.391058 1.08652 2.62053
32.4784 0.512695 -0.608942 -0.391058 1.1163 2.59047

32.4976 0.478707 -0.660324 -0.339676 1.53794 2.38518
32.4951 0.483398 -0.660324 -0.339676 1.48946 2.41542

32.5025 0.46875 -0.669257 -0.330743 1.63813 2.33177
32.4989 0.476074 -0.669257 -0.330743 1.56239 2.37119

32.4976 0.478678 -0.660324 -0.339676 1.5384 2.38497
32.4989 0.476074 -0.660324 -0.339676 1.56251 2.37115

32.4951 0.483398 -0.651042 -0.348958 1.48945 2.41542
32.4912 0.490723 -0.651042 -0.348958 1.40723 2.45652

32.4902 0.49247 -0.641504 -0.358496 1.39012 2.46728
32.4912 0.490723 -0.641504 -0.358496 1.40734 2.45649

32.4683 0.528059 -0.584901 -0.415099 0.897797 2.67698
32.4636 0.534668 -0.584901 -0.415099 0.776546 2.70006

32.4609 0.538177 -0.574651 -0.425349 0.729573 2.71084
32.4635 0.534668 -0.574651 -0.425349 0.777087 2.69977

32.4683 0.52803 -0.592781 -0.407219 0.898639 2.6768
32.4687 0.527344 -0.592781 -0.407219 0.9138 2.67571

