8.20312 0.575983 -0.196853 -0.803147 -1.30127 0.865237
8.21045 0.574187 -0.196853 -0.803147 -1.24495 1.00079

8.21045 0.574187 -0.217555 -0.782445 -1.24494 1.00079
8.21777 0.572151 -0.217555 -0.782445 -1.1739 1.08839

8.2251 0.569877 -0.237267 -0.762733 -1.11907 1.16975
8.22056 0.571289 -0.237267 -0.762733 -1.15311 1.1132

8.2251 0.569877 -0.256782 -0.743218 -1.11908 1.16975
8.23242 0.567347 -0.256782 -0.743218 -1.05757 1.29093

8.21777 0.572144 -0.237267 -0.762733 -1.17372 1.08839
8.22052 0.571289 -0.237267 -0.762733 -1.15307 1.11287

8.26172 0.554635 -0.327925 -0.672075 -0.735752 1.62565
8.25761 0.556641 -0.327925 -0.672075 -0.791719 1.56807

8.23242 0.567346 -0.275856 -0.724144 -1.05754 1.29092
8.23975 0.564556 -0.275856 -0.724144 -0.980914 1.35557

8.24707 0.56151 -0.293929 -0.706071 -0.920327 1.43934
8.24117 0.563965 -0.293929 -0.706071 -0.96983 1.36056

8.23975 0.564548 -0.293929 -0.706071 -0.980712 1.35556
8.24115 0.563965 -0.293929 -0.706071 -0.969755 1.36045

8.24707 0.561509 -0.31139 -0.68861 -0.920318 1.43935
8.25439 0.558197 -0.31139 -0.68861 -0.830983 1.53786

8.25439 0.558177 -0.327925 -0.672075 -0.830315 1.53783
8.25754 0.556641 -0.327925 -0.672075 -0.791481 1.56741

8.30566 0.527239 -0.42475 -0.57525 -0.1785 1.95914
8.30552 0.527344 -0.42475 -0.57525 -0.180504 1.95872

8.30566 0.527147 -0.436227 -0.563773 -0.176251 1.9591
8.31299 0.52148 -0.436227 -0.563773 -0.0818542 1.98399

8.32031 0.515467 -0.451152 -0.548848 0.0157743 2.01834
8.31477 0.52002 -0.451152 -0.548848 -0.0579113 1.98943

8.31299 0.52144 -0.445017 -0.554983 -0.0809063 1.98387
8.31476 0.52002 -0.445017 -0.554983 -0.0578264 1.98936

8.26172 0.554627 -0.344085 -0.655915 -0.735536 1.62569
8.26904 0.550785 -0.344085 -0.655915 -0.647747 1.68939

8.27637 0.546674 -0.360227 -0.639773 -0.558461 1.75167
8.27167 0.549316 -0.360227 -0.639773 -0.618144 1.69885

8.26904 0.550764 -0.360227 -0.639773 -0.64716 1.68935
8.27161 0.549316 -0.360227 -0.639773 -0.617877 1.69856

8.29102 0.537529 -0.392187 -0.607813 -0.396625 1.84316
8.2841 0.541992 -0.392187 -0.607813 -0.466239 1.79485

8.27637 0.546666 -0.376148 -0.623852 -0.55828 1.75171
8.28369 0.54225 -0.376148 -0.623852 -0.470109 1.79452

8.28369 0.542242 -0.381829 -0.618171 -0.469929 1.7945
8.2841 0.541992 -0.381829 -0.618171 -0.466225 1.79484

8.29834 0.53252 -0.407629 -0.592371 -0.285155 1.91562
8.29522 0.534668 -0.407629 -0.592371 -0.330187 1.88599

8.29102 0.537501 -0.407769 -0.592231 -0.395781 1.84309
8.29513 0.534668 -0.407769 -0.592231 -0.330028 1.88533

8.29834 0.532474 -0.421939 -0.578061 -0.284071 1.91576
8.30537 0.527344 -0.421939 -0.578061 -0.179899 1.95821

8.34229 0.495233 -0.496959 -0.503041 0.332081 2.07166
8.33944 0.498047 -0.496959 -0.503041 0.29031 2.06998

8.34961 0.4877 -0.511699 -0.488301 0.439519 2.07435
8.34672 0.490723 -0.511699 -0.488301 0.39694 2.074

8.34229 0.49519 -0.504172 -0.495828 0.33289 2.07169
8.34668 0.490723 -0.504172 -0.495828 0.397134 2.07401

8.32764 0.509124 -0.463603 -0.536397 0.122862 2.04763
8.3235 0.512695 -0.463603 -0.536397 0.0661563 2.03356

8.33496 0.502374 -0.4812 -0.5188 0.225265 2.06069
8.33173 0.505371 -0.4812 -0.5188 0.180228 2.05191

8.32764 0.509021 -0.474163 -0.525837 0.124922 2.04776
8.33168 0.505371 -0.474163 -0.525837 0.180384 2.05183

8.32031 0.515396 -0.459718 -0.540282 0.0176141 2.0181
8.32349 0.512695 -0.459718 -0.540282 0.0662767 2.03342

8.33496 0.502298 -0.489279 -0.510721 0.226685 2.06077
8.3394 0.498047 -0.489279 -0.510721 0.290453 2.06998

8.35693 0.47973 -0.52677 -0.47323 0.546455 2.07402
8.35364 0.483398 -0.52677 -0.47323 0.497057 2.07626

8.36426 0.471332 -0.539784 -0.460216 0.637086 2.063
8.36022 0.476074 -0.539784 -0.460216 0.584024 2.07348

8.35693 0.479733 -0.531777 -0.468223 0.546408 2.07403
8.36015 0.476074 -0.531777 -0.468223 0.584549 2.07323

8.34961 0.487681 -0.518616 -0.481384 0.439855 2.07436
8.35358 0.483398 -0.518616 -0.481384 0.497282 2.07631

8.36426 0.471341 -0.543637 -0.456363 0.636943 2.06302
8.36643 0.46875 -0.543637 -0.456363 0.661438 2.06112

8.51052 0 -0.996798 -0.0032023 2.39568 0
8.5105 0.00732422 -0.996798 -0.0032023 2.38939 0.0365116

8.5105 0.00732422 -0.990102 -0.00989831 2.38937 0.0365111
8.51042 0.0146484 -0.990102 -0.00989831 2.36864 0.067908

8.51043 0.0146484 -0.982266 -0.0177341 2.36861 0.067906
8.5103 0.0219727 -0.982266 -0.0177341 2.34819 0.0940014

8.51029 0.0219727 -0.973986 -0.0260142 2.3482 0.0940012
8.5101 0.0292969 -0.973986 -0.0260142 2.3456 0.123121

8.5101 0.0292969 -0.966585 -0.033415 2.34561 0.123121
8.50984 0.0366211 -0.966585 -0.033415 2.35527 0.161088

8.50984 0.0366211 -0.959741 -0.0402588 2.35527 0.161088
8.50954 0.0439453 -0.959741 -0.0402588 2.36327 0.203519

8.50954 0.0439453 -0.952796 -0.0472043 2.36326 0.203517
8.50917 0.0512695 -0.952796 -0.0472043 2.35957 0.24071

8.50918 0.0512695 -0.945626 -0.054374 2.35956 0.240709
8.50875 0.0585938 -0.945626 -0.054374 2.34743 0.270119

8.50875 0.0585938 -0.93847 -0.0615298 2.34743 0.270119
8.50827 0.065918 -0.93847 -0.0615298 2.33787 0.294608

8.50827 0.065918 -0.931616 -0.0683843 2.33788 0.294609
8.50774 0.0732422 -0.931616 -0.0683843 2.33438 0.31937

8.50773 0.0732422 -0.925091 -0.0749094 2.33438 0.31937
8.50714 0.0805664 -0.925091 -0.0749094 2.33273 0.346759

8.50714 0.0805664 -0.919029 -0.0809708 2.33274 0.34676
8.5065 0.0878906 -0.919029 -0.0809708 2.32144 0.378833

8.50652 0.0878906 -0.908698 -0.0913018 2.32127 0.378812
8.50504 0.102539 -0.908698 -0.0913018 2.30902 0.438759

8.50504 0.102539 -0.895299 -0.104701 2.30904 0.438762
8.50333 0.117188 -0.895299 -0.104701 2.29805 0.501183

8.49609 0.164722 -0.848453 -0.151547 2.23187 0.709376
8.49543 0.168457 -0.848453 -0.151547 2.22805 0.722536

8.49543 0.168457 -0.842256 -0.157744 2.22804 0.722535
8.49406 0.175781 -0.842256 -0.157744 2.21844 0.757601

8.49405 0.175781 -0.835983 -0.164017 2.21845 0.757603
8.49262 0.183105 -0.835983 -0.164017 2.20743 0.792694

8.49262 0.183105 -0.829966 -0.170034 2.20743 0.792694
8.49112 0.19043 -0.829966 -0.170034 2.189 0.828105

8.49113 0.19043 -0.821066 -0.178934 2.18886 0.828073
8.48794 0.205078 -0.821066 -0.178934 2.15712 0.894169

8.48145 0.231737 -0.79472 -0.20528 2.09414 1.02445
8.48076 0.234375 -0.79472 -0.20528 2.0851 1.03649

8.48794 0.205078 -0.809295 -0.190705 2.1571 0.894166
8.48449 0.219727 -0.809295 -0.190705 2.12693 0.961257

8.48448 0.219727 -0.800529 -0.199471 2.12706 0.961283
8.48265 0.227051 -0.800529 -0.199471 2.10991 0.998477

8.48145 0.231704 -0.79472 -0.20528 2.09432 1.02433
8.48265 0.227051 -0.79472 -0.20528 2.10993 0.998484

8.50333 0.117188 -0.882448 -0.117552 2.29804 0.501181
8.50138 0.131836 -0.882448 -0.117552 2.27837 0.563136

8.50138 0.131836 -0.869772 -0.130228 2.27836 0.563135
8.49919 0.146484 -0.869772 -0.130228 2.25516 0.625216

8.49918 0.146484 -0.857437 -0.142563 2.25516 0.625216
8.49675 0.161133 -0.857437 -0.142563 2.23588 0.692062

8.49609 0.164666 -0.845216 -0.154784 2.23203 0.709125
8.49674 0.161133 -0.845216 -0.154784 2.23595 0.69208

8.4668 0.281291 -0.7502 -0.2498 1.94302 1.2694
8.46535 0.285645 -0.7502 -0.2498 1.92627 1.28914

8.46535 0.285645 -0.743686 -0.256314 1.92628 1.28915
8.46282 0.292969 -0.743686 -0.256314 1.90581 1.3247

8.48076 0.234375 -0.788406 -0.211594 2.08511 1.03649
8.4788 0.241699 -0.788406 -0.211594 2.07025 1.07117

8.4788 0.241699 -0.78161 -0.21839 2.07025 1.07117
8.47675 0.249023 -0.78161 -0.21839 2.06242 1.11094

8.47412 0.258021 -0.768828 -0.231172 2.02888 1.15972
8.47242 0.263672 -0.768828 -0.231172 2.00815 1.18664

8.47675 0.249023 -0.77507 -0.22493 2.06243 1.11094
8.47462 0.256348 -0.77507 -0.22493 2.03632 1.15082

8.47412 0.258005 -0.768828 -0.231172 2.02899 1.15965
8.47462 0.256348 -0.768828 -0.231172 2.03634 1.15083

8.47242 0.263672 -0.762609 -0.237391 2.00815 1.18664
8.47014 0.270996 -0.762609 -0.237391 1.98768 1.21962

8.47014 0.270996 -0.756386 -0.243614 1.98768 1.21962
8.46778 0.27832 -0.756386 -0.243614 1.95822 1.25363

8.4668 0.281267 -0.7502 -0.2498 1.9432 1.26931
8.46778 0.27832 -0.7502 -0.2498 1.95825 1.25365

8.45215 0.321455 -0.716872 -0.283128 1.79213 1.46118
8.45183 0.322266 -0.716872 -0.283128 1.78623 1.46535

8.45947 0.302283 -0.73016 -0.26984 1.86694 1.36498
8.4575 0.307617 -0.73016 -0.26984 1.84535 1.38899

8.46282 0.292969 -0.736853 -0.263147 1.90581 1.3247
8.46021 0.300293 -0.736853 -0.263147 1.87683 1.35566

8.45947 0.302268 -0.73016 -0.26984 1.86706 1.36492
8.4602 0.300293 -0.73016 -0.26984 1.87687 1.35567

8.4575 0.307617 -0.723489 -0.276511 1.84536 1.38899
8.4547 0.314941 -0.723489 -0.276511 1.82102 1.42519

8.45215 0.321398 -0.716872 -0.283128 1.79273 1.461
8.4547 0.314941 -0.716872 -0.283128 1.82105 1.42521

8.45181 0.322266 -0.709984 -0.290016 1.78636 1.46544
8.44882 0.32959 -0.709984 -0.290016 1.74699 1.50454

8.44882 0.32959 -0.702608 -0.297392 1.74698 1.50454
8.44572 0.336914 -0.702608 -0.297392 1.71371 1.53149

8.44482 0.338964 -0.695302 -0.304698 1.70232 1.54008
8.44251 0.344238 -0.695302 -0.304698 1.67956 1.56224

8.44251 0.344238 -0.688033 -0.311967 1.67957 1.56224
8.43919 0.351562 -0.688033 -0.311967 1.64586 1.59666

8.44482 0.338947 -0.695302 -0.304698 1.70247 1.54002
8.44572 0.336914 -0.695302 -0.304698 1.71375 1.53149

8.4375 0.355151 -0.680927 -0.319073 1.63123 1.61756
8.43918 0.351562 -0.680927 -0.319073 1.64594 1.5967

