26.5748 0 0.996967 -0.00303251 2.69863 0
26.5749 0.00732422 0.996967 -0.00303251 2.69945 0.00859357

26.5748 0.00732422 0.990126 -0.00987399 2.69946 0.00858742
26.5749 0.0146484 0.990126 -0.00987399 2.71276 0.00995599

26.5749 0.0146484 0.981594 -0.0184061 2.71277 0.0099498
26.5751 0.0219727 0.981594 -0.0184061 2.75556 -0.00506614

26.5751 0.0219727 0.972103 -0.0278968 2.75556 -0.0050661
26.5753 0.0292969 0.972103 -0.0278968 2.77594 -0.022366

26.5753 0.0292969 0.965148 -0.0348517 2.77599 -0.0223692
26.5755 0.0366211 0.965148 -0.0348517 2.76606 -0.0346323

26.5755 0.0366211 0.960105 -0.0398949 2.76604 -0.0346317
26.5758 0.0439453 0.960105 -0.0398949 2.76311 -0.0454655

26.5758 0.0439453 0.952307 -0.0476926 2.76309 -0.0454632
26.5762 0.0512695 0.952307 -0.0476926 2.74271 -0.0488018

26.5762 0.0512695 0.943201 -0.0567991 2.74272 -0.0488002
26.5766 0.0585938 0.943201 -0.0567991 2.73847 -0.0519819

26.5766 0.0585938 0.933242 -0.0667576 2.73846 -0.05198
26.5777 0.0732422 0.933242 -0.0667576 2.73244 -0.0618666

26.5777 0.0732422 0.920232 -0.0797678 2.73243 -0.0618644
26.5789 0.0878906 0.920232 -0.0797678 2.73341 -0.0717432

26.5789 0.0878906 0.907083 -0.0929169 2.73341 -0.0717429
26.5804 0.102539 0.907083 -0.0929169 2.7308 -0.0818514

26.5804 0.102539 0.894246 -0.105754 2.7308 -0.0818514
26.5822 0.117188 0.894246 -0.105754 2.72459 -0.0896896

26.5822 0.117188 0.881653 -0.118347 2.72459 -0.0896888
26.5841 0.131836 0.881653 -0.118347 2.71984 -0.0942653

26.5841 0.131836 0.869151 -0.130849 2.71984 -0.0942639
26.5864 0.146484 0.869151 -0.130849 2.73347 -0.0978672

26.5863 0.146484 0.85615 -0.14385 2.73343 -0.097853
26.5869 0.149975 0.85615 -0.14385 2.77292 -0.100927

26.5869 0.149811 0.859391 -0.140609 2.77187 -0.100858
26.5876 0.153809 0.859391 -0.140609 2.75391 -0.11186

26.5876 0.153809 0.85195 -0.14805 2.75388 -0.111835
26.5888 0.161133 0.85195 -0.14805 2.72365 -0.123971

26.5888 0.161133 0.846957 -0.153043 2.72365 -0.123984
26.5902 0.168457 0.846957 -0.153043 2.72841 -0.122816

26.5902 0.168457 0.8421 -0.1579 2.7284 -0.12281
26.5915 0.175781 0.8421 -0.1579 2.73246 -0.122717

26.5915 0.175781 0.836476 -0.163524 2.73246 -0.12272
26.593 0.183105 0.836476 -0.163524 2.72716 -0.128476

26.593 0.183105 0.830632 -0.169368 2.72715 -0.128477
26.5942 0.189374 0.830632 -0.169368 2.7235 -0.13438

26.5942 0.189372 0.830632 -0.169368 2.7235 -0.13438
26.5945 0.19043 0.830632 -0.169368 2.72351 -0.134558

26.5945 0.19043 0.824893 -0.175107 2.72351 -0.134558
26.596 0.197754 0.824893 -0.175107 2.72689 -0.141149

26.596 0.197754 0.819216 -0.180784 2.72689 -0.141148
26.5976 0.205078 0.819216 -0.180784 2.71692 -0.146049

26.5976 0.205078 0.810491 -0.189509 2.7169 -0.146036
26.601 0.219727 0.810491 -0.189509 2.70253 -0.146185

26.6011 0.219727 0.802 -0.198 2.70253 -0.146184
26.6016 0.221798 0.802 -0.198 2.70049 -0.145259

26.6016 0.221798 0.802 -0.198 2.70049 -0.14526
26.6029 0.227051 0.802 -0.198 2.70188 -0.145569

26.6029 0.227051 0.79658 -0.20342 2.70188 -0.145569
26.6047 0.234375 0.79658 -0.20342 2.70809 -0.150764

26.6047 0.234375 0.790842 -0.209158 2.70809 -0.150764
26.6067 0.241699 0.790842 -0.209158 2.70647 -0.164169

26.6067 0.241699 0.785074 -0.214926 2.70647 -0.16417
26.6087 0.249023 0.785074 -0.214926 2.69856 -0.175831

26.6087 0.249023 0.779706 -0.220294 2.69856 -0.175827
26.6089 0.249797 0.779706 -0.220294 2.69775 -0.176978

26.6089 0.249784 0.779706 -0.220294 2.69777 -0.176967
26.6107 0.256348 0.779706 -0.220294 2.69282 -0.186309

26.6107 0.256348 0.774274 -0.225726 2.69281 -0.186304
26.6129 0.263672 0.774274 -0.225726 2.68999 -0.199307

26.6129 0.263672 0.768436 -0.231564 2.68999 -0.199303
26.6151 0.270996 0.768436 -0.231564 2.68326 -0.21823

26.6151 0.270996 0.762654 -0.237346 2.68326 -0.218227
26.6162 0.274632 0.762654 -0.237346 2.6775 -0.226615

26.6162 0.274623 0.762654 -0.237346 2.67752 -0.226604
26.6174 0.27832 0.762654 -0.237346 2.67214 -0.232549

26.6174 0.27832 0.757073 -0.242927 2.67214 -0.232545
26.6197 0.285645 0.757073 -0.242927 2.6692 -0.244518

26.6197 0.285645 0.751656 -0.248344 2.6692 -0.244519
26.6221 0.292969 0.751656 -0.248344 2.66644 -0.261055

26.6221 0.292969 0.746424 -0.253576 2.66643 -0.261051
26.6235 0.297106 0.746424 -0.253576 2.66066 -0.269159

26.6235 0.297096 0.746424 -0.253576 2.66068 -0.269152
26.6246 0.300293 0.746424 -0.253576 2.65517 -0.274413

26.6246 0.300293 0.741146 -0.258854 2.65517 -0.274406
26.6272 0.307617 0.741146 -0.258854 2.65127 -0.288718

26.6272 0.307617 0.735615 -0.264385 2.65127 -0.288715
26.6298 0.314941 0.735615 -0.264385 2.64275 -0.317221

26.6298 0.314941 0.730073 -0.269927 2.64275 -0.3172
26.6309 0.317796 0.730073 -0.269927 2.63662 -0.3271

26.6309 0.317778 0.730073 -0.269927 2.63667 -0.327073
26.6325 0.322266 0.730073 -0.269927 2.62604 -0.339552

26.6325 0.322266 0.724548 -0.275452 2.62603 -0.339537
26.6353 0.32959 0.724548 -0.275452 2.61092 -0.357125

26.6353 0.32959 0.719044 -0.280956 2.61092 -0.357126
26.6382 0.336914 0.719044 -0.280956 2.58985 -0.371741

26.6382 0.336914 0.713615 -0.286385 2.58984 -0.37171
26.6382 0.336993 0.713615 -0.286385 2.58958 -0.37183

26.6382 0.336969 0.713615 -0.286385 2.58967 -0.371823
26.6411 0.344238 0.713615 -0.286385 2.57928 -0.385799

26.6411 0.344238 0.708003 -0.291997 2.57927 -0.385796
26.6441 0.351562 0.708003 -0.291997 2.57377 -0.419427

26.6441 0.351562 0.702547 -0.297453 2.57377 -0.419404
26.6455 0.354848 0.702547 -0.297453 2.56653 -0.434343

26.6455 0.354826 0.702547 -0.297453 2.56659 -0.434313
26.6472 0.358887 0.702547 -0.297453 2.55828 -0.449959

26.6472 0.358887 0.697169 -0.302831 2.55826 -0.449926
26.6504 0.366211 0.697169 -0.302831 2.54662 -0.480048

26.6504 0.366211 0.691728 -0.308272 2.54662 -0.480044
26.6528 0.371664 0.691728 -0.308272 2.52838 -0.503056

26.6528 0.371652 0.691728 -0.308272 2.52846 -0.503042
26.6537 0.373535 0.691728 -0.308272 2.51924 -0.509629

26.6537 0.373535 0.686249 -0.313751 2.51923 -0.509597
26.657 0.380859 0.686249 -0.313751 2.50279 -0.538833

26.657 0.380859 0.680448 -0.319552 2.50279 -0.538818
26.6602 0.387554 0.680448 -0.319552 2.48041 -0.576279

26.6602 0.38755 0.680448 -0.319552 2.48043 -0.576275
26.6605 0.388184 0.680448 -0.319552 2.47681 -0.579074

26.6605 0.388184 0.674678 -0.325322 2.47681 -0.579068
26.664 0.395508 0.674678 -0.325322 2.45826 -0.610065

26.664 0.395508 0.668973 -0.331027 2.45825 -0.610054
26.6675 0.402575 0.668973 -0.331027 2.42641 -0.646833

26.6675 0.40257 0.668973 -0.331027 2.42645 -0.646829
26.6676 0.402832 0.668973 -0.331027 2.42449 -0.647852

26.6676 0.402832 0.6635 -0.3365 2.42449 -0.647851
26.6713 0.410156 0.6635 -0.3365 2.40075 -0.679896

26.6713 0.410156 0.657963 -0.342037 2.40074 -0.679849
26.6748 0.416858 0.657963 -0.342037 2.36864 -0.726934

26.6748 0.416853 0.657963 -0.342037 2.36868 -0.726932
26.6751 0.41748 0.657963 -0.342037 2.36373 -0.729814

26.6751 0.41748 0.652037 -0.347963 2.36373 -0.729789
26.679 0.424805 0.652037 -0.347963 2.33985 -0.769904

26.679 0.424805 0.646049 -0.353951 2.33984 -0.769851
26.6821 0.430455 0.646049 -0.353951 2.31815 -0.821759

26.6821 0.430434 0.646049 -0.353951 2.31837 -0.821736
26.6831 0.432129 0.646049 -0.353951 2.30318 -0.833253

26.683 0.432129 0.639847 -0.360153 2.30314 -0.833139
26.6872 0.439453 0.639847 -0.360153 2.25667 -0.879518

26.6872 0.439453 0.63394 -0.36606 2.25666 -0.879426
26.6895 0.443422 0.63394 -0.36606 2.23249 -0.908039

26.6895 0.44338 0.63394 -0.36606 2.23288 -0.907964
26.6914 0.446777 0.63394 -0.36606 2.20977 -0.930851

26.6914 0.446777 0.627513 -0.372487 2.20968 -0.930655
26.6957 0.454102 0.627513 -0.372487 2.15142 -0.982287

26.6957 0.454102 0.622119 -0.377881 2.1514 -0.982013
26.6968 0.455848 0.622119 -0.377881 2.13316 -0.993296

26.6968 0.455778 0.620557 -0.379443 2.13393 -0.993338
26.7002 0.461426 0.620557 -0.379443 2.11241 -1.03318

26.7002 0.461426 0.613548 -0.386452 2.11231 -1.03304
26.7041 0.467597 0.613548 -0.386452 2.06982 -1.10275

26.7041 0.467568 0.616816 -0.383184 2.07027 -1.10274
26.7048 0.46875 0.616816 -0.383184 2.05382 -1.11279

26.7048 0.46875 0.606026 -0.393974 2.0538 -1.11269
26.7096 0.476074 0.606026 -0.393974 1.97118 -1.16553

26.7096 0.476074 0.600828 -0.399172 1.97118 -1.16529
26.7114 0.478865 0.600828 -0.399172 1.94162 -1.18583

26.7114 0.478781 0.599303 -0.400697 1.94252 -1.18595
26.7145 0.483398 0.599303 -0.400697 1.91953 -1.22572

26.7145 0.483398 0.592083 -0.407917 1.91935 -1.22532
26.7188 0.4896 0.592083 -0.407917 1e+30 1e+30

