39.4236 0 0.995998 -0.00400187 2.83541 0
39.4236 0.00732422 0.995998 -0.00400187 2.8101 -0.0141033

39.4236 0.00732422 0.989237 -0.0107629 2.81009 -0.014086
39.4237 0.0146484 0.989237 -0.0107629 2.75703 -0.0159376

39.4237 0.0146484 0.982554 -0.0174458 2.75703 -0.0159518
39.4238 0.0219727 0.982554 -0.0174458 2.72935 -0.0135786

39.4238 0.0219727 0.97434 -0.0256604 2.72935 -0.0135796
39.424 0.0292969 0.97434 -0.0256604 2.73972 -0.0150125

39.424 0.0292969 0.965654 -0.0343462 2.73972 -0.0150124
39.4243 0.0366211 0.965654 -0.0343462 2.74895 -0.0227214

39.4243 0.0366211 0.957366 -0.0426343 2.74895 -0.0227188
39.4246 0.0439453 0.957366 -0.0426343 2.73885 -0.0285151

39.4246 0.0439453 0.950059 -0.0499412 2.73885 -0.0285081
39.425 0.0512695 0.950059 -0.0499412 2.72944 -0.0289296

39.425 0.0512695 0.944142 -0.0558581 2.72944 -0.0289215
39.4254 0.0585938 0.944142 -0.0558581 2.73863 -0.0332103

39.4254 0.0585938 0.934468 -0.0655319 2.73861 -0.0332063
39.4265 0.0732422 0.934468 -0.0655319 2.7425 -0.0450316

39.4264 0.0732422 0.920893 -0.0791069 2.74249 -0.0450249
39.4277 0.0878906 0.920893 -0.0791069 2.74134 -0.0558402

39.4277 0.0878906 0.907039 -0.0929609 2.74134 -0.0558396
39.4292 0.102539 0.907039 -0.0929609 2.74654 -0.0713632

39.4292 0.102539 0.897025 -0.102975 2.74658 -0.0713931
39.4301 0.109863 0.897025 -0.102975 2.74716 -0.0825655

39.4301 0.109863 0.890834 -0.109166 2.74716 -0.082566
39.431 0.117188 0.890834 -0.109166 2.74068 -0.0886436

39.431 0.117188 0.884334 -0.115666 2.74068 -0.0886436
39.4319 0.124512 0.884334 -0.115666 2.73309 -0.08998

39.4319 0.124512 0.877971 -0.122029 2.73309 -0.0899797
39.4329 0.131836 0.877971 -0.122029 2.73648 -0.0900571

39.4329 0.131836 0.871193 -0.128807 2.73648 -0.0900603
39.4336 0.136294 0.871193 -0.128807 2.73905 -0.0896182

39.4336 0.13629 0.871193 -0.128807 2.73907 -0.0896206
39.434 0.13916 0.871193 -0.128807 2.72369 -0.0875694

39.434 0.13916 0.865951 -0.134049 2.72369 -0.0875626
39.4352 0.146484 0.865951 -0.134049 2.73047 -0.084944

39.4351 0.146484 0.856718 -0.143282 2.73046 -0.0849214
39.4376 0.161133 0.856718 -0.143282 2.7321 -0.0918063

39.4376 0.161133 0.843817 -0.156183 2.7321 -0.0918041
39.4403 0.175781 0.843817 -0.156183 2.72331 -0.0979597

39.4403 0.175781 0.831128 -0.168872 2.72331 -0.0979598
39.4433 0.19043 0.831128 -0.168872 2.71428 -0.0998059

39.4433 0.19043 0.822022 -0.177978 2.71429 -0.0998361
39.4449 0.197754 0.822022 -0.177978 2.71222 -0.100703

39.4449 0.197754 0.816691 -0.183309 2.71222 -0.100701
39.4465 0.205078 0.816691 -0.183309 2.71317 -0.103454

39.4465 0.205078 0.811063 -0.188937 2.71317 -0.103452
39.4482 0.212402 0.811063 -0.188937 2.71245 -0.10649

39.4482 0.212402 0.805268 -0.194732 2.71245 -0.106486
39.4482 0.212493 0.805268 -0.194732 2.71246 -0.106542

39.4482 0.212488 0.805268 -0.194732 2.71246 -0.106542
39.45 0.219727 0.805268 -0.194732 2.7149 -0.111469

39.45 0.219727 0.799325 -0.200675 2.7149 -0.111467
39.4518 0.227051 0.799325 -0.200675 2.71899 -0.117438

39.4518 0.227051 0.793421 -0.206579 2.71899 -0.117438
39.4537 0.234375 0.793421 -0.206579 2.71437 -0.125757

39.4537 0.234375 0.787796 -0.212204 2.71437 -0.125758
39.4556 0.241161 0.787796 -0.212204 2.70512 -0.130717

39.4556 0.241158 0.787796 -0.212204 2.70512 -0.130716
39.4557 0.241699 0.787796 -0.212204 2.70432 -0.130963

39.4557 0.241699 0.782342 -0.217658 2.70432 -0.130963
39.4577 0.249023 0.782342 -0.217658 2.69948 -0.137608

39.4577 0.249023 0.776767 -0.223233 2.69948 -0.137608
39.4599 0.256348 0.776767 -0.223233 2.70035 -0.153746

39.4599 0.256348 0.771107 -0.228893 2.70035 -0.153746
39.462 0.263672 0.771107 -0.228893 2.69513 -0.174987

39.462 0.263672 0.765734 -0.234266 2.69512 -0.174984
39.4629 0.266498 0.765734 -0.234266 2.69244 -0.182287

39.4629 0.266486 0.765734 -0.234266 2.69246 -0.182267
39.4643 0.270996 0.765734 -0.234266 2.6844 -0.192777

39.4643 0.270996 0.760519 -0.239481 2.68439 -0.192772
39.4666 0.27832 0.760519 -0.239481 2.67326 -0.206765

39.4666 0.27832 0.755226 -0.244774 2.67326 -0.206765
39.4689 0.285645 0.755226 -0.244774 2.66303 -0.215278

39.4689 0.285645 0.749726 -0.250274 2.66303 -0.215275
39.4702 0.289446 0.749726 -0.250274 2.65799 -0.218442

39.4702 0.289441 0.749726 -0.250274 2.65799 -0.21844
39.4714 0.292969 0.749726 -0.250274 2.65755 -0.221071

39.4714 0.292969 0.743986 -0.256014 2.65755 -0.221069
39.4739 0.300293 0.743986 -0.256014 2.66063 -0.230054

39.4739 0.300293 0.738341 -0.261659 2.66063 -0.230058
39.4765 0.307617 0.738341 -0.261659 2.65433 -0.25315

39.4765 0.307617 0.733093 -0.266907 2.65433 -0.253142
39.4775 0.310456 0.733093 -0.266907 2.64893 -0.260656

39.4775 0.310439 0.733093 -0.266907 2.64897 -0.260636
39.4792 0.314941 0.733093 -0.266907 2.64019 -0.271004

39.4792 0.314941 0.727855 -0.272145 2.64018 -0.270993
39.4819 0.322266 0.727855 -0.272145 2.6327 -0.291209

39.4819 0.322266 0.722337 -0.277663 2.6327 -0.291206
39.4847 0.32959 0.722337 -0.277663 2.62309 -0.314253

39.4847 0.32959 0.716788 -0.283212 2.62308 -0.314219
39.4849 0.329952 0.716788 -0.283212 2.62245 -0.315131

39.4849 0.329934 0.716788 -0.283212 2.62249 -0.315119
39.4876 0.336914 0.716788 -0.283212 2.61865 -0.331927

39.4876 0.336914 0.711168 -0.288832 2.61865 -0.331923
39.4906 0.344238 0.711168 -0.288832 2.61188 -0.35961

39.4906 0.344238 0.705825 -0.294175 2.61188 -0.3596
39.4922 0.348064 0.705825 -0.294175 2.60239 -0.374387

39.4922 0.348044 0.705825 -0.294175 2.60248 -0.374357
39.4937 0.351562 0.705825 -0.294175 2.58918 -0.386462

39.4936 0.351562 0.700597 -0.299403 2.58916 -0.386434
39.4968 0.358887 0.700597 -0.299403 2.57191 -0.412721

39.4968 0.358887 0.695102 -0.304898 2.57191 -0.412715
39.4995 0.365122 0.695102 -0.304898 2.55555 -0.436701

39.4995 0.365118 0.695102 -0.304898 2.55557 -0.436699
39.5 0.366211 0.695102 -0.304898 2.55225 -0.439874

39.5 0.366211 0.689498 -0.310502 2.55225 -0.439862
39.5033 0.373535 0.689498 -0.310502 2.54654 -0.464218

39.5033 0.373535 0.683839 -0.316161 2.54654 -0.464216
39.5067 0.380859 0.683839 -0.316161 2.52399 -0.503307

39.5067 0.380859 0.678587 -0.321413 2.52395 -0.503179
39.5068 0.381244 0.678587 -0.321413 2.52166 -0.504918

39.5068 0.381195 0.678587 -0.321413 2.52199 -0.504852
39.5101 0.388184 0.678587 -0.321413 2.50106 -0.533499

39.5101 0.388184 0.673437 -0.326563 2.50105 -0.53348
39.5137 0.395508 0.673437 -0.326563 2.47079 -0.567991

39.5137 0.395508 0.667972 -0.332028 2.47077 -0.567874
39.5142 0.396482 0.667972 -0.332028 2.46485 -0.571111

39.5142 0.396442 0.667972 -0.332028 2.46511 -0.571108
39.5173 0.402832 0.667972 -0.332028 2.45026 -0.595023

39.5173 0.402832 0.66198 -0.33802 2.45023 -0.59499
39.5211 0.410156 0.66198 -0.33802 2.42402 -0.646052

39.521 0.410156 0.655889 -0.344111 2.42398 -0.645853
39.5215 0.410988 0.655889 -0.344111 2.4182 -0.650925

39.5215 0.410936 0.655879 -0.344121 2.4186 -0.650863
39.5249 0.41748 0.655879 -0.344121 2.39702 -0.685304

39.5249 0.41748 0.650032 -0.349968 2.397 -0.685276
39.5288 0.424715 0.650032 -0.349968 2.35077 -0.725671

39.5288 0.424709 0.650747 -0.349253 2.35084 -0.725669
39.5289 0.424805 0.650747 -0.349253 2.34991 -0.726067

39.5289 0.424805 0.644226 -0.355774 2.34991 -0.726049
39.5329 0.432129 0.644226 -0.355774 2.31595 -0.760658

39.5329 0.432129 0.638301 -0.361699 2.31595 -0.76059
39.5361 0.437839 0.638301 -0.361699 2.29325 -0.807595

39.5361 0.437821 0.638301 -0.361699 2.2934 -0.807581
39.5371 0.439453 0.638301 -0.361699 2.2821 -0.817594

39.537 0.439453 0.631668 -0.368332 2.28206 -0.817477
39.5413 0.446777 0.631668 -0.368332 2.2458 -0.871777

39.5413 0.446777 0.625401 -0.374599 2.24578 -0.871648
39.5435 0.450367 0.625401 -0.374599 2.22895 -0.907646

39.5435 0.450316 0.625401 -0.374599 2.22926 -0.90758
39.5457 0.454102 0.625401 -0.374599 2.20651 -0.940595

39.5457 0.454102 0.619256 -0.380744 2.2064 -0.940366
39.5502 0.461426 0.619256 -0.380744 2.13267 -0.991511

39.5502 0.461426 0.61898 -0.38102 2.13266 -0.991183
39.5508 0.462415 0.61898 -0.38102 2.11904 -0.996148

39.5508 0.46232 0.612912 -0.387088 2.12036 -0.996239
39.5548 0.46875 0.612912 -0.387088 1e+30 1e+30

