19.7501 0.512695 0.553288 -0.446712 1.48205 -1.6014
19.7534 0.51684 0.553288 -0.446712 1.41181 -1.63446

19.7534 0.51672 0.550807 -0.449193 1.41372 -1.63548
19.7561 0.52002 0.550807 -0.449193 1.34583 -1.65448

19.7561 0.52002 0.53953 -0.46047 1.34595 -1.6541
19.7607 0.525474 0.53953 -0.46047 1.24339 -1.66317

19.7607 0.525439 0.536754 -0.463246 1.24361 -1.66348
19.7624 0.527344 0.536754 -0.463246 1.22225 -1.6688

19.7624 0.527344 0.528066 -0.471934 1.22239 -1.66845
19.7681 0.533728 0.528066 -0.471934 1.15483 -1.71242

19.7681 0.533726 0.524161 -0.475839 1.15484 -1.71244
19.7689 0.534668 0.524161 -0.475839 1.14676 -1.72043

19.7689 0.534668 0.516312 -0.483688 1.14688 -1.7199
19.7754 0.541604 0.516312 -0.483688 1.05388 -1.78413

19.7754 0.541593 0.510649 -0.489351 1.05403 -1.78422
19.7758 0.541992 0.510649 -0.489351 1.0463 -1.78783

19.7758 0.541992 0.503679 -0.496321 1.04641 -1.78747
19.7827 0.549057 0.503679 -0.496321 0.890696 -1.8198

19.7827 0.549045 0.497149 -0.502851 0.890901 -1.81993
19.783 0.549316 0.497149 -0.502851 0.884236 -1.82029

19.783 0.549316 0.491075 -0.508925 0.884289 -1.82021
19.79 0.556126 0.491075 -0.508925 0.725672 -1.8474

19.79 0.556111 0.483711 -0.516289 0.725892 -1.84755
19.7906 0.556641 0.483711 -0.516289 0.714057 -1.85103

19.7906 0.556641 0.477671 -0.522329 0.714165 -1.85079
19.7974 0.562835 0.477671 -0.522329 0.581323 -1.89456

19.7974 0.562804 0.467228 -0.532772 0.581699 -1.89491
19.7987 0.563965 0.467228 -0.532772 0.557489 -1.90327

19.7987 0.563965 0.462376 -0.537624 0.557682 -1.90285
19.8047 0.569148 0.462376 -0.537624 0.439127 -1.93638

19.8047 0.569107 0.447343 -0.552657 0.439791 -1.93692
19.8074 0.571289 0.447343 -0.552657 0.382278 -1.94785

19.8073 0.571289 0.445145 -0.554855 0.382957 -1.94664
19.812 0.575069 0.445145 -0.554855 0.272519 -1.94402

19.812 0.575035 0.432092 -0.567908 0.273128 -1.94451
19.8167 0.578613 0.432092 -0.567908 0.165885 -1.92867

19.8166 0.578613 0.424027 -0.575973 0.167258 -1.92789
19.8193 0.580652 0.424027 -0.575973 0.10755 -1.91726

19.8193 0.580636 0.416349 -0.583651 0.107815 -1.91746
19.8267 0.585861 0.416349 -0.583651 -0.0477313 -1.90539

19.8267 0.585854 0.399724 -0.600276 -0.0476175 -1.90547
19.8268 0.585938 0.399724 -0.600276 -0.0501081 -1.90557

19.8266 0.585938 0.40719 -0.59281 -0.048805 -1.90418
19.8267 0.585962 0.40719 -0.59281 -0.0495375 -1.9042

19.8268 0.585938 0.399171 -0.600829 -0.0499658 -1.90542
19.834 0.590732 0.399171 -0.600829 -0.211697 -1.87808

19.834 0.590694 0.381276 -0.618724 -0.210908 -1.87865
19.8382 0.593262 0.381276 -0.618724 -0.302124 -1.83908

19.838 0.593262 0.381257 -0.618743 -0.301212 -1.83899
19.8413 0.595275 0.381257 -0.618743 -0.36739 -1.81911

19.8413 0.595242 0.362694 -0.637306 -0.366738 -1.81948
19.8486 0.59941 0.362694 -0.637306 -0.517684 -1.78486

19.8486 0.599385 0.342886 -0.657114 -0.517054 -1.78516
19.8509 0.600586 0.342886 -0.657114 -0.566461 -1.776

19.8509 0.600586 0.342886 -0.657114 -0.565982 -1.77587
19.856 0.603237 0.342886 -0.657114 -0.687443 -1.70687

19.856 0.603229 0.322143 -0.677857 -0.687211 -1.70696
19.8633 0.60671 0.322143 -0.677857 -0.846077 -1.60403

19.8633 0.606684 0.300954 -0.699046 -0.845377 -1.6043
19.8661 0.60791 0.300954 -0.699046 -0.898917 -1.57688

19.8661 0.60791 0.300954 -0.699046 -0.898417 -1.57723
19.8706 0.609866 0.300954 -0.699046 -0.992612 -1.52018

19.8706 0.609863 0.278385 -0.721615 -0.992519 -1.52021
19.8779 0.612689 0.278385 -0.721615 -1.14377 -1.38542

19.8779 0.612685 0.253688 -0.746312 -1.14365 -1.38547
19.8853 0.615174 0.253688 -0.746312 -1.27496 -1.27253

19.8853 0.615169 0.227804 -0.772196 -1.27478 -1.27256
19.8855 0.615234 0.227804 -0.772196 -1.27855 -1.27076

19.8852 0.615234 0.253688 -0.746312 -1.27668 -1.27228
19.8853 0.615243 0.253688 -0.746312 -1.27713 -1.27208

19.8855 0.615234 0.227804 -0.772196 -1.27838 -1.2709
19.8926 0.617336 0.227804 -0.772196 -1.40739 -1.16879

19.8926 0.617334 0.200295 -0.799705 -1.40731 -1.1688
19.8999 0.619168 0.200295 -0.799705 -1.5399 -0.999366

19.8999 0.619167 0.171309 -0.828691 -1.53987 -0.999381
19.9072 0.620681 0.171309 -0.828691 -1.64692 -0.798256

19.9072 0.620681 0.140394 -0.859606 -1.64691 -0.798258
19.9146 0.621877 0.140394 -0.859606 -1.7434 -0.607049

19.9146 0.621879 0.107339 -0.892661 -1.74347 -0.607033
19.9202 0.622559 0.107339 -0.892661 -1.81293 -0.474836

19.9203 0.622559 0.107339 -0.892661 -1.81376 -0.472767
19.9219 0.622747 0.107339 -0.892661 -1.83478 -0.439108

19.9219 0.622759 0.0712634 -0.928737 -1.8353 -0.439016
19.9292 0.623321 0.0712634 -0.928737 -1.91491 -0.262906

19.9292 0.623323 0.0312218 -0.968778 -1.91495 -0.262899
19.9365 0.623559 0.0312218 -0.968778 -1.97266 -0.0599065

19.9365 0.623559 -0.0124792 -0.987521 -1.97267 -0.0599049
19.9438 0.623466 -0.0124792 -0.987521 -2.00945 0.151074

19.9438 0.623465 -0.0542475 -0.945752 -2.00941 0.151069
19.9512 0.623045 -0.0542475 -0.945752 -2.02992 0.370672

19.9585 0.622283 -0.0921784 -0.907822 -2.01485 0.58996
19.9558 0.622559 -0.0921784 -0.907822 -2.0317 0.512449

19.9512 0.623054 -0.0921784 -0.907822 -2.03018 0.37069
19.956 0.622559 -0.0921784 -0.907822 -2.03077 0.519896

19.9585 0.622303 -0.127541 -0.872459 -2.01539 0.589869
19.9658 0.621233 -0.127541 -0.872459 -1.96723 0.80693

19.9658 0.621236 -0.16141 -0.83859 -1.96731 0.806906
19.9731 0.619826 -0.16141 -0.83859 -1.91559 1.03076

19.9731 0.61983 -0.194065 -0.805935 -1.9157 1.03072
19.9805 0.618067 -0.194065 -0.805935 -1.82793 1.24781

19.9951 0.613462 -0.253065 -0.746935 -1.64507 1.56653
19.9899 0.615234 -0.253065 -0.746935 -1.70736 1.43076

19.9951 0.613466 -0.28023 -0.71977 -1.64521 1.56649
20.0024 0.610615 -0.28023 -0.71977 -1.52183 1.77808

20.0098 0.60744 -0.305416 -0.694584 -1.35784 1.92793
20.0087 0.60791 -0.305416 -0.694584 -1.37919 1.91033

20.0024 0.610598 -0.305416 -0.694584 -1.52084 1.77803
20.0086 0.60791 -0.305416 -0.694584 -1.37929 1.9082

19.9805 0.618066 -0.224802 -0.775198 -1.82787 1.24781
19.9878 0.615942 -0.224802 -0.775198 -1.72842 1.39626

19.9878 0.615936 -0.253065 -0.746935 -1.72819 1.39626
19.9899 0.615234 -0.253065 -0.746935 -1.70728 1.43038

20.0244 0.599885 -0.352765 -0.647235 -1.04675 2.1952
20.0231 0.600586 -0.352765 -0.647235 -1.07217 2.1832

20.0098 0.607398 -0.32935 -0.67065 -1.35599 1.92808
20.0171 0.603801 -0.32935 -0.67065 -1.22271 2.08657

20.0171 0.603782 -0.352765 -0.647235 -1.22165 2.08649
20.023 0.600586 -0.352765 -0.647235 -1.07176 2.18171

20.0244 0.599823 -0.376019 -0.623981 -1.04421 2.1953
20.0317 0.595409 -0.376019 -0.623981 -0.912424 2.2852

20.0391 0.590576 -0.398402 -0.601598 -0.752036 2.39241
20.035 0.593262 -0.398402 -0.601598 -0.839374 2.33183

20.0317 0.595368 -0.397689 -0.602311 -0.910512 2.28497
20.0349 0.593262 -0.397689 -0.602311 -0.838742 2.33041

20.0464 0.585382 -0.421581 -0.578419 -0.569574 2.48769
20.0456 0.585938 -0.421581 -0.578419 -0.588107 2.47612

20.0464 0.585278 -0.439029 -0.560971 -0.565354 2.48772
20.0537 0.579546 -0.439029 -0.560971 -0.387253 2.55796

20.0684 0.56667 -0.476855 -0.523145 -0.0373184 2.64078
20.0633 0.571289 -0.476855 -0.523145 -0.157484 2.61254

20.061 0.573351 -0.45872 -0.54128 -0.21587 2.59918
20.0548 0.578613 -0.45872 -0.54128 -0.359153 2.56073

20.0537 0.57952 -0.450623 -0.549377 -0.386232 2.55781
20.0548 0.578613 -0.450623 -0.549377 -0.359078 2.56067

20.061 0.573288 -0.470999 -0.529001 -0.213393 2.59876
20.0633 0.571289 -0.470999 -0.529001 -0.157367 2.6124

20.083 0.551569 -0.521976 -0.478024 0.317398 2.65417
20.0784 0.556641 -0.521976 -0.478024 0.203505 2.65605

20.0977 0.534308 -0.562472 -0.437528 0.656636 2.64022
20.0974 0.534668 -0.562472 -0.437528 0.649268 2.64133

20.0973 0.534668 -0.551824 -0.448176 0.649645 2.64122
20.0914 0.541992 -0.551824 -0.448176 0.50055 2.64965

20.0903 0.543235 -0.536517 -0.463483 0.477421 2.64831
20.0851 0.549316 -0.536517 -0.463483 0.35925 2.65399

20.083 0.551576 -0.526712 -0.473288 0.317172 2.65422
20.085 0.549316 -0.526712 -0.473288 0.35976 2.65365

20.0903 0.543223 -0.543051 -0.456949 0.47775 2.64824
20.0914 0.541992 -0.543051 -0.456949 0.50084 2.64944

20.0757 0.559397 -0.5003 -0.4997 0.139706 2.65544
20.0711 0.563965 -0.5003 -0.4997 0.0316433 2.65004

20.0684 0.566589 -0.490651 -0.509349 -0.0342612 2.64012
20.0711 0.563965 -0.490651 -0.509349 0.0320974 2.64961

20.0757 0.559358 -0.509505 -0.490495 0.141085 2.65511
20.0783 0.556641 -0.509505 -0.490495 0.204312 2.65548

20.127 0.491135 -0.623493 -0.376507 1.25755 2.42612
20.1228 0.498047 -0.623493 -0.376507 1.17428 2.46557

20.105 0.524564 -0.580755 -0.419245 0.815527 2.59668
20.103 0.527344 -0.580755 -0.419245 0.774888 2.61449

20.1123 0.514213 -0.590628 -0.409372 0.95039 2.55372
20.1083 0.52002 -0.590628 -0.409372 0.859774 2.57596

20.105 0.524526 -0.578499 -0.421501 0.81637 2.59649
20.1083 0.52002 -0.578499 -0.421501 0.860024 2.57587

20.1196 0.503077 -0.613701 -0.386299 1.14423 2.50738
20.1182 0.505371 -0.613701 -0.386299 1.11136 2.52875

20.1182 0.505371 -0.602779 -0.397221 1.11146 2.52879
20.1133 0.512695 -0.602779 -0.397221 0.980886 2.55356

20.1196 0.503024 -0.613536 -0.386464 1.1454 2.50705
20.1228 0.498047 -0.613536 -0.386464 1.17452 2.46557

20.1123 0.514214 -0.599356 -0.400644 0.950377 2.55372
20.1133 0.512695 -0.599356 -0.400644 0.981172 2.55333

20.1343 0.478256 -0.643304 -0.356696 1.4226 2.35604
20.1314 0.483398 -0.643304 -0.356696 1.37014 2.39708

20.1394 0.46875 -0.652186 -0.347814 1.51649 2.30006
20.1355 0.476074 -0.652186 -0.347814 1.44279 2.34264

20.1343 0.478229 -0.643304 -0.356696 1.42302 2.35585
20.1355 0.476074 -0.643304 -0.356696 1.44291 2.34262

20.1314 0.483398 -0.633836 -0.366164 1.3701 2.39707
20.1272 0.490723 -0.633836 -0.366164 1.26478 2.42482

20.127 0.491122 -0.629554 -0.370446 1.25785 2.42605
20.1272 0.490723 -0.629554 -0.370446 1.26487 2.42478

20.0977 0.534231 -0.565775 -0.434225 0.658862 2.63979
20.1029 0.527344 -0.565775 -0.434225 0.775215 2.61455

20.0391 0.590541 -0.419019 -0.580981 -0.750851 2.39255
20.0454 0.585938 -0.419019 -0.580981 -0.58721 2.47344

20.2325 0 -0.99511 -0.0048898 2.71643 0
20.2324 0.0146484 -0.99511 -0.0048898 2.71533 0.0554301

20.2324 0.0146484 -0.985404 -0.0145958 2.71532 0.0554302
20.2322 0.0292969 -0.985404 -0.0145958 2.71211 0.109368

20.2322 0.0292969 -0.976087 -0.0239128 2.71212 0.109368
20.2318 0.0439453 -0.976087 -0.0239128 2.71015 0.160853

20.2318 0.0439453 -0.966905 -0.0330948 2.71013 0.160853
20.2313 0.0585938 -0.966905 -0.0330948 2.72254 0.217748

20.2313 0.0585938 -0.960021 -0.0399791 2.72262 0.217742
20.231 0.065918 -0.960021 -0.0399791 2.72489 0.251216

20.231 0.065918 -0.955748 -0.0442519 2.72488 0.251217
20.2307 0.0732422 -0.955748 -0.0442519 2.70965 0.2817

20.2307 0.0732422 -0.948928 -0.0510724 2.70958 0.281704
20.2299 0.0878906 -0.948928 -0.0510724 2.69778 0.341739

20.2295 0.0942464 -0.939912 -0.0600881 2.69847 0.367614
20.229 0.102539 -0.939912 -0.0600881 2.69279 0.402598

20.229 0.102539 -0.930404 -0.069596 2.69275 0.402598
20.2279 0.117188 -0.930404 -0.069596 2.67923 0.468228

20.2295 0.0942308 -0.939912 -0.0600881 2.69848 0.36755
20.2299 0.0878906 -0.939912 -0.0600881 2.69778 0.341739

20.2148 0.224415 -0.856914 -0.143086 2.56904 0.944349
20.2132 0.234375 -0.856914 -0.143086 2.55192 0.992061

20.2279 0.117188 -0.92305 -0.0769499 2.67933 0.468233
20.2272 0.124512 -0.92305 -0.0769499 2.67391 0.502743

20.2272 0.124512 -0.918369 -0.0816309 2.6739 0.502742
20.2266 0.131836 -0.918369 -0.0816309 2.67785 0.538928

20.2266 0.131836 -0.913588 -0.086412 2.67786 0.538928
20.2259 0.13916 -0.913588 -0.086412 2.67875 0.57312

20.2259 0.13916 -0.908846 -0.0911545 2.67874 0.573119
20.2252 0.146484 -0.908846 -0.0911545 2.66627 0.604588

20.2252 0.146484 -0.90435 -0.0956499 2.66628 0.60459
20.2244 0.153809 -0.90435 -0.0956499 2.6502 0.634129

20.2244 0.153809 -0.900559 -0.0994411 2.65021 0.63413
20.2236 0.161133 -0.900559 -0.0994411 2.64133 0.664816

20.2236 0.161133 -0.893976 -0.106024 2.64121 0.664806
20.2219 0.175781 -0.893976 -0.106024 2.62912 0.725812

20.2219 0.175781 -0.88488 -0.11512 2.6291 0.725813
20.22 0.19043 -0.88488 -0.11512 2.6151 0.787817

20.22 0.19043 -0.875662 -0.124338 2.6151 0.787817
20.2179 0.205078 -0.875662 -0.124338 2.59744 0.853217

20.2179 0.205078 -0.866419 -0.133581 2.59743 0.853217
20.2156 0.219727 -0.866419 -0.133581 2.57562 0.921603

20.2148 0.224381 -0.856914 -0.143086 2.56913 0.944185
20.2156 0.219727 -0.856914 -0.143086 2.57563 0.921604

20.2132 0.234375 -0.847535 -0.152465 2.55196 0.992063
20.2105 0.249023 -0.847535 -0.152465 2.52056 1.06652

20.2105 0.249023 -0.840768 -0.159232 2.52066 1.06652
20.2091 0.256348 -0.840768 -0.159232 2.50686 1.10467

20.2091 0.256348 -0.835853 -0.164147 2.50685 1.10467
20.2077 0.263672 -0.835853 -0.164147 2.49556 1.14417

20.2075 0.26459 -0.830835 -0.169165 2.49385 1.14938
20.2062 0.270996 -0.830835 -0.169165 2.47941 1.18305

20.2062 0.270996 -0.825855 -0.174145 2.47941 1.18305
20.2047 0.27832 -0.825855 -0.174145 2.46388 1.22025

20.2075 0.264577 -0.830835 -0.169165 2.4939 1.14931
20.2077 0.263672 -0.830835 -0.169165 2.49559 1.14418

20.2047 0.27832 -0.820686 -0.179314 2.46387 1.22025
20.2031 0.285645 -0.820686 -0.179314 2.44808 1.25768

20.2031 0.285645 -0.815559 -0.184441 2.44808 1.25768
20.2014 0.292969 -0.815559 -0.184441 2.42242 1.29608

20.2002 0.298209 -0.810746 -0.189254 2.40215 1.32434
20.1997 0.300293 -0.810746 -0.189254 2.39342 1.33466

20.1997 0.300293 -0.805809 -0.194191 2.39345 1.33467
20.1979 0.307617 -0.805809 -0.194191 2.3731 1.37349

20.1979 0.307617 -0.800293 -0.199707 2.37308 1.37349
20.1961 0.314941 -0.800293 -0.199707 2.36027 1.41309

20.1961 0.314941 -0.794634 -0.205366 2.36027 1.41309
20.1942 0.322266 -0.794634 -0.205366 2.33773 1.4526

20.2002 0.298179 -0.810746 -0.189254 2.40234 1.32421
20.2014 0.292969 -0.810746 -0.189254 2.42244 1.29608

20.1929 0.32734 -0.789185 -0.210815 2.31992 1.4822
20.1923 0.32959 -0.789185 -0.210815 2.31055 1.49434

20.1923 0.32959 -0.783638 -0.216362 2.31058 1.49435
20.1902 0.336914 -0.783638 -0.216362 2.28654 1.53429

20.1929 0.327311 -0.789185 -0.210815 2.32011 1.48206
20.1942 0.322266 -0.789185 -0.210815 2.33776 1.4526

20.1902 0.336914 -0.777832 -0.222168 2.28653 1.53429
20.1882 0.344238 -0.777832 -0.222168 2.26583 1.57403

20.1882 0.344238 -0.772093 -0.227907 2.26584 1.57403
20.186 0.351562 -0.772093 -0.227907 2.23311 1.61399

20.1855 0.353021 -0.766493 -0.233507 2.22607 1.62248
20.1838 0.358887 -0.766493 -0.233507 2.20088 1.65607

20.1838 0.358887 -0.760724 -0.239276 2.20088 1.65607
20.1815 0.366211 -0.760724 -0.239276 2.16893 1.69783

20.1782 0.376087 -0.748662 -0.251338 2.12068 1.74971
20.1766 0.380859 -0.748662 -0.251338 2.09972 1.77735

20.1815 0.366211 -0.754718 -0.245282 2.16893 1.69783
20.1791 0.373535 -0.754718 -0.245282 2.13265 1.73452

20.1782 0.376067 -0.748662 -0.251338 2.12085 1.74959
20.1791 0.373535 -0.748662 -0.251338 2.1327 1.73452

20.1709 0.396977 -0.728662 -0.271338 2.02696 1.87078
20.1687 0.402832 -0.728662 -0.271338 1.99978 1.90745

20.1687 0.402832 -0.721812 -0.278188 1.99978 1.90745
20.1659 0.410156 -0.721812 -0.278188 1.96184 1.95194

20.1766 0.380859 -0.742286 -0.257714 2.09972 1.77735
20.1741 0.388184 -0.742286 -0.257714 2.06994 1.82154

20.1741 0.388184 -0.735485 -0.264515 2.06993 1.82154
20.1714 0.395508 -0.735485 -0.264515 2.03449 1.86165

20.1709 0.396966 -0.728662 -0.271338 2.02706 1.87071
20.1714 0.395508 -0.728662 -0.271338 2.03452 1.86166

20.1855 0.353005 -0.766493 -0.233507 2.2262 1.62239
20.186 0.351562 -0.766493 -0.233507 2.23315 1.614

20.1636 0.416014 -0.714974 -0.285026 1.92778 1.9862
20.163 0.41748 -0.714974 -0.285026 1.91687 1.99476

20.163 0.41748 -0.708026 -0.291974 1.91701 1.99477
20.16 0.424805 -0.708026 -0.291974 1.86738 2.04154

20.1636 0.41597 -0.714974 -0.285026 1.92831 1.98596
20.1659 0.410156 -0.714974 -0.285026 1.96188 1.95194

20.16 0.424805 -0.700722 -0.299278 1.86736 2.04154
20.1568 0.432129 -0.700722 -0.299278 1.81291 2.07765

20.1562 0.433432 -0.693342 -0.306658 1.80325 2.08531
20.1568 0.432129 -0.693342 -0.306658 1.81296 2.07765

