4.39453 0.468629 -0.34832 -0.65168 -0.0705611 0.828641
4.3943 0.46875 -0.34832 -0.65168 -0.0714666 0.828976

4.39453 0.468554 -0.358589 -0.641411 -0.0696876 0.828548
4.40186 0.46446 -0.358589 -0.641411 -0.0426233 0.842683

4.40918 0.460227 -0.36886 -0.63114 -0.0065532 0.862118
4.40713 0.461426 -0.36886 -0.63114 -0.014868 0.859957

4.40186 0.46444 -0.36886 -0.63114 -0.0423635 0.84266
4.40701 0.461426 -0.36886 -0.63114 -0.0145834 0.859809

4.42383 0.451055 -0.38922 -0.61078 0.0554438 0.893008
4.41905 0.454102 -0.38922 -0.61078 0.0326393 0.877484

4.40918 0.460181 -0.379032 -0.620968 -0.00603983 0.8621
4.4165 0.455711 -0.379032 -0.620968 0.021011 0.873043

4.4165 0.45569 -0.388528 -0.611472 0.0212587 0.873013
4.419 0.454102 -0.388528 -0.611472 0.0327654 0.877366

4.4458 0.435815 -0.419644 -0.580356 0.142227 0.925227
4.44077 0.439453 -0.419644 -0.580356 0.121967 0.908552

4.45312 0.430348 -0.426785 -0.573215 0.185631 0.944628
4.45073 0.432129 -0.426785 -0.573215 0.172463 0.937705

4.4458 0.435783 -0.429545 -0.570455 0.142537 0.925223
4.45065 0.432129 -0.429545 -0.570455 0.172656 0.937485

4.43115 0.446267 -0.395725 -0.604275 0.0873527 0.899948
4.43037 0.446777 -0.395725 -0.604275 0.0847963 0.901085

4.42383 0.451034 -0.399305 -0.600695 0.055653 0.893025
4.43023 0.446777 -0.399305 -0.600695 0.0852296 0.90118

4.43115 0.44618 -0.409453 -0.590547 0.0881975 0.899844
4.43848 0.441102 -0.409453 -0.590547 0.112251 0.903105

4.43848 0.441062 -0.41288 -0.58712 0.112667 0.903049
4.44076 0.439453 -0.41288 -0.58712 0.121983 0.908536

4.6554 0 -0.987649 -0.0123505 1.34693 0
4.65521 0.0146484 -0.987649 -0.0123505 1.34726 0.0464932

4.65521 0.0146484 -0.964242 -0.0357582 1.34728 0.046494
4.65467 0.0292969 -0.964242 -0.0357582 1.34402 0.0932875

4.65467 0.0292969 -0.941901 -0.0580986 1.344 0.093286
4.65377 0.0439453 -0.941901 -0.0580986 1.33553 0.139529

4.65377 0.0439453 -0.919816 -0.0801836 1.3355 0.139527
4.65249 0.0585938 -0.919816 -0.0801836 1.32175 0.185556

4.65249 0.0585938 -0.898575 -0.101425 1.32176 0.185557
4.65084 0.0732422 -0.898575 -0.101425 1.30567 0.229847

4.65084 0.0732422 -0.87844 -0.12156 1.30567 0.229847
4.64881 0.0878906 -0.87844 -0.12156 1.29277 0.274768

4.64881 0.0878906 -0.858868 -0.141132 1.29276 0.274767
4.64641 0.102539 -0.858868 -0.141132 1.2844 0.323373

4.64638 0.102539 -0.844676 -0.155324 1.2846 0.323362
4.64503 0.109863 -0.844676 -0.155324 1.27286 0.349403

4.64504 0.109863 -0.835448 -0.164552 1.27283 0.349406
4.64359 0.117188 -0.835448 -0.164552 1.2611 0.370505

4.62891 0.173884 -0.762327 -0.237673 1.18285 0.561324
4.62831 0.175781 -0.762327 -0.237673 1.17665 0.565217

4.6283 0.175781 -0.753653 -0.246347 1.17669 0.565256
4.62591 0.183105 -0.753653 -0.246347 1.15852 0.583321

4.62591 0.183105 -0.744981 -0.255019 1.15852 0.583318
4.6234 0.19043 -0.744981 -0.255019 1.14427 0.596975

4.62158 0.195542 -0.73632 -0.26368 1.13163 0.608244
4.62079 0.197754 -0.73632 -0.26368 1.12578 0.613373

4.62078 0.197754 -0.727792 -0.272208 1.12583 0.613378
4.61804 0.205078 -0.727792 -0.272208 1.10891 0.631812

4.62158 0.195508 -0.73632 -0.26368 1.13178 0.608171
4.6234 0.19043 -0.73632 -0.26368 1.14429 0.596972

4.61426 0.214693 -0.711148 -0.288852 1.08621 0.65866
4.61221 0.219727 -0.711148 -0.288852 1.07396 0.67496

4.60693 0.232041 -0.694452 -0.305548 1.04392 0.707135
4.60591 0.234375 -0.694452 -0.305548 1.03563 0.712663

4.61221 0.219727 -0.702865 -0.297135 1.07396 0.674962
4.60912 0.227051 -0.702865 -0.297135 1.05622 0.693276

4.60693 0.232 -0.694452 -0.305548 1.04416 0.707054
4.60911 0.227051 -0.694452 -0.305548 1.05626 0.693272

4.61804 0.205078 -0.719389 -0.280611 1.10891 0.631812
4.61519 0.212402 -0.719389 -0.280611 1.09213 0.650575

4.61426 0.214673 -0.711148 -0.288852 1.08631 0.658605
4.61518 0.212402 -0.711148 -0.288852 1.09216 0.650584

4.64355 0.117373 -0.825712 -0.174288 1.26072 0.37111
4.64205 0.124512 -0.825712 -0.174288 1.24516 0.402411

4.64205 0.124512 -0.816203 -0.183797 1.24516 0.402412
4.6404 0.131836 -0.816203 -0.183797 1.22937 0.424163

4.6404 0.131836 -0.806819 -0.193181 1.22936 0.424161
4.63865 0.13916 -0.806819 -0.193181 1.22384 0.443351

4.63864 0.13916 -0.797671 -0.202329 1.22384 0.443352
4.63679 0.146484 -0.797671 -0.202329 1.22137 0.471139

4.64355 0.11736 -0.820907 -0.179093 1.26077 0.371067
4.64359 0.117188 -0.820907 -0.179093 1.26111 0.370506

4.63623 0.148567 -0.788817 -0.211183 1.21991 0.480958
4.63483 0.153809 -0.788817 -0.211183 1.21552 0.500729

4.63483 0.153809 -0.779972 -0.220028 1.21552 0.500729
4.63276 0.161133 -0.779972 -0.220028 1.20722 0.525731

4.63623 0.148554 -0.788817 -0.211183 1.21995 0.480909
4.63678 0.146484 -0.788817 -0.211183 1.22139 0.471149

4.63276 0.161133 -0.771103 -0.228897 1.20722 0.525729
4.63059 0.168457 -0.771103 -0.228897 1.19629 0.544888

4.62891 0.173838 -0.762327 -0.237673 1.18307 0.561283
4.63058 0.168457 -0.762327 -0.237673 1.19631 0.544897

4.54102 0.34265 -0.56547 -0.43453 0.642825 0.946292
4.5398 0.344238 -0.56547 -0.43453 0.634309 0.949471

4.53976 0.344238 -0.555687 -0.444313 0.634469 0.949527
4.5339 0.351562 -0.555687 -0.444313 0.591547 0.953851

4.57031 0.300849 -0.609387 -0.390613 0.813126 0.863792
4.56597 0.307617 -0.609387 -0.390613 0.782933 0.879073

4.56299 0.312139 -0.600965 -0.399035 0.770009 0.886532
4.56113 0.314941 -0.600965 -0.399035 0.760376 0.892708

4.56111 0.314941 -0.591723 -0.408277 0.760462 0.892734
4.55605 0.322266 -0.591723 -0.408277 0.730185 0.90654

4.56299 0.312091 -0.600641 -0.399359 0.770316 0.886468
4.56596 0.307617 -0.600641 -0.399359 0.782998 0.879059

4.54834 0.332944 -0.574499 -0.425501 0.683712 0.926727
4.5454 0.336914 -0.574499 -0.425501 0.667717 0.93547

4.55566 0.322811 -0.58294 -0.41706 0.72778 0.907777
4.55081 0.32959 -0.58294 -0.41706 0.697271 0.923187

4.54834 0.332931 -0.577174 -0.422826 0.683815 0.9267
4.55079 0.32959 -0.577174 -0.422826 0.697413 0.92315

4.54102 0.34258 -0.56508 -0.43492 0.643415 0.946227
4.54538 0.336914 -0.56508 -0.43492 0.667803 0.935501

4.55566 0.32281 -0.588786 -0.411214 0.727785 0.907776
4.55604 0.322266 -0.588786 -0.411214 0.73023 0.906548

4.48242 0.405872 -0.468162 -0.531838 0.318989 0.964919
4.47755 0.410156 -0.468162 -0.531838 0.296702 0.960078

4.51172 0.376973 -0.516411 -0.483589 0.473738 0.970952
4.50808 0.380859 -0.516411 -0.483589 0.452828 0.9728

4.49707 0.392035 -0.492553 -0.507447 0.391477 0.971297
4.49349 0.395508 -0.492553 -0.507447 0.373557 0.970687

4.48975 0.399103 -0.480112 -0.519888 0.355348 0.969799
4.48571 0.402832 -0.480112 -0.519888 0.33595 0.966856

4.48242 0.405799 -0.476083 -0.523917 0.319724 0.964781
4.48569 0.402832 -0.476083 -0.523917 0.336038 0.966807

4.48975 0.399042 -0.487118 -0.512882 0.355948 0.969659
4.49347 0.395508 -0.487118 -0.512882 0.373618 0.970686

4.50439 0.384666 -0.504347 -0.495653 0.432323 0.972171
4.50094 0.388184 -0.504347 -0.495653 0.413078 0.971849

4.49707 0.391998 -0.498465 -0.501535 0.391764 0.971302
4.50091 0.388184 -0.498465 -0.501535 0.413153 0.971847

4.50439 0.384648 -0.509773 -0.490227 0.432462 0.972172
4.50804 0.380859 -0.509773 -0.490227 0.452977 0.972766

4.46045 0.42464 -0.442465 -0.557535 0.219166 0.952872
4.46024 0.424805 -0.442465 -0.557535 0.218173 0.953182

4.46045 0.424559 -0.449669 -0.550331 0.219894 0.952811
4.46777 0.418574 -0.449669 -0.550331 0.251494 0.952103

4.45312 0.43029 -0.439421 -0.560579 0.186254 0.944636
4.46012 0.424805 -0.439421 -0.560579 0.218455 0.953289

4.4751 0.412338 -0.459917 -0.540083 0.2852 0.958852
4.46906 0.41748 -0.459917 -0.540083 0.257381 0.953694

4.46777 0.41855 -0.455537 -0.544463 0.251721 0.95208
4.46905 0.41748 -0.455537 -0.544463 0.257403 0.95368

4.4751 0.412299 -0.46568 -0.53432 0.285569 0.958799
4.47756 0.410156 -0.46568 -0.53432 0.296696 0.960081

4.52637 0.360564 -0.536489 -0.463511 0.550748 0.96055
4.52149 0.366211 -0.536489 -0.463511 0.525195 0.967229

4.51904 0.368921 -0.529013 -0.470987 0.512972 0.966383
4.51494 0.373535 -0.529013 -0.470987 0.490314 0.969134

4.51172 0.376968 -0.52084 -0.47916 0.473792 0.970938
4.51488 0.373535 -0.52084 -0.47916 0.490598 0.969017

4.51904 0.36894 -0.530959 -0.469041 0.512807 0.966416
4.52145 0.366211 -0.530959 -0.469041 0.525362 0.96715

4.53369 0.351816 -0.546053 -0.453947 0.589986 0.95387
4.52781 0.358887 -0.546053 -0.453947 0.556351 0.958524

4.52637 0.360562 -0.540637 -0.459363 0.550764 0.960546
4.52779 0.358887 -0.540637 -0.459363 0.55646 0.958505

4.53369 0.351809 -0.550656 -0.449344 0.59005 0.953862
4.53389 0.351562 -0.550656 -0.449344 0.591569 0.953843

4.59961 0.24792 -0.677647 -0.322353 0.990892 0.744182
4.59908 0.249023 -0.677647 -0.322353 0.98573 0.746559

4.59229 0.262538 -0.660919 -0.339081 0.941666 0.773116
4.5917 0.263672 -0.660919 -0.339081 0.937995 0.775201

4.59906 0.249023 -0.669274 -0.330726 0.985854 0.746585
4.59544 0.256348 -0.669274 -0.330726 0.957726 0.764658

4.59229 0.262493 -0.660919 -0.339081 0.941929 0.773027
4.59544 0.256348 -0.660919 -0.339081 0.957745 0.764652

4.58496 0.276151 -0.644167 -0.355833 0.902168 0.80682
4.58376 0.27832 -0.644167 -0.355833 0.893595 0.812142

4.57764 0.288868 -0.627012 -0.372988 0.866346 0.839927
4.5752 0.292969 -0.627012 -0.372988 0.853001 0.852905

4.58374 0.27832 -0.635642 -0.364358 0.893687 0.812188
4.57954 0.285645 -0.635642 -0.364358 0.870211 0.830422

4.57764 0.288837 -0.627012 -0.372988 0.866493 0.839839
4.57954 0.285645 -0.627012 -0.372988 0.870266 0.830423

4.59169 0.263672 -0.652575 -0.347425 0.938086 0.775196
4.58779 0.270996 -0.652575 -0.347425 0.915399 0.792229

4.58496 0.276096 -0.644167 -0.355833 0.902529 0.806758
4.58778 0.270996 -0.644167 -0.355833 0.915449 0.792233

4.6059 0.234375 -0.686032 -0.313968 1.03569 0.712673
4.60254 0.241699 -0.686032 -0.313968 1.01111 0.730354

4.59961 0.247858 -0.677647 -0.322353 0.991336 0.744081
4.60254 0.241699 -0.677647 -0.322353 1.01113 0.730352

4.57519 0.292969 -0.618205 -0.381795 0.853026 0.852915
4.57067 0.300293 -0.618205 -0.381795 0.816253 0.862966

4.57031 0.300851 -0.61828 -0.38172 0.813107 0.863796
4.57066 0.300293 -0.61828 -0.38172 0.816302 0.862964

4.22607 0.519509 -0.0668108 -0.933189 -0.511448 0.177511
4.21895 0.52002 -0.0668108 -0.933189 -0.513816 0.145779

4.21875 0.520035 -0.0668108 -0.933189 -0.513866 0.145
4.21896 0.52002 -0.0668108 -0.933189 -0.513822 0.145845

4.22607 0.51951 -0.0823657 -0.917634 -0.51145 0.177511
4.2334 0.518852 -0.0823657 -0.917634 -0.506419 0.213811

4.2334 0.518852 -0.0974784 -0.902522 -0.506419 0.213811
4.24072 0.518061 -0.0974784 -0.902522 -0.500738 0.250525

4.24072 0.518061 -0.112122 -0.887878 -0.500738 0.250525
4.24805 0.517136 -0.112122 -0.887878 -0.49406 0.288358

4.24805 0.517136 -0.126325 -0.873675 -0.49406 0.288358
4.25537 0.516077 -0.126325 -0.873675 -0.483923 0.326243

4.25537 0.516078 -0.140156 -0.859844 -0.483927 0.326243
4.2627 0.514884 -0.140156 -0.859844 -0.466979 0.360934

4.27734 0.512091 -0.166927 -0.833073 -0.440289 0.411094
4.27433 0.512695 -0.166927 -0.833073 -0.445726 0.401914

4.2627 0.514884 -0.153692 -0.846308 -0.466984 0.360934
4.27002 0.513554 -0.153692 -0.846308 -0.452439 0.388303

4.27002 0.513551 -0.166927 -0.833073 -0.45241 0.388303
4.27429 0.512695 -0.166927 -0.833073 -0.445728 0.401809

4.27734 0.512088 -0.179948 -0.820052 -0.440259 0.411097
4.28467 0.51048 -0.179948 -0.820052 -0.429417 0.44116

4.28467 0.510481 -0.192763 -0.807237 -0.429419 0.44116
4.29199 0.508732 -0.192763 -0.807237 -0.418064 0.480757

4.29199 0.508732 -0.205235 -0.794765 -0.418065 0.480757
4.29932 0.50684 -0.205235 -0.794765 -0.395608 0.511479

4.30664 0.504821 -0.217288 -0.782712 -0.378467 0.53489
4.30466 0.505371 -0.217288 -0.782712 -0.382891 0.529432

4.29932 0.506835 -0.217288 -0.782712 -0.395538 0.511476
4.30459 0.505371 -0.217288 -0.782712 -0.382856 0.529246

4.32861 0.497869 -0.252233 -0.747767 -0.312395 0.624277
4.32809 0.498047 -0.252233 -0.747767 -0.313699 0.623976

4.32861 0.497838 -0.26342 -0.73658 -0.312074 0.62428
4.33594 0.495219 -0.26342 -0.73658 -0.293294 0.650811

4.30664 0.504808 -0.229114 -0.770886 -0.378337 0.534898
4.31396 0.502631 -0.229114 -0.770886 -0.363787 0.568893

4.31396 0.502632 -0.24085 -0.75915 -0.363792 0.568892
4.32129 0.500308 -0.24085 -0.75915 -0.33744 0.607617

4.32129 0.500305 -0.252233 -0.747767 -0.337396 0.607615
4.32798 0.498047 -0.252233 -0.747767 -0.313588 0.623921

4.33594 0.495219 -0.274561 -0.725439 -0.293299 0.65081
4.34326 0.492447 -0.274561 -0.725439 -0.26501 0.680799

4.35059 0.489541 -0.285458 -0.714542 -0.240087 0.696739
4.34763 0.490723 -0.285458 -0.714542 -0.249472 0.690252

4.34326 0.492434 -0.285458 -0.714542 -0.264839 0.680789
4.34755 0.490723 -0.285458 -0.714542 -0.249396 0.690099

4.36523 0.483245 -0.307084 -0.692916 -0.190118 0.73766
4.36489 0.483398 -0.307084 -0.692916 -0.191011 0.737879

4.35059 0.489524 -0.296333 -0.703667 -0.239908 0.696754
4.35791 0.486439 -0.296333 -0.703667 -0.216472 0.725192

4.35791 0.486436 -0.307084 -0.692916 -0.216426 0.725187
4.36476 0.483398 -0.307084 -0.692916 -0.190762 0.737915

4.36523 0.483194 -0.317663 -0.682337 -0.189594 0.737621
4.37256 0.479785 -0.317663 -0.682337 -0.168269 0.764482

4.37256 0.479784 -0.328024 -0.671976 -0.168261 0.764484
4.37988 0.476208 -0.328024 -0.671976 -0.135301 0.782618

4.38721 0.472467 -0.338239 -0.661761 -0.110596 0.810181
4.38015 0.476074 -0.338239 -0.661761 -0.134505 0.782409

4.37988 0.476207 -0.338183 -0.661817 -0.135288 0.782616
4.38014 0.476074 -0.338183 -0.661817 -0.134486 0.782409

4.38721 0.472464 -0.348389 -0.651611 -0.110562 0.810189
4.39415 0.46875 -0.348389 -0.651611 -0.0711194 0.829097

