3.75 0.438826 0.396815 -0.603185 0.147228 -0.732145
3.75095 0.439453 0.396815 -0.603185 0.143902 -0.732144

3.75093 0.439453 0.400587 -0.599413 0.143882 -0.732127
3.75732 0.443727 0.400587 -0.599413 0.112026 -0.723089

3.75732 0.443706 0.390678 -0.609322 0.112142 -0.723157
3.76211 0.446777 0.390678 -0.609322 0.0935187 -0.70602

3.76203 0.446777 0.389644 -0.610356 0.0934233 -0.706124
3.76465 0.44845 0.389644 -0.610356 0.0836838 -0.702309

3.76465 0.448419 0.380747 -0.619253 0.0839195 -0.702321
3.77197 0.452922 0.380747 -0.619253 0.0573558 -0.690909

3.77197 0.452905 0.370911 -0.629089 0.0574588 -0.690935
3.774 0.454102 0.370911 -0.629089 0.0508548 -0.688076

3.77397 0.454102 0.370912 -0.629088 0.0508448 -0.688093
3.7793 0.457243 0.370912 -0.629088 0.029602 -0.676044

3.7793 0.457237 0.361076 -0.638924 0.0296519 -0.676043
3.78662 0.461376 0.361076 -0.638924 0.00758528 -0.664984

3.78659 0.461426 0.356419 -0.643581 0.0072077 -0.66494
3.78662 0.461442 0.356419 -0.643581 0.0071188 -0.664978

3.78662 0.461373 0.350283 -0.649717 0.00760661 -0.664984
3.78672 0.461426 0.350283 -0.649717 0.00732294 -0.665109

3.78671 0.461426 0.350954 -0.649046 0.00731716 -0.665101
3.79395 0.465337 0.350954 -0.649046 -0.0238407 -0.653596

3.79395 0.465329 0.340698 -0.659302 -0.0237903 -0.653621
3.80056 0.46875 0.340698 -0.659302 -0.0461059 -0.629991

4.19678 0.466543 -0.335181 -0.664819 -0.070388 0.696014
4.1924 0.46875 -0.335181 -0.664819 1e+30 1e+30

4.19678 0.466532 -0.345186 -0.654814 -0.0702895 0.696025
4.2041 0.462671 -0.345186 -0.654814 -0.0463219 0.709426

4.21143 0.458645 -0.355183 -0.644817 -0.0202366 0.726634
4.20638 0.461426 -0.355183 -0.644817 -0.0399223 0.709757

4.2041 0.462654 -0.355183 -0.644817 -0.0461459 0.709402
4.20633 0.461426 -0.355183 -0.644817 -0.0397911 0.709716

4.21143 0.458638 -0.365011 -0.634989 -0.0201723 0.726644
4.21875 0.454428 -0.365011 -0.634989 1e+30 1e+30

3.80046 0.46875 0.340688 -0.659312 -0.0462518 -0.629998
3.80127 0.46917 0.340688 -0.659312 -0.0486877 -0.630013

3.80127 0.46912 0.33035 -0.66965 -0.0482659 -0.630005
3.80859 0.472733 0.33035 -0.66965 -0.0803937 -0.612737

3.80859 0.472729 0.31994 -0.68006 -0.0803713 -0.612747
3.8157 0.476074 0.31994 -0.68006 -0.0991089 -0.58962

3.81561 0.476074 0.31994 -0.68006 -0.0992452 -0.589615
3.81592 0.476221 0.31994 -0.68006 -0.0999354 -0.589697

3.81592 0.476177 0.309508 -0.690492 -0.0995931 -0.589678
3.82324 0.47946 0.309508 -0.690492 -0.126292 -0.576013

3.82324 0.479458 0.298998 -0.701002 -0.126276 -0.576012
3.83057 0.482582 0.298998 -0.701002 -0.146752 -0.547837

3.83057 0.48257 0.288527 -0.711473 -0.146657 -0.547841
3.83261 0.483398 0.288527 -0.711473 -0.150843 -0.545109

3.83257 0.483398 0.288527 -0.711473 -0.150885 -0.545154
3.83789 0.485555 0.288527 -0.711473 -0.167868 -0.533871

3.83789 0.485551 0.277966 -0.722034 -0.167821 -0.533867
3.84521 0.48837 0.277966 -0.722034 -0.192946 -0.504584

3.84521 0.488365 0.26727 -0.73273 -0.192911 -0.504591
3.85168 0.490723 0.26727 -0.73273 -0.205964 -0.485967

3.85159 0.490723 0.26727 -0.73273 -0.206078 -0.486042
3.85254 0.49107 0.26727 -0.73273 -0.208098 -0.485598

3.85254 0.491041 0.256315 -0.743685 -0.207834 -0.485569
3.85986 0.493566 0.256315 -0.743685 -0.231872 -0.47015

3.85986 0.493565 0.24503 -0.75497 -0.231866 -0.470149
3.86719 0.495943 0.24503 -0.75497 -0.254737 -0.430933

3.86719 0.49594 0.233619 -0.766381 -0.254719 -0.430936
3.8741 0.498047 0.233619 -0.766381 -0.266237 -0.408815

3.87402 0.498047 0.233619 -0.766381 -0.266321 -0.408911
3.87451 0.498196 0.233619 -0.766381 -0.267125 -0.408425

3.87451 0.498174 0.22208 -0.77792 -0.266925 -0.408406
3.88184 0.500265 0.22208 -0.77792 -0.284987 -0.392604

3.88184 0.500264 0.210408 -0.789592 -0.284976 -0.392603
3.88916 0.502216 0.210408 -0.789592 -0.307287 -0.363507

3.88916 0.502215 0.198647 -0.801353 -0.307284 -0.363508
3.89648 0.504031 0.198647 -0.801353 -0.318994 -0.333695

3.89648 0.504027 0.186749 -0.813251 -0.31897 -0.333698
3.90234 0.505371 0.186749 -0.813251 -0.328094 -0.316615

3.90228 0.505371 0.186749 -0.813251 -0.328109 -0.316721
3.90381 0.505723 0.186749 -0.813251 -0.330769 -0.314026

3.90381 0.505712 0.174616 -0.825384 -0.330676 -0.314024
3.91113 0.507261 0.174616 -0.825384 -0.346611 -0.294237

3.91113 0.507261 0.16217 -0.83783 -0.346609 -0.294237
3.91846 0.508679 0.16217 -0.83783 -0.366218 -0.265395

3.91846 0.508679 0.149417 -0.850583 -0.366216 -0.265395
3.92578 0.509965 0.149417 -0.850583 -0.37802 -0.233506

3.92578 0.509965 0.136324 -0.863676 -0.378019 -0.233506
3.93311 0.511121 0.136324 -0.863676 -0.386607 -0.201685

3.93311 0.511121 0.122897 -0.877103 -0.386605 -0.201685
3.94043 0.512147 0.122897 -0.877103 -0.39438 -0.173188

3.94043 0.512148 0.109161 -0.890839 -0.394384 -0.173188
3.9449 0.512695 0.109161 -0.890839 -0.398868 -0.157977

3.94492 0.512695 0.109161 -0.890839 -0.398869 -0.157927
3.94775 0.513043 0.109161 -0.890839 -0.402152 -0.14961

3.94775 0.513044 0.0950915 -0.904909 -0.402162 -0.14961
3.95508 0.513814 0.0950915 -0.904909 -0.411297 -0.125791

3.95508 0.513814 0.0806587 -0.919341 -0.411295 -0.125791
3.9624 0.514456 0.0806587 -0.919341 -0.420869 -0.0992707

3.9624 0.514456 0.0658403 -0.93416 -0.420868 -0.0992707
3.96973 0.514972 0.0658403 -0.93416 -0.429638 -0.0722707

3.96973 0.514972 0.0505678 -0.949432 -0.429637 -0.0722707
3.97705 0.515362 0.0505678 -0.949432 -0.436931 -0.0440219

3.97705 0.515362 0.0347963 -0.965204 -0.436931 -0.0440219
3.98438 0.515626 0.0347963 -0.965204 1e+30 1e+30

