9.83643 0.46591 -0.583707 -0.416293 0.925375 2.17691
9.8344 0.46875 -0.583707 -0.416293 1e+30 1e+30

9.84375 0.455466 -0.591684 -0.408316 1e+30 1e+30
9.83964 0.461426 -0.591684 -0.408316 0.947351 2.15427

9.83643 0.465873 -0.581791 -0.418209 0.925885 2.17684
9.83962 0.461426 -0.581791 -0.418209 0.947521 2.15426

9.40104 0.46875 0.553879 -0.446121 1.31171 -1.49855
9.4043 0.472798 0.553879 -0.446121 1.25473 -1.52184

9.4043 0.472687 0.551564 -0.448436 1.25607 -1.52246
9.40705 0.476074 0.551564 -0.448436 1.20651 -1.5389

9.40703 0.476074 0.540207 -0.459793 1.20657 -1.53865
9.41162 0.481467 0.540207 -0.459793 1.1345 -1.55913

9.41162 0.48143 0.537269 -0.462731 1.13483 -1.55938
9.41332 0.483398 0.537269 -0.462731 1.11163 -1.56714

9.41329 0.483398 0.528247 -0.471753 1.11172 -1.56681
9.41895 0.489731 0.528247 -0.471753 1.04784 -1.59814

9.41895 0.489721 0.524222 -0.475778 1.04789 -1.5982
9.41985 0.490723 0.524222 -0.475778 1.04044 -1.60428

9.41983 0.490723 0.517191 -0.482809 1.04048 -1.60401
9.42627 0.497616 0.517191 -0.482809 0.965006 -1.64261

9.42627 0.497613 0.512394 -0.487606 0.965048 -1.64263
9.42668 0.498047 0.512394 -0.487606 0.95896 -1.64478

9.42666 0.498047 0.505974 -0.494026 0.959015 -1.64457
9.43359 0.505143 0.505974 -0.494026 0.840984 -1.66202

9.43359 0.505136 0.500206 -0.499794 0.841092 -1.66208
9.43383 0.505371 0.500206 -0.499794 0.836473 -1.66202

9.43382 0.505371 0.494163 -0.505837 0.83653 -1.66194
9.44092 0.512308 0.494163 -0.505837 0.709332 -1.67785

9.44092 0.512294 0.48737 -0.51263 0.709508 -1.67795
9.44134 0.512695 0.48737 -0.51263 0.70258 -1.68018

9.44133 0.512695 0.481683 -0.518317 0.702619 -1.68007
9.44824 0.519118 0.481683 -0.518317 0.598673 -1.71216

9.44824 0.519093 0.473065 -0.526935 0.598921 -1.71238
9.44927 0.52002 0.473065 -0.526935 0.584577 -1.71638

9.44926 0.52002 0.468265 -0.531735 0.584655 -1.71619
9.45557 0.525575 0.468265 -0.531735 0.491132 -1.74054

9.45557 0.525537 0.456611 -0.543389 0.491605 -1.74092
9.45772 0.527344 0.456611 -0.543389 0.456809 -1.74697

9.45767 0.527344 0.453679 -0.546321 0.457085 -1.74641
9.46289 0.531682 0.453679 -0.546321 0.36175 -1.73999

9.46289 0.531664 0.439783 -0.560217 0.361965 -1.74019
9.46672 0.534668 0.439783 -0.560217 0.299386 -1.72716

9.46659 0.534668 0.436124 -0.563876 0.300028 -1.72662
9.47021 0.53747 0.436124 -0.563876 0.242973 -1.71975

9.47021 0.537465 0.428326 -0.571674 0.243041 -1.71979
9.47626 0.541992 0.428326 -0.571674 0.154506 -1.70533

9.47615 0.541992 0.420731 -0.579269 0.155046 -1.7049
9.47754 0.543 0.420731 -0.579269 0.136546 -1.70174

9.47754 0.542966 0.413811 -0.586189 0.13693 -1.70204
9.48486 0.548137 0.413811 -0.586189 0.0315696 -1.69773

9.48486 0.548117 0.396344 -0.603656 0.0318576 -1.69791
9.48669 0.549316 0.396344 -0.603656 0.00473693 -1.69879

9.48664 0.549316 0.398913 -0.601087 0.00499909 -1.69846
9.49219 0.552998 0.398913 -0.601087 -0.09087 -1.67475

9.49219 0.552976 0.383867 -0.616133 -0.0905088 -1.67499
9.49807 0.556641 0.383867 -0.616133 -0.186698 -1.63216

9.49794 0.556641 0.379966 -0.620034 -0.186051 -1.63207
9.49951 0.557605 0.379966 -0.620034 -0.210179 -1.62567

9.49951 0.557554 0.368121 -0.631879 -0.209305 -1.62607
9.50684 0.561821 0.368121 -0.631879 -0.325159 -1.58393

9.50684 0.561793 0.352273 -0.647727 -0.324694 -1.58421
9.51083 0.563965 0.352273 -0.647727 -0.383968 -1.55138

9.51074 0.563965 0.352273 -0.647727 -0.383544 -1.55162
9.51416 0.565824 0.352273 -0.647727 -0.434035 -1.5299

9.51416 0.565802 0.33594 -0.66406 -0.433619 -1.53005
9.52148 0.569507 0.33594 -0.66406 -0.542635 -1.47088

9.52148 0.569488 0.318652 -0.681348 -0.542281 -1.47104
9.52533 0.571289 0.318652 -0.681348 -0.596762 -1.43622

9.52526 0.571289 0.318652 -0.681348 -0.59641 -1.43663
9.52881 0.572948 0.318652 -0.681348 -0.648701 -1.40724

9.52881 0.572931 0.300578 -0.699422 -0.648347 -1.40734
9.53613 0.576079 0.300578 -0.699422 -0.75586 -1.3264

9.53613 0.576069 0.282089 -0.717911 -0.755655 -1.32649
9.54261 0.578613 0.282089 -0.717911 -0.840364 -1.26069

9.54251 0.578613 0.282089 -0.717911 -0.83987 -1.26102
9.54346 0.578986 0.282089 -0.717911 -0.852978 -1.25608

9.54346 0.578954 0.262999 -0.737001 -0.852258 -1.25623
9.55078 0.581568 0.262999 -0.737001 -0.958206 -1.17806

9.55078 0.581566 0.242692 -0.757308 -0.958167 -1.17806
9.55811 0.583913 0.242692 -0.757308 -1.05441 -1.04208

9.55811 0.58391 0.221956 -0.778044 -1.05434 -1.04211
9.56521 0.585938 0.221956 -0.778044 -1.12732 -0.948806

9.56518 0.585938 0.221956 -0.778044 -1.1272 -0.949035
9.56543 0.586008 0.221956 -0.778044 -1.12976 -0.946959

9.56543 0.586002 0.200202 -0.799798 -1.12961 -0.946982
9.57275 0.587835 0.200202 -0.799798 -1.20415 -0.858979

9.57275 0.587836 0.17676 -0.82324 -1.20416 -0.858978
9.58008 0.589408 0.17676 -0.82324 -1.2782 -0.738627

9.58008 0.589408 0.151903 -0.848097 -1.27819 -0.738627
9.5874 0.59072 0.151903 -0.848097 -1.33517 -0.610415

9.5874 0.590719 0.12576 -0.87424 -1.33515 -0.610421
9.59473 0.591772 0.12576 -0.87424 -1.38807 -0.478781

9.59473 0.591771 0.0984041 -0.901596 -1.38804 -0.478787
9.60205 0.592571 0.0984041 -0.901596 -1.43705 -0.344768

9.60205 0.59257 0.0696974 -0.930303 -1.43703 -0.344773
9.60938 0.593119 0.0696974 -0.930303 -1.48637 -0.209878

9.68262 0.584574 -0.217098 -0.782902 -1.33765 1.14059
9.6777 0.585938 -0.217098 -0.782902 1e+30 1e+30

9.68262 0.584578 -0.239748 -0.760252 -1.33774 1.14057
9.68994 0.582268 -0.239748 -0.760252 -1.28007 1.28662

9.68994 0.582267 -0.261849 -0.738151 -1.28004 1.28662
9.69727 0.579669 -0.261849 -0.738151 -1.19049 1.38241

9.70459 0.576793 -0.282196 -0.717804 -1.11471 1.48776
9.69996 0.578613 -0.282196 -0.717804 -1.16532 1.40859

9.69727 0.579655 -0.282196 -0.717804 -1.19002 1.38239
9.69991 0.578613 -0.282196 -0.717804 -1.16517 1.40811

9.70459 0.57679 -0.301573 -0.698427 -1.11464 1.48777
9.71191 0.573628 -0.301573 -0.698427 -1.02051 1.61329

9.71924 0.570213 -0.320312 -0.679688 -0.906527 1.71037
9.71695 0.571289 -0.320312 -0.679688 -0.941411 1.68158

9.71924 0.570183 -0.338826 -0.661174 -0.90561 1.71048
9.72656 0.566429 -0.338826 -0.661174 1e+30 1e+30

9.71191 0.57361 -0.320312 -0.679688 -1.01979 1.61326
9.71684 0.571289 -0.320312 -0.679688 -0.94151 1.68034

9.60938 0.593131 0.0393429 -0.960657 -1.48676 -0.209799
9.61255 0.593262 0.0393429 -0.960657 -1.50711 -0.15145

9.61316 0.593262 0.0393429 -0.960657 -1.51016 -0.14049
9.6167 0.593407 0.0393429 -0.960657 -1.53074 -0.0753607

9.6167 0.593419 0.00672375 -0.993276 -1.5311 -0.0752873
9.62402 0.593469 0.00672375 -0.993276 -1.56437 0.0598806

9.63135 0.593243 -0.0272066 -0.972793 -1.58813 0.194922
9.63068 0.593262 -0.0272066 -0.972793 -1.58606 0.182644

9.62402 0.593471 -0.0272066 -0.972793 -1.56441 0.0598894
9.63135 0.593266 -0.0272066 -0.972793 -1.58851 0.194954

9.63867 0.592804 -0.0593209 -0.940679 1e+30 1e+30
9.63141 0.593262 -0.0593209 -0.940679 -1.58865 0.196047

9.63135 0.59327 -0.0593209 -0.940679 -1.58858 0.19496
9.63149 0.593262 -0.0593209 -0.940679 -1.58893 0.197486

