32.9134 0.46875 0.605231 -0.394769 2.07384 -1.06569
32.915 0.47127 0.605231 -0.394769 2.05175 -1.08964

32.915 0.471188 0.603497 -0.396503 2.05255 -1.08965
32.9182 0.476074 0.603497 -0.396503 2.03149 -1.1374

32.9182 0.476074 0.596579 -0.403421 2.03132 -1.13708
32.9224 0.482198 0.596579 -0.403421 1.96856 -1.20284

32.9224 0.482159 0.60114 -0.39886 1.96929 -1.20287
32.9232 0.483398 0.60114 -0.39886 1.94624 -1.21254

32.9232 0.483398 0.588888 -0.411112 1.94623 -1.21242
32.9283 0.490723 0.588888 -0.411112 1.84441 -1.26483

32.9283 0.490723 0.588645 -0.411355 1.84441 -1.26453
32.9297 0.492753 0.588645 -0.411355 1.82263 -1.28082

32.9297 0.492637 0.581598 -0.418402 1.82386 -1.28107
32.9336 0.498047 0.581598 -0.418402 1.78853 -1.33416

32.9335 0.498047 0.574235 -0.425765 1.78851 -1.33319
32.937 0.502732 0.574235 -0.425765 1.75458 -1.40933

32.937 0.502644 0.578217 -0.421783 1.75595 -1.40949
32.939 0.505371 0.578217 -0.421783 1.7142 -1.44435

32.939 0.505371 0.564474 -0.435526 1.71418 -1.44375
32.9443 0.512325 0.564474 -0.435526 1.58891 -1.49776

32.9443 0.512306 0.562273 -0.437727 1.58928 -1.49786
32.9446 0.512695 0.562273 -0.437727 1.5806 -1.5003

32.9446 0.512695 0.555621 -0.444379 1.58058 -1.50038
32.9505 0.52002 0.555621 -0.444379 1.47641 -1.56063

32.9504 0.52002 0.552419 -0.447581 1.47661 -1.55898
32.9517 0.521548 0.552419 -0.447581 1.46651 -1.57789

32.9517 0.521411 0.548046 -0.451954 1.46714 -1.57848
32.9566 0.527344 0.548046 -0.451954 1.40234 -1.63928

32.9565 0.527344 0.543324 -0.456676 1.40264 -1.63829
32.959 0.530299 0.543324 -0.456676 1.35918 -1.65987

32.959 0.530177 0.540615 -0.459385 1.36038 -1.66092
32.9628 0.534668 0.540615 -0.459385 1.28857 -1.69187

32.9628 0.534668 0.531319 -0.468681 1.28852 -1.69199
32.9663 0.538636 0.531319 -0.468681 1.22307 -1.7109

32.9663 0.538551 0.5258 -0.4742 1.22402 -1.71163
32.9694 0.541992 0.5258 -0.4742 1.16964 -1.73142

32.9694 0.541992 0.518815 -0.481185 1.16969 -1.73127
32.9736 0.546554 0.518815 -0.481185 1.09499 -1.75628

32.9736 0.546481 0.512445 -0.487555 1.0959 -1.75688
32.9763 0.549316 0.512445 -0.487555 1.04903 -1.77376

32.9763 0.549316 0.50636 -0.49364 1.04918 -1.77324
32.981 0.554097 0.50636 -0.49364 0.960534 -1.80734

32.981 0.554057 0.49952 -0.50048 0.961208 -1.80774
32.9835 0.556641 0.49952 -0.50048 0.902268 -1.82229

32.9835 0.556641 0.491694 -0.508306 0.90263 -1.82137
32.9883 0.561279 0.491694 -0.508306 0.79471 -1.855

32.9883 0.561251 0.483208 -0.516792 0.79513 -1.85528
32.9912 0.563965 0.483208 -0.516792 0.736037 -1.88042

32.9911 0.563965 0.475193 -0.524807 0.73659 -1.87893
32.9956 0.568043 0.475193 -0.524807 0.64564 -1.92565

32.9956 0.568023 0.46531 -0.53469 0.645979 -1.92591
32.9994 0.571289 0.46531 -0.53469 0.561229 -1.95576

32.9992 0.571289 0.459888 -0.540112 0.562431 -1.95385
33.0029 0.574439 0.459888 -0.540112 0.470814 -1.96383

33.0029 0.574417 0.451277 -0.548723 0.471204 -1.9641
33.008 0.578613 0.451277 -0.548723 0.349658 -1.96491

33.0079 0.578613 0.444903 -0.555097 0.350983 -1.96399
33.0103 0.580492 0.444903 -0.555097 0.294532 -1.95535

33.0103 0.580463 0.436401 -0.563599 0.295009 -1.95575
33.0173 0.585938 0.436401 -0.563599 0.140943 -1.942

33.0172 0.585938 0.428515 -0.571485 0.142122 -1.94066
33.0176 0.586227 0.428515 -0.571485 0.135095 -1.94072

33.0176 0.586143 0.41997 -0.58003 0.136139 -1.94184
33.0249 0.591446 0.41997 -0.58003 -0.0111379 -1.95038

33.0249 0.59141 0.402168 -0.597832 -0.0104709 -1.95093
33.0277 0.593262 0.402168 -0.597832 -0.069974 -1.94967

33.0276 0.593262 0.402724 -0.597276 -0.0692486 -1.94892
33.0322 0.596397 0.402724 -0.597276 -0.179972 -1.93003

33.0322 0.596372 0.384875 -0.615125 -0.179493 -1.93035
33.039 0.600586 0.384875 -0.615125 -0.339809 -1.89596

33.0388 0.600586 0.375752 -0.624248 -0.338266 -1.8952
33.0396 0.601034 0.375752 -0.624248 -0.355113 -1.89304

33.0396 0.600962 0.365795 -0.634205 -0.353591 -1.89397
33.0469 0.605186 0.365795 -0.634205 -0.53089 -1.84292

33.0469 0.605156 0.346703 -0.653297 -0.530194 -1.84344
33.0521 0.60791 0.346703 -0.653297 -0.649504 -1.7793

33.0519 0.60791 0.346703 -0.653297 -0.64821 -1.77943
33.0542 0.609114 0.346703 -0.653297 -0.697983 -1.76255

33.0542 0.609072 0.326526 -0.673474 -0.697032 -1.76305
33.0615 0.612623 0.326526 -0.673474 -0.864701 -1.67933

33.0615 0.612612 0.304245 -0.695755 -0.864401 -1.67951
33.0675 0.615234 0.304245 -0.695755 -0.993841 -1.5985

33.0674 0.615234 0.304245 -0.695755 -0.992729 -1.59888
33.0688 0.615865 0.304245 -0.695755 -1.02352 -1.58782

33.0688 0.615826 0.280418 -0.719582 -1.02249 -1.58821
33.0762 0.618681 0.280418 -0.719582 -1.18321 -1.49325

33.0762 0.618676 0.25521 -0.74479 -1.18307 -1.49329
33.0835 0.621186 0.25521 -0.74479 -1.33898 -1.33946

33.0835 0.621173 0.22947 -0.77053 -1.33857 -1.33964
33.0881 0.622559 0.22947 -0.77053 -1.43373 -1.25407

33.0881 0.622559 0.22947 -0.77053 -1.43283 -1.25532
33.0908 0.623379 0.22947 -0.77053 -1.49351 -1.20481

33.0908 0.623367 0.201993 -0.798007 -1.49305 -1.20494
33.0981 0.62522 0.201993 -0.798007 -1.64754 -1.04524

33.0981 0.625221 0.171799 -0.828201 -1.64757 -1.04523
33.1055 0.62674 0.171799 -0.828201 -1.77759 -0.845598

33.1055 0.626741 0.138905 -0.861095 -1.77761 -0.845584
33.1128 0.627923 0.138905 -0.861095 -1.87204 -0.646842

33.1128 0.627923 0.10295 -0.89705 -1.87206 -0.646833
33.1201 0.628764 0.10295 -0.89705 -1.95696 -0.449353

33.1201 0.628764 0.0637951 -0.936205 -1.95695 -0.449357
33.1274 0.629263 0.0637951 -0.936205 -2.03107 -0.242259

33.1274 0.629262 0.0213772 -0.978623 -2.03105 -0.242269
33.1348 0.629422 0.0213772 -0.978623 -2.08523 -0.0198211

33.1348 0.629422 -0.0236122 -0.976388 -2.08522 -0.0198224
33.1421 0.629245 -0.0236122 -0.976388 -2.1091 0.2162

33.1421 0.629246 -0.0658262 -0.934174 -2.10913 0.216201
33.1494 0.62873 -0.0658262 -0.934174 -2.10251 0.456744

33.1494 0.628732 -0.105305 -0.894695 -2.10257 0.456738
33.1567 0.62787 -0.105305 -0.894695 -2.07584 0.693568

33.1567 0.627873 -0.142716 -0.857284 -2.07592 0.693551
33.1641 0.626654 -0.142716 -0.857284 -2.04131 0.930701

33.252 0.581034 -0.462367 -0.537633 -0.265723 2.71033
33.2463 0.585938 -0.462367 -0.537633 -0.407043 2.66645

33.2812 0.550046 -0.545151 -0.454849 0.51421 2.77139
33.2757 0.556641 -0.545151 -0.454849 0.370452 2.77837

33.2666 0.566746 -0.508366 -0.491634 0.136782 2.77578
33.2622 0.571289 -0.508366 -0.491634 0.0185203 2.76934

33.2593 0.574206 -0.483499 -0.516501 -0.0661205 2.75824
33.2546 0.578613 -0.483499 -0.516501 -0.192471 2.72759

33.252 0.580959 -0.475707 -0.524293 -0.262461 2.70972
33.2545 0.578613 -0.475707 -0.524293 -0.192097 2.72715

33.2593 0.574137 -0.496784 -0.503216 -0.0632395 2.75758
33.2622 0.571289 -0.496784 -0.503216 0.0191059 2.76874

33.2739 0.558695 -0.528844 -0.471156 0.329279 2.77655
33.2692 0.563965 -0.528844 -0.471156 0.203325 2.77808

33.2666 0.566717 -0.516838 -0.483162 0.137851 2.7755
33.2692 0.563965 -0.516838 -0.483162 0.204142 2.77746

33.2739 0.558694 -0.534938 -0.465062 0.329291 2.77655
33.2757 0.556641 -0.534938 -0.465062 0.37097 2.77799

33.1641 0.626657 -0.178221 -0.821779 -2.04138 0.93068
33.1714 0.625068 -0.178221 -0.821779 -1.95768 1.15523

33.1714 0.625066 -0.211036 -0.788964 -1.95757 1.15522
33.1787 0.623107 -0.211036 -0.788964 -1.87103 1.32692

33.186 0.620781 -0.241175 -0.758825 -1.79388 1.52766
33.1804 0.622559 -0.241175 -0.758825 -1.85586 1.36199

33.1787 0.623107 -0.241175 -0.758825 -1.87103 1.32692
33.1804 0.622559 -0.241175 -0.758825 -1.85585 1.36192

33.186 0.620787 -0.270187 -0.729813 -1.79408 1.52761
33.1934 0.618075 -0.270187 -0.729813 -1.66509 1.7759

33.2007 0.615022 -0.297054 -0.702946 -1.4926 1.93316
33.2002 0.615234 -0.297054 -0.702946 -1.50244 1.92584

33.2007 0.61499 -0.323189 -0.676811 -1.49112 1.93324
33.208 0.611492 -0.323189 -0.676811 -1.36151 2.11106

33.2153 0.607644 -0.34885 -0.65115 -1.17736 2.23262
33.2148 0.60791 -0.34885 -0.65115 -1.18691 2.22845

33.208 0.611481 -0.34885 -0.65115 -1.36088 2.111
33.2147 0.60791 -0.34885 -0.65115 -1.18631 2.22701

33.2153 0.607579 -0.373734 -0.626266 -1.17456 2.23255
33.2227 0.603208 -0.373734 -0.626266 -1.03672 2.34862

33.1934 0.618065 -0.297054 -0.702946 -1.66442 1.77586
33.2001 0.615234 -0.297054 -0.702946 -1.50242 1.92417

33.23 0.598407 -0.397676 -0.602324 -0.83866 2.48813
33.2267 0.600586 -0.397676 -0.602324 -0.925027 2.42999

33.2373 0.593147 -0.424525 -0.575475 -0.63987 2.58779
33.2371 0.593262 -0.424525 -0.575475 -0.643953 2.58593

33.23 0.598364 -0.419282 -0.580718 -0.836896 2.48832
33.237 0.593262 -0.419282 -0.580718 -0.643324 2.58458

33.2227 0.603168 -0.397646 -0.602354 -1.03459 2.3484
33.2266 0.600586 -0.397646 -0.602354 -0.924943 2.42834

33.2373 0.593095 -0.440774 -0.559226 -0.637551 2.58771
33.2446 0.587322 -0.440774 -0.559226 -0.450757 2.65829

33.2446 0.587276 -0.454184 -0.545816 -0.448796 2.65796
33.2462 0.585938 -0.454184 -0.545816 -0.406909 2.66629

33.3984 0.232419 -0.868845 -0.131155 2.62408 0.984325
33.3981 0.234375 -0.868845 -0.131155 2.61783 0.992924

33.4153 0 -0.995505 -0.00449454 2.78918 0
33.4152 0.0146484 -0.995505 -0.00449454 2.78827 0.0562929

33.4152 0.0146484 -0.986739 -0.0132608 2.78828 0.0562928
33.415 0.0292969 -0.986739 -0.0132608 2.78379 0.112744

33.415 0.0292969 -0.978368 -0.0216318 2.7838 0.112744
33.4147 0.0439453 -0.978368 -0.0216318 2.77758 0.17012

33.4147 0.0439453 -0.969987 -0.0300133 2.77756 0.17012
33.4142 0.0585938 -0.969987 -0.0300133 2.76984 0.227362

33.4131 0.0850338 -0.954215 -0.0457849 2.75138 0.325113
33.4129 0.0878906 -0.954215 -0.0457849 2.75203 0.336922

33.4142 0.0585938 -0.961773 -0.0382266 2.76986 0.227362
33.4137 0.0732422 -0.961773 -0.0382266 2.75885 0.282028

33.4131 0.0850836 -0.954215 -0.0457849 2.75134 0.325292
33.4137 0.0732422 -0.954215 -0.0457849 2.75886 0.282028

33.413 0.0878906 -0.942207 -0.057793 2.75172 0.336953
33.4112 0.117188 -0.942207 -0.057793 2.73402 0.44932

33.4112 0.117188 -0.93028 -0.0697203 2.73427 0.449306
33.4101 0.131836 -0.93028 -0.0697203 2.72711 0.511086

33.4101 0.131836 -0.921999 -0.0780007 2.7271 0.511086
33.4088 0.146484 -0.921999 -0.0780007 2.72165 0.576278

33.4088 0.146484 -0.913687 -0.0863133 2.72165 0.576278
33.4074 0.161133 -0.913687 -0.0863133 2.71129 0.643171

33.4074 0.161133 -0.904954 -0.0950459 2.71125 0.64317
33.4059 0.175781 -0.904954 -0.0950459 2.7017 0.711246

33.4059 0.175781 -0.895888 -0.104112 2.7017 0.711246
33.4042 0.19043 -0.895888 -0.104112 2.69314 0.78067

33.4042 0.19043 -0.887068 -0.112932 2.69314 0.780671
33.4023 0.205078 -0.887068 -0.112932 2.67475 0.851325

33.4023 0.205078 -0.88066 -0.11934 2.67485 0.851335
33.4013 0.212402 -0.88066 -0.11934 2.66196 0.887282

33.4013 0.212402 -0.876648 -0.123352 2.66196 0.887281
33.4003 0.219727 -0.876648 -0.123352 2.64764 0.923284

33.4003 0.219727 -0.872662 -0.127338 2.64765 0.923284
33.3992 0.227051 -0.872662 -0.127338 2.63494 0.958971

33.3984 0.232333 -0.868845 -0.131155 2.62447 0.983972
33.3992 0.227051 -0.868845 -0.131155 2.63498 0.958978

33.3981 0.234375 -0.864214 -0.135786 2.61787 0.992932
33.397 0.241699 -0.864214 -0.135786 2.60671 1.02505

33.397 0.241699 -0.859093 -0.140907 2.60673 1.02506
33.3958 0.249023 -0.859093 -0.140907 2.60224 1.05995

33.3958 0.249023 -0.854485 -0.145515 2.60224 1.05995
33.3945 0.256348 -0.854485 -0.145515 2.58811 1.0955

33.3945 0.256348 -0.84988 -0.15012 2.58811 1.0955
33.3932 0.263672 -0.84988 -0.15012 2.57037 1.12753

33.3911 0.275154 -0.840273 -0.159727 2.55007 1.18095
33.3905 0.27832 -0.840273 -0.159727 2.54466 1.19725

33.3932 0.263672 -0.845164 -0.154836 2.57037 1.12753
33.3919 0.270996 -0.845164 -0.154836 2.55555 1.16071

33.3911 0.275139 -0.840273 -0.159727 2.55013 1.18087
33.3919 0.270996 -0.840273 -0.159727 2.55555 1.16071

33.3905 0.27832 -0.835267 -0.164733 2.54468 1.19725
33.3891 0.285645 -0.835267 -0.164733 2.53165 1.23549

33.3891 0.285645 -0.83042 -0.16958 2.53166 1.23549
33.3876 0.292969 -0.83042 -0.16958 2.51529 1.27423

33.3838 0.310456 -0.816075 -0.183925 2.4609 1.36654
33.3828 0.314941 -0.816075 -0.183925 2.44941 1.39121

33.3828 0.314941 -0.810686 -0.189314 2.44941 1.39121
33.3811 0.322266 -0.810686 -0.189314 2.43685 1.43454

33.3876 0.292969 -0.825662 -0.174338 2.51529 1.27423
33.386 0.300293 -0.825662 -0.174338 2.49543 1.31253

33.386 0.300293 -0.820969 -0.179031 2.49544 1.31253
33.3844 0.307617 -0.820969 -0.179031 2.47126 1.35108

33.3838 0.310436 -0.816075 -0.183925 2.46101 1.36643
33.3844 0.307617 -0.816075 -0.183925 2.47127 1.35108

33.3811 0.322266 -0.805194 -0.194806 2.43686 1.43454
33.3793 0.32959 -0.805194 -0.194806 2.41995 1.47907

33.3793 0.32959 -0.799855 -0.200145 2.41995 1.47907
33.3775 0.336914 -0.799855 -0.200145 2.39242 1.52138

33.3765 0.340785 -0.794627 -0.205373 2.3783 1.54498
33.3756 0.344238 -0.794627 -0.205373 2.36373 1.56379

33.3756 0.344238 -0.789205 -0.210795 2.36375 1.56379
33.3736 0.351562 -0.789205 -0.210795 2.33807 1.60459

33.3765 0.340761 -0.794627 -0.205373 2.37846 1.54486
33.3775 0.336914 -0.794627 -0.205373 2.39244 1.52138

33.3398 0.449821 -0.698094 -0.301906 1.81993 2.20287
33.338 0.454102 -0.698094 -0.301906 1.78656 2.23121

33.3325 0.466137 -0.681837 -0.318163 1.68998 2.30825
33.3313 0.46875 -0.681837 -0.318163 1.66218 2.32474

33.338 0.454102 -0.690183 -0.309817 1.78657 2.23121
33.3347 0.461426 -0.690183 -0.309817 1.72584 2.27919

33.3325 0.466092 -0.681837 -0.318163 1.69073 2.30797
33.3347 0.461426 -0.681837 -0.318163 1.72593 2.27917

33.3691 0.367431 -0.772249 -0.227751 2.27497 1.69473
33.3673 0.373535 -0.772249 -0.227751 2.24894 1.73094

33.3673 0.373535 -0.766423 -0.233577 2.24894 1.73094
33.3651 0.380859 -0.766423 -0.233577 2.21891 1.77417

33.3618 0.391213 -0.754152 -0.245848 2.17081 1.83153
33.3604 0.395508 -0.754152 -0.245848 2.15147 1.85825

33.3651 0.380859 -0.760345 -0.239655 2.21889 1.77417
33.3628 0.388184 -0.760345 -0.239655 2.18399 1.81264

33.3618 0.391191 -0.754152 -0.245848 2.17099 1.83139
33.3628 0.388184 -0.754152 -0.245848 2.18403 1.81264

33.3604 0.395508 -0.747701 -0.252299 2.15148 1.85825
33.3579 0.402832 -0.747701 -0.252299 2.12079 1.90794

33.3579 0.402832 -0.740965 -0.259035 2.12078 1.90794
33.3554 0.410156 -0.740965 -0.259035 2.08059 1.95205

33.3736 0.351562 -0.783487 -0.216513 2.33806 1.60459
33.3716 0.358887 -0.783487 -0.216513 2.31498 1.64553

33.3716 0.358887 -0.777852 -0.222148 2.31499 1.64553
33.3695 0.366211 -0.777852 -0.222148 2.28116 1.68736

33.3691 0.367415 -0.772249 -0.227751 2.2751 1.69465
33.3695 0.366211 -0.772249 -0.227751 2.28119 1.68737

33.3545 0.412629 -0.734303 -0.265697 2.06577 1.96899
33.3527 0.41748 -0.734303 -0.265697 2.03811 2.00105

33.3527 0.41748 -0.727476 -0.272524 2.03812 2.00105
33.35 0.424805 -0.727476 -0.272524 1.99605 2.0498

33.3472 0.432129 -0.713271 -0.286729 1.94576 2.09224
33.3442 0.439453 -0.713271 -0.286729 1.89568 2.14136

33.3472 0.432084 -0.720464 -0.279536 1.94615 2.09196
33.35 0.424805 -0.720464 -0.279536 1.99605 2.0498

33.3545 0.412606 -0.734303 -0.265697 2.06599 1.96884
33.3554 0.410156 -0.734303 -0.265697 2.08065 1.95205

33.3442 0.439453 -0.705689 -0.294311 1.89566 2.14136
33.3412 0.446777 -0.705689 -0.294311 1.84168 2.18316

33.3398 0.449794 -0.698094 -0.301906 1.82026 2.20268
33.3411 0.446777 -0.698094 -0.301906 1.84176 2.18315

33.3105 0.507699 -0.624146 -0.375854 1.21475 2.57073
33.3075 0.512695 -0.624146 -0.375854 1.15881 2.61518

33.3032 0.519634 -0.618369 -0.381631 1.05861 2.65961
33.303 0.52002 -0.618369 -0.381631 1.04988 2.6619

33.3029 0.52002 -0.601256 -0.398744 1.0503 2.66185
33.2981 0.527344 -0.601256 -0.398744 0.909395 2.69258

33.3032 0.519552 -0.613771 -0.386229 1.06109 2.65905
33.3075 0.512695 -0.613771 -0.386229 1.15882 2.61518

33.3252 0.481128 -0.664148 -0.335852 1.54854 2.40547
33.324 0.483398 -0.664148 -0.335852 1.52347 2.42084

33.3179 0.494951 -0.645404 -0.354596 1.40493 2.50287
33.3162 0.498047 -0.645404 -0.354596 1.35467 2.5231

33.324 0.483398 -0.654983 -0.345017 1.52364 2.42084
33.3202 0.490723 -0.654983 -0.345017 1.44391 2.47459

33.3179 0.494901 -0.645404 -0.354596 1.40609 2.50255
33.3202 0.490723 -0.645404 -0.354596 1.44404 2.47455

33.3313 0.46875 -0.673135 -0.326865 1.6623 2.32474
33.3277 0.476074 -0.673135 -0.326865 1.58978 2.37441

33.3252 0.481081 -0.664148 -0.335852 1.54938 2.40516
33.3277 0.476074 -0.664148 -0.335852 1.58987 2.37439

33.3162 0.498047 -0.634788 -0.365212 1.35475 2.5231
33.312 0.505371 -0.634788 -0.365212 1.24244 2.55911

33.3105 0.507676 -0.624313 -0.375687 1.21521 2.57054
33.3119 0.505371 -0.624313 -0.375687 1.24265 2.55904

33.2886 0.540668 -0.575298 -0.424702 0.708588 2.74711
33.2876 0.541992 -0.575298 -0.424702 0.684185 2.75449

33.2959 0.530485 -0.588075 -0.411925 0.866917 2.69819
33.293 0.534668 -0.588075 -0.411925 0.798469 2.72151

33.2886 0.540602 -0.575333 -0.424667 0.710408 2.74669
33.293 0.534668 -0.575333 -0.424667 0.798592 2.72153

33.2876 0.541992 -0.561056 -0.438944 0.684472 2.75447
33.2818 0.549316 -0.561056 -0.438944 0.530347 2.77131

33.2812 0.550018 -0.552416 -0.447584 0.515096 2.77119
33.2818 0.549316 -0.552416 -0.447584 0.530648 2.7711

33.2959 0.530456 -0.59017 -0.40983 0.86759 2.69795
33.2981 0.527344 -0.59017 -0.40983 0.90984 2.69229

