39.8364 0 0.992657 -0.00734288 2.75878 0
39.8365 0.0146484 0.992657 -0.00734288 2.76299 -0.00922069

39.8365 0.0146484 0.977561 -0.022439 2.76298 -0.0092157
39.8369 0.0292969 0.977561 -0.022439 2.76956 -0.0258431

39.8369 0.0292969 0.966002 -0.0339981 2.7696 -0.025874
39.8371 0.0366211 0.966002 -0.0339981 2.77389 -0.0377774

39.8371 0.0366211 0.957715 -0.0422846 2.77388 -0.0377653
39.8375 0.0439453 0.957715 -0.0422846 2.78176 -0.0476344

39.8375 0.0439453 0.949056 -0.0509441 2.78176 -0.0476375
39.8379 0.0512695 0.949056 -0.0509441 2.78367 -0.0536411

39.8379 0.0512695 0.941877 -0.0581229 2.78368 -0.0536529
39.8383 0.0585938 0.941877 -0.0581229 2.7744 -0.0541854

39.8383 0.0585938 0.931582 -0.0684181 2.77438 -0.0541777
39.8394 0.0732422 0.931582 -0.0684181 2.7728 -0.062259

39.8394 0.0732422 0.917439 -0.0825609 2.77279 -0.0622556
39.8407 0.0878906 0.917439 -0.0825609 2.77978 -0.0706834

39.8407 0.0878906 0.906813 -0.0931865 2.77979 -0.0706883
39.8415 0.0952148 0.906813 -0.0931865 2.77783 -0.0743373

39.8415 0.0952148 0.900129 -0.0998713 2.77783 -0.0743376
39.8423 0.102539 0.900129 -0.0998713 2.76774 -0.0765391

39.8423 0.102539 0.891126 -0.108874 2.76774 -0.0765409
39.8438 0.114723 0.891126 -0.108874 2.76087 -0.0821772

39.8437 0.117188 0.878723 -0.121277 2.76375 -0.0844514
39.8438 0.117372 0.878723 -0.121277 2.76422 -0.0840512

39.8438 0.114745 0.888409 -0.111591 2.7609 -0.0821925
39.8441 0.117188 0.888409 -0.111591 2.76434 -0.0839772

39.8441 0.117188 0.882282 -0.117718 2.76434 -0.0839779
39.845 0.124512 0.882282 -0.117718 2.77405 -0.0938796

39.845 0.124512 0.875354 -0.124646 2.77405 -0.0938788
39.8461 0.131836 0.875354 -0.124646 2.77101 -0.106621

39.8461 0.131836 0.869085 -0.130915 2.77102 -0.106629
39.8472 0.13916 0.869085 -0.130915 2.76423 -0.11831

39.8472 0.13916 0.863093 -0.136907 2.76423 -0.118302
39.8483 0.146484 0.863093 -0.136907 2.76782 -0.123459

39.8483 0.146484 0.856371 -0.143629 2.76782 -0.12346
39.8496 0.153809 0.856371 -0.143629 2.76726 -0.123852

39.8496 0.153809 0.850497 -0.149503 2.76727 -0.123852
39.8509 0.161133 0.850497 -0.149503 2.76088 -0.124043

39.8508 0.161133 0.841558 -0.158442 2.76087 -0.124003
39.8536 0.175781 0.841558 -0.158442 2.74986 -0.126777

39.8536 0.175781 0.829579 -0.170421 2.74985 -0.126777
39.8566 0.19043 0.829579 -0.170421 2.74618 -0.132952

39.8566 0.19043 0.820562 -0.179438 2.74618 -0.132966
39.8582 0.197754 0.820562 -0.179438 2.74516 -0.137777

39.8582 0.197754 0.814397 -0.185603 2.74516 -0.13779
39.8584 0.198493 0.814397 -0.185603 2.74477 -0.138348

39.8584 0.198508 0.814397 -0.185603 2.74476 -0.138355
39.8599 0.205078 0.814397 -0.185603 2.73973 -0.142124

39.8599 0.205078 0.809156 -0.190844 2.73973 -0.142124
39.8616 0.212402 0.809156 -0.190844 2.73911 -0.146171

39.8616 0.212402 0.803588 -0.196412 2.73911 -0.146169
39.8634 0.219727 0.803588 -0.196412 2.74218 -0.155028

39.8634 0.219727 0.79762 -0.20238 2.74218 -0.155025
39.8653 0.227051 0.79762 -0.20238 2.73593 -0.162755

39.8653 0.227051 0.791742 -0.208258 2.73593 -0.162755
39.8657 0.228777 0.791742 -0.208258 2.7339 -0.164275

39.8657 0.228771 0.791742 -0.208258 2.73391 -0.164272
39.8672 0.234375 0.791742 -0.208258 2.72877 -0.168641

39.8672 0.234375 0.786199 -0.213801 2.72877 -0.168641
39.8692 0.241699 0.786199 -0.213801 2.72712 -0.174988

39.8692 0.241699 0.780842 -0.219158 2.72712 -0.174989
39.8712 0.249023 0.780842 -0.219158 2.72465 -0.184808

39.8712 0.249023 0.775506 -0.224494 2.72465 -0.184806
39.873 0.255252 0.775506 -0.224494 2.71812 -0.190158

39.873 0.255249 0.775506 -0.224494 2.71812 -0.190158
39.8734 0.256348 0.775506 -0.224494 2.7168 -0.19062

39.8734 0.256348 0.770068 -0.229932 2.7168 -0.190618
39.8756 0.263672 0.770068 -0.229932 2.7136 -0.196217

39.8755 0.263672 0.764509 -0.235491 2.71359 -0.196216
39.8778 0.270996 0.764509 -0.235491 2.7161 -0.212248

39.8778 0.270996 0.758932 -0.241068 2.7161 -0.212248
39.8801 0.27832 0.758932 -0.241068 2.70787 -0.231341

39.8801 0.27832 0.753564 -0.246436 2.70786 -0.231323
39.8804 0.279065 0.753564 -0.246436 2.70654 -0.233018

39.8804 0.279046 0.753564 -0.246436 2.70658 -0.232997
39.8825 0.285645 0.753564 -0.246436 2.69897 -0.247587

39.8825 0.285645 0.748091 -0.251909 2.69897 -0.24758
39.885 0.292969 0.748091 -0.251909 2.6919 -0.265066

39.885 0.292969 0.742443 -0.257557 2.6919 -0.265066
39.8875 0.300293 0.742443 -0.257557 2.67826 -0.279832

39.8875 0.300293 0.736912 -0.263088 2.67825 -0.279817
39.8877 0.300761 0.736912 -0.263088 2.67729 -0.280625

39.8877 0.300744 0.736912 -0.263088 2.67733 -0.280614
39.8901 0.307617 0.736912 -0.263088 2.66891 -0.292137

39.8901 0.307617 0.731348 -0.268652 2.66891 -0.292134
39.8928 0.314941 0.731348 -0.268652 2.66357 -0.311063

39.8928 0.314941 0.725942 -0.274058 2.66357 -0.311067
39.895 0.320717 0.725942 -0.274058 2.65212 -0.32609

39.895 0.320711 0.725942 -0.274058 2.65214 -0.326085
39.8956 0.322266 0.725942 -0.274058 2.64766 -0.329632

39.8956 0.322266 0.720801 -0.279199 2.64766 -0.329627
39.8984 0.32959 0.720801 -0.279199 2.63835 -0.347008

39.8984 0.32959 0.715471 -0.284529 2.63835 -0.347003
39.9014 0.336914 0.715471 -0.284529 2.62573 -0.3745

39.9013 0.336914 0.709961 -0.290039 2.62573 -0.374471
39.9023 0.339353 0.709961 -0.290039 2.61897 -0.381864

39.9023 0.339334 0.709961 -0.290039 2.61903 -0.381847
39.9043 0.344238 0.709961 -0.290039 2.61027 -0.395084

39.9043 0.344238 0.704301 -0.295699 2.61026 -0.395067
39.9074 0.351562 0.704301 -0.295699 2.59991 -0.420583

39.9074 0.351562 0.698713 -0.301287 2.59991 -0.420583
39.9097 0.35678 0.698713 -0.301287 2.58516 -0.439846

39.9097 0.356768 0.698713 -0.301287 2.58522 -0.439831
39.9106 0.358887 0.698713 -0.301287 2.57608 -0.446633

39.9106 0.358887 0.693367 -0.306633 2.57607 -0.446615
39.9138 0.366211 0.693367 -0.306633 2.56058 -0.471869

39.9138 0.366211 0.687984 -0.312016 2.56058 -0.471864
39.917 0.373215 0.687984 -0.312016 2.53878 -0.502164

39.917 0.373211 0.687984 -0.312016 2.5388 -0.502161
39.9171 0.373535 0.687984 -0.312016 2.53727 -0.503273

39.9171 0.373535 0.68259 -0.31741 2.53727 -0.503264
39.9205 0.380859 0.68259 -0.31741 2.5226 -0.52901

39.9205 0.380859 0.677009 -0.322991 2.52259 -0.529002
39.924 0.388184 0.677009 -0.322991 2.49639 -0.57007

39.924 0.388184 0.671483 -0.328517 2.49636 -0.569938
39.9243 0.388796 0.671483 -0.328517 2.49268 -0.572721

39.9243 0.38875 0.671483 -0.328517 2.49299 -0.57267
39.9276 0.395508 0.671483 -0.328517 2.47291 -0.600131

39.9276 0.395508 0.665937 -0.334063 2.47289 -0.600109
39.9313 0.402832 0.665937 -0.334063 2.43998 -0.638008

39.9313 0.402832 0.660271 -0.339729 2.43996 -0.637861
39.9316 0.40355 0.660271 -0.339729 2.43512 -0.640793

39.9316 0.403503 0.660271 -0.339729 2.43547 -0.640769
39.9351 0.410156 0.660271 -0.339729 2.4167 -0.668303

39.9351 0.410156 0.654378 -0.345622 2.41667 -0.668274
39.9389 0.41748 0.654378 -0.345622 2.38362 -0.716662

39.9389 0.41748 0.65003 -0.34997 2.38358 -0.716427
39.939 0.417605 0.65003 -0.34997 2.38264 -0.717091

39.939 0.417548 0.648335 -0.351665 2.38312 -0.717041
39.9429 0.424805 0.648335 -0.351665 2.35719 -0.755399

39.9429 0.424805 0.642498 -0.357502 2.35719 -0.755372
39.9463 0.430898 0.642498 -0.357502 2.32498 -0.800355

39.9463 0.430883 0.642514 -0.357486 2.32514 -0.800337
39.947 0.432129 0.642514 -0.357486 2.31344 -0.80749

39.947 0.432129 0.636497 -0.363503 2.31341 -0.807419
39.9512 0.439453 0.636497 -0.363503 2.27027 -0.851606

39.9511 0.439453 0.630633 -0.369367 2.27026 -0.851519
39.9536 0.44366 0.630633 -0.369367 2.24817 -0.885453

39.9536 0.443623 0.630633 -0.369367 2.24847 -0.885383
39.9555 0.446777 0.630633 -0.369367 2.23083 -0.907897

39.9554 0.446777 0.624152 -0.375848 2.23074 -0.907707
39.9598 0.454102 0.624152 -0.375848 2.17738 -0.963641

39.9598 0.454102 0.619225 -0.380775 2.17735 -0.963359
39.9609 0.455908 0.619225 -0.380775 2.15857 -0.976867

39.9609 0.455832 0.617416 -0.382584 2.15941 -0.976872
39.9644 0.461426 0.617416 -0.382584 2.13517 -1.0184

39.9644 0.461426 0.61087 -0.38913 2.13506 -1.01825
39.9683 0.46751 0.61087 -0.38913 2.0873 -1.08069

39.9683 0.467478 0.61438 -0.38562 2.08778 -1.08068
39.9691 0.46875 0.61438 -0.38562 1e+30 1e+30

