3.20281 0 0.986464 -0.0135364 0.832963 0
3.20301 0.0146484 0.986464 -0.0135364 0.836764 -0.0391134

3.20301 0.0146484 0.959958 -0.0400417 0.836741 -0.0391122
3.20362 0.0292969 0.959958 -0.0400417 0.849953 -0.0829614

3.20365 0.0292969 0.940698 -0.0593022 0.850123 -0.0829947
3.20411 0.0366211 0.940698 -0.0593022 0.85194 -0.109169

3.20411 0.0366211 0.928593 -0.0714073 0.851939 -0.109169
3.20467 0.0439453 0.928593 -0.0714073 0.84674 -0.129518

3.20467 0.0439453 0.916673 -0.0833274 0.846738 -0.129518
3.20534 0.0512695 0.916673 -0.0833274 0.846946 -0.144011

3.20534 0.0512695 0.905079 -0.0949212 0.846948 -0.14401
3.20611 0.0585938 0.905079 -0.0949212 0.841105 -0.15655

3.2061 0.0585938 0.89383 -0.10617 0.841104 -0.15655
3.20697 0.065918 0.89383 -0.10617 0.833176 -0.167643

3.20697 0.065918 0.882798 -0.117202 0.833176 -0.167643
3.20795 0.0732422 0.882798 -0.117202 0.829892 -0.181355

3.20793 0.0732422 0.866349 -0.133651 0.829804 -0.181326
3.20801 0.0737703 0.866349 -0.133651 0.826724 -0.180519

3.20801 0.0736522 0.871841 -0.128159 0.826874 -0.180316
3.20902 0.0805664 0.871841 -0.128159 0.819199 -0.193549

3.20902 0.0805664 0.861014 -0.138986 0.819196 -0.193548
3.21021 0.0878906 0.861014 -0.138986 0.809159 -0.207945

3.21021 0.0878906 0.850417 -0.149583 0.809157 -0.207945
3.21149 0.0952148 0.850417 -0.149583 0.804178 -0.220931

3.21149 0.0952148 0.839846 -0.160154 0.804175 -0.22093
3.21289 0.102539 0.839846 -0.160154 0.804362 -0.239831

3.21289 0.102539 0.829313 -0.170687 0.804361 -0.239828
3.2144 0.109863 0.829313 -0.170687 0.796584 -0.256483

3.21439 0.109863 0.819023 -0.180977 0.79658 -0.256477
3.21533 0.114107 0.819023 -0.180977 0.787303 -0.264218

3.21533 0.114082 0.819023 -0.180977 0.787392 -0.264215
3.21602 0.117188 0.819023 -0.180977 0.777825 -0.265753

3.21602 0.117188 0.809065 -0.190935 0.777819 -0.265747
3.21774 0.124512 0.809065 -0.190935 0.761329 -0.268173

3.21774 0.124512 0.799104 -0.200896 0.761326 -0.268171
3.21958 0.131836 0.799104 -0.200896 0.762639 -0.273755

3.21958 0.131836 0.789268 -0.210732 0.762641 -0.273755
3.22154 0.13916 0.789268 -0.210732 0.760919 -0.281915

3.22153 0.13916 0.779868 -0.220132 0.760904 -0.281919
3.22266 0.143137 0.779868 -0.220132 0.754546 -0.284359

3.22266 0.14304 0.784548 -0.215452 0.754758 -0.284235
3.2236 0.146484 0.784548 -0.215452 0.750126 -0.288938

3.22358 0.146484 0.765834 -0.234166 0.750049 -0.288931
3.22806 0.161133 0.765834 -0.234166 0.742373 -0.314074

3.22808 0.161133 0.752251 -0.247749 0.742485 -0.3141
3.22998 0.16689 0.752251 -0.247749 0.739988 -0.328218

3.22998 0.166879 0.752251 -0.247749 0.740037 -0.328195
3.2305 0.168457 0.752251 -0.247749 0.734808 -0.332521

3.2305 0.168457 0.743313 -0.256687 0.734794 -0.332513
3.23303 0.175781 0.743313 -0.256687 0.718521 -0.348358

3.23302 0.175781 0.734321 -0.265679 0.718519 -0.348357
3.23567 0.183105 0.734321 -0.265679 0.712074 -0.354055

3.23567 0.183105 0.725272 -0.274728 0.712064 -0.354055
3.2373 0.187419 0.725272 -0.274728 0.705654 -0.358751

3.2373 0.187402 0.725272 -0.274728 0.705702 -0.358739
3.23845 0.19043 0.725272 -0.274728 0.700077 -0.361428

3.23845 0.19043 0.716171 -0.283829 0.700066 -0.361425
3.24135 0.197754 0.716171 -0.283829 0.691792 -0.371521

3.24135 0.197754 0.707111 -0.292889 0.69179 -0.371519
3.24438 0.205078 0.707111 -0.292889 0.677595 -0.387086

3.24436 0.205078 0.6981 -0.3019 0.677536 -0.387034
3.24463 0.205703 0.6981 -0.3019 0.675961 -0.388408

3.24463 0.205644 0.6981 -0.3019 0.676174 -0.388333
3.24755 0.212402 0.6981 -0.3019 0.664378 -0.400603

3.24755 0.212402 0.688978 -0.311022 0.664366 -0.400596
3.25085 0.219727 0.688978 -0.311022 0.650619 -0.406299

3.25084 0.219727 0.679802 -0.320198 0.650576 -0.406306
3.25195 0.222087 0.679802 -0.320198 0.646502 -0.408836

3.25195 0.222049 0.679802 -0.320198 0.64663 -0.408785
3.25431 0.227051 0.679802 -0.320198 0.63819 -0.417894

3.2543 0.227051 0.670752 -0.329248 0.638166 -0.41789
3.2579 0.234375 0.670752 -0.329248 0.622206 -0.429015

3.25789 0.234375 0.661819 -0.338181 0.622167 -0.429021
3.25928 0.237098 0.661819 -0.338181 0.616686 -0.431447

3.25928 0.237062 0.661819 -0.338181 0.616819 -0.431406
3.26165 0.241699 0.661819 -0.338181 0.608584 -0.439471

3.26164 0.241699 0.652942 -0.347058 0.60856 -0.439465
3.26553 0.249023 0.652942 -0.347058 0.593168 -0.449153

3.26551 0.249023 0.644059 -0.355941 0.593113 -0.449148
3.2666 0.250995 0.644059 -0.355941 0.588078 -0.451596

3.2666 0.250948 0.644059 -0.355941 0.588271 -0.451545
3.26959 0.256348 0.644059 -0.355941 0.578565 -0.460157

3.26958 0.256348 0.635173 -0.364827 0.578544 -0.460144
3.27378 0.263672 0.635173 -0.364827 0.563847 -0.467982

3.27375 0.263672 0.632553 -0.367447 0.563761 -0.467962
3.27393 0.263977 0.632553 -0.367447 0.562894 -0.46839

3.27393 0.263908 0.626302 -0.373698 0.563189 -0.468314
3.27816 0.270996 0.626302 -0.373698 0.547236 -0.477845

3.27815 0.270996 0.617453 -0.382547 0.547217 -0.477846
3.28125 0.276002 0.617453 -0.382547 0.537153 -0.481844

3.28125 0.275982 0.61755 -0.38245 0.537236 -0.481832
3.2827 0.27832 0.61755 -0.38245 0.530844 -0.484348

3.28269 0.27832 0.608605 -0.391395 0.530822 -0.484342
3.2874 0.285645 0.608605 -0.391395 0.51202 -0.489431

3.28739 0.285645 0.604923 -0.395077 0.511993 -0.489436
3.28857 0.287462 0.604923 -0.395077 0.506924 -0.49038

3.28857 0.287397 0.599629 -0.400371 0.507196 -0.490329
3.29229 0.292969 0.599629 -0.400371 0.493553 -0.494884

3.29228 0.292969 0.590466 -0.409534 0.493511 -0.494896
3.2959 0.298183 0.590466 -0.409534 0.485427 -0.497069

3.2959 0.298152 0.593991 -0.406009 0.485566 -0.497042
3.29736 0.300293 0.593991 -0.406009 0.480011 -0.499525

3.29736 0.300293 0.581282 -0.418718 0.480018 -0.499526
3.30264 0.307617 0.581282 -0.418718 0.458139 -0.505271

3.30261 0.307617 0.577882 -0.422118 0.45807 -0.505291
3.30322 0.308454 0.577882 -0.422118 0.45551 -0.505444

3.30322 0.308394 0.572108 -0.427892 0.455802 -0.505402
3.30812 0.314941 0.572108 -0.427892 0.43963 -0.511245

3.30813 0.314941 0.569162 -0.430838 0.43965 -0.511247
3.31055 0.318138 0.569162 -0.430838 0.432204 -0.516665

3.31055 0.318051 0.563582 -0.436418 0.432595 -0.51653
3.31381 0.322266 0.563582 -0.436418 0.421216 -0.521924

3.3138 0.322266 0.554143 -0.445857 0.421195 -0.521914
3.31787 0.327325 0.554143 -0.445857 0.407872 -0.526132

3.31787 0.327295 0.553809 -0.446191 0.408013 -0.526117
3.31972 0.32959 0.553809 -0.446191 0.401104 -0.528632

3.31971 0.32959 0.543959 -0.456041 0.401079 -0.528623
3.3252 0.336135 0.543959 -0.456041 0.38124 -0.533493

3.3252 0.336134 0.541208 -0.458792 0.381246 -0.533492
3.32586 0.336914 0.541208 -0.458792 0.379188 -0.534293

3.32584 0.336914 0.534329 -0.465671 0.379161 -0.534283
3.33223 0.344238 0.534329 -0.465671 0.355667 -0.5413

3.33217 0.344238 0.52937 -0.47063 0.355568 -0.541289
3.33252 0.34463 0.52937 -0.47063 0.353925 -0.541502

3.33252 0.34456 0.524509 -0.475491 0.354329 -0.541476
3.33887 0.351562 0.524509 -0.475491 0.326297 -0.544998

3.33879 0.351562 0.51884 -0.48116 0.326182 -0.544941
3.33984 0.352695 0.51884 -0.48116 0.321154 -0.546228

3.33984 0.352588 0.514779 -0.485221 0.32178 -0.546183
3.34578 0.358887 0.514779 -0.485221 0.299768 -0.549922

3.34574 0.358887 0.508724 -0.491276 0.299698 -0.549927
3.34717 0.360368 0.508724 -0.491276 0.295063 -0.549871

3.34717 0.360305 0.504565 -0.495435 0.295359 -0.549867
3.35297 0.366211 0.504565 -0.495435 0.275691 -0.549862

3.35293 0.366211 0.498448 -0.501552 0.275631 -0.54987
3.35449 0.36776 0.498448 -0.501552 0.270929 -0.549619

3.35449 0.367735 0.491572 -0.508428 0.271048 -0.549617
3.36049 0.373535 0.491572 -0.508428 0.251841 -0.549532

3.36041 0.373535 0.488099 -0.511901 0.251722 -0.549541
3.36182 0.374872 0.488099 -0.511901 0.247057 -0.549465

3.36182 0.374829 0.482136 -0.517864 0.247276 -0.549462
3.36829 0.380859 0.482136 -0.517864 0.226165 -0.54814

3.36822 0.380859 0.477611 -0.522389 0.226086 -0.548128
3.36914 0.381705 0.477611 -0.522389 0.222681 -0.54822

3.36914 0.381652 0.471992 -0.528008 0.222955 -0.548224
3.37645 0.388184 0.471992 -0.528008 0.201016 -0.548259

3.37638 0.388184 0.466904 -0.533096 0.200943 -0.548219
3.37646 0.388255 0.466904 -0.533096 0.200738 -0.548243

3.37646 0.388197 0.461863 -0.538137 0.200978 -0.548265
3.38379 0.394484 0.461863 -0.538137 0.179324 -0.545831

3.38379 0.394464 0.453748 -0.546252 0.179416 -0.54585
3.38505 0.395508 0.453748 -0.546252 0.175363 -0.544574

3.38503 0.395508 0.451856 -0.548144 0.175355 -0.544577
3.39111 0.40052 0.451856 -0.548144 0.155355 -0.54088

3.39111 0.400504 0.439808 -0.560192 0.155418 -0.540902
3.39408 0.402832 0.439808 -0.560192 0.146966 -0.538008

3.394 0.402832 0.440161 -0.559839 0.146942 -0.538
3.39844 0.406318 0.440161 -0.559839 0.132268 -0.535252

3.39844 0.406301 0.432389 -0.567611 0.132378 -0.535235
3.4035 0.410156 0.432389 -0.567611 0.119772 -0.526972

3.40341 0.410156 0.425884 -0.574116 0.11965 -0.527133
3.40576 0.411903 0.425884 -0.574116 0.112807 -0.523426

3.40576 0.411893 0.4227 -0.5773 0.112866 -0.523424
3.41309 0.417256 0.4227 -0.5773 0.0956659 -0.516959

3.41309 0.41725 0.412645 -0.587355 0.0956928 -0.516958
3.41341 0.41748 0.412645 -0.587355 0.0950199 -0.51704

3.41341 0.41748 0.413035 -0.586965 0.0950127 -0.517039
3.42041 0.422408 0.413035 -0.586965 0.074993 -0.511965

3.42041 0.422382 0.40349 -0.59651 0.0751112 -0.512009
3.42399 0.424805 0.40349 -0.59651 0.0646222 -0.503447

3.42392 0.424805 0.403371 -0.596629 0.0646103 -0.503529
3.42773 0.427381 0.403371 -0.596629 0.052987 -0.49679

3.42773 0.427358 0.39404 -0.60596 0.0531431 -0.496776
3.43506 0.43212 0.39404 -0.60596 0.0391663 -0.490064

3.43498 0.432129 0.385624 -0.614376 0.0390324 -0.490041
3.43506 0.432177 0.385624 -0.614376 0.0388853 -0.490085

3.43506 0.432118 0.380334 -0.619666 0.0391793 -0.490063
3.43508 0.432129 0.380334 -0.619666 0.0391459 -0.490073

3.43507 0.432129 0.38456 -0.61544 0.0391423 -0.490072
3.44238 0.436696 0.38456 -0.61544 0.0193766 -0.482731

3.44238 0.436676 0.3751 -0.6249 0.0194595 -0.482766
3.44701 0.439453 0.3751 -0.6249 0.00950728 -0.46927

3.44693 0.439453 0.3751 -0.6249 0.00939109 -0.469382
3.44971 0.44112 0.3751 -0.6249 0.00296883 -0.466634

3.44971 0.44109 0.365633 -0.634367 0.0031616 -0.466612
3.45703 0.445311 0.365633 -0.634367 -0.012463 -0.455668

3.45703 0.445292 0.356172 -0.643828 -0.012379 -0.45568
3.45972 0.446777 0.356172 -0.643828 -0.0168578 -0.451521

3.45967 0.446777 0.356172 -0.643828 -0.0168961 -0.451579
3.46436 0.449371 0.356172 -0.643828 -0.0287652 -0.444292

3.46436 0.44936 0.346738 -0.653262 -0.028694 -0.444281
3.47168 0.453248 0.346738 -0.653262 -0.0409558 -0.431916

3.47168 0.453234 0.337284 -0.662716 -0.0408889 -0.431916
3.47338 0.454102 0.337284 -0.662716 -0.042803 -0.430874

3.47335 0.454102 0.337284 -0.662716 -0.0428463 -0.430893
3.479 0.456978 0.337284 -0.662716 -0.0576799 -0.42232

3.479 0.456973 0.327811 -0.672189 -0.0576466 -0.422315
3.48633 0.460545 0.327811 -0.672189 -0.0699128 -0.406439

3.48633 0.460531 0.318336 -0.681664 -0.0698413 -0.406438
3.48824 0.461426 0.318336 -0.681664 -0.0714994 -0.405044

3.48821 0.461426 0.318336 -0.681664 -0.0715545 -0.405073
3.49365 0.463969 0.318336 -0.681664 -0.0841625 -0.398036

3.49365 0.463964 0.308843 -0.691157 -0.0841247 -0.398031
3.50098 0.467237 0.308843 -0.691157 1e+30 1e+30

