35.8177 0.46875 0.603357 -0.396643 2.0716 -1.07301
35.8225 0.476074 0.603357 -0.396643 1.99266 -1.13106

35.8225 0.476074 0.602624 -0.397376 1.99266 -1.13051
35.8228 0.476475 0.602624 -0.397376 1.98697 -1.13305

35.8228 0.476386 0.595723 -0.404277 1.98823 -1.13318
35.8275 0.483398 0.595723 -0.404277 1.92732 -1.1894

35.8275 0.483398 0.589331 -0.410669 1.92729 -1.18896
35.8301 0.487112 0.589331 -0.410669 1.90936 -1.23967

35.8301 0.487035 0.588904 -0.411096 1.91008 -1.23962
35.8327 0.490723 0.588904 -0.411096 1.87998 -1.28635

35.8326 0.490723 0.580749 -0.419251 1.8798 -1.28568
35.8374 0.497358 0.580749 -0.419251 1.78412 -1.3528

35.8374 0.49733 0.581399 -0.418601 1.78471 -1.35289
35.8379 0.498047 0.581399 -0.418601 1.76859 -1.35857

35.8379 0.498047 0.572215 -0.427785 1.76861 -1.3584
35.8434 0.505371 0.572215 -0.427785 1.66147 -1.41898

35.8433 0.505371 0.569984 -0.430016 1.66149 -1.4181
35.8447 0.507215 0.569984 -0.430016 1.64737 -1.43895

35.8447 0.507083 0.564747 -0.435253 1.64832 -1.43932
35.8491 0.512695 0.564747 -0.435253 1.60097 -1.5066

35.849 0.512695 0.560756 -0.439244 1.60105 -1.50573
35.8521 0.516573 0.560756 -0.439244 1.56059 -1.55911

35.8521 0.516438 0.560043 -0.439957 1.56256 -1.5599
35.8549 0.52002 0.560043 -0.439957 1.49977 -1.599

35.8548 0.52002 0.546793 -0.453207 1.49985 -1.59853
35.8594 0.525488 0.546793 -0.453207 1.40581 -1.63578

35.8594 0.52544 0.545087 -0.454913 1.40641 -1.63619
35.861 0.527344 0.545087 -0.454913 1.37408 -1.64834

35.8609 0.527344 0.536292 -0.463708 1.37424 -1.64782
35.8667 0.53401 0.536292 -0.463708 1.27542 -1.68254

35.8667 0.534001 0.53311 -0.46689 1.27547 -1.68262
35.8673 0.534668 0.53311 -0.46689 1.2685 -1.68656

35.8673 0.534668 0.526395 -0.473605 1.26861 -1.68619
35.8739 0.541992 0.526395 -0.473605 1.16991 -1.73883

35.8737 0.541992 0.521031 -0.478969 1.17058 -1.73686
35.874 0.542301 0.521031 -0.478969 1.16563 -1.73894

35.874 0.542194 0.51472 -0.48528 1.16675 -1.73997
35.8807 0.549316 0.51472 -0.48528 1.04381 -1.7901

35.8807 0.549316 0.50793 -0.49207 1.04431 -1.78876
35.8813 0.550027 0.50793 -0.49207 1.03136 -1.79389

35.8813 0.549936 0.501366 -0.498634 1.03245 -1.79474
35.888 0.556641 0.501366 -0.498634 0.89636 -1.84867

35.8879 0.556641 0.494204 -0.505796 0.897316 -1.84627
35.8887 0.557408 0.494204 -0.505796 0.879443 -1.85358

35.8887 0.557274 0.487511 -0.512489 0.881553 -1.85485
35.8957 0.563965 0.487511 -0.512489 0.716042 -1.89041

35.8956 0.563965 0.481616 -0.518384 0.717524 -1.88833
35.896 0.564375 0.481616 -0.518384 0.706804 -1.88924

35.896 0.564257 0.47456 -0.52544 0.708637 -1.89072
35.9033 0.570872 0.47456 -0.52544 0.549917 -1.91463

35.9033 0.570859 0.465451 -0.534549 0.550075 -1.9148
35.9038 0.571289 0.465451 -0.534549 0.540998 -1.91665

35.9038 0.571289 0.459758 -0.540242 0.541097 -1.91647
35.9106 0.577112 0.459758 -0.540242 0.408614 -1.95946

35.9106 0.577073 0.445567 -0.554433 0.409229 -1.95999
35.9126 0.578613 0.445567 -0.554433 0.368832 -1.97322

35.9125 0.578613 0.443623 -0.556377 0.369238 -1.97239
35.918 0.582962 0.443623 -0.556377 0.24057 -1.98098

35.918 0.582917 0.427735 -0.572265 0.241398 -1.98169
35.922 0.585938 0.427735 -0.572265 0.144602 -1.97306

35.9219 0.585938 0.423517 -0.576483 0.146008 -1.97231
35.9253 0.588446 0.423517 -0.576483 0.0625443 -1.95776

35.9253 0.588422 0.411971 -0.588029 0.0629929 -1.95808
35.9322 0.593262 0.411971 -0.588029 -0.0962738 -1.93344

35.9321 0.593262 0.402457 -0.597543 -0.0949412 -1.93245
35.9326 0.593638 0.402457 -0.597543 -0.106641 -1.93139

35.9326 0.593564 0.394651 -0.605349 -0.105365 -1.93237
35.9399 0.598339 0.394651 -0.605349 -0.272861 -1.90215

35.9399 0.598301 0.376669 -0.623331 -0.272097 -1.90276
35.9437 0.600586 0.376669 -0.623331 -0.356583 -1.87042

35.9436 0.600586 0.376669 -0.623331 -0.355564 -1.87029
35.9473 0.602789 0.376669 -0.623331 -0.433456 -1.84669

35.9473 0.602765 0.357618 -0.642382 -0.433001 -1.847
35.9546 0.606842 0.357618 -0.642382 -0.592514 -1.81288

35.9546 0.606819 0.33689 -0.66311 -0.591937 -1.8132
35.9567 0.60791 0.33689 -0.66311 -0.639784 -1.80633

35.9567 0.60791 0.33689 -0.66311 -0.639258 -1.80614
35.9619 0.610567 0.33689 -0.66311 -0.770515 -1.74155

35.9619 0.610559 0.315347 -0.684653 -0.770265 -1.74165
35.9692 0.613932 0.315347 -0.684653 -0.942717 -1.63422

35.9692 0.613905 0.293625 -0.706375 -0.941977 -1.63458
35.9724 0.615234 0.293625 -0.706375 -1.00896 -1.59854

35.9724 0.615234 0.293625 -0.706375 -1.0082 -1.59899
35.9766 0.616982 0.293625 -0.706375 -1.10641 -1.53812

35.9766 0.616977 0.270404 -0.729596 -1.10626 -1.53817
35.9839 0.619692 0.270404 -0.729596 -1.27184 -1.3878

35.9839 0.619691 0.244334 -0.755666 -1.27181 -1.38782
35.9912 0.622059 0.244334 -0.755666 -1.40894 -1.24747

35.9912 0.62205 0.217086 -0.782914 -1.40865 -1.24756
35.993 0.622559 0.217086 -0.782914 -1.44155 -1.22583

35.993 0.622559 0.217086 -0.782914 -1.44128 -1.22609
35.9985 0.624088 0.217086 -0.782914 -1.54939 -1.13511

35.9985 0.624089 0.187933 -0.812067 -1.54942 -1.1351
36.0059 0.625784 0.187933 -0.812067 -1.6994 -0.976915

36.0059 0.625783 0.156267 -0.843733 -1.69933 -0.976925
36.0132 0.627139 0.156267 -0.843733 -1.81916 -0.774695

36.0132 0.627138 0.122613 -0.877387 -1.81913 -0.774716
36.0205 0.628161 0.122613 -0.877387 -1.9118 -0.55694

36.0205 0.628161 0.0864497 -0.91355 -1.9118 -0.55694
36.0278 0.628855 0.0864497 -0.91355 -1.98622 -0.339196

36.0278 0.628856 0.0468499 -0.95315 -1.98625 -0.339182
36.0352 0.629216 0.0468499 -0.95315 -2.04251 -0.127128

36.0352 0.629218 0.00281902 -0.997181 -2.04255 -0.127115
36.0425 0.629238 0.00281902 -0.997181 -2.07938 0.0832078

36.0425 0.62924 -0.0425171 -0.957483 -2.07941 0.0832147
36.0498 0.628915 -0.0425171 -0.957483 -2.09657 0.299113

36.0498 0.628916 -0.0845226 -0.915477 -2.0966 0.299115
36.0571 0.628239 -0.0845226 -0.915477 -2.0947 0.52694

36.0571 0.62824 -0.123317 -0.876683 -2.09471 0.52694
36.0645 0.62721 -0.123317 -0.876683 -2.07639 0.774849

36.0645 0.627211 -0.159257 -0.840743 -2.07641 0.774845
36.0718 0.625823 -0.159257 -0.840743 -2.02445 1.04055

36.0718 0.625824 -0.192597 -0.807403 -2.02447 1.04055
36.0791 0.624077 -0.192597 -0.807403 -1.9143 1.2597

36.0864 0.621982 -0.223424 -0.776576 -1.81517 1.43978
36.0844 0.622559 -0.223424 -0.776576 -1.84212 1.39519

36.0791 0.624072 -0.223424 -0.776576 -1.91405 1.2597
36.0844 0.622559 -0.223424 -0.776576 -1.84226 1.39395

36.0864 0.62198 -0.253554 -0.746446 -1.81508 1.4398
36.0938 0.619492 -0.253554 -0.746446 -1.71895 1.65826

36.3195 0 -0.995744 -0.00425597 2.79393 0
36.3195 0.0146484 -0.995744 -0.00425597 2.79429 0.0532486

36.3195 0.0146484 -0.987321 -0.0126794 2.79429 0.0532487
36.3193 0.0292969 -0.987321 -0.0126794 2.787 0.107813

36.3193 0.0292969 -0.974709 -0.0252908 2.78675 0.107818
36.3186 0.0585938 -0.974709 -0.0252908 2.78476 0.220604

36.3185 0.0585938 -0.962357 -0.037643 2.78499 0.220588
36.318 0.0732422 -0.962357 -0.037643 2.78335 0.280126

36.318 0.0732422 -0.953857 -0.0461433 2.78334 0.280128
36.3173 0.0878906 -0.953857 -0.0461433 2.77355 0.340282

36.3173 0.0878906 -0.945441 -0.0545591 2.77356 0.340281
36.3164 0.102539 -0.945441 -0.0545591 2.76232 0.401337

36.3164 0.102539 -0.937406 -0.0625945 2.76232 0.401337
36.3154 0.117188 -0.937406 -0.0625945 2.75339 0.462122

36.3135 0.141687 -0.921245 -0.0787548 2.73972 0.562403
36.3131 0.146484 -0.921245 -0.0787548 2.73572 0.582594

36.3154 0.117188 -0.929269 -0.0707313 2.75337 0.462122
36.3143 0.131836 -0.929269 -0.0707313 2.74499 0.521929

36.3135 0.141662 -0.921245 -0.0787548 2.73976 0.562295
36.3143 0.131836 -0.921245 -0.0787548 2.74502 0.521929

36.3131 0.146484 -0.913429 -0.0865707 2.73572 0.582594
36.3117 0.161133 -0.913429 -0.0865707 2.72395 0.647173

36.3117 0.161133 -0.905305 -0.0946948 2.72392 0.647174
36.3101 0.175781 -0.905305 -0.0946948 2.70918 0.714501

36.3102 0.175781 -0.896697 -0.103303 2.70915 0.7145
36.3085 0.19043 -0.896697 -0.103303 2.69624 0.781946

36.3085 0.19043 -0.887828 -0.112172 2.69624 0.781945
36.3066 0.205078 -0.887828 -0.112172 2.68273 0.85135

36.3062 0.208419 -0.881269 -0.118731 2.67834 0.868378
36.3056 0.212402 -0.881269 -0.118731 2.67489 0.888086

36.3056 0.212402 -0.876959 -0.123041 2.67488 0.888085
36.3046 0.219727 -0.876959 -0.123041 2.66696 0.925672

36.3062 0.208428 -0.881269 -0.118731 2.67832 0.868423
36.3066 0.205078 -0.881269 -0.118731 2.68282 0.851356

36.3046 0.219727 -0.872498 -0.127502 2.66696 0.925671
36.3035 0.227051 -0.872498 -0.127502 2.65429 0.96323

36.3035 0.227051 -0.868137 -0.131863 2.65429 0.96323
36.3024 0.234375 -0.868137 -0.131863 2.63921 0.999226

36.2988 0.256348 -0.850667 -0.149333 2.58457 1.10247
36.2975 0.263672 -0.850667 -0.149333 2.57792 1.13886

36.2975 0.263672 -0.845654 -0.154346 2.57793 1.13886
36.2962 0.270996 -0.845654 -0.154346 2.57075 1.17582

36.2962 0.270996 -0.840845 -0.159155 2.57075 1.17582
36.2948 0.27832 -0.840845 -0.159155 2.55587 1.21101

36.2948 0.27832 -0.836122 -0.163878 2.55586 1.21101
36.2934 0.285645 -0.836122 -0.163878 2.5349 1.2436

36.2934 0.285645 -0.831326 -0.168674 2.5349 1.2436
36.2919 0.292969 -0.831326 -0.168674 2.51698 1.27803

36.3024 0.234375 -0.863904 -0.136096 2.63921 0.999226
36.3013 0.241699 -0.863904 -0.136096 2.62159 1.03374

36.3013 0.241699 -0.859745 -0.140255 2.62159 1.03374
36.3001 0.249023 -0.859745 -0.140255 2.60061 1.0678

36.2988 0.256305 -0.855457 -0.144543 2.58464 1.10227
36.3001 0.249023 -0.855457 -0.144543 2.6006 1.0678

36.2915 0.294824 -0.826346 -0.173654 2.51385 1.28739
36.2904 0.300293 -0.826346 -0.173654 2.50448 1.31597

36.2904 0.300293 -0.821292 -0.178708 2.50449 1.31598
36.2888 0.307617 -0.821292 -0.178708 2.48775 1.35588

36.2915 0.294812 -0.826346 -0.173654 2.51389 1.28733
36.2919 0.292969 -0.826346 -0.173654 2.51699 1.27803

36.2888 0.307617 -0.816299 -0.183701 2.48774 1.35588
36.2871 0.314941 -0.816299 -0.183701 2.46584 1.39543

36.2871 0.314941 -0.811257 -0.188743 2.46583 1.39543
36.2854 0.322266 -0.811257 -0.188743 2.441 1.43551

36.2842 0.327397 -0.806214 -0.193786 2.42362 1.46621
36.2837 0.32959 -0.806214 -0.193786 2.41481 1.47897

36.2836 0.32959 -0.800991 -0.199009 2.41485 1.47898
36.2818 0.336914 -0.800991 -0.199009 2.39137 1.5237

36.2818 0.336914 -0.795429 -0.204571 2.39136 1.52369
36.2799 0.344238 -0.795429 -0.204571 2.37336 1.56794

36.2799 0.344238 -0.78975 -0.21025 2.37335 1.56794
36.278 0.351562 -0.78975 -0.21025 2.34782 1.60948

36.2842 0.327369 -0.806214 -0.193786 2.42381 1.46606
36.2854 0.322266 -0.806214 -0.193786 2.44102 1.43551

36.2695 0.380836 -0.76654 -0.23346 2.23139 1.78126
36.2695 0.380859 -0.76654 -0.23346 2.23126 1.78141

36.2695 0.380859 -0.760665 -0.239335 2.2314 1.78143
36.2672 0.388184 -0.760665 -0.239335 2.19528 1.82817

36.2672 0.388184 -0.754553 -0.245447 2.19527 1.82817
36.2648 0.395508 -0.754553 -0.245447 2.15925 1.87222

36.2622 0.403284 -0.741971 -0.258029 2.1125 1.91656
36.2598 0.410156 -0.741971 -0.258029 2.07565 1.9603

36.2648 0.395508 -0.748365 -0.251635 2.15925 1.87222
36.2624 0.402832 -0.748365 -0.251635 2.11545 1.91376

36.2622 0.403277 -0.741971 -0.258029 2.11257 1.91652
36.2624 0.402832 -0.741971 -0.258029 2.11545 1.91376

36.2402 0.459074 -0.689925 -0.310075 1.74778 2.26859
36.2392 0.461426 -0.689925 -0.310075 1.72449 2.28306

36.2392 0.461426 -0.681631 -0.318369 1.72463 2.28306
36.2357 0.46875 -0.681631 -0.318369 1.65906 2.33525

36.2549 0.42367 -0.72806 -0.27194 2.00274 2.04344
36.2545 0.424805 -0.72806 -0.27194 1.9945 2.05065

36.2544 0.424805 -0.720872 -0.279128 1.99466 2.05066
36.2516 0.432129 -0.720872 -0.279128 1.94899 2.10181

36.2516 0.432129 -0.713434 -0.286566 1.94898 2.10181
36.2487 0.439453 -0.713434 -0.286566 1.89911 2.14436

36.2598 0.410156 -0.735119 -0.264881 2.07563 1.96029
36.2572 0.41748 -0.735119 -0.264881 2.03876 2.00539

36.2549 0.423624 -0.72806 -0.27194 2.00328 2.04316
36.2572 0.41748 -0.72806 -0.27194 2.03879 2.00538

36.2476 0.442128 -0.705965 -0.294035 1.88068 2.16194
36.2456 0.446777 -0.705965 -0.294035 1.84593 2.19289

36.2456 0.446777 -0.698114 -0.301886 1.84592 2.19289
36.2425 0.454102 -0.698114 -0.301886 1.78611 2.23945

36.2476 0.442105 -0.705965 -0.294035 1.88095 2.16178
36.2487 0.439453 -0.705965 -0.294035 1.89919 2.14435

36.2402 0.459029 -0.689925 -0.310075 1.74848 2.26831
36.2424 0.454102 -0.689925 -0.310075 1.78619 2.23943

36.2769 0.355724 -0.784173 -0.215827 2.33261 1.63472
36.276 0.358887 -0.784173 -0.215827 2.31921 1.65204

36.276 0.358887 -0.778452 -0.221548 2.31924 1.65205
36.2739 0.366211 -0.778452 -0.221548 2.29315 1.69368

36.2769 0.355698 -0.784173 -0.215827 2.33279 1.63459
36.278 0.351562 -0.784173 -0.215827 2.34786 1.60948

36.2739 0.366211 -0.77244 -0.22756 2.29315 1.69368
36.2717 0.373535 -0.77244 -0.22756 2.26777 1.73627

36.2695 0.380788 -0.76654 -0.23346 2.23182 1.78097
36.2717 0.373535 -0.76654 -0.23346 2.26778 1.73627

36.1523 0.58451 -0.454745 -0.545255 -0.365251 2.67227
36.1506 0.585938 -0.454745 -0.545255 -0.408527 2.65432

36.2036 0.525639 -0.603523 -0.396477 0.972331 2.6844
36.2025 0.527344 -0.603523 -0.396477 0.944274 2.6984

36.2109 0.514322 -0.612022 -0.387978 1.10706 2.61342
36.2073 0.52002 -0.612022 -0.387978 1.02519 2.64655

36.2036 0.525591 -0.600761 -0.399239 0.973545 2.68406
36.2073 0.52002 -0.600761 -0.399239 1.02528 2.64657

36.1816 0.554826 -0.541772 -0.458228 0.425046 2.76636
36.1801 0.556641 -0.541772 -0.458228 0.382698 2.76871

36.167 0.570911 -0.501291 -0.498709 0.0326631 2.75928
36.1666 0.571289 -0.501291 -0.498709 0.021295 2.75868

36.1597 0.577996 -0.479662 -0.520338 -0.175285 2.72572
36.159 0.578613 -0.479662 -0.520338 -0.192803 2.72169

36.1523 0.584426 -0.471214 -0.528786 -0.361991 2.67218
36.1589 0.578613 -0.471214 -0.528786 -0.191695 2.72042

36.1597 0.577904 -0.491266 -0.508734 -0.171848 2.72535
36.1665 0.571289 -0.491266 -0.508734 0.022259 2.758

36.1743 0.563184 -0.521284 -0.478716 0.228965 2.76462
36.1736 0.563965 -0.521284 -0.478716 0.210847 2.76423

36.167 0.570801 -0.510192 -0.489808 0.0370516 2.75869
36.1736 0.563965 -0.510192 -0.489808 0.211345 2.7639

36.1743 0.563103 -0.5282 -0.4718 0.231678 2.7641
36.1801 0.556641 -0.5282 -0.4718 0.38288 2.76863

36.1963 0.536112 -0.574533 -0.425467 0.766193 2.72009
36.1919 0.541992 -0.574533 -0.425467 0.65385 2.73698

36.189 0.545786 -0.562316 -0.437684 0.599824 2.74701
36.1862 0.549316 -0.562316 -0.437684 0.531733 2.76112

36.1816 0.554767 -0.545624 -0.454376 0.426971 2.76605
36.1862 0.549316 -0.545624 -0.454376 0.532091 2.7611

36.189 0.545787 -0.564244 -0.435756 0.599807 2.74702
36.1919 0.541992 -0.564244 -0.435756 0.654492 2.7366

36.2025 0.527344 -0.58836 -0.41164 0.94456 2.69844
36.1973 0.534668 -0.58836 -0.41164 0.797976 2.72107

36.1963 0.536104 -0.582167 -0.417833 0.766449 2.72003
36.1973 0.534668 -0.582167 -0.417833 0.798298 2.72079

36.1084 0.613327 -0.309895 -0.690105 -1.44298 1.98783
36.1042 0.615234 -0.309895 -0.690105 -1.52544 1.87129

36.1084 0.61332 -0.335786 -0.664214 -1.44274 1.98788
36.1157 0.609618 -0.335786 -0.664214 -1.28266 2.15335

36.123 0.605508 -0.360195 -0.639805 -1.09739 2.32471
36.1188 0.60791 -0.360195 -0.639805 -1.21052 2.20553

36.1157 0.609587 -0.360195 -0.639805 -1.28096 2.15321
36.1187 0.60791 -0.360195 -0.639805 -1.20994 2.20397

36.0938 0.619492 -0.28289 -0.71711 -1.71895 1.65826
36.1011 0.616602 -0.28289 -0.71711 -1.57818 1.82279

36.1011 0.616582 -0.309895 -0.690105 -1.57715 1.82274
36.1041 0.615234 -0.309895 -0.690105 -1.52505 1.87001

36.1377 0.595953 -0.406559 -0.593441 -0.765803 2.5098
36.1309 0.600586 -0.406559 -0.593441 -0.904668 2.42696

36.123 0.605495 -0.382957 -0.617043 -1.09682 2.32483
36.1304 0.600949 -0.382957 -0.617043 -0.915711 2.42627

36.1304 0.600948 -0.394916 -0.605084 -0.91566 2.42627
36.1309 0.600586 -0.394916 -0.605084 -0.904626 2.42694

36.145 0.590467 -0.429104 -0.570896 -0.557695 2.61327
36.1413 0.593262 -0.429104 -0.570896 -0.656337 2.5742

36.1377 0.595887 -0.42568 -0.57432 -0.762364 2.50941
36.1412 0.593262 -0.42568 -0.57432 -0.655787 2.57276

36.145 0.590406 -0.450007 -0.549993 -0.555346 2.61347
36.1505 0.585938 -0.450007 -0.549993 -0.407483 2.65258

36.2256 0.488945 -0.65449 -0.34551 1.45627 2.45803
36.2246 0.490723 -0.65449 -0.34551 1.43182 2.46828

36.2246 0.490723 -0.644593 -0.355407 1.43207 2.46825
36.2206 0.498047 -0.644593 -0.355407 1.34695 2.52072

36.2329 0.474632 -0.673098 -0.326902 1.60965 2.37149
36.2322 0.476074 -0.673098 -0.326902 1.59233 2.38058

36.2322 0.476074 -0.664061 -0.335939 1.59253 2.38057
36.2285 0.483398 -0.664061 -0.335939 1.511 2.43067

36.2329 0.474579 -0.673098 -0.326902 1.61061 2.37115
36.2357 0.46875 -0.673098 -0.326902 1.65912 2.33524

36.2256 0.488886 -0.65449 -0.34551 1.45748 2.45765
36.2285 0.483398 -0.65449 -0.34551 1.51108 2.43064

36.2183 0.502114 -0.634684 -0.365316 1.31641 2.55444
36.2164 0.505371 -0.634684 -0.365316 1.26683 2.58274

36.2164 0.505371 -0.623741 -0.376259 1.26684 2.58274
36.212 0.512695 -0.623741 -0.376259 1.13718 2.61052

36.2183 0.502069 -0.634684 -0.365316 1.31743 2.55414
36.2206 0.498047 -0.634684 -0.365316 1.34714 2.52069

36.2109 0.514313 -0.615375 -0.384625 1.10729 2.61336
36.2119 0.512695 -0.615375 -0.384625 1.13739 2.61038

