3.38379 0.458944 0.309141 -0.690859 -0.0793768 -0.279645
3.38934 0.461426 0.309141 -0.690859 -0.0841716 -0.269827

3.38924 0.461426 0.309141 -0.690859 -0.0843188 -0.269902
3.39111 0.462266 0.309141 -0.690859 -0.0860151 -0.269596

3.39111 0.462232 0.299641 -0.700359 -0.085834 -0.269551
3.39844 0.465366 0.299641 -0.700359 -0.0996199 -0.259328

3.39844 0.465365 0.290064 -0.709936 -0.0996172 -0.259329
3.40576 0.468357 0.290064 -0.709936 -0.104449 -0.244212

3.40576 0.46835 0.280443 -0.719557 -0.10442 -0.244208
3.40679 0.46875 0.280443 -0.719557 -0.104725 -0.243683

3.40677 0.46875 0.280443 -0.719557 -0.10475 -0.243698
3.41309 0.471212 0.280443 -0.719557 -0.111793 -0.237352

3.41309 0.47121 0.27076 -0.72924 -0.111783 -0.23735
3.42041 0.47393 0.27076 -0.72924 -0.120847 -0.222375

3.42041 0.473923 0.261028 -0.738972 -0.120825 -0.222377
3.4265 0.476074 0.261028 -0.738972 -0.123632 -0.2146

3.4264 0.476074 0.261028 -0.738972 -0.123727 -0.214636
3.42773 0.476546 0.261028 -0.738972 -0.124413 -0.214488

3.42773 0.476516 0.251211 -0.748789 -0.124289 -0.214467
3.43506 0.478973 0.251211 -0.748789 -0.131862 -0.209605

3.43506 0.478972 0.241277 -0.758723 -0.131859 -0.209604
3.44238 0.481302 0.241277 -0.758723 -0.138777 -0.195306

3.44238 0.4813 0.231242 -0.768758 -0.138771 -0.195307
3.44936 0.483398 0.231242 -0.768758 -0.141989 -0.187686

3.44929 0.483398 0.231242 -0.768758 -0.142045 -0.187705
3.44971 0.483525 0.231242 -0.768758 -0.142239 -0.187668

3.44971 0.483504 0.221063 -0.778937 -0.142153 -0.187656
3.45703 0.485583 0.221063 -0.778937 -0.148554 -0.182523

3.45703 0.485582 0.210714 -0.789286 -0.148552 -0.182522
3.46436 0.487538 0.210714 -0.789286 -0.15808 -0.169289

3.46436 0.487537 0.200198 -0.799802 -0.158079 -0.169289
3.47168 0.489371 0.200198 -0.799802 -0.161194 -0.153588

3.47168 0.489367 0.189502 -0.810498 -0.161177 -0.153588
3.47748 0.490723 0.189502 -0.810498 -0.163139 -0.145559

3.4774 0.490723 0.189502 -0.810498 -0.163197 -0.145621
3.479 0.491097 0.189502 -0.810498 -0.164 -0.144648

3.479 0.491083 0.178612 -0.821388 -0.163924 -0.144635
3.48633 0.492675 0.178612 -0.821388 -0.17068 -0.136679

3.48633 0.492675 0.167528 -0.832472 -0.170678 -0.136678
3.49365 0.494149 0.167528 -0.832472 -0.182085 -0.123929

3.49365 0.494148 0.156267 -0.843733 -0.182082 -0.123929
3.50098 0.495505 0.156267 -0.843733 -0.186071 -0.108615

3.50098 0.495505 0.144821 -0.855179 -0.18607 -0.108615
3.5083 0.496745 0.144821 -0.855179 -0.189171 -0.0936608

3.5083 0.496745 0.133182 -0.866818 -0.18917 -0.0936608
3.51562 0.49787 0.133182 -0.866818 -0.190752 -0.0824497

3.51562 0.497869 0.121331 -0.878669 -0.190747 -0.0824492
3.51691 0.498047 0.121331 -0.878669 -0.190737 -0.0809957

3.51691 0.498047 0.121331 -0.878669 -0.190741 -0.0810049
3.52295 0.498881 0.121331 -0.878669 -0.193186 -0.0731512

3.52295 0.498881 0.109251 -0.890749 -0.193184 -0.0731509
3.53027 0.499779 0.109251 -0.890749 -0.198543 -0.0618585

3.53027 0.499779 0.0969241 -0.903076 -0.198542 -0.0618584
3.5376 0.500565 0.0969241 -0.903076 -0.204462 -0.0498125

3.5376 0.500565 0.0843333 -0.915667 -0.20446 -0.0498125
3.54492 0.50124 0.0843333 -0.915667 -0.209731 -0.0377124

3.54492 0.501239 0.0714588 -0.928541 -0.20973 -0.0377123
3.55225 0.501803 0.0714588 -0.928541 -0.212669 -0.0256663

3.55225 0.501803 0.0582701 -0.94173 -0.212669 -0.0256663
3.55957 0.502256 0.0582701 -0.94173 -0.211218 -0.0136338

3.55957 0.502256 0.0447274 -0.955273 -0.211218 -0.0136338
3.56689 0.502599 0.0447274 -0.955273 -0.209023 -0.0016937

3.56689 0.502599 0.0307914 -0.969209 -0.209024 -0.00169371
3.57422 0.502832 0.0307914 -0.969209 -0.206314 0.0101354

3.57422 0.502832 0.0164327 -0.983567 -0.206314 0.0101353
3.58154 0.502954 0.0164327 -0.983567 -0.203233 0.0216409

3.58154 0.502954 0.00163055 -0.998369 -0.203233 0.0216409
3.58887 0.502966 0.00163055 -0.998369 -0.199949 0.0326171

3.58887 0.502966 -0.0132706 -0.986729 -0.199949 0.032617
3.59619 0.502868 -0.0132706 -0.986729 -0.196596 0.0430365

3.59619 0.502868 -0.0277475 -0.972252 -0.196596 0.0430365
3.60352 0.502659 -0.0277475 -0.972252 -0.193419 0.0530667

3.60352 0.502659 -0.0418189 -0.958181 -0.193419 0.0530667
3.61084 0.502339 -0.0418189 -0.958181 -0.190551 0.0629716

3.61084 0.502339 -0.0555121 -0.944488 -0.190551 0.0629715
3.61816 0.501909 -0.0555121 -0.944488 -0.188051 0.0730408

3.61816 0.501909 -0.0688549 -0.931145 -0.188051 0.0730407
3.62549 0.501367 -0.0688549 -0.931145 -0.184347 0.0833074

3.62549 0.501367 -0.0818707 -0.918129 -0.184348 0.0833074
3.63281 0.500714 -0.0818707 -0.918129 -0.179673 0.0937552

3.66211 0.496979 -0.130923 -0.869077 -0.16686 0.131718
3.65502 0.498047 -0.130923 -0.869077 -0.168793 0.122993

3.63281 0.500714 -0.0945752 -0.905425 -0.179674 0.0937553
3.64014 0.499949 -0.0945752 -0.905425 -0.175312 0.104412

3.64014 0.499949 -0.106981 -0.893019 -0.175312 0.104412
3.64746 0.499072 -0.106981 -0.893019 -0.171279 0.114973

3.64746 0.499072 -0.119089 -0.880911 -0.171279 0.114973
3.65479 0.498082 -0.119089 -0.880911 -0.168828 0.122813

3.65479 0.498082 -0.130923 -0.869077 -0.168829 0.122813
3.65502 0.498047 -0.130923 -0.869077 -0.168793 0.122994

3.66211 0.496979 -0.142522 -0.857478 -0.166861 0.131718
3.66943 0.495761 -0.142522 -0.857478 -0.163573 0.144063

3.66943 0.495762 -0.153891 -0.846109 -0.163574 0.144063
3.67676 0.49443 -0.153891 -0.846109 -0.161044 0.156604

3.67676 0.49443 -0.165038 -0.834962 -0.161044 0.156604
3.68408 0.492982 -0.165038 -0.834962 -0.152445 0.167691

3.68408 0.492982 -0.17598 -0.82402 -0.152446 0.167691
3.69141 0.491418 -0.17598 -0.82402 -0.146176 0.175368

3.69873 0.48974 -0.186732 -0.813268 -0.141354 0.183186
3.69445 0.490723 -0.186732 -0.813268 -0.144868 0.177644

3.69141 0.491413 -0.186732 -0.813268 -0.146155 0.175367
3.69441 0.490723 -0.186732 -0.813268 -0.144845 0.177615

3.69873 0.489737 -0.197344 -0.802656 -0.141343 0.183187
3.70605 0.487936 -0.197344 -0.802656 -0.13697 0.19613

3.70605 0.487937 -0.20784 -0.79216 -0.136971 0.196129
3.71338 0.486015 -0.20784 -0.79216 -0.129119 0.209988

3.71338 0.486016 -0.218207 -0.781793 -0.129121 0.209988
3.7207 0.483971 -0.218207 -0.781793 -0.120099 0.216861

3.72803 0.481806 -0.228438 -0.771562 -0.11395 0.224548
3.72265 0.483398 -0.228438 -0.771562 -0.118669 0.217587

3.72803 0.481804 -0.238563 -0.761437 -0.113942 0.224549
3.73535 0.479509 -0.238563 -0.761437 -0.106251 0.240142

3.7207 0.483965 -0.228438 -0.771562 -0.120067 0.216859
3.72262 0.483398 -0.228438 -0.771562 -0.118647 0.217572

3.73535 0.47951 -0.248595 -0.751405 -0.106254 0.240143
3.74268 0.477086 -0.248595 -0.751405 -0.095001 0.246654

3.75 0.474541 -0.258513 -0.741487 1e+30 1e+30
3.7456 0.476074 -0.258513 -0.741487 -0.0919929 0.247432

3.74268 0.477075 -0.258513 -0.741487 -0.094943 0.246649
3.74555 0.476074 -0.258513 -0.741487 -0.0919512 0.247407

