11.5137 0.603345 0.0624516 -0.937548 -1.66538 -0.380887
11.521 0.603833 0.0624516 -0.937548 -1.72036 -0.215263

11.521 0.603836 0.0278252 -0.972175 -1.72049 -0.215257
11.5283 0.604046 0.0278252 -0.972175 -1.75512 -0.0368523

11.5283 0.604048 -0.0105851 -0.989415 -1.75521 -0.0368488
11.5356 0.603969 -0.0105851 -0.989415 -1.76603 0.144891

11.5356 0.603969 -0.0480871 -0.951913 -1.76602 0.144891
11.543 0.603599 -0.0480871 -0.951913 -1.75474 0.321509

11.543 0.603598 -0.0824906 -0.917509 -1.75467 0.321506
11.5503 0.602939 -0.0824906 -0.917509 -1.72683 0.492253

11.5503 0.602938 -0.113837 -0.886163 -1.72676 0.492249
11.5576 0.601997 -0.113837 -0.886163 -1.68568 0.656028

11.5723 0.599288 -0.169251 -0.830749 -1.60315 0.946682
11.5659 0.600586 -0.169251 -0.830749 -1.64085 0.813722

11.5576 0.601995 -0.142425 -0.857575 -1.68561 0.656025
11.5649 0.600779 -0.142425 -0.857575 -1.64534 0.797014

11.5649 0.600785 -0.169251 -0.830749 -1.64553 0.797006
11.5659 0.600586 -0.169251 -0.830749 -1.64088 0.81418

11.5723 0.599293 -0.195578 -0.804422 -1.60327 0.94665
11.5796 0.597512 -0.195578 -0.804422 -1.54667 1.12149

11.5796 0.597514 -0.221389 -0.778611 -1.54672 1.12147
11.5869 0.595432 -0.221389 -0.778611 -1.4596 1.26519

11.5942 0.593073 -0.245549 -0.754451 -1.37902 1.36467
11.5937 0.593262 -0.245549 -0.754451 -1.3841 1.3584

11.5869 0.595427 -0.245549 -0.754451 -1.4594 1.26518
11.5936 0.593262 -0.245549 -0.754451 -1.384 1.35746

11.5942 0.593052 -0.268829 -0.731171 -1.37839 1.3647
11.6016 0.590359 -0.268829 -0.731171 -1.30857 1.51111

11.6162 0.58404 -0.31176 -0.68824 -1.07573 1.76769
11.612 0.585938 -0.31176 -0.68824 -1.14387 1.68566

11.6162 0.584035 -0.331804 -0.668196 -1.07555 1.76772
11.6235 0.580398 -0.331804 -0.668196 -0.958991 1.87473

11.6309 0.576448 -0.351607 -0.648393 -0.83275 1.97047
11.6269 0.578613 -0.351607 -0.648393 -0.904995 1.90562

11.6235 0.580372 -0.351607 -0.648393 -0.957966 1.87466
11.6268 0.578613 -0.351607 -0.648393 -0.904545 1.90467

11.6455 0.567431 -0.390124 -0.609876 -0.62872 2.10129
11.6395 0.571289 -0.390124 -0.609876 -0.704258 2.03265

11.6309 0.576433 -0.37105 -0.62895 -0.832276 1.97056
11.6382 0.572112 -0.37105 -0.62895 -0.720585 2.03093

11.6382 0.572091 -0.384189 -0.615811 -0.719932 2.03083
11.6395 0.571289 -0.384189 -0.615811 -0.704208 2.03262

11.6528 0.56244 -0.406758 -0.593242 -0.470063 2.20016
11.6506 0.563965 -0.406758 -0.593242 -0.514036 2.17051

11.6455 0.567403 -0.408444 -0.591556 -0.627605 2.10119
11.6505 0.563965 -0.408444 -0.591556 -0.513791 2.16919

11.6528 0.562367 -0.42535 -0.57465 -0.467749 2.20041
11.6602 0.556946 -0.42535 -0.57465 -0.330765 2.25203

11.7188 0.497962 -0.565029 -0.434971 0.751852 2.36213
11.7187 0.498047 -0.565029 -0.434971 0.750281 2.36234

11.6968 0.523614 -0.513325 -0.486675 0.351407 2.38699
11.6932 0.527344 -0.513325 -0.486675 0.278557 2.38429

11.7041 0.515533 -0.531178 -0.468822 0.486633 2.3805
11.7001 0.52002 -0.531178 -0.468822 0.410289 2.38839

11.6968 0.523598 -0.520153 -0.479847 0.351836 2.38689
11.7001 0.52002 -0.520153 -0.479847 0.411001 2.38791

11.7114 0.506999 -0.542699 -0.457301 0.608044 2.36883
11.7066 0.512695 -0.542699 -0.457301 0.525775 2.37823

11.7186 0.498047 -0.555882 -0.444118 0.750632 2.36228
11.7128 0.505371 -0.555882 -0.444118 0.629203 2.36987

11.7114 0.50699 -0.548363 -0.451637 0.608229 2.36879
11.7128 0.505371 -0.548363 -0.451637 0.629494 2.36969

11.7041 0.515546 -0.534745 -0.465255 0.486316 2.38058
11.7066 0.512695 -0.534745 -0.465255 0.526246 2.37798

11.6675 0.551158 -0.44218 -0.55782 -0.205932 2.28511
11.6606 0.556641 -0.44218 -0.55782 -0.32379 2.25262

11.6748 0.544946 -0.459276 -0.540724 -0.0709726 2.32861
11.6697 0.549316 -0.459276 -0.540724 -0.162702 2.29646

11.6675 0.551105 -0.452931 -0.547069 -0.204237 2.28489
11.6696 0.549316 -0.452931 -0.547069 -0.162567 2.2963

11.6821 0.538311 -0.476242 -0.523758 0.065873 2.36146
11.6781 0.541992 -0.476242 -0.523758 -0.00726679 2.34336

11.6895 0.531193 -0.495563 -0.504437 0.200266 2.37596
11.6859 0.534668 -0.495563 -0.504437 0.135047 2.36963

11.6821 0.538226 -0.487219 -0.512781 0.0684521 2.36085
11.6859 0.534668 -0.487219 -0.512781 0.135228 2.36958

11.6748 0.544864 -0.470042 -0.529958 -0.0683442 2.32813
11.678 0.541992 -0.470042 -0.529958 -0.00690535 2.34299

11.6602 0.556945 -0.434233 -0.565767 -0.330746 2.25203
11.6606 0.556641 -0.434233 -0.565767 -0.323732 2.25258

11.6895 0.531146 -0.504062 -0.495938 0.201351 2.37598
11.6932 0.527344 -0.504062 -0.495938 0.278786 2.38426

11.6016 0.590356 -0.291231 -0.708769 -1.30851 1.51113
11.6089 0.587347 -0.291231 -0.708769 -1.19079 1.64709

11.6089 0.587328 -0.31176 -0.68824 -1.19001 1.64705
11.612 0.585938 -0.31176 -0.68824 -1.14363 1.68479

11.8359 0.206079 -0.841051 -0.158949 2.40736 0.889992
11.8334 0.219727 -0.841051 -0.158949 2.38752 0.955528

11.8334 0.219727 -0.829952 -0.170048 2.38753 0.955529
11.8304 0.234375 -0.829952 -0.170048 2.35844 1.02905

11.8541 0 -0.993881 -0.00611927 2.57223 0
11.854 0.0146484 -0.993881 -0.00611927 2.5723 0.0604868

11.854 0.0146484 -0.984909 -0.0150914 2.57239 0.0605032
11.8539 0.0219727 -0.984909 -0.0150914 2.5732 0.0887979

11.8539 0.0219727 -0.979488 -0.0205123 2.5732 0.0887985
11.8537 0.0292969 -0.979488 -0.0205123 2.56602 0.122017

11.8537 0.0292969 -0.970304 -0.0296963 2.56591 0.122012
11.8533 0.0439453 -0.970304 -0.0296963 2.55868 0.179411

11.8533 0.0439453 -0.958055 -0.0419445 2.55867 0.179411
11.8527 0.0585938 -0.958055 -0.0419445 2.55718 0.241865

11.8526 0.0585938 -0.947326 -0.0526737 2.55726 0.241871
11.8518 0.0732422 -0.947326 -0.0526737 2.55419 0.306126

11.8518 0.0732422 -0.937097 -0.0629033 2.55412 0.30612
11.8509 0.0878906 -0.937097 -0.0629033 2.54611 0.367478

11.8506 0.0912594 -0.929049 -0.0709507 2.54553 0.381822
11.8503 0.0952148 -0.929049 -0.0709507 2.54503 0.396702

11.8503 0.0952148 -0.923883 -0.0761172 2.54502 0.396702
11.8497 0.102539 -0.923883 -0.0761172 2.53695 0.432795

11.8497 0.102539 -0.917957 -0.0820427 2.53695 0.432795
11.849 0.109863 -0.917957 -0.0820427 2.52682 0.473159

11.849 0.109863 -0.912317 -0.0876834 2.52682 0.473159
11.8483 0.117188 -0.912317 -0.0876834 2.5195 0.514837

11.8506 0.0911185 -0.926215 -0.0737847 2.54565 0.381226
11.8508 0.0878906 -0.926215 -0.0737847 2.54622 0.367483

11.8483 0.117188 -0.906976 -0.0930244 2.51951 0.514839
11.8476 0.124512 -0.906976 -0.0930244 2.51598 0.551184

11.8476 0.124512 -0.90182 -0.0981799 2.51598 0.551184
11.8468 0.131836 -0.90182 -0.0981799 2.50823 0.583131

11.8468 0.131836 -0.896606 -0.103394 2.50822 0.583129
11.8459 0.13916 -0.896606 -0.103394 2.49476 0.612222

11.8459 0.13916 -0.891316 -0.108684 2.49476 0.612222
11.845 0.146484 -0.891316 -0.108684 2.48304 0.639859

11.8433 0.159997 -0.88146 -0.11854 2.47 0.691643
11.8431 0.161133 -0.88146 -0.11854 2.46928 0.69706

11.845 0.146484 -0.886151 -0.113849 2.48304 0.639861
11.8441 0.153809 -0.886151 -0.113849 2.47518 0.667809

11.8433 0.159992 -0.88146 -0.11854 2.47001 0.691624
11.8441 0.153809 -0.88146 -0.11854 2.47519 0.667815

11.8431 0.161133 -0.873206 -0.126794 2.46914 0.697049
11.841 0.175781 -0.873206 -0.126794 2.45542 0.754043

11.841 0.175781 -0.862507 -0.137493 2.45545 0.754048
11.8387 0.19043 -0.862507 -0.137493 2.43266 0.817466

11.8387 0.19043 -0.852058 -0.147942 2.43263 0.817461
11.8361 0.205078 -0.852058 -0.147942 2.4087 0.885266

11.8359 0.206058 -0.841051 -0.158949 2.40742 0.889898
11.8361 0.205078 -0.841051 -0.158949 2.40869 0.885265

11.8286 0.24233 -0.817299 -0.182701 2.34115 1.07107
11.8271 0.249023 -0.817299 -0.182701 2.32448 1.10542

11.8303 0.234375 -0.822049 -0.177951 2.35862 1.02907
11.8288 0.241699 -0.822049 -0.177951 2.34239 1.06766

11.8286 0.242317 -0.817299 -0.182701 2.3412 1.07101
11.8288 0.241699 -0.817299 -0.182701 2.34239 1.06766

11.8271 0.249023 -0.811811 -0.188189 2.32447 1.10541
11.8254 0.256348 -0.811811 -0.188189 2.30387 1.14264

11.8254 0.256348 -0.806051 -0.193949 2.30386 1.14264
11.8237 0.263672 -0.806051 -0.193949 2.28383 1.18025

11.8213 0.273107 -0.795031 -0.204969 2.24987 1.23048
11.8199 0.27832 -0.795031 -0.204969 2.23345 1.25894

11.8199 0.27832 -0.789047 -0.210953 2.23343 1.25893
11.818 0.285645 -0.789047 -0.210953 2.21937 1.29553

11.818 0.285645 -0.782584 -0.217416 2.21937 1.29553
11.816 0.292969 -0.782584 -0.217416 2.20697 1.33486

11.8237 0.263672 -0.80045 -0.19955 2.28384 1.18025
11.8218 0.270996 -0.80045 -0.19955 2.25837 1.21811

11.8213 0.27309 -0.795031 -0.204969 2.24998 1.2304
11.8218 0.270996 -0.795031 -0.204969 2.25839 1.21812

11.8066 0.323632 -0.753191 -0.246809 2.08306 1.49205
11.8047 0.32959 -0.753191 -0.246809 2.05763 1.52295

11.8047 0.32959 -0.747088 -0.252912 2.05762 1.52294
11.8022 0.336914 -0.747088 -0.252912 2.03239 1.56149

11.7993 0.34516 -0.734372 -0.265628 1.99323 1.59976
11.797 0.351562 -0.734372 -0.265628 1.96513 1.63268

11.8022 0.336914 -0.740821 -0.259179 2.03239 1.56149
11.7996 0.344238 -0.740821 -0.259179 1.99854 1.59515

11.7993 0.345154 -0.734372 -0.265628 1.99328 1.59973
11.7996 0.344238 -0.734372 -0.265628 1.99854 1.59515

11.814 0.299916 -0.776498 -0.223502 2.18182 1.37427
11.8139 0.300293 -0.776498 -0.223502 2.18013 1.37628

11.8138 0.300293 -0.77066 -0.22934 2.18023 1.37631
11.8117 0.307617 -0.77066 -0.22934 2.15228 1.41374

11.814 0.299872 -0.776498 -0.223502 2.18212 1.37407
11.816 0.292969 -0.776498 -0.223502 2.20699 1.33487

11.8117 0.307617 -0.76477 -0.23523 2.15228 1.41374
11.8094 0.314941 -0.76477 -0.23523 2.12591 1.4495

11.8094 0.314941 -0.758973 -0.241027 2.12591 1.4495
11.8071 0.322266 -0.758973 -0.241027 2.09022 1.48487

11.8066 0.323616 -0.753191 -0.246809 2.08319 1.49198
11.8071 0.322266 -0.753191 -0.246809 2.09025 1.48487

11.7773 0.399337 -0.685896 -0.314104 1.71786 1.88872
11.7757 0.402832 -0.685896 -0.314104 1.6936 1.90855

11.7757 0.402832 -0.678608 -0.321392 1.69365 1.90856
11.7723 0.410156 -0.678608 -0.321392 1.64214 1.94912

11.7407 0.466827 -0.611712 -0.388288 1.15867 2.25477
11.7395 0.46875 -0.611712 -0.388288 1.13081 2.2701

11.748 0.455059 -0.619586 -0.380414 1.24439 2.1726
11.7441 0.461426 -0.619586 -0.380414 1.18818 2.21065

11.7407 0.466769 -0.610753 -0.389247 1.15988 2.25453
11.7441 0.461426 -0.610753 -0.389247 1.18832 2.21067

11.7627 0.429115 -0.654837 -0.345163 1.50095 2.04372
11.7611 0.432129 -0.654837 -0.345163 1.47633 2.06053

11.7611 0.432129 -0.646743 -0.353257 1.47642 2.06055
11.7571 0.439453 -0.646743 -0.353257 1.41548 2.10096

11.77 0.414775 -0.67092 -0.32908 1.61247 1.97227
11.7687 0.41748 -0.67092 -0.32908 1.58752 1.98548

11.7687 0.41748 -0.662882 -0.337118 1.58763 1.9855
11.765 0.424805 -0.662882 -0.337118 1.52693 2.02208

11.77 0.414729 -0.67092 -0.32908 1.61311 1.97208
11.7723 0.410156 -0.67092 -0.32908 1.64221 1.94911

11.7627 0.429076 -0.654837 -0.345163 1.50148 2.04355
11.7649 0.424805 -0.654837 -0.345163 1.52703 2.02208

11.7554 0.442517 -0.638337 -0.361663 1.39456 2.1186
11.753 0.446777 -0.638337 -0.361663 1.34922 2.1457

11.753 0.446777 -0.629044 -0.370956 1.34921 2.1457
11.7486 0.454102 -0.629044 -0.370956 1.25652 2.16976

11.7554 0.442482 -0.638337 -0.361663 1.39501 2.1184
11.7571 0.439453 -0.638337 -0.361663 1.4156 2.10096

11.748 0.455057 -0.623813 -0.376187 1.24442 2.1726
11.7486 0.454102 -0.623813 -0.376187 1.25664 2.16973

11.792 0.364776 -0.720867 -0.279133 1.91055 1.70887
11.7914 0.366211 -0.720867 -0.279133 1.90158 1.71779

11.7914 0.366211 -0.714256 -0.285744 1.90172 1.71786
11.7885 0.373535 -0.714256 -0.285744 1.86446 1.76558

11.7885 0.373535 -0.707367 -0.292633 1.86444 1.76557
11.7855 0.380859 -0.707367 -0.292633 1.82333 1.79706

11.797 0.351562 -0.727551 -0.272449 1.96513 1.63268
11.7943 0.358887 -0.727551 -0.272449 1.93676 1.67235

11.792 0.364727 -0.720867 -0.279133 1.91106 1.70865
11.7943 0.358887 -0.720867 -0.279133 1.93681 1.67237

11.7847 0.382726 -0.700365 -0.299635 1.81199 1.80599
11.7823 0.388184 -0.700365 -0.299635 1.78144 1.83234

11.7823 0.388184 -0.693117 -0.306883 1.78143 1.83233
11.7791 0.395508 -0.693117 -0.306883 1.7373 1.86739

11.7847 0.382709 -0.700365 -0.299635 1.81215 1.80591
11.7855 0.380859 -0.700365 -0.299635 1.82337 1.79706

11.7773 0.399303 -0.685896 -0.314104 1.71825 1.88858
11.7791 0.395508 -0.685896 -0.314104 1.73739 1.8674

11.7334 0.477823 -0.589626 -0.410374 0.984595 2.28403
11.7295 0.483398 -0.589626 -0.410374 0.913861 2.29929

11.7261 0.488147 -0.582202 -0.417798 0.879206 2.32024
11.7242 0.490723 -0.582202 -0.417798 0.852762 2.33621

11.7188 0.497881 -0.568031 -0.431969 0.753863 2.36183
11.7242 0.490723 -0.568031 -0.431969 0.853061 2.33633

11.7261 0.488117 -0.578967 -0.421033 0.879724 2.32013
11.7295 0.483398 -0.578967 -0.421033 0.914024 2.29926

11.7395 0.46875 -0.60058 -0.39942 1.13098 2.2702
11.7346 0.476074 -0.60058 -0.39942 1.01304 2.28591

11.7334 0.477825 -0.597439 -0.402561 0.984564 2.28404
11.7346 0.476074 -0.597439 -0.402561 1.01332 2.28568

