23.689 0 0.995413 -0.00458681 2.77588 0
23.689 0.00732422 0.995413 -0.00458681 2.76764 -0.0166511

23.689 0.00732422 0.986653 -0.0133471 2.76764 -0.0166527
23.6891 0.0146484 0.986653 -0.0133471 2.74773 -0.023464

23.6892 0.0146484 0.979066 -0.0209335 2.74774 -0.0234695
23.6893 0.0219727 0.979066 -0.0209335 2.72811 -0.0190328

23.6893 0.0219727 0.972753 -0.0272472 2.72811 -0.0190338
23.6895 0.0292969 0.972753 -0.0272472 2.72282 -0.0102154

23.6895 0.0292969 0.966422 -0.0335783 2.72282 -0.0102188
23.6898 0.0366211 0.966422 -0.0335783 2.73864 -0.00851695

23.6898 0.0366211 0.958736 -0.0412645 2.73864 -0.00852749
23.6901 0.0439453 0.958736 -0.0412645 2.76156 -0.019788

23.6901 0.0439453 0.950465 -0.0495345 2.76156 -0.0197862
23.6905 0.0512695 0.950465 -0.0495345 2.75858 -0.0394609

23.6905 0.0512695 0.943165 -0.0568351 2.75858 -0.0394711
23.6909 0.0585938 0.943165 -0.0568351 2.74474 -0.049757

23.6909 0.0585938 0.93563 -0.0643703 2.74473 -0.0497457
23.6914 0.065918 0.93563 -0.0643703 2.75029 -0.056146

23.6914 0.065918 0.928651 -0.0713491 2.7503 -0.0561586
23.692 0.0732422 0.928651 -0.0713491 2.74561 -0.0678229

23.692 0.0732422 0.918767 -0.0812331 2.74558 -0.0678128
23.6932 0.0878906 0.918767 -0.0812331 2.73589 -0.0719913

23.6932 0.0878906 0.899321 -0.100679 2.73581 -0.0719921
23.6965 0.117188 0.899321 -0.100679 2.72365 -0.0862937

23.6965 0.117188 0.880719 -0.119281 2.7237 -0.0862924
23.6985 0.131836 0.880719 -0.119281 2.71901 -0.0901802

23.6985 0.131836 0.868746 -0.131254 2.71901 -0.0901799
23.7007 0.146484 0.868746 -0.131254 2.7185 -0.0920503

23.7007 0.146484 0.856937 -0.143063 2.71849 -0.0920416
23.7012 0.149262 0.856937 -0.143063 2.73309 -0.092793

23.7012 0.149082 0.859614 -0.140386 2.73273 -0.0927923
23.7019 0.153809 0.859614 -0.140386 2.71767 -0.090827

23.7019 0.153809 0.853677 -0.146323 2.71767 -0.0908279
23.7032 0.161133 0.853677 -0.146323 2.70264 -0.0825528

23.7032 0.161133 0.848608 -0.151392 2.70264 -0.082558
23.7045 0.168457 0.848608 -0.151392 2.71656 -0.0770574

23.7045 0.168457 0.842764 -0.157236 2.71656 -0.0770591
23.7059 0.175781 0.842764 -0.157236 2.72243 -0.0893406

23.7059 0.175781 0.836735 -0.163265 2.72243 -0.0893373
23.7073 0.183105 0.836735 -0.163265 2.72483 -0.104706

23.7073 0.183105 0.83066 -0.16934 2.72483 -0.104704
23.7085 0.189017 0.83066 -0.16934 2.7213 -0.114561

23.7085 0.189014 0.83066 -0.16934 2.72131 -0.11456
23.7088 0.19043 0.83066 -0.16934 2.71941 -0.11629

23.7088 0.19043 0.824752 -0.175248 2.71941 -0.11629
23.7103 0.197754 0.824752 -0.175248 2.71156 -0.12419

23.7103 0.197754 0.818991 -0.181009 2.71156 -0.124189
23.712 0.205078 0.818991 -0.181009 2.70915 -0.134003

23.712 0.205078 0.813149 -0.186851 2.70915 -0.134002
23.7136 0.212402 0.813149 -0.186851 2.70937 -0.148188

23.7136 0.212402 0.807048 -0.192952 2.70937 -0.148184
23.7154 0.219727 0.807048 -0.192952 2.70515 -0.160985

23.7154 0.219727 0.801192 -0.198808 2.70515 -0.160987
23.7158 0.221452 0.801192 -0.198808 2.70361 -0.163451

23.7158 0.221442 0.801192 -0.198808 2.70362 -0.163444
23.7172 0.227051 0.801192 -0.198808 2.6997 -0.171921

23.7172 0.227051 0.795609 -0.204391 2.69969 -0.171917
23.7191 0.234375 0.795609 -0.204391 2.69621 -0.182305

23.7191 0.234375 0.790105 -0.209895 2.69621 -0.182307
23.721 0.241699 0.790105 -0.209895 2.6935 -0.194092

23.721 0.241699 0.784725 -0.215275 2.6935 -0.19409
23.723 0.249023 0.784725 -0.215275 2.68664 -0.20494

23.723 0.249023 0.779225 -0.220775 2.68664 -0.204933
23.7231 0.249379 0.779225 -0.220775 2.68615 -0.20532

23.7231 0.249368 0.779225 -0.220775 2.68617 -0.205315
23.7251 0.256348 0.779225 -0.220775 2.67943 -0.212468

23.7251 0.256348 0.773681 -0.226319 2.67943 -0.212467
23.7273 0.263672 0.773681 -0.226319 2.67826 -0.2225

23.7273 0.263672 0.768198 -0.231802 2.67826 -0.222501
23.7295 0.270996 0.768198 -0.231802 2.67455 -0.239159

23.7295 0.270996 0.762804 -0.237196 2.67455 -0.23915
23.7305 0.274201 0.762804 -0.237196 2.67204 -0.246009

23.7305 0.274189 0.762804 -0.237196 2.67205 -0.245998
23.7318 0.27832 0.762804 -0.237196 2.66547 -0.253941

23.7318 0.27832 0.757187 -0.242813 2.66546 -0.253931
23.7341 0.285645 0.757187 -0.242813 2.65663 -0.267782

23.7341 0.285645 0.751352 -0.248648 2.65663 -0.267782
23.7365 0.292969 0.751352 -0.248648 2.64433 -0.285927

23.7365 0.292969 0.745664 -0.254336 2.64433 -0.285924
23.7378 0.296697 0.745664 -0.254336 2.63763 -0.292607

23.7378 0.296687 0.745664 -0.254336 2.63765 -0.292599
23.739 0.300293 0.745664 -0.254336 2.63284 -0.298875

23.739 0.300293 0.740157 -0.259843 2.63283 -0.298871
23.7416 0.307617 0.740157 -0.259843 2.63136 -0.314294

23.7416 0.307617 0.734782 -0.265218 2.63136 -0.314296
23.7442 0.314941 0.734782 -0.265218 2.62208 -0.336753

23.7442 0.314941 0.729602 -0.270398 2.62208 -0.336735
23.7451 0.31733 0.729602 -0.270398 2.61628 -0.34233

23.7451 0.317311 0.729602 -0.270398 2.61633 -0.342315
23.747 0.322266 0.729602 -0.270398 2.60786 -0.353495

23.7469 0.322266 0.724266 -0.275734 2.60785 -0.353482
23.7497 0.32959 0.724266 -0.275734 2.60309 -0.377495

23.7497 0.32959 0.718706 -0.281294 2.60309 -0.377494
23.7524 0.336498 0.718706 -0.281294 2.58919 -0.4049

23.7524 0.336496 0.718706 -0.281294 2.5892 -0.404898
23.7526 0.336914 0.718706 -0.281294 2.58786 -0.406299

23.7526 0.336914 0.713271 -0.286729 2.58786 -0.406298
23.7555 0.344238 0.713271 -0.286729 2.57724 -0.429308

23.7555 0.344238 0.70773 -0.29227 2.57724 -0.4293
23.7586 0.351562 0.70773 -0.29227 2.5611 -0.459111

23.7586 0.351562 0.702262 -0.297738 2.5611 -0.459081
23.7598 0.35439 0.702262 -0.297738 2.54948 -0.469136

23.7598 0.354365 0.702262 -0.297738 2.5496 -0.469108
23.7617 0.358887 0.702262 -0.297738 2.53574 -0.483562

23.7617 0.358887 0.696761 -0.303239 2.53573 -0.483533
23.7649 0.366211 0.696761 -0.303239 2.51943 -0.51396

23.7649 0.366211 0.691146 -0.308854 2.51943 -0.513952
23.7671 0.371195 0.691146 -0.308854 2.50421 -0.536227

23.7671 0.37118 0.691146 -0.308854 2.50428 -0.536211
23.7681 0.373535 0.691146 -0.308854 2.49531 -0.544771

23.7681 0.373535 0.685567 -0.314433 2.4953 -0.544738
23.7715 0.380859 0.685567 -0.314433 2.48062 -0.574616

23.7715 0.380859 0.679999 -0.320001 2.48062 -0.574618
23.7744 0.387061 0.679999 -0.320001 2.45717 -0.605436

23.7744 0.387053 0.679999 -0.320001 2.45723 -0.605427
23.7749 0.388184 0.679999 -0.320001 2.44998 -0.609987

23.7749 0.388184 0.674623 -0.325377 2.44997 -0.609968
23.7785 0.395508 0.674623 -0.325377 2.42851 -0.640165

23.7785 0.395508 0.6691 -0.3309 2.42851 -0.640142
23.7817 0.402109 0.6691 -0.3309 2.40213 -0.67839

23.7817 0.402105 0.6691 -0.3309 2.40217 -0.678388
23.7821 0.402832 0.6691 -0.3309 2.39734 -0.681473

23.7821 0.402832 0.663346 -0.336654 2.39734 -0.681452
23.7858 0.410156 0.663346 -0.336654 2.37843 -0.716016

23.7858 0.410156 0.657392 -0.342608 2.37843 -0.715981
23.7891 0.416398 0.657392 -0.342608 2.35342 -0.763912

23.7891 0.416387 0.657392 -0.342608 2.35352 -0.763901
23.7896 0.41748 0.657392 -0.342608 2.34434 -0.7703

23.7896 0.41748 0.651332 -0.348668 2.34433 -0.770254
23.7935 0.424805 0.651332 -0.348668 2.3093 -0.810889

23.7935 0.424805 0.645555 -0.354445 2.3093 -0.810862
23.7964 0.429979 0.645555 -0.354445 2.28248 -0.845167

23.7964 0.429955 0.645555 -0.354445 2.28271 -0.845146
23.7976 0.432129 0.645555 -0.354445 2.26497 -0.856575

23.7976 0.432129 0.639442 -0.360558 2.26493 -0.856457
23.8017 0.439453 0.639442 -0.360558 2.2238 -0.903077

23.8017 0.439453 0.633242 -0.366758 2.22378 -0.90295
23.8037 0.442949 0.633242 -0.366758 2.20559 -0.931297

23.8037 0.442906 0.633242 -0.366758 2.20586 -0.93128
23.806 0.446777 0.633242 -0.366758 2.19152 -0.961838

23.8059 0.446777 0.626631 -0.373369 2.19141 -0.961641
23.8103 0.454102 0.626631 -0.373369 2.13408 -1.02124

23.8103 0.454102 0.62311 -0.37689 2.13405 -1.02088
23.811 0.455372 0.62311 -0.37689 2.11773 -1.02987

23.811 0.455282 0.619922 -0.380078 2.11894 -1.02988
23.8148 0.461426 0.619922 -0.380078 2.08395 -1.07292

23.8148 0.461426 0.613586 -0.386414 2.08394 -1.07264
23.8184 0.467101 0.613586 -0.386414 2.04082 -1.13251

23.8184 0.467067 0.615305 -0.384695 2.04131 -1.13251
23.8194 0.46875 0.615305 -0.384695 2.01892 -1.14531

23.8194 0.46875 0.60615 -0.39385 2.01888 -1.14509
23.8242 0.476074 0.60615 -0.39385 1.9394 -1.20014

23.8241 0.476074 0.601827 -0.398173 1.93939 -1.19984
23.8257 0.478419 0.601827 -0.398173 1.91561 -1.22017

23.8257 0.478324 0.598682 -0.401318 1.9166 -1.2203
23.8291 0.483398 0.598682 -0.401318 1.8941 -1.26998

23.8291 0.483398 0.591145 -0.408855 1.89392 -1.2696
23.833 0.489115 0.591145 -0.408855 1.84018 -1.34555

23.833 0.489062 0.595663 -0.404337 1.84126 -1.34563
23.8341 0.490723 0.595663 -0.404337 1.80786 -1.36158

23.8341 0.490723 0.582498 -0.417502 1.80786 -1.36133
23.8394 0.498047 0.582498 -0.417502 1.69018 -1.41529

23.8393 0.498047 0.580204 -0.419796 1.69022 -1.41461
23.8403 0.49944 0.580204 -0.419796 1.67196 -1.42528

23.8403 0.499313 0.574468 -0.425532 1.67354 -1.42567
23.8448 0.505371 0.574468 -0.425532 1.61651 -1.48345

23.8448 0.505371 0.569528 -0.430472 1.61656 -1.4826
23.8477 0.509173 0.569528 -0.430472 1.58411 -1.53689

23.8477 0.509058 0.568602 -0.431398 1.58566 -1.53733
23.8504 0.512695 0.568602 -0.431398 1.53277 -1.58127

23.8504 0.512695 0.556601 -0.443399 1.53283 -1.58044
23.855 0.518475 0.556601 -0.443399 1.43964 -1.62827

23.855 0.518431 0.555751 -0.444249 1.44035 -1.62861
23.8563 0.52002 0.555751 -0.444249 1.40779 -1.63898

23.8562 0.52002 0.545921 -0.454079 1.40797 -1.63842
23.8623 0.527336 0.545921 -0.454079 1.29797 -1.68427

23.8623 0.527327 0.541938 -0.458062 1.29803 -1.68433
23.8623 0.527344 0.541938 -0.458062 1.29786 -1.68447

23.8622 0.527344 0.541053 -0.458947 1.29831 -1.68241
23.8623 0.527458 0.541053 -0.458947 1.29717 -1.68334

23.8623 0.527344 0.536504 -0.463496 1.29785 -1.68454
23.8687 0.534668 0.536504 -0.463496 1.21465 -1.7445

23.8686 0.534668 0.531503 -0.468497 1.2152 -1.74277
23.8696 0.535879 0.531503 -0.468497 1.20101 -1.75196

23.8696 0.535771 0.526139 -0.473861 1.20168 -1.75298
23.8752 0.541992 0.526139 -0.473861 1.10103 -1.79053

23.8752 0.541992 0.518674 -0.481326 1.10147 -1.78969
23.877 0.543908 0.518674 -0.481326 1.06457 -1.79425

23.877 0.543805 0.514267 -0.485733 1.0658 -1.79543
23.8822 0.549316 0.514267 -0.485733 0.966142 -1.82654

23.8821 0.549316 0.504997 -0.495003 0.966446 -1.82568
23.8843 0.551524 0.504997 -0.495003 0.928024 -1.84635

23.8843 0.55144 0.497858 -0.502142 0.928939 -1.84712
23.8895 0.556641 0.497858 -0.502142 0.819807 -1.88912

23.8894 0.556641 0.491432 -0.508568 0.820765 -1.88691
23.8916 0.55876 0.491432 -0.508568 0.769901 -1.90708

23.8916 0.558694 0.481612 -0.518388 0.770905 -1.90778
23.8973 0.563965 0.481612 -0.518388 0.642189 -1.94074

23.8972 0.563965 0.476565 -0.523435 0.64339 -1.93918
23.8989 0.56558 0.476565 -0.523435 0.600402 -1.94171

23.8989 0.565518 0.468069 -0.531931 0.601393 -1.94248
23.9055 0.571289 0.468069 -0.531931 0.450799 -1.94649

23.9054 0.571289 0.461487 -0.538513 0.452005 -1.94499
23.9062 0.572057 0.461487 -0.538513 1e+30 1e+30

