29.5991 0.46875 0.608172 -0.391828 2.07529 -1.09718
29.6038 0.476074 0.608172 -0.391828 1.98681 -1.14605

29.6038 0.476074 0.609288 -0.390712 1.98683 -1.1457
29.6045 0.477221 0.609288 -0.390712 1.97032 -1.1513

29.6045 0.477117 0.600944 -0.399056 1.97178 -1.15154
29.6087 0.483398 0.600944 -0.399056 1.9288 -1.19607

29.6086 0.483398 0.593839 -0.406161 1.92877 -1.19554
29.6118 0.488044 0.593839 -0.406161 1.90732 -1.26412

29.6118 0.487985 0.595228 -0.404772 1.90808 -1.26411
29.6137 0.490723 0.595228 -0.404772 1.87844 -1.29616

29.6136 0.490723 0.585193 -0.414807 1.87834 -1.29562
29.6188 0.498047 0.585193 -0.414807 1.77335 -1.36103

29.6188 0.498047 0.582114 -0.417886 1.77343 -1.36005
29.6191 0.49856 0.582114 -0.417886 1.76398 -1.36416

29.6191 0.498432 0.576783 -0.423217 1.76623 -1.36451
29.6242 0.505371 0.576783 -0.423217 1.67944 -1.43021

29.6242 0.505371 0.575373 -0.424627 1.67946 -1.42966
29.6265 0.508431 0.575373 -0.424627 1.65026 -1.47073

29.6265 0.508295 0.56994 -0.43006 1.65147 -1.47106
29.6298 0.512695 0.56994 -0.43006 1.59864 -1.52147

29.6297 0.512695 0.561079 -0.438921 1.59866 -1.52039
29.6338 0.517886 0.561079 -0.438921 1.52385 -1.57479

29.6338 0.517828 0.561871 -0.438129 1.52463 -1.57514
29.6355 0.52002 0.561871 -0.438129 1.48775 -1.59596

29.6355 0.52002 0.549798 -0.450202 1.48789 -1.59523
29.6411 0.526922 0.549798 -0.450202 1.38418 -1.65241

29.6411 0.526901 0.54617 -0.45383 1.38443 -1.65256
29.6415 0.527344 0.54617 -0.45383 1.37764 -1.65637

29.6415 0.527344 0.539733 -0.460267 1.37766 -1.65631
29.6477 0.534668 0.539733 -0.460267 1.27845 -1.71802

29.6476 0.534668 0.535165 -0.464835 1.27897 -1.71603
29.6484 0.535606 0.535165 -0.464835 1.26834 -1.72476

29.6484 0.535476 0.530339 -0.469661 1.26923 -1.72577
29.6542 0.541992 0.530339 -0.469661 1.15958 -1.76434

29.6541 0.541992 0.523823 -0.476177 1.16023 -1.76326
29.6558 0.543784 0.523823 -0.476177 1.12166 -1.76454

29.6558 0.54367 0.519792 -0.480208 1.12323 -1.76594
29.661 0.549316 0.519792 -0.480208 1.03563 -1.78921

29.661 0.549316 0.511148 -0.488852 1.03579 -1.78878
29.6631 0.551546 0.511148 -0.488852 1.00947 -1.80389

29.6631 0.551493 0.50459 -0.49541 1.00977 -1.80442
29.6681 0.556641 0.50459 -0.49541 0.922302 -1.8486

29.6681 0.556641 0.496654 -0.503346 0.922837 -1.84704
29.6704 0.558953 0.496654 -0.503346 0.878968 -1.87393

29.6704 0.558874 0.487311 -0.512689 0.879885 -1.87469
29.6758 0.563965 0.487311 -0.512689 0.749402 -1.91768

29.6756 0.563965 0.482639 -0.517361 0.750989 -1.91491
29.6777 0.565944 0.482639 -0.517361 0.68994 -1.92951

29.6777 0.565858 0.474079 -0.525921 0.691632 -1.93054
29.6838 0.571289 0.474079 -0.525921 0.54316 -1.9515

29.6836 0.571289 0.46806 -0.53194 0.54448 -1.95003
29.6851 0.572543 0.46806 -0.53194 0.510256 -1.94978

29.6851 0.572479 0.459729 -0.540271 0.511228 -1.95063
29.6923 0.578613 0.459729 -0.540271 0.355926 -1.95487

29.6921 0.578613 0.452278 -0.547722 0.356993 -1.95333
29.6924 0.57881 0.452278 -0.547722 0.352828 -1.95374

29.6924 0.57872 0.443779 -0.556221 0.353778 -1.95492
29.6997 0.584564 0.443779 -0.556221 0.212114 -1.98554

29.6997 0.584531 0.426505 -0.573495 0.212668 -1.986
29.7016 0.585938 0.426505 -0.573495 0.171529 -1.99407

29.7015 0.585938 0.426853 -0.573147 0.171987 -1.99331
29.707 0.590022 0.426853 -0.573147 0.0348795 -1.97966

29.707 0.589977 0.409924 -0.590076 0.0357695 -1.98038
29.7118 0.593262 0.409924 -0.590076 -0.0784751 -1.94815

29.7116 0.593262 0.405578 -0.594422 -0.0770654 -1.9478
29.7144 0.595132 0.405578 -0.594422 -0.137364 -1.92971

29.7144 0.595094 0.392629 -0.607371 -0.136677 -1.93021
29.7217 0.599829 0.392629 -0.607371 -0.299219 -1.91044

29.7217 0.599814 0.373675 -0.626325 -0.298902 -1.91064
29.723 0.600586 0.373675 -0.626325 -0.327586 -1.91123

29.7229 0.600586 0.374171 -0.625829 -0.327248 -1.91092
29.729 0.604214 0.374171 -0.625829 -0.484608 -1.85526

29.729 0.604202 0.35453 -0.64547 -0.484293 -1.85541
29.7358 0.60791 0.35453 -0.64547 -0.634453 -1.78201

29.7356 0.60791 0.352587 -0.647413 -0.633383 -1.7816
29.7363 0.608295 0.352587 -0.647413 -0.647187 -1.7797

29.7363 0.608234 0.33352 -0.66648 -0.645896 -1.78034
29.7437 0.611899 0.33352 -0.66648 -0.801188 -1.71506

29.7437 0.611892 0.311678 -0.688322 -0.800978 -1.71518
29.751 0.615208 0.311678 -0.688322 -0.968954 -1.62353

29.751 0.615203 0.288735 -0.711265 -0.968803 -1.62358
29.7511 0.615234 0.288735 -0.711265 -0.970499 -1.62323

29.7509 0.615234 0.311678 -0.688322 -0.969355 -1.62328
29.751 0.615252 0.311678 -0.688322 -0.970254 -1.62308

29.751 0.615234 0.288735 -0.711265 -0.970258 -1.62324
29.7583 0.618186 0.288735 -0.711265 -1.14392 -1.51958

29.7583 0.618183 0.26403 -0.73597 -1.14379 -1.51961
29.7656 0.62081 0.26403 -0.73597 -1.30402 -1.34381

29.7656 0.6208 0.238628 -0.761372 -1.30372 -1.34394
29.7712 0.622559 0.238628 -0.761372 -1.40824 -1.24329

29.7711 0.622559 0.238628 -0.761372 -1.40739 -1.24427
29.7729 0.623124 0.238628 -0.761372 -1.44261 -1.21968

29.7729 0.623107 0.211143 -0.788857 -1.44208 -1.21982
29.7803 0.625068 0.211143 -0.788857 -1.58363 -1.08976

29.7803 0.625069 0.180509 -0.819491 -1.58367 -1.08975
29.7876 0.626682 0.180509 -0.819491 -1.71983 -0.907007

29.7876 0.62668 0.147533 -0.852467 -1.71979 -0.907036
29.7949 0.627948 0.147533 -0.852467 -1.82668 -0.702734

29.7949 0.627945 0.112669 -0.887331 -1.82661 -0.702769
29.8022 0.628875 0.112669 -0.887331 -1.92115 -0.490277

29.8022 0.628874 0.0756168 -0.924383 -1.92112 -0.490292
29.8096 0.629474 0.0756168 -0.924383 -2.00251 -0.272131

29.8096 0.629474 0.0354461 -0.964554 -2.00253 -0.272123
29.8169 0.629743 0.0354461 -0.964554 -2.06309 -0.05393

29.8169 0.629745 -0.00884406 -0.991156 -2.06313 -0.0539164
29.8242 0.62968 -0.00884406 -0.991156 -2.09337 0.164258

29.8242 0.629682 -0.0527485 -0.947252 -2.09342 0.164261
29.8315 0.629274 -0.0527485 -0.947252 -2.09492 0.382371

29.8315 0.629276 -0.0938653 -0.906135 -2.09496 0.382367
29.8389 0.628517 -0.0938653 -0.906135 -2.07771 0.601488

29.8389 0.628518 -0.132194 -0.867806 -2.07774 0.601484
29.8462 0.627403 -0.132194 -0.867806 -2.05021 0.834949

29.8462 0.627404 -0.167841 -0.832159 -2.05024 0.834944
29.8535 0.625927 -0.167841 -0.832159 -1.99916 1.09082

29.8535 0.625926 -0.200726 -0.799274 -1.99911 1.09082
29.8608 0.624086 -0.200726 -0.799274 -1.88311 1.30684

29.8682 0.621901 -0.230751 -0.769249 -1.77648 1.49178
29.866 0.622559 -0.230751 -0.769249 -1.80868 1.44026

29.8608 0.624079 -0.230751 -0.769249 -1.88274 1.30683
29.8659 0.622559 -0.230751 -0.769249 -1.80885 1.43891

29.8682 0.621898 -0.259928 -0.740072 -1.77637 1.4918
29.8755 0.619326 -0.259928 -0.740072 -1.67134 1.71602

29.8755 0.619327 -0.28854 -0.71146 -1.67137 1.716
29.8828 0.616356 -0.28854 -0.71146 -1.52578 1.86015

29.9341 0.583668 -0.455275 -0.544725 -0.319822 2.67091
29.9314 0.585938 -0.455275 -0.544725 -0.388491 2.64506

29.9414 0.577066 -0.480441 -0.519559 -0.129035 2.71502
29.9397 0.578613 -0.480441 -0.519559 -0.172422 2.70627

29.9341 0.583564 -0.471762 -0.528238 -0.315975 2.67096
29.9396 0.578613 -0.471762 -0.528238 -0.171636 2.70545

29.9854 0.524519 -0.598706 -0.401294 0.972283 2.6541
29.9835 0.527344 -0.598706 -0.401294 0.933884 2.67748

30 0.50101 -0.632672 -0.367328 1.29672 2.52255
29.9975 0.505371 -0.632672 -0.367328 1.2494 2.56451

29.9975 0.505371 -0.6223 -0.3777 1.24935 2.56449
29.993 0.512695 -0.6223 -0.3777 1.12891 2.59558

29.9927 0.513261 -0.610311 -0.389689 1.11675 2.59728
29.9884 0.52002 -0.610311 -0.389689 1.01025 2.63002

29.9854 0.524475 -0.598404 -0.401596 0.973217 2.65382
29.9883 0.52002 -0.598404 -0.401596 1.01053 2.62993

29.9927 0.513238 -0.61974 -0.38026 1.11738 2.59714
29.993 0.512695 -0.61974 -0.38026 1.12909 2.59548

29.9634 0.553729 -0.542863 -0.457137 0.445427 2.75013
29.9609 0.556641 -0.542863 -0.457137 0.381034 2.75545

29.9707 0.544715 -0.558348 -0.441652 0.614651 2.73129
29.9671 0.549316 -0.558348 -0.441652 0.522258 2.75126

29.9634 0.553717 -0.547669 -0.452331 0.445771 2.75009
29.967 0.549316 -0.547669 -0.452331 0.522852 2.75098

29.9487 0.569898 -0.502221 -0.497779 0.0705173 2.74054
29.9474 0.571289 -0.502221 -0.497779 0.0325493 2.73839

29.9561 0.562128 -0.522253 -0.477747 0.259292 2.74898
29.9544 0.563965 -0.522253 -0.477747 0.215539 2.74721

29.9487 0.569831 -0.512174 -0.487826 0.0729736 2.74025
29.9543 0.563965 -0.512174 -0.487826 0.216079 2.74686

29.9414 0.576962 -0.490602 -0.509398 -0.125304 2.71474
29.9473 0.571289 -0.490602 -0.509398 0.0330734 2.73806

29.9561 0.562081 -0.529511 -0.470489 0.260805 2.74876
29.9609 0.556641 -0.529511 -0.470489 0.381384 2.75535

29.978 0.535043 -0.572968 -0.427032 0.793771 2.70701
29.9728 0.541992 -0.572968 -0.427032 0.65807 2.7275

29.9834 0.527344 -0.586681 -0.413319 0.934026 2.67751
29.9783 0.534668 -0.586681 -0.413319 0.802295 2.70603

29.978 0.535007 -0.580422 -0.419578 0.794864 2.70677
29.9783 0.534668 -0.580422 -0.419578 0.802447 2.70595

29.9707 0.544714 -0.565311 -0.434689 0.614668 2.73128
29.9728 0.541992 -0.565311 -0.434689 0.658807 2.72704

29.8901 0.612995 -0.315199 -0.684801 -1.39407 2.02122
29.8853 0.615234 -0.315199 -0.684801 -1.48435 1.88906

29.8901 0.612994 -0.340958 -0.659042 -1.39403 2.02122
29.8975 0.609205 -0.340958 -0.659042 -1.23232 2.169

29.9121 0.600436 -0.386135 -0.613865 -0.861064 2.45501
29.9119 0.600586 -0.386135 -0.613865 -0.86677 2.45315

29.9048 0.604994 -0.365306 -0.634694 -1.07266 2.32597
29.8997 0.60791 -0.365306 -0.634694 -1.18515 2.19438

29.8975 0.609179 -0.365239 -0.634761 -1.23103 2.16885
29.8997 0.60791 -0.365239 -0.634761 -1.18473 2.1936

29.9048 0.604981 -0.38745 -0.61255 -1.07214 2.32608
29.9117 0.600586 -0.38745 -0.61255 -0.866138 2.45198

29.8828 0.616338 -0.315199 -0.684801 -1.52491 1.86009
29.8852 0.615234 -0.315199 -0.684801 -1.48404 1.88827

29.9121 0.600375 -0.410282 -0.589718 -0.858278 2.45494
29.9194 0.59528 -0.410282 -0.589718 -0.696336 2.52286

29.9268 0.589701 -0.432744 -0.567256 -0.522658 2.60643
29.9221 0.593262 -0.432744 -0.567256 -0.630355 2.54521

29.9194 0.595203 -0.423688 -0.576312 -0.692872 2.5223
29.9221 0.593262 -0.423688 -0.576312 -0.63021 2.54501

29.9268 0.589628 -0.450097 -0.549903 -0.520172 2.60672
29.9313 0.585938 -0.450097 -0.549903 -0.387915 2.64415

30.1032 0 -0.990713 -0.00928695 2.74217 0
30.1029 0.0292969 -0.990713 -0.00928695 2.74382 0.109812

30.1029 0.0292969 -0.972393 -0.0276069 2.74379 0.109812
30.1021 0.0585938 -0.972393 -0.0276069 2.74502 0.221003

30.1021 0.0585938 -0.95902 -0.0409801 2.74534 0.221004
30.1014 0.0732422 -0.95902 -0.0409801 2.74425 0.28069

30.1014 0.0732422 -0.950738 -0.049262 2.74424 0.28069
30.1007 0.0878906 -0.950738 -0.049262 2.73169 0.34097

30.1007 0.0878906 -0.94239 -0.0576099 2.73169 0.34097
30.0998 0.102539 -0.94239 -0.0576099 2.71803 0.399618

30.0998 0.102539 -0.933993 -0.0660067 2.71802 0.399619
30.0987 0.117188 -0.933993 -0.0660067 2.71081 0.459649

30.0987 0.117188 -0.925835 -0.0741649 2.71082 0.459649
30.0976 0.131836 -0.925835 -0.0741649 2.70328 0.520894

30.0976 0.131836 -0.91794 -0.0820603 2.70327 0.520894
30.0963 0.146484 -0.91794 -0.0820603 2.69199 0.582874

30.0963 0.146484 -0.909402 -0.0905979 2.69194 0.582872
30.0948 0.161133 -0.909402 -0.0905979 2.6816 0.646849

30.0948 0.161133 -0.900425 -0.0995752 2.68161 0.646849
30.0932 0.175781 -0.900425 -0.0995752 2.67326 0.714491

30.0879 0.21632 -0.873925 -0.126075 2.60799 0.90439
30.0874 0.219727 -0.873925 -0.126075 2.60407 0.919309

30.0874 0.219727 -0.869407 -0.130593 2.6041 0.919316
30.0863 0.227051 -0.869407 -0.130593 2.59921 0.95325

30.0863 0.227051 -0.864471 -0.135529 2.59921 0.953251
30.0851 0.234375 -0.864471 -0.135529 2.59007 0.987977

30.0932 0.175781 -0.891998 -0.108002 2.67328 0.714491
30.0914 0.19043 -0.891998 -0.108002 2.65426 0.783096

30.0914 0.19043 -0.885954 -0.114046 2.65432 0.783103
30.0905 0.197754 -0.885954 -0.114046 2.64049 0.816957

30.0905 0.197754 -0.881708 -0.118292 2.6405 0.816957
30.0895 0.205078 -0.881708 -0.118292 2.62629 0.850539

30.0879 0.216262 -0.875675 -0.124325 2.60813 0.904136
30.0895 0.205078 -0.875675 -0.124325 2.62621 0.850528

30.0851 0.234375 -0.860044 -0.139956 2.59008 0.98798
30.084 0.241699 -0.860044 -0.139956 2.57791 1.02163

30.084 0.241699 -0.85578 -0.14422 2.5779 1.02163
30.0827 0.249023 -0.85578 -0.14422 2.56468 1.05349

30.0806 0.261169 -0.846261 -0.153739 2.54479 1.10969
30.0801 0.263672 -0.846261 -0.153739 2.5382 1.12176

30.0827 0.249023 -0.851151 -0.148849 2.56467 1.05349
30.0814 0.256348 -0.851151 -0.148849 2.55233 1.08678

30.0806 0.261151 -0.846261 -0.153739 2.54487 1.1096
30.0814 0.256348 -0.846261 -0.153739 2.55233 1.08678

30.0801 0.263672 -0.841302 -0.158698 2.53822 1.12176
30.0787 0.270996 -0.841302 -0.158698 2.52407 1.15783

30.0787 0.270996 -0.836397 -0.163603 2.52407 1.15783
30.0773 0.27832 -0.836397 -0.163603 2.51874 1.19674

30.0773 0.27832 -0.83171 -0.16829 2.51874 1.19674
30.0758 0.285645 -0.83171 -0.16829 2.50691 1.23761

30.0758 0.285645 -0.827031 -0.172969 2.50691 1.23761
30.0743 0.292969 -0.827031 -0.172969 2.48209 1.2772

30.0732 0.297816 -0.82258 -0.17742 2.46533 1.30368
30.0727 0.300293 -0.82258 -0.17742 2.45753 1.31596

30.0727 0.300293 -0.817635 -0.182365 2.45756 1.31597
30.0711 0.307617 -0.817635 -0.182365 2.444 1.35427

30.0711 0.307617 -0.812045 -0.187955 2.44401 1.35427
30.0694 0.314941 -0.812045 -0.187955 2.43468 1.39819

30.0694 0.314941 -0.806809 -0.193191 2.43469 1.3982
30.0676 0.322266 -0.806809 -0.193191 2.40977 1.44089

30.0732 0.297761 -0.82258 -0.17742 2.46561 1.30344
30.0743 0.292969 -0.82258 -0.17742 2.48214 1.27722

30.0659 0.329189 -0.801817 -0.198183 2.38175 1.47978
30.0658 0.32959 -0.801817 -0.198183 2.37996 1.48198

30.0658 0.32959 -0.796734 -0.203266 2.38003 1.48199
30.0639 0.336914 -0.796734 -0.203266 2.35566 1.52141

30.0659 0.329151 -0.801817 -0.198183 2.382 1.47959
30.0676 0.322266 -0.801817 -0.198183 2.40978 1.44089

30.0639 0.336914 -0.791259 -0.208741 2.35565 1.5214
30.062 0.344238 -0.791259 -0.208741 2.33922 1.56119

30.062 0.344238 -0.785656 -0.214344 2.33922 1.56119
30.06 0.351562 -0.785656 -0.214344 2.31286 1.60319

30.0586 0.356626 -0.780248 -0.219752 2.29147 1.63418
30.058 0.358887 -0.780248 -0.219752 2.27905 1.6471

30.058 0.358887 -0.77489 -0.22511 2.27911 1.64711
30.0558 0.366211 -0.77489 -0.22511 2.24434 1.68938

30.0558 0.366211 -0.769275 -0.230725 2.24432 1.68937
30.0536 0.373535 -0.769275 -0.230725 2.21512 1.72844

30.0536 0.373535 -0.763452 -0.236548 2.21511 1.72845
30.0514 0.380859 -0.763452 -0.236548 2.18147 1.76874

30.0439 0.403188 -0.738075 -0.261925 2.08182 1.90615
30.0415 0.410156 -0.738075 -0.261925 2.04554 1.95053

30.0513 0.381145 -0.757338 -0.242662 2.18004 1.77047
30.049 0.388184 -0.757338 -0.242662 2.15217 1.81437

30.049 0.388184 -0.750866 -0.249134 2.15216 1.81437
30.0466 0.395508 -0.750866 -0.249134 2.1244 1.86058

30.0513 0.38114 -0.757338 -0.242662 2.18008 1.77044
30.0514 0.380859 -0.757338 -0.242662 2.18146 1.76874

30.0466 0.395508 -0.74446 -0.25554 2.1244 1.86058
30.0441 0.402832 -0.74446 -0.25554 2.08406 1.90394

30.0439 0.403181 -0.738075 -0.261925 2.08189 1.90611
30.0441 0.402832 -0.738075 -0.261925 2.08407 1.90394

30.0293 0.441446 -0.702897 -0.297103 1.85642 2.13914
30.027 0.446777 -0.702897 -0.297103 1.82172 2.17619

30.027 0.446777 -0.695059 -0.304941 1.8217 2.17618
30.0238 0.454102 -0.695059 -0.304941 1.76626 2.22347

30.022 0.458201 -0.68693 -0.31307 1.73789 2.25004
30.0205 0.461426 -0.68693 -0.31307 1.70767 2.27088

30.0205 0.461426 -0.678681 -0.321319 1.70776 2.27089
30.017 0.46875 -0.678681 -0.321319 1.64225 2.3215

30.022 0.458164 -0.68693 -0.31307 1.73845 2.24982
30.0238 0.454102 -0.68693 -0.31307 1.76635 2.22346

30.0366 0.423205 -0.724646 -0.275354 1.97451 2.02716
30.036 0.424805 -0.724646 -0.275354 1.96301 2.03656

30.0415 0.410156 -0.731409 -0.268591 2.04553 1.95053
30.0388 0.41748 -0.731409 -0.268591 2.00753 1.994

30.0366 0.423164 -0.724646 -0.275354 1.97499 2.02694
30.0388 0.41748 -0.724646 -0.275354 2.00757 1.99399

30.036 0.424805 -0.717674 -0.282326 1.96313 2.03657
30.0331 0.432129 -0.717674 -0.282326 1.91833 2.0845

30.0331 0.432129 -0.710334 -0.289666 1.91831 2.08449
30.0301 0.439453 -0.710334 -0.289666 1.8698 2.12598

30.0293 0.441428 -0.702897 -0.297103 1.85663 2.13902
30.0301 0.439453 -0.702897 -0.297103 1.86986 2.12598

30.0586 0.356591 -0.780248 -0.219752 2.29176 1.634
30.06 0.351562 -0.780248 -0.219752 2.3129 1.6032

30.0146 0.47362 -0.670284 -0.329716 1.60465 2.35366
30.0134 0.476074 -0.670284 -0.329716 1.57743 2.37009

30.0134 0.476074 -0.661627 -0.338373 1.57758 2.3701
30.0097 0.483398 -0.661627 -0.338373 1.49581 2.41818

30.0073 0.487863 -0.652461 -0.347539 1.45251 2.4414
30.0058 0.490723 -0.652461 -0.347539 1.41161 2.45744

30.0058 0.490723 -0.642574 -0.357426 1.41173 2.45744
30.0017 0.498047 -0.642574 -0.357426 1.32052 2.50124

30.0073 0.487814 -0.652461 -0.347539 1.45353 2.44111
30.0097 0.483398 -0.652461 -0.347539 1.49592 2.41814

30.0146 0.473573 -0.670284 -0.329716 1.60547 2.35337
30.017 0.46875 -0.670284 -0.329716 1.64235 2.32149

30 0.500982 -0.632672 -0.367328 1.29716 2.52232
30.0017 0.498047 -0.632672 -0.367328 1.32069 2.50121

