9.63867 0.592804 -0.0895822 -0.910418 -1.59072 0.330578
9.646 0.592084 -0.0895822 -0.910418 -1.57204 0.468854

9.646 0.592083 -0.117975 -0.882025 -1.57203 0.468855
9.65332 0.591103 -0.117975 -0.882025 -1.54964 0.614472

9.65332 0.591104 -0.144604 -0.855396 -1.54964 0.614471
9.66064 0.589865 -0.144604 -0.855396 -1.52172 0.77268

9.66064 0.589867 -0.169975 -0.830025 -1.52174 0.772672
9.66797 0.588367 -0.169975 -0.830025 -1.45544 0.92468

9.66797 0.588367 -0.194161 -0.805839 -1.45545 0.924681
9.67529 0.586602 -0.194161 -0.805839 -1.39053 1.03485

9.67529 0.586599 -0.217098 -0.782902 -1.39043 1.03485
9.67768 0.585938 -0.217098 -0.782902 -1.3737 1.0638

9.78516 0.524353 -0.473082 -0.526918 0.098553 2.20912
9.78183 0.527344 -0.473082 -0.526918 0.0440194 2.19789

9.74854 0.553248 -0.392438 -0.607562 -0.509409 1.98982
9.74328 0.556641 -0.392438 -0.607562 -0.572407 1.92919

9.75586 0.548259 -0.405987 -0.594013 -0.369061 2.07858
9.75431 0.549316 -0.405987 -0.594013 -0.396889 2.05799

9.74854 0.553222 -0.408872 -0.591128 -0.508806 1.98991
9.75418 0.549316 -0.408872 -0.591128 -0.396576 2.05649

9.73389 0.562402 -0.357038 -0.642962 -0.692238 1.86834
9.73107 0.563965 -0.357038 -0.642962 -0.735638 1.84068

9.72656 0.566402 -0.357038 -0.642962 -0.806639 1.79817
9.73095 0.563965 -0.357038 -0.642962 -0.735601 1.83972

9.73389 0.562369 -0.37497 -0.62503 -0.691304 1.86845
9.74121 0.557975 -0.37497 -0.62503 -0.597842 1.92007

9.74121 0.557947 -0.38961 -0.61039 -0.597019 1.91995
9.74326 0.556641 -0.38961 -0.61039 -0.572235 1.92901

9.77051 0.537016 -0.440578 -0.559422 -0.145911 2.14075
9.76419 0.541992 -0.440578 -0.559422 -0.234184 2.11781

9.75586 0.548178 -0.424649 -0.575351 -0.366637 2.0788
9.76318 0.542772 -0.424649 -0.575351 -0.24875 2.12049

9.76318 0.542757 -0.433337 -0.566663 -0.248353 2.12043
9.76418 0.541992 -0.433337 -0.566663 -0.234145 2.1178

9.77783 0.530889 -0.455516 -0.544484 -0.0257734 2.18437
9.77331 0.534668 -0.455516 -0.544484 -0.0959224 2.15682

9.77051 0.536954 -0.450269 -0.549731 -0.144077 2.14052
9.7733 0.534668 -0.450269 -0.549731 -0.095813 2.15668

9.77783 0.530788 -0.466091 -0.533909 -0.0228249 2.18383
9.78178 0.527344 -0.466091 -0.533909 0.0441982 2.19778

9.81445 0.493841 -0.539129 -0.460871 0.578372 2.22691
9.81086 0.498047 -0.539129 -0.460871 0.519387 2.23533

9.7998 0.510003 -0.506706 -0.493294 0.342169 2.23019
9.79718 0.512695 -0.506706 -0.493294 0.297428 2.22738

9.79248 0.517387 -0.490757 -0.509243 0.217613 2.22141
9.78975 0.52002 -0.490757 -0.509243 0.173077 2.21781

9.78516 0.524257 -0.482375 -0.517625 0.100708 2.20923
9.7897 0.52002 -0.482375 -0.517625 0.173286 2.21774

9.79248 0.517325 -0.498578 -0.501422 0.21896 2.22141
9.79714 0.512695 -0.498578 -0.501422 0.297666 2.2273

9.80713 0.502162 -0.522734 -0.477266 0.467334 2.23404
9.8042 0.505371 -0.522734 -0.477266 0.416352 2.23504

9.7998 0.509976 -0.514517 -0.485483 0.342753 2.23017
9.80415 0.505371 -0.514517 -0.485483 0.416617 2.23502

9.80713 0.502158 -0.529283 -0.470717 0.467419 2.23403
9.81079 0.498047 -0.529283 -0.470717 0.519765 2.23538

9.8291 0.475858 -0.569763 -0.430237 0.813639 2.21459
9.82894 0.476074 -0.569763 -0.430237 0.810066 2.21504

9.8289 0.476074 -0.560767 -0.439233 0.810308 2.21503
9.82317 0.483398 -0.560767 -0.439233 0.703646 2.21972

9.82178 0.485095 -0.548756 -0.451244 0.684872 2.21815
9.81715 0.490723 -0.548756 -0.451244 0.614695 2.22579

9.81445 0.493861 -0.542142 -0.457858 0.577968 2.22701
9.8171 0.490723 -0.542142 -0.457858 0.615141 2.22556

9.82178 0.485088 -0.554224 -0.445776 0.684987 2.21813
9.82314 0.483398 -0.554224 -0.445776 0.703892 2.21957

9.8291 0.475786 -0.571801 -0.428199 0.8152 2.21443
9.83437 0.46875 -0.571801 -0.428199 0.899692 2.19511

9.96092 0.0585938 -0.938297 -0.0617026 2.4556 0.240836
9.959 0.0878906 -0.938297 -0.0617026 2.43967 0.366775

9.95896 0.0878906 -0.911827 -0.0881735 2.43993 0.366794
9.95613 0.117188 -0.911827 -0.0881735 2.41401 0.497283

9.95608 0.117188 -0.894146 -0.105854 2.41445 0.497336
9.95435 0.131836 -0.894146 -0.105854 2.39867 0.560872

9.95435 0.131836 -0.882357 -0.117643 2.39866 0.560871
9.9524 0.146484 -0.882357 -0.117643 2.38527 0.62672

9.95238 0.146484 -0.873781 -0.126219 2.38544 0.626748
9.95132 0.153809 -0.873781 -0.126219 2.38465 0.662855

9.95132 0.153809 -0.868705 -0.131295 2.38463 0.662851
9.95021 0.161133 -0.868705 -0.131295 2.37387 0.699682

9.95022 0.161133 -0.862822 -0.137178 2.37385 0.699678
9.94905 0.168457 -0.862822 -0.137178 2.34623 0.729392

9.94905 0.168457 -0.857152 -0.142848 2.34625 0.729391
9.94783 0.175781 -0.857152 -0.142848 2.33504 0.761523

9.94629 0.184587 -0.845551 -0.154449 2.32513 0.804309
9.94522 0.19043 -0.845551 -0.154449 2.31928 0.833377

9.94522 0.19043 -0.839238 -0.160762 2.31931 0.833384
9.94382 0.197754 -0.839238 -0.160762 2.31706 0.870346

9.94382 0.197754 -0.833558 -0.166442 2.31706 0.870347
9.94235 0.205078 -0.833558 -0.166442 2.31268 0.908313

9.94783 0.175781 -0.851818 -0.148182 2.33502 0.761522
9.94656 0.183105 -0.851818 -0.148182 2.32861 0.797217

9.94629 0.184577 -0.845551 -0.154449 2.32516 0.804265
9.94656 0.183105 -0.845551 -0.154449 2.3286 0.797214

9.94235 0.205078 -0.827828 -0.172172 2.31268 0.908311
9.94083 0.212402 -0.827828 -0.172172 2.29757 0.947729

9.94083 0.212402 -0.822157 -0.177843 2.29757 0.947732
9.93925 0.219727 -0.822157 -0.177843 2.27387 0.985598

9.93896 0.220981 -0.816604 -0.183396 2.26936 0.992148
9.9376 0.227051 -0.816604 -0.183396 2.25547 1.02033

9.9376 0.227051 -0.810933 -0.189067 2.25547 1.02033
9.93589 0.234375 -0.810933 -0.189067 2.24668 1.05459

9.93896 0.220969 -0.816604 -0.183396 2.26943 0.992096
9.93924 0.219727 -0.816604 -0.183396 2.27388 0.985604

9.96254 0 -0.974827 -0.0251732 2.46527 0
9.96102 0.0585938 -0.974827 -0.0251732 2.45474 0.240805

9.90234 0.342599 -0.719387 -0.280613 1.86368 1.58468
9.9017 0.344238 -0.719387 -0.280613 1.85439 1.59319

9.90169 0.344238 -0.712703 -0.287297 1.85449 1.59323
9.89874 0.351562 -0.712703 -0.287297 1.82006 1.63478

9.93164 0.251511 -0.794171 -0.205829 2.18523 1.13997
9.93039 0.256348 -0.794171 -0.205829 2.16441 1.16028

9.93039 0.256348 -0.788651 -0.211349 2.16441 1.16027
9.92843 0.263672 -0.788651 -0.211349 2.1483 1.19294

9.92432 0.278228 -0.776173 -0.223827 2.11613 1.26602
9.92429 0.27832 -0.776173 -0.223827 2.11575 1.26651

9.92843 0.263672 -0.782443 -0.217557 2.14829 1.19293
9.92639 0.270996 -0.782443 -0.217557 2.13916 1.22776

9.92432 0.278184 -0.776173 -0.223827 2.11642 1.26582
9.92639 0.270996 -0.776173 -0.223827 2.13917 1.22776

9.92428 0.27832 -0.770005 -0.229995 2.11585 1.26655
9.92209 0.285645 -0.770005 -0.229995 2.09063 1.30376

9.92209 0.285645 -0.763753 -0.236247 2.09063 1.30376
9.91983 0.292969 -0.763753 -0.236247 2.06946 1.33982

9.93589 0.234375 -0.805149 -0.194851 2.24667 1.05459
9.93412 0.241699 -0.805149 -0.194851 2.23071 1.09099

9.93412 0.241699 -0.799475 -0.200525 2.23071 1.09099
9.93228 0.249023 -0.799475 -0.200525 2.1982 1.12708

9.93164 0.25149 -0.794171 -0.205829 2.18538 1.13988
9.93228 0.249023 -0.794171 -0.205829 2.19823 1.12709

9.91699 0.301781 -0.751825 -0.248175 2.03123 1.38624
9.91507 0.307617 -0.751825 -0.248175 2.00711 1.41801

9.91507 0.307617 -0.745608 -0.254392 2.00709 1.418
9.91257 0.314941 -0.745608 -0.254392 1.98069 1.45428

9.91257 0.314941 -0.739165 -0.260835 1.98069 1.45428
9.90998 0.322266 -0.739165 -0.260835 1.94589 1.48557

9.91982 0.292969 -0.75769 -0.24231 2.06947 1.33983
9.91748 0.300293 -0.75769 -0.24231 2.03868 1.37776

9.91699 0.301766 -0.751825 -0.248175 2.03135 1.38618
9.91748 0.300293 -0.751825 -0.248175 2.03871 1.37777

9.90967 0.323135 -0.732668 -0.267332 1.94071 1.48973
9.90731 0.32959 -0.732668 -0.267332 1.91239 1.51935

9.90731 0.32959 -0.725967 -0.274033 1.91238 1.51934
9.90455 0.336914 -0.725967 -0.274033 1.88647 1.55417

9.90967 0.323129 -0.732668 -0.267332 1.94076 1.4897
9.90998 0.322266 -0.732668 -0.267332 1.94589 1.48557

9.90234 0.342555 -0.719387 -0.280613 1.86409 1.58451
9.90454 0.336914 -0.719387 -0.280613 1.88651 1.55418

9.87305 0.406606 -0.653723 -0.346277 1.48909 1.89937
9.87117 0.410156 -0.653723 -0.346277 1.46436 1.91982

9.8877 0.376946 -0.684429 -0.315571 1.68283 1.76052
9.88589 0.380859 -0.684429 -0.315571 1.65745 1.78265

9.89502 0.360438 -0.698658 -0.301342 1.76886 1.67279
9.89253 0.366211 -0.698658 -0.301342 1.73861 1.70317

9.89874 0.351562 -0.70569 -0.29431 1.82005 1.63478
9.89569 0.358887 -0.70569 -0.29431 1.77876 1.66533

9.89502 0.360423 -0.698658 -0.301342 1.76901 1.67273
9.89568 0.358887 -0.698658 -0.301342 1.77881 1.66534

9.89253 0.366211 -0.69151 -0.30849 1.7386 1.70316
9.88926 0.373535 -0.69151 -0.30849 1.6995 1.74029

9.8877 0.376915 -0.684429 -0.315571 1.68312 1.76037
9.88925 0.373535 -0.684429 -0.315571 1.69958 1.74032

9.88037 0.392311 -0.669539 -0.330461 1.58531 1.83253
9.87879 0.395508 -0.669539 -0.330461 1.55994 1.84627

9.88589 0.380859 -0.677188 -0.322812 1.65748 1.78266
9.8824 0.388184 -0.677188 -0.322812 1.60814 1.81638

9.88037 0.392272 -0.669539 -0.330461 1.58578 1.83239
9.88239 0.388184 -0.669539 -0.330461 1.60821 1.81638

9.87879 0.395508 -0.661569 -0.338431 1.56001 1.84628
9.87504 0.402832 -0.661569 -0.338431 1.5072 1.87877

9.87305 0.40657 -0.653723 -0.346277 1.48951 1.89925
9.87503 0.402832 -0.653723 -0.346277 1.50731 1.87879

9.8584 0.432569 -0.61988 -0.38012 1.26002 2.02028
9.85418 0.439453 -0.61988 -0.38012 1.20342 2.05661

9.86572 0.42 -0.637674 -0.362326 1.39018 1.96762
9.86299 0.424805 -0.637674 -0.362326 1.35002 1.99701

9.87116 0.410156 -0.645943 -0.354057 1.46442 1.91984
9.86715 0.41748 -0.645943 -0.354057 1.40805 1.95517

9.86572 0.419969 -0.637674 -0.362326 1.39057 1.96748
9.86714 0.41748 -0.637674 -0.362326 1.40813 1.95517

9.86299 0.424805 -0.62886 -0.37114 1.35003 1.99701
9.85867 0.432129 -0.62886 -0.37114 1.26585 2.01916

9.8584 0.432562 -0.62654 -0.37346 1.26013 2.02026
9.85866 0.432129 -0.62654 -0.37346 1.26593 2.01916

9.85107 0.44437 -0.611611 -0.388389 1.18708 2.10162
9.84955 0.446777 -0.611611 -0.388389 1.15764 2.12294

9.84953 0.446777 -0.60198 -0.39802 1.15775 2.12304
9.84469 0.454102 -0.60198 -0.39802 1.04386 2.1385

9.85107 0.444312 -0.611416 -0.388584 1.18813 2.10141
9.85416 0.439453 -0.611416 -0.388584 1.2036 2.05668

9.84375 0.455468 -0.59975 -0.40025 1.01878 2.13785
9.84466 0.454102 -0.59975 -0.40025 1.04401 2.1384

