8.65808 0.46875 0.536826 -0.463174 1.17248 -1.50577
8.6644 0.476074 0.536826 -0.463174 1.08393 -1.52775

8.66431 0.476074 0.531968 -0.468032 1.08407 -1.52687
8.66455 0.476349 0.531968 -0.468032 1.08187 -1.5279

8.66455 0.476244 0.527198 -0.472802 1.08257 -1.52843
8.67097 0.483398 0.527198 -0.472802 1.01596 -1.56079

8.6709 0.483398 0.521606 -0.478394 1.01613 -1.56003
8.67188 0.484463 0.521606 -0.478394 1.00549 -1.56443

8.67188 0.484383 0.51634 -0.48366 1.0061 -1.56491
8.67781 0.490723 0.51634 -0.48366 0.927252 -1.58762

8.67777 0.490723 0.50918 -0.49082 0.927371 -1.58725
8.6792 0.492203 0.50918 -0.49082 0.90705 -1.5909

8.6792 0.492138 0.503477 -0.496523 0.907763 -1.59131
8.68503 0.498047 0.503477 -0.496523 0.822721 -1.61039

8.68496 0.498047 0.496546 -0.503454 0.822953 -1.6098
8.68652 0.499588 0.496546 -0.503454 0.798663 -1.6145

8.68652 0.499524 0.488917 -0.511083 0.799447 -1.61488
8.69264 0.505371 0.488917 -0.511083 0.703599 -1.63524

8.69251 0.505371 0.484549 -0.515451 0.70409 -1.63377
8.69385 0.506627 0.484549 -0.515451 0.682563 -1.64153

8.69385 0.50655 0.47748 -0.52252 0.683572 -1.64203
8.70057 0.512695 0.47748 -0.52252 0.579759 -1.6587

8.70047 0.512695 0.471699 -0.528301 0.580253 -1.65803
8.70117 0.513319 0.471699 -0.528301 0.569645 -1.65766

8.70117 0.51325 0.464873 -0.535127 0.57044 -1.65822
8.7085 0.519613 0.464873 -0.535127 0.463171 -1.66701

8.7085 0.5196 0.455916 -0.544084 0.463318 -1.66711
8.709 0.52002 0.455916 -0.544084 0.456346 -1.66837

8.70899 0.52002 0.451492 -0.548508 0.456387 -1.66828
8.71582 0.525644 0.451492 -0.548508 0.354735 -1.67727

8.71582 0.525609 0.437781 -0.562219 0.355168 -1.6776
8.71805 0.527344 0.437781 -0.562219 0.322206 -1.67666

8.718 0.527344 0.437873 -0.562127 0.322472 -1.6763
8.72314 0.531354 0.437873 -0.562127 0.238761 -1.66765

8.72314 0.531326 0.424861 -0.575139 0.239114 -1.66794
8.72767 0.534668 0.424861 -0.575139 0.171982 -1.65136

8.72755 0.534668 0.418841 -0.581159 0.172509 -1.6511
8.73047 0.536769 0.418841 -0.581159 0.131024 -1.64187

8.73047 0.536757 0.410782 -0.589218 0.131182 -1.64196
8.73779 0.541863 0.410782 -0.589218 0.0300062 -1.63311

8.73779 0.541855 0.395072 -0.604928 0.0301235 -1.63317
8.738 0.541992 0.395072 -0.604928 0.0273233 -1.63353

8.73777 0.541992 0.402235 -0.597765 0.0283682 -1.63201
8.73779 0.542009 0.402235 -0.597765 0.0280249 -1.63205

8.73799 0.541992 0.396237 -0.603763 0.027384 -1.63344
8.74512 0.54667 0.396237 -0.603763 -0.0843679 -1.6112

8.74512 0.546639 0.381653 -0.618347 -0.0839013 -1.61154
8.74946 0.549316 0.381653 -0.618347 -0.150316 -1.57322

8.74936 0.549316 0.381602 -0.618398 -0.149911 -1.57329
8.75244 0.551218 0.381602 -0.618398 -0.192764 -1.5575

8.75244 0.551186 0.366736 -0.633264 -0.192264 -1.55773
8.75977 0.555428 0.366736 -0.633264 -0.292721 -1.52915

8.75977 0.555405 0.351223 -0.648777 -0.292334 -1.52934
8.76205 0.556641 0.351223 -0.648777 -0.323542 -1.52271

8.762 0.556641 0.351223 -0.648777 -0.323309 -1.52264
8.76709 0.559398 0.351223 -0.648777 -0.402975 -1.48173

8.76709 0.559393 0.334927 -0.665073 -0.402882 -1.48176
8.77441 0.563082 0.334927 -0.665073 -0.50456 -1.42784

8.77441 0.563062 0.317985 -0.682015 -0.504202 -1.42796
8.77635 0.563965 0.317985 -0.682015 -0.528213 -1.42183

8.77631 0.563965 0.317985 -0.682015 -0.528059 -1.42183
8.78174 0.566496 0.317985 -0.682015 -0.609027 -1.37503

8.78174 0.566491 0.300872 -0.699128 -0.608915 -1.37505
8.78906 0.569643 0.300872 -0.699128 -0.713263 -1.28745

8.78906 0.569626 0.283363 -0.716637 -0.712915 -1.28758
8.79327 0.571289 0.283363 -0.716637 -0.764097 -1.24508

8.79319 0.571289 0.283363 -0.716637 -0.763729 -1.24562
8.79639 0.572554 0.283363 -0.716637 -0.807398 -1.21838

8.79639 0.572538 0.265082 -0.734918 -0.807039 -1.21845
8.80371 0.57518 0.265082 -0.734918 -0.907346 -1.12787

8.80371 0.575179 0.245577 -0.754423 -0.907329 -1.12788
8.81104 0.577563 0.245577 -0.754423 -0.986804 -1.02221

8.81104 0.577554 0.225414 -0.774586 -0.986608 -1.02225
8.81467 0.578613 0.225414 -0.774586 -1.02352 -0.983843

8.81462 0.578613 0.225414 -0.774586 -1.02332 -0.984304
8.81836 0.5797 0.225414 -0.774586 -1.06373 -0.948287

8.81836 0.579694 0.204227 -0.795773 -1.06358 -0.948307
8.82568 0.581574 0.204227 -0.795773 -1.1446 -0.862779

8.82568 0.581573 0.181756 -0.818244 -1.14458 -0.862781
8.83301 0.5832 0.181756 -0.818244 -1.217 -0.745683

8.83301 0.583199 0.158267 -0.841733 -1.21698 -0.74569
8.84033 0.584577 0.158267 -0.841733 -1.27644 -0.618658

8.84033 0.584575 0.13389 -0.86611 -1.2764 -0.618668
8.84766 0.585707 0.13389 -0.86611 -1.33397 -0.506492

8.84766 0.58571 0.108774 -0.891226 -1.33405 -0.50648
8.84952 0.585938 0.108774 -0.891226 -1.34881 -0.481881

8.84957 0.585938 0.108774 -0.891226 -1.34903 -0.481265
8.85498 0.586598 0.108774 -0.891226 -1.39159 -0.398282

8.85498 0.586601 0.0821993 -0.917801 -1.39168 -0.398272
8.8623 0.587257 0.0821993 -0.917801 -1.43945 -0.272907

8.8623 0.587257 0.0535246 -0.946475 -1.43947 -0.272906
8.86963 0.587672 0.0535246 -0.946475 -1.47359 -0.142528

8.86963 0.587672 0.0228293 -0.977171 -1.4736 -0.142528
8.87695 0.587843 0.0228293 -0.977171 -1.49425 -0.0133249

8.87695 0.587843 -0.00974068 -0.990259 -1.49424 -0.0133253
8.88428 0.587771 -0.00974068 -0.990259 -1.50282 0.11832

8.88428 0.58777 -0.0410812 -0.958919 -1.5028 0.118319
8.8916 0.587456 -0.0410812 -0.958919 -1.50113 0.255384

8.8916 0.587456 -0.070284 -0.929716 -1.50112 0.255383
8.89893 0.586902 -0.070284 -0.929716 -1.48895 0.3922

8.89893 0.586902 -0.0975958 -0.902404 -1.48894 0.3922
8.90625 0.58611 -0.0975958 -0.902404 1e+30 1e+30

9.14062 0.394541 -0.657551 -0.342449 1e+30 1e+30
9.14012 0.395508 -0.657551 -0.342449 1.46931 1.83626

9.1333 0.407936 -0.640953 -0.359047 1.37706 1.88356
9.13206 0.410156 -0.640953 -0.359047 1.35763 1.89287

9.1401 0.395508 -0.649354 -0.350646 1.46952 1.83634
9.13614 0.402832 -0.649354 -0.350646 1.40674 1.86712

9.1333 0.407884 -0.640953 -0.359047 1.37775 1.8834
9.13613 0.402832 -0.640953 -0.359047 1.40683 1.8671

9.09668 0.463987 -0.566548 -0.433452 0.825095 2.11469
9.09304 0.46875 -0.566548 -0.433452 1e+30 1e+30

9.11133 0.443502 -0.596725 -0.403275 1.06114 2.04956
9.10911 0.446777 -0.596725 -0.403275 1.0355 2.07737

9.104 0.454057 -0.588093 -0.411907 0.94556 2.10363
9.1091 0.446777 -0.588093 -0.411907 1.03559 2.07747

9.10399 0.454102 -0.577692 -0.422308 0.944596 2.10373
9.09864 0.461426 -0.577692 -0.422308 0.842245 2.11357

9.09668 0.463991 -0.573238 -0.426762 0.825043 2.1147
9.09859 0.461426 -0.573238 -0.426762 0.842659 2.11339

9.12598 0.420501 -0.6244 -0.3756 1.29028 1.95143
9.12339 0.424805 -0.6244 -0.3756 1.25502 1.9872

9.11865 0.43239 -0.605941 -0.394059 1.14894 2.004
9.11406 0.439453 -0.605941 -0.394059 1.06954 2.02309

9.12339 0.424805 -0.615733 -0.384267 1.25503 1.9872
9.11882 0.432129 -0.615733 -0.384267 1.15391 2.00381

9.11865 0.432383 -0.61431 -0.38569 1.1491 2.00399
9.11881 0.432129 -0.61431 -0.38569 1.15393 2.0038

9.13204 0.410156 -0.632639 -0.367361 1.35777 1.8929
9.12779 0.41748 -0.632639 -0.367361 1.30424 1.93084

9.12598 0.420467 -0.6244 -0.3756 1.29064 1.95125
9.12777 0.41748 -0.6244 -0.3756 1.30438 1.93088

9.11133 0.443462 -0.596658 -0.403342 1.06164 2.04944
9.11404 0.439453 -0.596658 -0.403342 1.06976 2.02314

9.22818 0 -0.995744 -0.00425598 2.44311 0
9.22815 0.00732422 -0.995744 -0.00425598 2.44177 0.0345025

9.22815 0.00732422 -0.987776 -0.0122242 2.44179 0.0345027
9.22806 0.0146484 -0.987776 -0.0122242 2.4396 0.0704266

9.22806 0.0146484 -0.981074 -0.018926 2.43963 0.0704283
9.22791 0.0219727 -0.981074 -0.018926 2.4332 0.107912

9.22791 0.0219727 -0.975047 -0.0249527 2.43319 0.107911
9.22773 0.0292969 -0.975047 -0.0249527 2.42159 0.14158

9.22773 0.0292969 -0.968475 -0.0315247 2.42157 0.141576
9.22749 0.0366211 -0.968475 -0.0315247 2.41474 0.169655

9.22749 0.0366211 -0.96187 -0.0381305 2.41475 0.169657
9.2272 0.0439453 -0.96187 -0.0381305 2.41395 0.19411

9.22721 0.0439453 -0.95186 -0.0481399 2.41382 0.194098
9.22647 0.0585938 -0.95186 -0.0481399 2.41143 0.253987

9.22648 0.0585938 -0.938462 -0.0615378 2.41141 0.253985
9.22551 0.0732422 -0.938462 -0.0615378 2.40491 0.314275

9.22551 0.0732422 -0.925677 -0.0743231 2.40495 0.314279
9.22433 0.0878906 -0.925677 -0.0743231 2.39479 0.374597

9.22439 0.0878906 -0.907137 -0.0928634 2.39429 0.374543
9.22139 0.117188 -0.907137 -0.0928634 2.37599 0.503085

9.22134 0.117188 -0.889253 -0.110747 2.37647 0.503157
9.21951 0.131836 -0.889253 -0.110747 2.3628 0.569731

9.21952 0.131836 -0.877522 -0.122478 2.36278 0.56973
9.21747 0.146484 -0.877522 -0.122478 2.3392 0.632682

9.21387 0.169009 -0.85402 -0.14598 2.30482 0.73368
9.21271 0.175781 -0.85402 -0.14598 2.29211 0.764931

9.21747 0.146484 -0.865893 -0.134107 2.3392 0.632682
9.2152 0.161133 -0.865893 -0.134107 2.31616 0.697192

9.21519 0.161133 -0.857445 -0.142555 2.31628 0.697209
9.21397 0.168457 -0.857445 -0.142555 2.30563 0.731111

9.21387 0.168955 -0.851115 -0.148885 2.30499 0.733441
9.21395 0.168457 -0.851115 -0.148885 2.30577 0.731131

9.2127 0.175781 -0.842016 -0.157984 2.29216 0.764939
9.20996 0.19043 -0.842016 -0.157984 2.26693 0.834286

9.20996 0.19043 -0.830314 -0.169686 2.26692 0.834284
9.20696 0.205078 -0.830314 -0.169686 1e+30 1e+30

