14.9121 0.418153 -0.690287 -0.309713 1.77151 2.00622
14.9091 0.424805 -0.690287 -0.309713 1.72682 2.04907

14.9048 0.434068 -0.674607 -0.325393 1.65833 2.10186
14.9022 0.439453 -0.674607 -0.325393 1.61776 2.13905

14.9091 0.424805 -0.682442 -0.317558 1.72681 2.04907
14.9057 0.432129 -0.682442 -0.317558 1.67374 2.08991

14.9048 0.434048 -0.674607 -0.325393 1.65859 2.10174
14.9057 0.432129 -0.674607 -0.325393 1.67382 2.08991

14.8975 0.448817 -0.657476 -0.342524 1.52736 2.18369
14.8947 0.454102 -0.657476 -0.342524 1.47968 2.21404

14.8901 0.462498 -0.639791 -0.360209 1.4016 2.25399
14.8866 0.46875 -0.639791 -0.360209 1.34198 2.30065

14.8947 0.454102 -0.648638 -0.351362 1.47967 2.21404
14.8907 0.461426 -0.648638 -0.351362 1.41131 2.24823

14.8901 0.462486 -0.640412 -0.359588 1.40177 2.25392
14.8907 0.461426 -0.640412 -0.359588 1.4114 2.24822

14.9022 0.439453 -0.666224 -0.333776 1.61773 2.13904
14.8985 0.446777 -0.666224 -0.333776 1.54792 2.17403

14.8975 0.448795 -0.657476 -0.342524 1.52771 2.18356
14.8985 0.446777 -0.657476 -0.342524 1.54801 2.17401

14.9156 0.410156 -0.697781 -0.302219 1.83067 1.966
14.9124 0.41748 -0.697781 -0.302219 1.77756 2.00246

14.9121 0.418143 -0.690287 -0.309713 1.77164 2.00617
14.9124 0.41748 -0.690287 -0.309713 1.77757 2.00246

14.5312 0.550044 0.467045 -0.532955 0.573488 -1.85713
14.5386 0.556462 0.467045 -0.532955 0.437814 -1.86566

14.5386 0.556456 0.457983 -0.542017 0.437883 -1.86574
14.5388 0.556641 0.457983 -0.542017 0.434514 -1.86627

14.5388 0.556641 0.452312 -0.547688 0.434577 -1.86615
14.5459 0.562516 0.452312 -0.547688 0.313761 -1.89439

14.5459 0.562482 0.437538 -0.562462 0.314276 -1.89481
14.5478 0.563965 0.437538 -0.562462 0.278064 -1.90185

14.5478 0.563965 0.436786 -0.563214 0.278382 -1.90128
14.5532 0.5682 0.436786 -0.563214 0.160935 -1.893

14.5532 0.568158 0.421424 -0.578576 0.161636 -1.89357
14.5575 0.571289 0.421424 -0.578576 0.0721508 -1.87285

14.5574 0.571289 0.416981 -0.583019 0.0731496 -1.87248
14.5605 0.573542 0.416981 -0.583019 0.0104427 -1.8572

14.5605 0.57352 0.405694 -0.594306 0.0108028 -1.85743
14.5679 0.57852 0.405694 -0.594306 -0.132377 -1.83572

14.5678 0.578613 0.396001 -0.603999 -0.133776 -1.83451
14.5679 0.578635 0.396001 -0.603999 -0.13439 -1.8345

14.5679 0.578512 0.387251 -0.612749 -0.132243 -1.8358
14.568 0.578613 0.387251 -0.612749 -0.135189 -1.83577

14.568 0.578613 0.388976 -0.611024 -0.135057 -1.83565
14.5752 0.583186 0.388976 -0.611024 -0.286213 -1.7956

14.5752 0.583156 0.371574 -0.628426 -0.285659 -1.79601
14.5799 0.585938 0.371574 -0.628426 -0.377368 -1.74518

14.5798 0.585938 0.371545 -0.628455 -0.376635 -1.7451
14.5825 0.587552 0.371545 -0.628455 -0.422884 -1.73158

14.5825 0.587513 0.353467 -0.646533 -0.422202 -1.73196
14.5898 0.591518 0.353467 -0.646533 -0.55387 -1.69457

14.5898 0.591491 0.334398 -0.665602 -0.55325 -1.69488
14.5934 0.593262 0.334398 -0.665602 -0.622239 -1.67238

14.5933 0.593262 0.334398 -0.665602 -0.621555 -1.67241
14.5972 0.595215 0.334398 -0.665602 -0.706122 -1.6282

14.5972 0.595196 0.31437 -0.68563 -0.70563 -1.62839
14.6045 0.598554 0.31437 -0.68563 -0.856018 -1.52875

14.6045 0.598533 0.293639 -0.706361 -0.855518 -1.529
14.6094 0.600586 0.293639 -0.706361 -0.942405 -1.46159

14.6093 0.600586 0.293639 -0.706361 -0.941628 -1.46231
14.6118 0.601622 0.293639 -0.706361 -0.987155 -1.43807

14.6118 0.601596 0.272052 -0.727948 -0.98646 -1.43826
14.6191 0.604333 0.272052 -0.727948 -1.12084 -1.33084

14.6191 0.604332 0.248714 -0.751286 -1.12082 -1.33085
14.6265 0.606757 0.248714 -0.751286 -1.23995 -1.18993

14.6265 0.606748 0.224198 -0.775802 -1.23968 -1.19002
14.6305 0.60791 0.224198 -0.775802 -1.30088 -1.1298

14.6304 0.60791 0.224198 -0.775802 -1.30046 -1.13051
14.6338 0.608881 0.224198 -0.775802 -1.35518 -1.0834

14.6338 0.608873 0.198099 -0.801901 -1.35493 -1.08345
14.6411 0.610683 0.198099 -0.801901 -1.47408 -0.960952

14.6411 0.610682 0.170066 -0.829934 -1.47406 -0.960956
14.6484 0.612183 0.170066 -0.829934 -1.58311 -0.796532

14.6484 0.612181 0.140487 -0.859513 -1.58307 -0.796555
14.6558 0.613378 0.140487 -0.859513 -1.6685 -0.610295

14.6558 0.613377 0.109342 -0.890658 -1.66847 -0.610309
14.6631 0.614276 0.109342 -0.890658 -1.74031 -0.421155

14.6631 0.614276 0.0761348 -0.923865 -1.74031 -0.421155
14.6704 0.61488 0.0761348 -0.923865 -1.79842 -0.23908

14.6704 0.614881 0.0401333 -0.959867 -1.79844 -0.239072
14.6777 0.615187 0.0401333 -0.959867 -1.84471 -0.0694683

14.6777 0.615188 0.000703961 -0.999296 -1.84473 -0.0694615
14.6851 0.615193 0.000703961 -0.999296 -1.87835 0.0998343

14.6851 0.615195 -0.0394349 -0.960565 -1.87838 0.0998386
14.6924 0.614894 -0.0394349 -0.960565 -1.88847 0.275151

14.6924 0.614894 -0.0768841 -0.923116 -1.88847 0.275151
14.6997 0.614284 -0.0768841 -0.923116 -1.87734 0.450606

14.6997 0.614284 -0.111476 -0.888524 -1.87733 0.450607
14.707 0.613365 -0.111476 -0.888524 -1.85759 0.633537

14.707 0.613365 -0.143483 -0.856517 -1.85759 0.633537
14.7144 0.612138 -0.143483 -0.856517 -1.83122 0.834959

14.7144 0.61214 -0.17372 -0.82628 -1.83127 0.834948
14.7217 0.6106 -0.17372 -0.82628 -1.76393 1.04452

14.7217 0.610602 -0.202516 -0.797484 -1.76399 1.04452
14.729 0.608742 -0.202516 -0.797484 -1.68173 1.20962

14.7363 0.606559 -0.229873 -0.770127 -1.60642 1.37373
14.7318 0.60791 -0.229873 -0.770127 -1.65733 1.26556

14.729 0.60874 -0.229873 -0.770127 -1.68167 1.20962
14.7318 0.60791 -0.229873 -0.770127 -1.65728 1.2652

14.7363 0.606565 -0.256913 -0.743087 -1.6066 1.37369
14.7437 0.604033 -0.256913 -0.743087 -1.50922 1.58928

14.7437 0.604028 -0.282543 -0.717457 -1.50894 1.58926
14.751 0.601144 -0.282543 -0.717457 -1.36954 1.7063

14.7583 0.597918 -0.305973 -0.694027 -1.25633 1.85876
14.7522 0.600586 -0.305973 -0.694027 -1.3504 1.71636

14.7583 0.597918 -0.328277 -0.671723 -1.25632 1.85876
14.7656 0.594338 -0.328277 -0.671723 -1.10489 1.98574

14.751 0.601137 -0.305973 -0.694027 -1.36926 1.70629
14.7522 0.600586 -0.305973 -0.694027 -1.35033 1.71616

14.7876 0.581392 -0.391843 -0.608157 -0.708937 2.25315
14.7805 0.585938 -0.391843 -0.608157 -0.820492 2.17799

14.7949 0.576286 -0.412316 -0.587684 -0.538809 2.34988
14.7916 0.578613 -0.412316 -0.587684 -0.609863 2.31822

14.7876 0.581351 -0.411889 -0.588111 -0.707086 2.25299
14.7915 0.578613 -0.411889 -0.588111 -0.609667 2.3175

14.8242 0.551363 -0.485342 -0.514658 0.090061 2.52179
14.8186 0.556641 -0.485342 -0.514658 -0.0300649 2.50006

14.8022 0.570803 -0.435533 -0.564467 -0.381329 2.41166
14.8016 0.571289 -0.435533 -0.564467 -0.394952 2.40487

14.8022 0.570701 -0.449773 -0.550227 -0.377747 2.4116
14.8096 0.564714 -0.449773 -0.550227 -0.219712 2.46458

14.7949 0.576236 -0.4313 -0.5687 -0.537164 2.35003
14.8014 0.571289 -0.4313 -0.5687 -0.39401 2.40295

14.8169 0.558275 -0.468195 -0.531805 -0.0684672 2.49349
14.8104 0.563965 -0.468195 -0.531805 -0.200448 2.46682

14.8096 0.564695 -0.460392 -0.539608 -0.219053 2.46449
14.8104 0.563965 -0.460392 -0.539608 -0.200401 2.46677

14.8169 0.558226 -0.479213 -0.520787 -0.066813 2.49322
14.8186 0.556641 -0.479213 -0.520787 -0.030015 2.50001

14.8535 0.518377 -0.564614 -0.435386 0.709528 2.50533
14.8522 0.52002 -0.564614 -0.435386 0.684512 2.51205

14.8522 0.52002 -0.552308 -0.447692 0.684734 2.51205
14.8463 0.527344 -0.552308 -0.447692 0.559155 2.52554

14.8828 0.475327 -0.631851 -0.368149 1.26093 2.32617
14.8824 0.476074 -0.631851 -0.368149 1.24734 2.32884

14.8823 0.476074 -0.62046 -0.37954 1.24769 2.3288
14.8779 0.483398 -0.62046 -0.37954 1.14934 2.35889

14.8755 0.487124 -0.610523 -0.389477 1.12648 2.38126
14.8732 0.490723 -0.610523 -0.389477 1.09298 2.41206

14.8732 0.490723 -0.600816 -0.399184 1.09303 2.41209
14.8683 0.498047 -0.600816 -0.399184 0.98719 2.43902

14.8755 0.487088 -0.610523 -0.389477 1.12704 2.38109
14.8778 0.483398 -0.610523 -0.389477 1.14955 2.35887

14.8608 0.508638 -0.576835 -0.423165 0.840808 2.47041
14.8579 0.512695 -0.576835 -0.423165 0.784031 2.49005

14.8682 0.498298 -0.589091 -0.410909 0.981918 2.43964
14.8632 0.505371 -0.589091 -0.410909 0.871453 2.46138

14.8608 0.50862 -0.58002 -0.41998 0.841131 2.4703
14.8632 0.505371 -0.58002 -0.41998 0.871921 2.4612

14.8535 0.518319 -0.56497 -0.43503 0.710847 2.50509
14.8578 0.512695 -0.56497 -0.43503 0.784153 2.4901

14.8682 0.498286 -0.596696 -0.403304 0.982251 2.43958
14.8683 0.498047 -0.596696 -0.403304 0.987159 2.43903

14.8389 0.535951 -0.523421 -0.476579 0.403975 2.53004
14.8334 0.541992 -0.523421 -0.476579 0.288354 2.53155

14.8315 0.543898 -0.506884 -0.493116 0.250386 2.53151
14.8263 0.549316 -0.506884 -0.493116 0.137034 2.52678

14.8242 0.551307 -0.496927 -0.503073 0.0919156 2.52144
14.8262 0.549316 -0.496927 -0.503073 0.137412 2.52645

14.8315 0.543882 -0.513938 -0.486062 0.250874 2.5314
14.8333 0.541992 -0.513938 -0.486062 0.288751 2.53131

14.8462 0.527474 -0.538353 -0.461647 0.556672 2.52569
14.84 0.534668 -0.538353 -0.461647 0.425792 2.53064

14.8389 0.535938 -0.529725 -0.470275 0.40432 2.52997
14.84 0.534668 -0.529725 -0.470275 0.426089 2.53046

14.8462 0.527457 -0.545141 -0.454859 0.557108 2.52561
14.8463 0.527344 -0.545141 -0.454859 0.559187 2.52552

14.7729 0.590411 -0.349585 -0.650415 -0.968872 2.10117
14.7676 0.593262 -0.349585 -0.650415 -1.06828 1.99769

14.7656 0.594321 -0.349585 -0.650415 -1.10414 1.98568
14.7676 0.593262 -0.349585 -0.650415 -1.06803 1.99731

14.7729 0.59041 -0.370468 -0.629532 -0.968845 2.10118
14.7803 0.5861 -0.370468 -0.629532 -0.824421 2.17775

14.7803 0.586097 -0.379929 -0.620071 -0.824341 2.17774
14.7805 0.585938 -0.379929 -0.620071 -0.82044 2.17796

14.8828 0.475247 -0.630678 -0.369322 1.26283 2.32584
14.8866 0.46875 -0.630678 -0.369322 1.34198 2.30065

