15.1239 0 0.996313 -0.00368735 2.6387 0
15.1239 0.00732422 0.996313 -0.00368735 2.65807 -0.00982162

15.1239 0.00732422 0.988206 -0.0117942 2.65806 -0.0098009
15.124 0.0146484 0.988206 -0.0117942 2.68826 -0.0176536

15.124 0.0146484 0.979082 -0.0209177 2.68826 -0.017646
15.1242 0.0219727 0.979082 -0.0209177 2.69976 -0.025963

15.1242 0.0219727 0.970548 -0.0294519 2.69976 -0.0259673
15.1244 0.0292969 0.970548 -0.0294519 2.68916 -0.0321517

15.1244 0.0292969 0.96361 -0.03639 2.68916 -0.0321493
15.1245 0.0322302 0.96361 -0.03639 2.68019 -0.0337133

15.1245 0.0321859 0.96361 -0.03639 2.68033 -0.0336874
15.1247 0.0366211 0.96361 -0.03639 2.67389 -0.0360971

15.1247 0.0366211 0.956892 -0.0431081 2.67389 -0.0360992
15.125 0.0439453 0.956892 -0.0431081 2.67399 -0.0445338

15.125 0.0439453 0.949004 -0.0509957 2.67398 -0.044529
15.1254 0.0512695 0.949004 -0.0509957 2.68188 -0.058044

15.1254 0.0512695 0.941106 -0.0588941 2.68189 -0.058051
15.1259 0.0585938 0.941106 -0.0588941 2.6742 -0.0626463

15.1258 0.0585938 0.930454 -0.0695461 2.67417 -0.062647
15.1269 0.0732422 0.930454 -0.0695461 2.66932 -0.0730418

15.127 0.0732422 0.920148 -0.0798518 2.66934 -0.073062
15.1276 0.0805664 0.920148 -0.0798518 2.6675 -0.0799076

15.1276 0.0805664 0.91354 -0.0864597 2.6675 -0.0799044
15.1283 0.0878906 0.91354 -0.0864597 2.66979 -0.0853103

15.1283 0.0878906 0.907377 -0.0926226 2.6698 -0.0853126
15.129 0.0952148 0.907377 -0.0926226 2.68102 -0.0894975

15.129 0.0952148 0.901504 -0.0984962 2.68102 -0.0894956
15.1298 0.102539 0.901504 -0.0984962 2.67245 -0.0933261

15.1298 0.102539 0.890895 -0.109105 2.67242 -0.0933077
15.1316 0.117188 0.890895 -0.109105 2.67076 -0.103517

15.1316 0.117188 0.877015 -0.122985 2.67078 -0.103524
15.1318 0.11874 0.877015 -0.122985 2.67732 -0.104024

15.1318 0.118763 0.880407 -0.119593 2.67735 -0.104036
15.1326 0.124512 0.880407 -0.119593 2.67721 -0.111262

15.1326 0.124512 0.873449 -0.126551 2.67721 -0.111261
15.1337 0.131836 0.873449 -0.126551 2.66855 -0.119028

15.1337 0.131836 0.867127 -0.132873 2.66855 -0.119033
15.1348 0.13916 0.867127 -0.132873 2.66449 -0.122168

15.1348 0.13916 0.861077 -0.138923 2.66449 -0.122165
15.136 0.146484 0.861077 -0.138923 2.66425 -0.126852

15.136 0.146484 0.85422 -0.14578 2.66425 -0.126854
15.1372 0.153809 0.85422 -0.14578 2.66265 -0.13054

15.1372 0.153809 0.847621 -0.152379 2.66265 -0.130536
15.1385 0.161133 0.847621 -0.152379 2.65962 -0.13185

15.1385 0.161133 0.841678 -0.158322 2.65962 -0.13185
15.1392 0.164379 0.841678 -0.158322 2.65869 -0.131181

15.1392 0.164379 0.841678 -0.158322 2.65869 -0.131181
15.1399 0.168457 0.841678 -0.158322 2.65866 -0.13104

15.1399 0.168457 0.835718 -0.164282 2.65866 -0.131043
15.1414 0.175781 0.835718 -0.164282 2.65653 -0.132524

15.1414 0.175781 0.829646 -0.170354 2.65653 -0.132524
15.1429 0.183105 0.829646 -0.170354 2.65356 -0.136339

15.1429 0.183105 0.823688 -0.176312 2.65356 -0.13634
15.1444 0.19043 0.823688 -0.176312 2.65283 -0.147248

15.1444 0.19043 0.817951 -0.182049 2.65283 -0.147248
15.1461 0.197754 0.817951 -0.182049 2.64692 -0.155488

15.1461 0.197754 0.812454 -0.187546 2.64692 -0.155488
15.1465 0.19956 0.812454 -0.187546 2.64441 -0.156393

15.1465 0.199552 0.812454 -0.187546 2.64443 -0.156389
15.1478 0.205078 0.812454 -0.187546 2.63778 -0.159854

15.1478 0.205078 0.806982 -0.193018 2.63778 -0.159854
15.1495 0.212402 0.806982 -0.193018 2.63542 -0.16674

15.1495 0.212402 0.801289 -0.198711 2.63542 -0.16674
15.1513 0.219727 0.801289 -0.198711 2.63826 -0.188411

15.1513 0.219727 0.795251 -0.204749 2.63826 -0.1884
15.1532 0.227051 0.795251 -0.204749 2.63594 -0.213272

15.1532 0.227051 0.789169 -0.210831 2.63594 -0.213263
15.1538 0.229295 0.789169 -0.210831 2.63425 -0.220258

15.1538 0.229285 0.789169 -0.210831 2.63426 -0.220244
15.1552 0.234375 0.789169 -0.210831 2.62735 -0.227718

15.1552 0.234375 0.780367 -0.219633 2.62733 -0.227665
15.1593 0.249023 0.780367 -0.219633 2.60945 -0.246871

15.1593 0.249023 0.771706 -0.228294 2.60947 -0.246898
15.1611 0.255257 0.771706 -0.228294 2.6028 -0.251257

15.1611 0.255254 0.771706 -0.228294 2.6028 -0.251257
15.1615 0.256348 0.771706 -0.228294 2.60234 -0.251883

15.1615 0.256348 0.765671 -0.234329 2.60234 -0.251881
15.1637 0.263672 0.765671 -0.234329 2.60429 -0.25857

15.1637 0.263672 0.759569 -0.240431 2.60429 -0.258569
15.166 0.270996 0.759569 -0.240431 2.60679 -0.274711

15.166 0.270996 0.753651 -0.246349 2.60679 -0.274715
15.1684 0.27832 0.753651 -0.246349 2.5918 -0.291162

15.1684 0.27832 0.74818 -0.25182 2.59179 -0.291147
15.1685 0.278482 0.74818 -0.25182 2.5913 -0.291437

15.1685 0.278457 0.74818 -0.25182 2.59139 -0.29141
15.1709 0.285645 0.74818 -0.25182 2.57742 -0.306312

15.1709 0.285645 0.742757 -0.257243 2.57742 -0.306309
15.1734 0.292969 0.742757 -0.257243 2.57043 -0.329449

15.1734 0.292969 0.737155 -0.262845 2.57043 -0.329448
15.1758 0.299616 0.737155 -0.262845 2.56158 -0.348182

15.1758 0.299615 0.737155 -0.262845 2.56158 -0.348181
15.176 0.300293 0.737155 -0.262845 2.56055 -0.349923

15.176 0.300293 0.731591 -0.268409 2.56055 -0.349921
15.1787 0.307617 0.731591 -0.268409 2.556 -0.367952

15.1787 0.307617 0.725915 -0.274085 2.55599 -0.367948
15.1815 0.314941 0.725915 -0.274085 2.54628 -0.39135

15.1815 0.314941 0.720386 -0.279614 2.54628 -0.391345
15.1831 0.319148 0.720386 -0.279614 2.53272 -0.403995

15.1831 0.319131 0.720386 -0.279614 2.53281 -0.403973
15.1843 0.322266 0.720386 -0.279614 2.51948 -0.411565

15.1843 0.322266 0.714943 -0.285057 2.51947 -0.411549
15.1872 0.32959 0.714943 -0.285057 2.50088 -0.432132

15.1872 0.32959 0.709261 -0.290739 2.50088 -0.432128
15.1902 0.336914 0.709261 -0.290739 2.48306 -0.457401

15.1902 0.336914 0.70341 -0.29659 2.48304 -0.457351
15.1904 0.337395 0.70341 -0.29659 2.48163 -0.458767

15.1904 0.337369 0.70341 -0.29659 2.48173 -0.458737
15.1933 0.344238 0.70341 -0.29659 2.47222 -0.479309

15.1933 0.344238 0.697279 -0.302721 2.47221 -0.479301
15.1965 0.351562 0.697279 -0.302721 2.45787 -0.511174

15.1965 0.351562 0.691588 -0.308412 2.45785 -0.511151
15.1978 0.354376 0.691588 -0.308412 2.448 -0.524902

15.1978 0.354344 0.691588 -0.308412 2.44818 -0.524816
15.1998 0.358887 0.691588 -0.308412 2.43307 -0.543467

15.1998 0.358887 0.685941 -0.314059 2.43301 -0.54343
15.2031 0.366211 0.685941 -0.314059 2.39545 -0.554675

15.2031 0.366211 0.680709 -0.319291 2.39548 -0.554651
15.2051 0.370371 0.680709 -0.319291 2.38499 -0.553686

15.2051 0.370355 0.680709 -0.319291 2.38515 -0.553635
15.2066 0.373535 0.680709 -0.319291 2.36309 -0.560102

15.2066 0.373535 0.676138 -0.323862 2.36305 -0.56012
15.2101 0.380859 0.676138 -0.323862 2.3247 -0.496491

15.2101 0.380859 0.668265 -0.331735 2.32469 -0.496609
15.2124 0.385561 0.668265 -0.331735 2.38724 -0.392736

15.2124 0.385689 0.668265 -0.331735 2.3932 -0.395146
15.2136 0.388184 0.668265 -0.331735 2.5349 -0.389048

15.2136 0.388184 0.650952 -0.349048 2.53458 -0.389708
15.2176 0.395508 0.650952 -0.349048 2.4565 -0.408029

15.2177 0.395508 0.65347 -0.34653 2.47016 -0.394683
15.2197 0.399257 0.65347 -0.34653 2.39355 -0.34024

15.2197 0.399111 0.65347 -0.34653 2.39726 -0.331494
15.2217 0.402832 0.65347 -0.34653 2.53853 -0.602948

15.2215 0.402832 0.659483 -0.340517 2.52067 -0.608003
15.2252 0.410156 0.659483 -0.340517 1e+30 1e+30

