4.62158 0.467496 -0.369362 -0.630638 -0.0303457 0.967958
4.61944 0.46875 -0.369362 -0.630638 1e+30 1e+30

4.62158 0.467454 -0.379894 -0.620106 -0.0298302 0.967976
4.62891 0.462967 -0.379894 -0.620106 0.00108227 0.977698

4.64355 0.453464 -0.396791 -0.603209 0.0773092 1.00992
4.64259 0.454102 -0.396791 -0.603209 0.0734357 1.01069

4.63623 0.458285 -0.390469 -0.609531 0.0397224 0.999492
4.63133 0.461426 -0.390469 -0.609531 0.0130673 0.982015

4.62891 0.462943 -0.389397 -0.610603 0.001387 0.977664
4.63129 0.461426 -0.389397 -0.610603 0.0131972 0.981903

4.63623 0.458262 -0.400667 -0.599333 0.0399795 0.999513
4.64245 0.454102 -0.400667 -0.599333 0.0738632 1.01071

4.64355 0.453384 -0.411018 -0.588982 0.0781894 1.00984
4.65088 0.448273 -0.411018 -0.588982 0.106459 1.01547

4.6582 0.442943 -0.421532 -0.578468 0.139751 1.03674
4.65294 0.446777 -0.421532 -0.578468 0.116269 1.02015

4.65088 0.448234 -0.414232 -0.585768 0.10691 1.01541
4.65294 0.446777 -0.414232 -0.585768 0.11628 1.02014

4.66553 0.437424 -0.428606 -0.571394 0.181716 1.05695
4.66282 0.439453 -0.428606 -0.571394 0.166906 1.04786

4.67285 0.431655 -0.44423 -0.55577 0.228701 1.07154
4.67226 0.432129 -0.44423 -0.55577 0.22511 1.07087

4.66553 0.437363 -0.441765 -0.558235 0.182379 1.05695
4.67214 0.432129 -0.441765 -0.558235 0.225529 1.07065

4.6875 0.419245 -0.46239 -0.53761 1e+30 1e+30
4.68104 0.424805 -0.46239 -0.53761 0.26749 1.07314

4.67285 0.431582 -0.451951 -0.548049 0.229585 1.07147
4.68018 0.425542 -0.451951 -0.548049 0.263674 1.07394

4.68018 0.425527 -0.457799 -0.542201 0.263823 1.07392
4.68103 0.424805 -0.457799 -0.542201 0.26751 1.07314

4.6582 0.44291 -0.431361 -0.568639 0.140186 1.03666
4.66276 0.439453 -0.431361 -0.568639 0.167076 1.04766

4.21875 0.473797 0.355684 -0.644316 0.0102487 -0.851462
4.22288 0.476074 0.355684 -0.644316 -0.0104014 -0.836524

4.2228 0.476074 0.355684 -0.644316 -0.0104197 -0.836654
4.22607 0.47788 0.355684 -0.644316 -0.0283247 -0.829487

4.22607 0.477858 0.344814 -0.655186 -0.0280988 -0.829502
4.2334 0.481713 0.344814 -0.655186 -0.0655871 -0.806056

4.2334 0.481694 0.333843 -0.666157 -0.0654247 -0.8061
4.2368 0.483398 0.333843 -0.666157 -0.079458 -0.795004

4.23674 0.483398 0.333843 -0.666157 -0.079469 -0.795132
4.24072 0.485395 0.333843 -0.666157 -0.101683 -0.784253

4.24072 0.48538 0.322816 -0.677184 -0.101524 -0.784255
4.24805 0.488872 0.322816 -0.677184 -0.136061 -0.756103

4.24805 0.488854 0.311702 -0.688298 -0.135893 -0.756131
4.25217 0.490723 0.311702 -0.688298 -0.15079 -0.742693

4.25209 0.490723 0.311702 -0.688298 -0.150841 -0.742843
4.25537 0.492206 0.311702 -0.688298 -0.167923 -0.737757

4.25537 0.492187 0.300496 -0.699504 -0.16767 -0.73774
4.2627 0.495333 0.300496 -0.699504 -0.211324 -0.705838

4.2627 0.495327 0.28918 -0.71082 -0.211272 -0.705857
4.26938 0.498047 0.28918 -0.71082 -0.237267 -0.678748

4.26928 0.498047 0.28918 -0.71082 -0.23731 -0.678786
4.27002 0.498348 0.28918 -0.71082 -0.240158 -0.678483

4.27002 0.498311 0.277739 -0.722261 -0.239767 -0.678486
4.27734 0.501128 0.277739 -0.722261 1e+30 1e+30

