5.26908 0.46875 0.43999 -0.56001 0.379754 -1.2705
5.27344 0.472176 0.43999 -0.56001 0.333854 -1.26658

5.27344 0.472156 0.43099 -0.56901 0.334114 -1.26662
5.27861 0.476074 0.43099 -0.56901 0.289974 -1.25431

5.2785 0.476074 0.424058 -0.575942 0.290056 -1.25422
5.28076 0.477737 0.424058 -0.575942 0.270483 -1.25071

5.28076 0.477719 0.419658 -0.580342 0.270678 -1.25077
5.28809 0.483015 0.419658 -0.580342 0.210493 -1.24906

5.28809 0.483007 0.407106 -0.592894 0.210575 -1.24909
5.28866 0.483398 0.407106 -0.592894 0.205941 -1.25006

5.28864 0.483398 0.408169 -0.591831 0.205956 -1.25001
5.29541 0.488065 0.408169 -0.591831 0.138071 -1.23673

5.29541 0.48804 0.396727 -0.603273 0.138328 -1.23691
5.29949 0.490723 0.396727 -0.603273 0.0995658 -1.2109

5.29941 0.490723 0.396348 -0.603652 0.099629 -1.21108
5.30273 0.492903 0.396348 -0.603652 0.0696311 -1.19651

5.30273 0.492879 0.385076 -0.614924 0.0699297 -1.19659
5.31006 0.497466 0.385076 -0.614924 0.0156513 -1.17978

5.31006 0.497455 0.371794 -0.628206 0.0157538 -1.17982
5.31106 0.498047 0.371794 -0.628206 0.00915578 -1.18028

5.31104 0.498047 0.373129 -0.626871 0.00917423 -1.18022
5.31738 0.501824 0.373129 -0.626871 -0.0473853 -1.16271

5.31738 0.501812 0.361192 -0.638808 -0.0472663 -1.16279
5.32368 0.505371 0.361192 -0.638808 -0.0947885 -1.13173

5.32357 0.505371 0.360065 -0.639935 -0.0947209 -1.1316
5.32471 0.506011 0.360065 -0.639935 -0.102794 -1.13129

5.32471 0.505963 0.348891 -0.651109 -0.102246 -1.13142
5.33203 0.509888 0.348891 -0.651109 -0.165223 -1.1066

5.33203 0.509871 0.336446 -0.663554 -0.16504 -1.1067
5.3376 0.512695 0.336446 -0.663554 -0.208783 -1.073

5.3375 0.512695 0.336446 -0.663554 -0.208686 -1.07308
5.33936 0.513636 0.336446 -0.663554 -0.222923 -1.06923

5.33936 0.513598 0.323962 -0.676038 -0.222422 -1.06932
5.34668 0.517108 0.323962 -0.676038 -0.286951 -1.0326

5.34668 0.517099 0.31133 -0.68867 -0.286854 -1.03265
5.35314 0.52002 0.31133 -0.68867 -0.330964 -0.995459

5.35303 0.52002 0.31133 -0.68867 -0.330859 -0.995481
5.354 0.520458 0.31133 -0.68867 -0.337221 -0.994437

5.354 0.520417 0.298399 -0.701601 -0.336717 -0.994516
5.36133 0.523532 0.298399 -0.701601 -0.393522 -0.962756

5.36133 0.523532 0.284799 -0.715201 -0.393518 -0.962756
5.36865 0.526449 0.284799 -0.715201 -0.444606 -0.910285

5.36865 0.526437 0.27089 -0.72911 -0.44444 -0.910321
5.37109 0.527344 0.27089 -0.72911 1e+30 1e+30

