36.1045 0 0.995461 -0.00453941 2.88205 0
36.1045 0.00732422 0.995461 -0.00453941 2.87687 -0.0171259

36.1045 0.00732422 0.98729 -0.01271 2.87688 -0.0171248
36.1046 0.0146484 0.98729 -0.01271 2.84464 -0.0212616

36.1046 0.0146484 0.980125 -0.0198747 2.84464 -0.021261
36.1048 0.0219727 0.980125 -0.0198747 2.8111 -0.0191594

36.1048 0.0219727 0.97325 -0.0267503 2.8111 -0.0191588
36.105 0.0292969 0.97325 -0.0267503 2.80404 -0.0226705

36.105 0.0292969 0.966229 -0.0337709 2.80404 -0.0226713
36.1052 0.0366211 0.966229 -0.0337709 2.80159 -0.0340666

36.1052 0.0366211 0.958766 -0.0412339 2.80159 -0.0340676
36.1055 0.0439453 0.958766 -0.0412339 2.79652 -0.0399188

36.1055 0.0439453 0.947951 -0.0520487 2.79649 -0.0399306
36.1063 0.0585938 0.947951 -0.0520487 2.79141 -0.0543919

36.1063 0.0585938 0.937456 -0.0625437 2.79143 -0.0543754
36.1068 0.065918 0.937456 -0.0625437 2.7866 -0.0619501

36.1068 0.065918 0.931131 -0.0688688 2.7866 -0.0619473
36.1074 0.0732422 0.931131 -0.0688688 2.77992 -0.0588441

36.1074 0.0732422 0.921665 -0.0783354 2.7799 -0.0588411
36.1084 0.0854369 0.921665 -0.0783354 2.77957 -0.0608457

36.1084 0.0854655 0.919017 -0.0809827 2.77972 -0.0608699
36.1086 0.0878906 0.919017 -0.0809827 2.79357 -0.0629054

36.1083 0.0878906 0.908266 -0.0917341 2.78302 -0.0670576
36.1084 0.0884464 0.908266 -0.0917341 2.7957 -0.0633962

36.1086 0.0878906 0.911826 -0.0881739 2.79357 -0.0629054
36.1093 0.0952148 0.911826 -0.0881739 2.79533 -0.0727812

36.1093 0.0952148 0.904304 -0.0956964 2.79535 -0.0727872
36.1101 0.102539 0.904304 -0.0956964 2.77243 -0.0789926

36.1101 0.102539 0.898187 -0.101813 2.77243 -0.0789909
36.1109 0.109863 0.898187 -0.101813 2.77665 -0.0800609

36.1109 0.109863 0.892012 -0.107988 2.77665 -0.0800613
36.1118 0.117188 0.892012 -0.107988 2.77966 -0.0862833

36.1118 0.117188 0.882415 -0.117585 2.77964 -0.0862624
36.1138 0.131836 0.882415 -0.117585 2.77884 -0.0946899

36.1138 0.131836 0.870359 -0.129641 2.77885 -0.0946962
36.1159 0.146484 0.870359 -0.129641 2.78242 -0.103599

36.116 0.146484 0.861897 -0.138103 2.78244 -0.103627
36.1171 0.153809 0.861897 -0.138103 2.78499 -0.112344

36.1171 0.153809 0.855703 -0.144297 2.78499 -0.112338
36.1184 0.161133 0.855703 -0.144297 2.77714 -0.113946

36.1183 0.161133 0.846748 -0.153252 2.77712 -0.113938
36.121 0.175781 0.846748 -0.153252 2.76609 -0.120619

36.121 0.175781 0.835045 -0.164955 2.76609 -0.120617
36.123 0.18617 0.835045 -0.164955 2.76282 -0.124697

36.123 0.186166 0.835045 -0.164955 2.76282 -0.124696
36.1239 0.19043 0.835045 -0.164955 2.76999 -0.126568

36.1239 0.19043 0.826383 -0.173617 2.77003 -0.126581
36.1254 0.197754 0.826383 -0.173617 2.76684 -0.131613

36.1254 0.197754 0.820418 -0.179582 2.76683 -0.131611
36.127 0.205078 0.820418 -0.179582 2.75419 -0.134405

36.127 0.205078 0.814339 -0.185661 2.75419 -0.134404
36.1287 0.212402 0.814339 -0.185661 2.75738 -0.132178

36.1287 0.212402 0.808876 -0.191124 2.75738 -0.132177
36.1304 0.219402 0.808876 -0.191124 2.75871 -0.132693

36.1304 0.219402 0.808876 -0.191124 2.75871 -0.132693
36.1304 0.219727 0.808876 -0.191124 2.75881 -0.132744

36.1304 0.219727 0.803688 -0.196312 2.75881 -0.132743
36.1322 0.227051 0.803688 -0.196312 2.76083 -0.136543

36.1322 0.227051 0.797957 -0.202043 2.76083 -0.136543
36.1341 0.234375 0.797957 -0.202043 2.75695 -0.141977

36.1341 0.234375 0.791628 -0.208372 2.75694 -0.141974
36.136 0.241699 0.791628 -0.208372 2.74547 -0.157889

36.136 0.241699 0.78552 -0.21448 2.74547 -0.157893
36.1377 0.247848 0.78552 -0.21448 2.73523 -0.169729

36.1377 0.247844 0.78552 -0.21448 2.73524 -0.169725
36.138 0.249023 0.78552 -0.21448 2.73275 -0.171703

36.138 0.249023 0.779998 -0.220002 2.73275 -0.171704
36.1401 0.256348 0.779998 -0.220002 2.72397 -0.184027

36.1401 0.256348 0.774674 -0.225326 2.72397 -0.184025
36.1422 0.263672 0.774674 -0.225326 2.72228 -0.198489

36.1422 0.263672 0.769281 -0.230719 2.72228 -0.198488
36.1444 0.270996 0.769281 -0.230719 2.71911 -0.215395

36.1444 0.270996 0.763926 -0.236074 2.71911 -0.215386
36.145 0.272977 0.763926 -0.236074 2.71849 -0.219783

36.145 0.272967 0.763926 -0.236074 2.7185 -0.219773
36.1467 0.27832 0.763926 -0.236074 2.71704 -0.22975

36.1467 0.27832 0.758548 -0.241452 2.71704 -0.229746
36.149 0.285645 0.758548 -0.241452 2.71665 -0.242734

36.149 0.285645 0.753282 -0.246718 2.71665 -0.242737
36.1514 0.292969 0.753282 -0.246718 2.70629 -0.257028

36.1514 0.292969 0.748179 -0.251821 2.70628 -0.25702
36.1523 0.295772 0.748179 -0.251821 2.69998 -0.261271

36.1523 0.295757 0.748179 -0.251821 2.70002 -0.261261
36.1539 0.300293 0.748179 -0.251821 2.69037 -0.267948

36.1539 0.300293 0.74282 -0.25718 2.69036 -0.267942
36.1564 0.307617 0.74282 -0.25718 2.67992 -0.283174

36.1564 0.307617 0.737186 -0.262814 2.67992 -0.283172
36.159 0.314941 0.737186 -0.262814 2.6668 -0.306444

36.159 0.314941 0.731667 -0.268333 2.66679 -0.306426
36.1597 0.316738 0.731667 -0.268333 2.66316 -0.311049

36.1597 0.316721 0.731667 -0.268333 2.6632 -0.311033
36.1617 0.322266 0.731667 -0.268333 2.65686 -0.323861

36.1617 0.322266 0.726226 -0.273774 2.65685 -0.323853
36.1645 0.32959 0.726226 -0.273774 2.65295 -0.342945

36.1645 0.32959 0.720934 -0.279066 2.65295 -0.34295
36.167 0.336128 0.720934 -0.279066 2.63809 -0.359869

36.167 0.336126 0.720934 -0.279066 2.6381 -0.359867
36.1673 0.336914 0.720934 -0.279066 2.63532 -0.361571

36.1673 0.336914 0.715811 -0.284189 2.63531 -0.361566
36.1702 0.344238 0.715811 -0.284189 2.62512 -0.379453

36.1702 0.344238 0.710293 -0.289707 2.62511 -0.379445
36.1732 0.351562 0.710293 -0.289707 2.614 -0.416884

36.1732 0.351562 0.7046 -0.2954 2.61399 -0.416844
36.1743 0.354266 0.7046 -0.2954 2.60512 -0.429551

36.1743 0.354242 0.7046 -0.2954 2.60522 -0.429512
36.1763 0.358887 0.7046 -0.2954 2.59382 -0.446638

36.1763 0.358887 0.69896 -0.30104 2.5938 -0.446611
36.1794 0.366211 0.69896 -0.30104 2.57607 -0.473389

36.1794 0.366211 0.693481 -0.306519 2.57606 -0.473387
36.1816 0.371251 0.693481 -0.306519 2.55627 -0.49109

36.1816 0.371236 0.693481 -0.306519 2.55636 -0.491075
36.1827 0.373535 0.693481 -0.306519 2.54471 -0.497921

36.1827 0.373535 0.688116 -0.311884 2.5447 -0.497893
36.186 0.380859 0.688116 -0.311884 2.527 -0.5243

36.186 0.380859 0.682511 -0.317489 2.527 -0.524291
36.189 0.387299 0.682511 -0.317489 2.51015 -0.556082

36.189 0.387296 0.682511 -0.317489 2.51017 -0.556079
36.1894 0.388184 0.682511 -0.317489 2.50632 -0.559647

36.1894 0.388184 0.676905 -0.323095 2.50631 -0.55964
36.1929 0.395508 0.676905 -0.323095 2.49657 -0.593484

36.1929 0.395508 0.67124 -0.32876 2.49657 -0.593467
36.1963 0.402486 0.67124 -0.32876 2.46743 -0.640867

36.1963 0.402482 0.67124 -0.32876 2.46747 -0.64086
36.1965 0.402832 0.67124 -0.32876 2.46457 -0.64274

36.1965 0.402832 0.665745 -0.334255 2.46457 -0.64274
36.2001 0.410156 0.665745 -0.334255 2.43486 -0.679398

36.2001 0.410156 0.6602 -0.3398 2.43485 -0.67936
36.2036 0.416915 0.6602 -0.3398 2.39942 -0.720503

36.2036 0.416909 0.6602 -0.3398 2.39947 -0.720501
36.2039 0.41748 0.6602 -0.3398 2.39476 -0.722959

36.2039 0.41748 0.65425 -0.34575 2.39476 -0.72293
36.2078 0.424805 0.65425 -0.34575 2.36667 -0.759867

36.2078 0.424805 0.648077 -0.351923 2.36666 -0.759815
36.2109 0.430638 0.648077 -0.351923 2.34196 -0.808643

36.2109 0.43062 0.648077 -0.351923 2.34214 -0.808626
36.2118 0.432129 0.648077 -0.351923 2.32931 -0.818031

36.2117 0.432129 0.641673 -0.358327 2.32929 -0.817944
36.2158 0.439453 0.641673 -0.358327 2.28562 -0.861626

36.2158 0.439453 0.635691 -0.364309 2.28562 -0.861565
36.2183 0.443691 0.635691 -0.364309 2.26068 -0.891033

36.2183 0.443654 0.635691 -0.364309 2.26103 -0.890972
36.2201 0.446777 0.635691 -0.364309 2.23869 -0.91091

36.22 0.446777 0.629386 -0.370614 2.23861 -0.910741
36.2243 0.454102 0.629386 -0.370614 2.18247 -0.960553

36.2243 0.454102 0.623334 -0.376666 2.18245 -0.960308
36.2256 0.456191 0.623334 -0.376666 2.16203 -0.973669

36.2256 0.456128 0.622765 -0.377235 2.16266 -0.973714
36.2288 0.461426 0.622765 -0.377235 2.14981 -1.01261

36.2288 0.461426 0.615787 -0.384213 2.14968 -1.01244
36.2329 0.468052 0.615787 -0.384213 2.10365 -1.08747

36.2329 0.468033 0.620482 -0.379518 2.10396 -1.08746
36.2333 0.46875 0.620482 -0.379518 1e+30 1e+30

