14.3238 0 0.995445 -0.00455484 2.72899 0
14.3238 0.00732422 0.995445 -0.00455484 2.71969 -0.0291091

14.3238 0.00732422 0.986114 -0.0138858 2.71968 -0.0291139
14.3239 0.0146484 0.986114 -0.0138858 2.69555 -0.0513402

14.3239 0.0146484 0.976344 -0.0236561 2.69555 -0.0513473
14.3241 0.0219727 0.976344 -0.0236561 2.66831 -0.0624808

14.3241 0.0219727 0.966822 -0.0331781 2.66832 -0.0624707
14.3244 0.0292969 0.966822 -0.0331781 2.65066 -0.0627507

14.3244 0.0292969 0.958669 -0.0413314 2.65067 -0.0627269
14.3247 0.0366211 0.958669 -0.0413314 2.64602 -0.0608587

14.3247 0.0366211 0.952606 -0.0473944 2.64603 -0.0608388
14.3251 0.0439453 0.952606 -0.0473944 2.65306 -0.0538847

14.325 0.0439453 0.944386 -0.0556137 2.65304 -0.0538958
14.3259 0.0585938 0.944386 -0.0556137 2.65957 -0.066059

14.3259 0.0585938 0.935998 -0.0640024 2.65957 -0.0660588
14.3262 0.0625645 0.935998 -0.0640024 2.65713 -0.0689362

14.3262 0.0624497 0.932754 -0.0672463 2.65714 -0.0688426
14.3269 0.0732422 0.932754 -0.0672463 2.6496 -0.0755373

14.3269 0.0732422 0.919748 -0.0802519 2.64959 -0.075541
14.3282 0.0878906 0.919748 -0.0802519 2.64163 -0.0777311

14.3282 0.0878906 0.909618 -0.0903818 2.64165 -0.0777135
14.329 0.0952148 0.909618 -0.0903818 2.63733 -0.0732981

14.329 0.0952148 0.902886 -0.0971141 2.63732 -0.0733025
14.3297 0.102539 0.902886 -0.0971141 2.63523 -0.0701936

14.3297 0.102539 0.895824 -0.104176 2.63523 -0.0701931
14.3306 0.109863 0.895824 -0.104176 2.64522 -0.0759341

14.3306 0.109863 0.888913 -0.111087 2.64522 -0.0759342
14.3315 0.117188 0.888913 -0.111087 2.65205 -0.0874096

14.3315 0.117188 0.882088 -0.117912 2.65205 -0.0874093
14.3325 0.124512 0.882088 -0.117912 2.64843 -0.0962156

14.3325 0.124512 0.875458 -0.124542 2.64843 -0.0962156
14.3335 0.131539 0.875458 -0.124542 2.63907 -0.0993697

14.3335 0.131532 0.875458 -0.124542 2.63908 -0.0993676
14.3335 0.131836 0.875458 -0.124542 2.63863 -0.0993895

14.3335 0.131836 0.86894 -0.13106 2.63863 -0.0993919
14.3346 0.13916 0.86894 -0.13106 2.63194 -0.0984834

14.3346 0.13916 0.862297 -0.137703 2.63194 -0.0984851
14.3358 0.146484 0.862297 -0.137703 2.63143 -0.0995094

14.3358 0.146484 0.855564 -0.144436 2.63143 -0.0995105
14.337 0.153809 0.855564 -0.144436 2.63337 -0.102869

14.337 0.153809 0.848767 -0.151233 2.63337 -0.10287
14.3384 0.161133 0.848767 -0.151233 2.63741 -0.11162

14.3384 0.161133 0.842048 -0.157952 2.63741 -0.111621
14.3397 0.168457 0.842048 -0.157952 2.63817 -0.11904

14.3397 0.168457 0.835742 -0.164258 2.63817 -0.119041
14.3408 0.174017 0.835742 -0.164258 2.63454 -0.121891

14.3408 0.174014 0.835742 -0.164258 2.63455 -0.12189
14.3412 0.175781 0.835742 -0.164258 2.63273 -0.122446

14.3412 0.175781 0.829794 -0.170206 2.63273 -0.122446
14.3427 0.183105 0.829794 -0.170206 2.62842 -0.125495

14.3427 0.183105 0.823784 -0.176216 2.62842 -0.125496
14.3442 0.19043 0.823784 -0.176216 2.62865 -0.133233

14.3442 0.19043 0.817666 -0.182334 2.62865 -0.133233
14.3459 0.197754 0.817666 -0.182334 2.62764 -0.154058

14.3459 0.197754 0.811581 -0.188419 2.62764 -0.154057
14.3476 0.205078 0.811581 -0.188419 2.62217 -0.176088

14.3476 0.205078 0.805679 -0.194321 2.62217 -0.176084
14.3481 0.20747 0.805679 -0.194321 2.62015 -0.182994

14.3481 0.207458 0.805679 -0.194321 2.62017 -0.182966
14.3493 0.212402 0.805679 -0.194321 2.61309 -0.195774

14.3493 0.212402 0.799943 -0.200057 2.61309 -0.195772
14.3512 0.219727 0.799943 -0.200057 2.60513 -0.216825

14.3512 0.219727 0.794252 -0.205748 2.60513 -0.216825
14.3531 0.227051 0.794252 -0.205748 2.59643 -0.236482

14.3531 0.227051 0.788928 -0.211072 2.59644 -0.236488
14.355 0.234375 0.788928 -0.211072 2.59179 -0.253648

14.355 0.234375 0.779929 -0.220071 2.5917 -0.25355
14.3555 0.236084 0.779929 -0.220071 2.5989 -0.263818

14.3555 0.235962 0.782999 -0.217001 2.59882 -0.263477
14.3571 0.241699 0.782999 -0.217001 2.58765 -0.277575

14.3571 0.241699 0.776797 -0.223203 2.58763 -0.277554
14.3592 0.249023 0.776797 -0.223203 2.56523 -0.282881

14.3592 0.249023 0.771216 -0.228784 2.56523 -0.282882
14.3613 0.256348 0.771216 -0.228784 2.56443 -0.280694

14.3613 0.256348 0.765668 -0.234332 2.56443 -0.280694
14.3628 0.261127 0.765668 -0.234332 2.56237 -0.282634

14.3628 0.261123 0.765668 -0.234332 2.56237 -0.282631
14.3636 0.263672 0.765668 -0.234332 2.5614 -0.285857

14.3636 0.263672 0.760173 -0.239827 2.56139 -0.285856
14.3659 0.270996 0.760173 -0.239827 2.56496 -0.30032

14.3659 0.270996 0.754342 -0.245658 2.56495 -0.300316
14.3683 0.27832 0.754342 -0.245658 2.56323 -0.32542

14.3683 0.27832 0.748512 -0.251488 2.56323 -0.325427
14.3701 0.283828 0.748512 -0.251488 2.55326 -0.341891

14.3701 0.283819 0.748512 -0.251488 2.55329 -0.341876
14.3707 0.285645 0.748512 -0.251488 2.54802 -0.347277

14.3707 0.285645 0.743065 -0.256935 2.54801 -0.34727
14.3733 0.292969 0.743065 -0.256935 2.53759 -0.366669

14.3733 0.292969 0.737466 -0.262534 2.53758 -0.366665
14.3759 0.300293 0.737466 -0.262534 2.52983 -0.392839

14.3759 0.300293 0.731636 -0.268364 2.52983 -0.392827
14.3774 0.304592 0.731636 -0.268364 2.52222 -0.406556

14.3774 0.304581 0.731636 -0.268364 2.52225 -0.406544
14.3786 0.307617 0.731636 -0.268364 2.51686 -0.414093

14.3786 0.307617 0.725677 -0.274323 2.51685 -0.414079
14.3813 0.314941 0.725677 -0.274323 2.51187 -0.434937

14.3813 0.314941 0.719706 -0.280294 2.51187 -0.434938
14.3842 0.322266 0.719706 -0.280294 2.4932 -0.462656

14.3842 0.322266 0.714128 -0.285872 2.49318 -0.462622
14.3848 0.323767 0.714128 -0.285872 2.48682 -0.467788

14.3848 0.323734 0.714128 -0.285872 2.48699 -0.46773
14.3871 0.32959 0.714128 -0.285872 2.46812 -0.486774

14.3871 0.32959 0.708662 -0.291338 2.46811 -0.486759
14.3901 0.336914 0.708662 -0.291338 2.44742 -0.508576

14.3901 0.336914 0.703021 -0.296979 2.44741 -0.50857
14.3921 0.34159 0.703021 -0.296979 2.43278 -0.519167

14.3921 0.34158 0.703021 -0.296979 2.43281 -0.519156
14.3932 0.344238 0.703021 -0.296979 2.42714 -0.525004

14.3932 0.344238 0.697232 -0.302768 2.42713 -0.524993
14.3964 0.351562 0.697232 -0.302768 2.42055 -0.551452

14.3964 0.351562 0.691328 -0.308672 2.42055 -0.551452
14.3994 0.358338 0.691328 -0.308672 2.39788 -0.586677

14.3994 0.358335 0.691328 -0.308672 2.3979 -0.586672
14.3997 0.358887 0.691328 -0.308672 2.3948 -0.588882

14.3997 0.358887 0.685723 -0.314277 2.3948 -0.588882
14.403 0.366211 0.685723 -0.314277 2.37307 -0.614595

14.403 0.366211 0.680198 -0.319802 2.37306 -0.614588
14.4065 0.373535 0.680198 -0.319802 2.34474 -0.641976

14.4064 0.373535 0.674497 -0.325503 2.34472 -0.641886
14.4067 0.37415 0.674497 -0.325503 2.34136 -0.643531

14.4067 0.374111 0.674497 -0.325503 2.34159 -0.643522
14.41 0.380859 0.674497 -0.325503 2.32625 -0.662511

14.41 0.380859 0.668368 -0.331632 2.32623 -0.662494
14.4136 0.388184 0.668368 -0.331632 2.30558 -0.704459

14.4136 0.388184 0.662008 -0.337992 2.30555 -0.704327
14.4141 0.389076 0.662008 -0.337992 2.30097 -0.708679

14.4141 0.389036 0.662008 -0.337992 2.3012 -0.708644
14.4174 0.395508 0.662008 -0.337992 2.28764 -0.735919

14.4174 0.395508 0.655752 -0.344248 2.28762 -0.735902
14.4212 0.402832 0.655752 -0.344248 2.24929 -0.773103

14.4212 0.402832 0.650671 -0.349329 2.24925 -0.772918
14.4214 0.403218 0.650671 -0.349329 2.24596 -0.77447

14.4214 0.403156 0.649785 -0.350215 2.24654 -0.774434
14.4252 0.410156 0.649785 -0.350215 2.21806 -0.80211

14.4252 0.410156 0.643928 -0.356072 2.21805 -0.802056
14.4287 0.416587 0.643928 -0.356072 2.18188 -0.846477

14.4287 0.416578 0.644083 -0.355917 2.18195 -0.84647
14.4292 0.41748 0.644083 -0.355917 2.17472 -0.850913

14.4292 0.41748 0.637412 -0.362588 2.17471 -0.850853
14.4334 0.424805 0.637412 -0.362588 2.14412 -0.899183

14.4334 0.424805 0.630761 -0.369239 2.1441 -0.899078
14.436 0.429373 0.630761 -0.369239 2.12564 -0.951197

14.436 0.429334 0.630761 -0.369239 2.12604 -0.951084
14.4377 0.432129 0.630761 -0.369239 2.10555 -0.977075

14.4377 0.432129 0.62384 -0.37616 2.10544 -0.976861
14.4421 0.439453 0.62384 -0.37616 2.03773 -1.03397

14.442 0.439453 0.618189 -0.381811 2.03769 -1.0337
14.4434 0.441586 0.618189 -0.381811 2.01064 -1.0492

14.4434 0.441502 0.617162 -0.382838 2.0118 -1.04913
14.4466 0.446777 0.617162 -0.382838 1e+30 1e+30

