15.9378 0.117188 0.879559 -0.120441 2.66516 -0.0873131
15.9398 0.131836 0.879559 -0.120441 2.66321 -0.102866

15.9398 0.131836 0.866766 -0.133234 2.66321 -0.102866
15.942 0.146484 0.866766 -0.133234 2.65779 -0.11796

15.942 0.146484 0.85441 -0.14559 2.65779 -0.117961
15.9445 0.161133 0.85441 -0.14559 2.65607 -0.131819

15.9445 0.161133 0.842401 -0.157599 2.65606 -0.131817
15.9472 0.175781 0.842401 -0.157599 2.65797 -0.14751

15.9472 0.175781 0.830273 -0.169727 2.65796 -0.147499
15.9502 0.19043 0.830273 -0.169727 2.65503 -0.165224

15.9502 0.19043 0.820966 -0.179034 2.65505 -0.165252
15.9518 0.197754 0.820966 -0.179034 2.6504 -0.17333

15.9519 0.197754 0.815069 -0.184931 2.65041 -0.173344
15.9521 0.199058 0.815069 -0.184931 2.64908 -0.174645

15.9521 0.199065 0.815069 -0.184931 2.64907 -0.174649
15.9535 0.205078 0.815069 -0.184931 2.64109 -0.178553

15.9535 0.205078 0.809622 -0.190378 2.64109 -0.178547
15.9552 0.212402 0.809622 -0.190378 2.63669 -0.183181

15.9552 0.212402 0.803468 -0.196532 2.63669 -0.183179
15.957 0.219727 0.803468 -0.196532 2.63746 -0.190192

15.957 0.219727 0.797613 -0.202387 2.63747 -0.190199
15.9589 0.227051 0.797613 -0.202387 2.63743 -0.198888

15.9589 0.227051 0.792207 -0.207793 2.63742 -0.198883
15.9595 0.229304 0.792207 -0.207793 2.63943 -0.202486

15.9595 0.229297 0.792207 -0.207793 2.63943 -0.20248
15.9608 0.234375 0.792207 -0.207793 2.63993 -0.209394

15.9608 0.234375 0.786362 -0.213638 2.63993 -0.209385
15.9628 0.241699 0.786362 -0.213638 2.63495 -0.219846

15.9628 0.241699 0.780097 -0.219903 2.63495 -0.219846
15.9649 0.249023 0.780097 -0.219903 2.6229 -0.235415

15.9649 0.249023 0.774136 -0.225864 2.6229 -0.235419
15.9668 0.255673 0.774136 -0.225864 2.60974 -0.244841

15.9668 0.255668 0.774136 -0.225864 2.60975 -0.244839
15.967 0.256348 0.774136 -0.225864 2.60845 -0.245648

15.967 0.256348 0.76865 -0.23135 2.60845 -0.245648
15.9692 0.263672 0.76865 -0.23135 2.60269 -0.256648

15.9692 0.263672 0.76314 -0.23686 2.60269 -0.256645
15.9715 0.270996 0.76314 -0.23686 2.60184 -0.278463

15.9715 0.270996 0.757376 -0.242624 2.60184 -0.278459
15.9738 0.27832 0.757376 -0.242624 2.58869 -0.300704

15.9738 0.27832 0.751628 -0.248372 2.58868 -0.300679
15.9741 0.279258 0.751628 -0.248372 2.5866 -0.303072

15.9741 0.279238 0.751628 -0.248372 2.58665 -0.30305
15.9762 0.285645 0.751628 -0.248372 2.57687 -0.316222

15.9762 0.285645 0.745724 -0.254276 2.57687 -0.316214
15.9787 0.292969 0.745724 -0.254276 2.57107 -0.332779

15.9787 0.292969 0.739845 -0.260155 2.57107 -0.332785
15.9813 0.300293 0.739845 -0.260155 2.55663 -0.351463

15.9813 0.300293 0.734299 -0.265701 2.55661 -0.351433
15.9814 0.300691 0.734299 -0.265701 2.55555 -0.352306

15.9814 0.300666 0.734299 -0.265701 2.55563 -0.352283
15.984 0.307617 0.734299 -0.265701 2.5451 -0.368633

15.984 0.307617 0.728631 -0.271369 2.54509 -0.368626
15.9867 0.314941 0.728631 -0.271369 2.53865 -0.395185

15.9867 0.314941 0.72287 -0.27713 2.53865 -0.395183
15.9888 0.320377 0.72287 -0.27713 2.52657 -0.414835

15.9888 0.320368 0.72287 -0.27713 2.5266 -0.414822
15.9895 0.322266 0.72287 -0.27713 2.52073 -0.420874

15.9895 0.322266 0.717252 -0.282748 2.52072 -0.420861
15.9924 0.32959 0.717252 -0.282748 2.50853 -0.442406

15.9924 0.32959 0.711591 -0.288409 2.50852 -0.442404
15.9953 0.336914 0.711591 -0.288409 2.48712 -0.466996

15.9953 0.336914 0.705976 -0.294024 2.48711 -0.46696
15.9961 0.338721 0.705976 -0.294024 2.47952 -0.471922

15.9961 0.338693 0.705976 -0.294024 2.47966 -0.471898
15.9984 0.344238 0.705976 -0.294024 2.4662 -0.487399

15.9984 0.344238 0.700183 -0.299817 2.46619 -0.487381
16.0015 0.351562 0.700183 -0.299817 2.45383 -0.519668

16.0015 0.351562 0.694336 -0.305664 2.45383 -0.519653
16.0034 0.355846 0.694336 -0.305664 2.44176 -0.539468

16.0034 0.355829 0.694336 -0.305664 2.44184 -0.539447
16.0048 0.358887 0.694336 -0.305664 2.43192 -0.550784

16.0048 0.358887 0.68854 -0.31146 2.4319 -0.550749
16.0081 0.366211 0.68854 -0.31146 2.41812 -0.581292

16.0081 0.366211 0.682775 -0.317225 2.41812 -0.581291
16.0107 0.37196 0.682775 -0.317225 2.39762 -0.609456

16.0107 0.371948 0.682775 -0.317225 2.39771 -0.609439
16.0115 0.373535 0.682775 -0.317225 2.38868 -0.615871

16.0115 0.373535 0.677042 -0.322958 2.38866 -0.615836
16.015 0.380859 0.677042 -0.322958 2.36803 -0.647929

16.015 0.380859 0.671058 -0.328942 2.36802 -0.647913
16.0181 0.387185 0.671058 -0.328942 2.34304 -0.684957

16.0181 0.387178 0.671058 -0.328942 2.34309 -0.68495
16.0186 0.388184 0.671058 -0.328942 2.33665 -0.689544

16.0186 0.388184 0.664947 -0.335053 2.33664 -0.689518
16.0222 0.395508 0.664947 -0.335053 2.31254 -0.723896

16.0222 0.395508 0.65876 -0.34124 2.31254 -0.723874
16.0254 0.401582 0.65876 -0.34124 2.28519 -0.762735

16.0254 0.401569 0.65876 -0.34124 2.28531 -0.762718
16.026 0.402832 0.65876 -0.34124 2.2757 -0.769287

16.026 0.402832 0.652429 -0.347571 2.27568 -0.769234
16.0299 0.410156 0.652429 -0.347571 2.24282 -0.806849

16.0299 0.410156 0.646237 -0.353763 2.24282 -0.806828
16.0327 0.41523 0.646237 -0.353763 2.21847 -0.8369

16.0327 0.415208 0.646237 -0.353763 2.21867 -0.836869
16.034 0.41748 0.646237 -0.353763 2.20208 -0.847826

16.0339 0.41748 0.639808 -0.360192 2.20203 -0.847746
16.0381 0.424805 0.639808 -0.360192 2.16129 -0.891964

16.0381 0.424805 0.633361 -0.366639 2.16127 -0.891856
16.04 0.428225 0.633361 -0.366639 2.14217 -0.917256

16.04 0.428182 0.633361 -0.366639 2.14247 -0.917207
16.0423 0.432129 0.633361 -0.366639 2.12735 -0.946168

16.0423 0.432129 0.626595 -0.373405 2.12724 -0.946017
16.0467 0.439453 0.626595 -0.373405 2.07218 -1.00214

16.0466 0.439453 0.623132 -0.376868 2.07214 -1.00184
16.0474 0.440648 0.623132 -0.376868 2.05809 -1.00941

16.0474 0.440565 0.619545 -0.380455 2.05914 -1.0094
16.0512 0.446777 0.619545 -0.380455 2.02585 -1.05133

16.0512 0.446777 0.612835 -0.387165 2.02583 -1.05113
16.0547 0.452353 0.612835 -0.387165 1.98882 -1.10725

16.0547 0.452319 0.61435 -0.38565 1.9893 -1.10724
16.0558 0.454102 0.61435 -0.38565 1.96687 -1.12044

16.0558 0.454102 0.605482 -0.394518 1.96683 -1.12026
16.0606 0.461426 0.605482 -0.394518 1.88986 -1.17048

16.0605 0.461426 0.601912 -0.398088 1.88984 -1.17023
16.062 0.463647 0.601912 -0.398088 1.86799 -1.18668

16.062 0.463553 0.598232 -0.401768 1.86898 -1.18678
16.0655 0.46875 0.598232 -0.401768 1.84784 -1.23309

16.0655 0.46875 0.591003 -0.408997 1.84768 -1.23277
16.0693 0.474331 0.591003 -0.408997 1.80449 -1.30463

16.0693 0.474276 0.595918 -0.404082 1.8055 -1.30467
16.0706 0.476074 0.595918 -0.404082 1.77402 -1.32134

16.0705 0.476074 0.582655 -0.417345 1.774 -1.32113
16.0758 0.483398 0.582655 -0.417345 1.66398 -1.37267

16.0757 0.483398 0.580346 -0.419654 1.66399 -1.37204
16.0767 0.48467 0.580346 -0.419654 1.64702 -1.38112

16.0767 0.484547 0.57474 -0.42526 1.64863 -1.38143
16.0812 0.490723 0.57474 -0.42526 1.59185 -1.43636

16.0812 0.490723 0.570343 -0.429657 1.59187 -1.43573
16.084 0.494421 0.570343 -0.429657 1.56241 -1.48372

16.084 0.494311 0.568795 -0.431205 1.56343 -1.48398
16.0868 0.498047 0.568795 -0.431205 1.51568 -1.52696

16.0868 0.498047 0.55757 -0.44243 1.51569 -1.52622
16.0913 0.503758 0.55757 -0.44243 1.43233 -1.58054

16.0913 0.50371 0.557018 -0.442982 1.43315 -1.58085
16.0926 0.505371 0.557018 -0.442982 1.39872 -1.59378

16.0926 0.505371 0.547104 -0.452896 1.39887 -1.59317
16.0986 0.512664 0.547104 -0.452896 1.28585 -1.63413

16.0986 0.512695 0.542285 -0.457715 1.28586 -1.63271
16.0986 0.512783 0.542285 -0.457715 1.28493 -1.6333

16.0986 0.512655 0.543261 -0.456739 1.28592 -1.6342
16.0987 0.512695 0.543261 -0.456739 1.2855 -1.63447

16.0987 0.512695 0.537826 -0.462174 1.28548 -1.63454
16.105 0.52002 0.537826 -0.462174 1.20505 -1.68882

16.1049 0.52002 0.533028 -0.466972 1.20548 -1.68731
16.106 0.52125 0.533028 -0.466972 1.19248 -1.69638

16.106 0.52114 0.528009 -0.471991 1.19317 -1.69726
16.1115 0.527344 0.528009 -0.471991 1.09937 -1.73057

16.1114 0.527344 0.521 -0.479 1.09975 -1.72985
16.1133 0.529338 0.521 -0.479 1.06305 -1.73295

16.1133 0.529233 0.517398 -0.482602 1.06431 -1.73405
16.1184 0.534668 0.517398 -0.482602 0.974444 -1.75807

16.1183 0.534668 0.508003 -0.491997 0.974617 -1.75757
16.1206 0.537027 0.508003 -0.491997 0.937693 -1.77603

16.1206 0.536954 0.501331 -0.498669 0.938431 -1.77665
16.1256 0.541992 0.501331 -0.498669 0.850376 -1.81676

16.1255 0.541992 0.494278 -0.505722 0.850995 -1.81502
16.1279 0.544345 0.494278 -0.505722 0.805702 -1.83821

16.1279 0.544275 0.484921 -0.515079 0.806584 -1.83883
16.1333 0.549316 0.484921 -0.515079 0.692255 -1.86901

16.1332 0.549316 0.480688 -0.519312 0.693386 -1.86749
16.1353 0.551253 0.480688 -0.519312 0.642994 -1.87101

16.1353 0.551201 0.472355 -0.527645 0.64382 -1.87161
16.1413 0.556641 0.472355 -0.527645 0.518917 -1.87986

16.1412 0.556641 0.466265 -0.533735 0.519788 -1.87863
16.1426 0.557826 0.466265 -0.533735 0.495194 -1.88061

16.1426 0.55777 0.45792 -0.54208 0.495835 -1.88124
16.1499 0.563957 0.45792 -0.54208 0.362898 -1.89903

16.1498 0.563965 0.450552 -0.549448 0.363617 -1.8976
16.1499 0.564052 0.450552 -0.549448 0.361789 -1.89794

16.1499 0.563953 0.44818 -0.55182 0.362949 -1.89908
16.1499 0.563965 0.44818 -0.55182 0.362694 -1.89912

16.1499 0.563965 0.442755 -0.557245 0.362748 -1.89903
16.1572 0.569778 0.442755 -0.557245 0.223683 -1.92229

16.1572 0.569744 0.426356 -0.573644 0.224257 -1.92277
16.1593 0.571289 0.426356 -0.573644 0.179823 -1.92526

16.1592 0.571289 0.427437 -0.572563 0.180328 -1.92459
16.1646 0.575248 0.427437 -0.572563 0.0505777 -1.89686

16.1646 0.575211 0.412073 -0.587927 0.0511525 -1.8974
16.1694 0.578613 0.412073 -0.587927 -0.0468621 -1.86037

16.1693 0.578613 0.406854 -0.593146 -0.0458366 -1.85996
16.1719 0.5804 0.406854 -0.593146 -0.0905256 -1.8478

16.1719 0.580372 0.395741 -0.604259 -0.0901249 -1.84813
16.1792 0.585168 0.395741 -0.604259 -0.224336 -1.84336

16.1792 0.585155 0.377176 -0.622824 -0.22408 -1.84352
16.1805 0.585938 0.377176 -0.622824 -0.248919 -1.84688

16.1805 0.585938 0.378117 -0.621883 -0.248627 -1.84651
16.1865 0.589628 0.378117 -0.621883 -0.386369 -1.80806

16.1865 0.589609 0.359827 -0.640173 -0.385967 -1.80835
16.193 0.593262 0.359827 -0.640173 -0.522831 -1.7434

16.1929 0.593262 0.35789 -0.64211 -0.521732 -1.74313
16.1938 0.593801 0.35789 -0.64211 -0.540714 -1.73953

16.1938 0.593736 0.341029 -0.658971 -0.539329 -1.74019
16.2012 0.597526 0.341029 -0.658971 1e+30 1e+30

