24.7266 0.183786 -0.88995 -0.11005 2.64237 0.741056
24.7257 0.19043 -0.88995 -0.11005 2.63634 0.772361

24.7257 0.19043 -0.880749 -0.119251 2.63637 0.772362
24.7238 0.205078 -0.880749 -0.119251 2.62001 0.84104

24.7237 0.205078 -0.874145 -0.125855 2.62013 0.84105
24.7227 0.212402 -0.874145 -0.125855 2.61214 0.874076

24.7227 0.212402 -0.870013 -0.129987 2.61213 0.874076
24.7216 0.219727 -0.870013 -0.129987 2.60289 0.907848

24.7216 0.219727 -0.865688 -0.134312 2.60289 0.907848
24.7205 0.227051 -0.865688 -0.134312 2.58756 0.940015

24.7205 0.227051 -0.861455 -0.138545 2.58756 0.940015
24.7193 0.234375 -0.861455 -0.138545 2.57394 0.972233

24.7377 0 -0.994987 -0.00501265 2.72411 0
24.7376 0.0146484 -0.994987 -0.00501265 2.72307 0.052834

24.7376 0.0146484 -0.985832 -0.0141685 2.72311 0.0528334
24.7374 0.0292969 -0.985832 -0.0141685 2.72118 0.106021

24.7374 0.0292969 -0.976992 -0.0230083 2.72114 0.106022
24.7371 0.0439453 -0.976992 -0.0230083 2.71983 0.159239

24.7371 0.0439453 -0.967782 -0.0322179 2.71983 0.159239
24.7366 0.0585938 -0.967782 -0.0322179 2.7217 0.214289

24.7366 0.0585938 -0.961109 -0.0388912 2.72178 0.214282
24.7363 0.065918 -0.961109 -0.0388912 2.7254 0.243762

24.7363 0.065918 -0.957403 -0.0425966 2.72541 0.243761
24.7359 0.0732422 -0.957403 -0.0425966 2.72147 0.275866

24.736 0.0732422 -0.952876 -0.0471239 2.72145 0.275878
24.7356 0.0805664 -0.952876 -0.0471239 2.70383 0.30391

24.7356 0.0805664 -0.947449 -0.052551 2.70383 0.303909
24.7352 0.0878906 -0.947449 -0.052551 2.69483 0.327788

24.7352 0.0878906 -0.942987 -0.0570128 2.69486 0.327785
24.7347 0.0952148 -0.942987 -0.0570128 2.69945 0.35467

24.7347 0.0952148 -0.939441 -0.060559 2.69945 0.35467
24.7343 0.102539 -0.939441 -0.060559 2.70384 0.386531

24.7339 0.108021 -0.935184 -0.0648156 2.70513 0.413212
24.7338 0.109863 -0.935184 -0.0648156 2.70352 0.422312

24.7338 0.109863 -0.930333 -0.0696671 2.70353 0.422311
24.7332 0.117188 -0.930333 -0.0696671 2.70032 0.460584

24.7339 0.108015 -0.935184 -0.0648156 2.70514 0.413181
24.7343 0.102539 -0.935184 -0.0648156 2.70382 0.386536

24.7332 0.117188 -0.926188 -0.0738122 2.70035 0.460584
24.7326 0.124512 -0.926188 -0.0738122 2.69223 0.496368

24.7326 0.124512 -0.922834 -0.0771664 2.69223 0.496369
24.732 0.131836 -0.922834 -0.0771664 2.68884 0.523874

24.732 0.131836 -0.916145 -0.0838548 2.68871 0.523882
24.7307 0.146484 -0.916145 -0.0838548 2.68 0.58406

24.7307 0.146484 -0.907497 -0.0925032 2.68003 0.58406
24.7292 0.161133 -0.907497 -0.0925032 2.66396 0.644859

24.7292 0.161133 -0.899041 -0.100959 2.66393 0.64486
24.7275 0.175781 -0.899041 -0.100959 2.64746 0.706295

24.7266 0.183756 -0.88995 -0.11005 2.64243 0.740914
24.7275 0.175781 -0.88995 -0.11005 2.64744 0.706295

24.7192 0.234631 -0.856993 -0.143007 2.57364 0.973484
24.7181 0.241699 -0.856993 -0.143007 2.56869 1.00955

24.7181 0.241699 -0.8524 -0.1476 2.56869 1.00955
24.7168 0.249023 -0.8524 -0.1476 2.55985 1.0466

24.7192 0.234623 -0.856993 -0.143007 2.57367 0.973442
24.7193 0.234375 -0.856993 -0.143007 2.57394 0.972233

24.7168 0.249023 -0.847882 -0.152118 2.55985 1.0466
24.7155 0.256348 -0.847882 -0.152118 2.54715 1.08117

24.7155 0.256348 -0.843288 -0.156712 2.54715 1.08117
24.7141 0.263672 -0.843288 -0.156712 2.52995 1.11569

24.7119 0.274994 -0.834052 -0.165948 2.49723 1.17121
24.7113 0.27832 -0.834052 -0.165948 2.49441 1.18982

24.7113 0.27832 -0.828928 -0.171072 2.49441 1.18982
24.7097 0.285645 -0.828928 -0.171072 2.48914 1.22999

24.7097 0.285645 -0.823736 -0.176264 2.48916 1.22999
24.7082 0.292969 -0.823736 -0.176264 2.48011 1.27061

24.7141 0.263672 -0.838701 -0.161299 2.52996 1.11569
24.7127 0.270996 -0.838701 -0.161299 2.50731 1.1504

24.7119 0.274978 -0.834052 -0.165948 2.49727 1.17112
24.7127 0.270996 -0.834052 -0.165948 2.50731 1.1504

24.6973 0.338225 -0.788592 -0.211408 2.33135 1.51947
24.6957 0.344238 -0.788592 -0.211408 2.30736 1.55479

24.6957 0.344238 -0.78304 -0.21696 2.30735 1.55479
24.6936 0.351562 -0.78304 -0.21696 2.28741 1.59776

24.7082 0.292969 -0.818844 -0.181156 2.48011 1.27061
24.7066 0.300293 -0.818844 -0.181156 2.45611 1.30995

24.7066 0.300293 -0.814046 -0.185954 2.45611 1.30995
24.7049 0.307617 -0.814046 -0.185954 2.43024 1.34734

24.7046 0.308849 -0.80913 -0.19087 2.42614 1.35384
24.7032 0.314941 -0.80913 -0.19087 2.4095 1.38508

24.7032 0.314941 -0.803938 -0.196062 2.4095 1.38508
24.7014 0.322266 -0.803938 -0.196062 2.39293 1.4244

24.7046 0.308836 -0.80913 -0.19087 2.42621 1.35377
24.7049 0.307617 -0.80913 -0.19087 2.43025 1.34735

24.7014 0.322266 -0.798666 -0.201334 2.39293 1.4244
24.6995 0.32959 -0.798666 -0.201334 2.37152 1.46706

24.6995 0.32959 -0.793637 -0.206363 2.37153 1.46706
24.6976 0.336914 -0.793637 -0.206363 2.3381 1.51122

24.6973 0.33821 -0.788592 -0.211408 2.33147 1.51938
24.6976 0.336914 -0.788592 -0.211408 2.33812 1.51123

24.668 0.427692 -0.713474 -0.286526 1.91776 2.05369
24.6662 0.432129 -0.713474 -0.286526 1.89102 2.08231

24.6662 0.432129 -0.70612 -0.29388 1.89103 2.08231
24.6631 0.439453 -0.70612 -0.29388 1.84605 2.13325

24.6533 0.461426 -0.674619 -0.325381 1.66441 2.27007
24.6498 0.46875 -0.674619 -0.325381 1.60304 2.32338

24.6606 0.445271 -0.698623 -0.301377 1.80714 2.17195
24.66 0.446777 -0.698623 -0.301377 1.7932 2.18175

24.66 0.446777 -0.690906 -0.309094 1.79337 2.18178
24.6567 0.454102 -0.690906 -0.309094 1.73181 2.23436

24.6606 0.445221 -0.698623 -0.301377 1.80786 2.17166
24.6631 0.439453 -0.698623 -0.301377 1.84611 2.13324

24.6533 0.461389 -0.682895 -0.317105 1.66484 2.26987
24.6567 0.454102 -0.682895 -0.317105 1.7318 2.23436

24.6899 0.364252 -0.771285 -0.228715 2.24554 1.67064
24.6894 0.366211 -0.771285 -0.228715 2.23662 1.68229

24.6936 0.351562 -0.777135 -0.222865 2.28741 1.59776
24.6915 0.358887 -0.777135 -0.222865 2.26523 1.6379

24.6899 0.364219 -0.771285 -0.228715 2.2458 1.67047
24.6915 0.358887 -0.771285 -0.228715 2.26526 1.6379

24.6894 0.366211 -0.765418 -0.234582 2.23668 1.6823
24.6871 0.373535 -0.765418 -0.234582 2.20954 1.72779

24.6871 0.373535 -0.759282 -0.240718 2.20953 1.72779
24.6848 0.380859 -0.759282 -0.240718 2.1807 1.77253

24.6826 0.387527 -0.753234 -0.246766 2.14476 1.81299
24.6824 0.388184 -0.753234 -0.246766 2.14054 1.81697

24.6824 0.388184 -0.747177 -0.252823 2.14067 1.817
24.6799 0.395508 -0.747177 -0.252823 2.10233 1.86376

24.6753 0.408547 -0.734315 -0.265685 2.03512 1.93967
24.6747 0.410156 -0.734315 -0.265685 2.02418 1.94915

24.6799 0.395508 -0.740757 -0.259243 2.10232 1.86375
24.6773 0.402832 -0.740757 -0.259243 2.06625 1.90633

24.6753 0.408507 -0.734315 -0.265685 2.03556 1.93945
24.6773 0.402832 -0.734315 -0.265685 2.06629 1.90632

24.6826 0.387481 -0.753234 -0.246766 2.14522 1.81274
24.6848 0.380859 -0.753234 -0.246766 2.18073 1.77253

24.6747 0.410156 -0.727734 -0.272266 2.02428 1.94916
24.672 0.41748 -0.727734 -0.272266 1.98225 1.99558

24.672 0.41748 -0.720673 -0.279327 1.98223 1.99557
24.6691 0.424805 -0.720673 -0.279327 1.93687 2.03539

24.668 0.427668 -0.713474 -0.286526 1.91802 2.05354
24.6691 0.424805 -0.713474 -0.286526 1.93693 2.03539

24.375 0.609531 0.310604 -0.689396 -0.808418 -1.70863
24.3823 0.612831 0.310604 -0.689396 -0.980984 -1.60648

24.3823 0.612812 0.287697 -0.712303 -0.980492 -1.60676
24.3883 0.615234 0.287697 -0.712303 -1.1093 -1.51522

24.3882 0.615234 0.287697 -0.712303 -1.10804 -1.51597
24.3896 0.61582 0.287697 -0.712303 -1.14062 -1.50156

24.3896 0.615783 0.264093 -0.735907 -1.13948 -1.50193
24.397 0.618411 0.264093 -0.735907 -1.30738 -1.38636

24.397 0.618411 0.238549 -0.761451 -1.30736 -1.38637
24.4043 0.620705 0.238549 -0.761451 -1.45289 -1.19915

24.4043 0.620702 0.211692 -0.788308 -1.45281 -1.19919
24.4112 0.622559 0.211692 -0.788308 -1.56944 -1.06591

24.4112 0.622559 0.211692 -0.788308 -1.56906 -1.0664
24.4116 0.62268 0.211692 -0.788308 -1.57696 -1.06012

24.4116 0.622673 0.182688 -0.817312 -1.57673 -1.06018
24.4189 0.62431 0.182688 -0.817312 -1.70422 -0.929895

24.4189 0.624309 0.150952 -0.849048 -1.70419 -0.9299
24.4263 0.625611 0.150952 -0.849048 -1.83506 -0.757555

24.4263 0.625611 0.116819 -0.883181 -1.83506 -0.757555
24.4336 0.62658 0.116819 -0.883181 -1.94146 -0.558887

24.4336 0.626579 0.0801635 -0.919837 -1.94144 -0.558907
24.4409 0.627217 0.0801635 -0.919837 -2.0081 -0.333547

24.4409 0.627217 0.0407818 -0.959218 -2.00809 -0.333551
24.4482 0.627528 0.0407818 -0.959218 -2.05156 -0.100943

24.4482 0.627529 -0.00234185 -0.997658 -2.05159 -0.100936
24.4556 0.627512 -0.00234185 -0.997658 -2.07321 0.128201

24.4556 0.627515 -0.0459746 -0.954025 -2.07326 0.128206
24.4629 0.627162 -0.0459746 -0.954025 -2.07873 0.351217

24.4629 0.627164 -0.0869926 -0.913007 -2.07877 0.351215
24.4702 0.626466 -0.0869926 -0.913007 -2.07634 0.575145

24.4702 0.626468 -0.125432 -0.874568 -2.07637 0.57514
24.4775 0.625417 -0.125432 -0.874568 -2.03573 0.801534

24.4775 0.625417 -0.16102 -0.83898 -2.03571 0.801532
24.4849 0.624011 -0.16102 -0.83898 -1.96744 1.01556

24.4922 0.62226 -0.193145 -0.806855 -1.89312 1.21068
24.4909 0.622559 -0.193145 -0.806855 -1.90635 1.17966

24.4849 0.624006 -0.193145 -0.806855 -1.96722 1.01556
24.4909 0.622559 -0.193145 -0.806855 -1.90641 1.17894

24.5654 0.58313 -0.445108 -0.554892 -0.385253 2.64422
24.5619 0.585938 -0.445108 -0.554892 -0.474217 2.61696

24.5801 0.569717 -0.494803 -0.505197 -0.0103229 2.71615
24.5785 0.571289 -0.494803 -0.505197 -0.0524317 2.71032

24.5728 0.576699 -0.472322 -0.527678 -0.199602 2.68222
24.5706 0.578613 -0.472322 -0.527678 -0.252971 2.66765

24.5654 0.583018 -0.464332 -0.535668 -0.381192 2.64448
24.5705 0.578613 -0.464332 -0.535668 -0.252284 2.6668

24.5728 0.576593 -0.483953 -0.516047 -0.195853 2.68206
24.5784 0.571289 -0.483953 -0.516047 -0.0519332 2.70991

24.5947 0.553999 -0.535412 -0.464588 0.374354 2.73846
24.5924 0.556641 -0.535412 -0.464588 0.310586 2.73947

24.6094 0.535779 -0.567249 -0.432751 0.718709 2.70848
24.6046 0.541992 -0.567249 -0.432751 0.591516 2.72283

24.6021 0.545197 -0.553971 -0.446029 0.539101 2.72508
24.5987 0.549316 -0.553971 -0.446029 0.459122 2.73997

24.5947 0.553979 -0.541432 -0.458568 0.374961 2.73839
24.5987 0.549316 -0.541432 -0.458568 0.459576 2.73996

24.6021 0.545213 -0.559761 -0.440239 0.53864 2.72523
24.6046 0.541992 -0.559761 -0.440239 0.592289 2.7223

24.5874 0.562172 -0.514901 -0.485099 0.179797 2.73282
24.5857 0.563965 -0.514901 -0.485099 0.136448 2.73135

24.5801 0.569646 -0.505004 -0.494996 -0.00785255 2.71594
24.5856 0.563965 -0.505004 -0.494996 0.13706 2.73101

24.5874 0.562121 -0.523518 -0.476482 0.181464 2.73262
24.5924 0.556641 -0.523518 -0.476482 0.310964 2.73931

24.5142 0.614874 -0.280193 -0.719807 -1.54327 1.78997
24.5132 0.615234 -0.280193 -0.719807 -1.5575 1.77737

24.5142 0.614843 -0.307484 -0.692516 -1.54203 1.79006
24.5215 0.611591 -0.307484 -0.692516 -1.43696 1.96755

24.4922 0.62226 -0.223326 -0.776674 -1.89312 1.21068
24.4995 0.620154 -0.223326 -0.776674 -1.80964 1.43926

24.4995 0.620157 -0.252669 -0.747331 -1.80972 1.43923
24.5068 0.617681 -0.252669 -0.747331 -1.6815 1.65835

24.5068 0.617673 -0.280193 -0.719807 -1.6811 1.65833
24.5131 0.615234 -0.280193 -0.719807 -1.55747 1.77572

24.5215 0.611583 -0.333467 -0.666533 -1.43673 1.96763
24.5288 0.607919 -0.333467 -0.666533 -1.26942 2.09275

24.5361 0.603847 -0.357917 -0.642083 -1.14909 2.24148
24.5288 0.60791 -0.357917 -0.642083 -1.26922 2.09309

24.5288 0.60792 -0.353482 -0.646518 -1.26948 2.09275
24.5288 0.60791 -0.353482 -0.646518 -1.26915 2.09292

24.5435 0.599398 -0.381087 -0.618913 -0.921029 2.4103
24.5415 0.600586 -0.381087 -0.618913 -0.975632 2.37027

24.5435 0.59934 -0.402937 -0.597063 -0.918362 2.41061
24.5508 0.594397 -0.402937 -0.597063 -0.749662 2.48933

24.5361 0.603815 -0.381087 -0.618913 -1.14713 2.24134
24.5414 0.600586 -0.381087 -0.618913 -0.975613 2.36764

24.5581 0.588996 -0.425158 -0.574842 -0.594414 2.56188
24.5523 0.593262 -0.425158 -0.574842 -0.717288 2.48995

24.5508 0.594366 -0.415361 -0.584639 -0.748388 2.48911
24.5523 0.593262 -0.415361 -0.584639 -0.717266 2.48994

24.5581 0.588917 -0.441039 -0.558961 -0.590456 2.56136
24.5619 0.585938 -0.441039 -0.558961 -0.474033 2.61668

24.6387 0.490119 -0.647702 -0.352298 1.37978 2.44892
24.6383 0.490723 -0.647702 -0.352298 1.37072 2.45194

24.6383 0.490723 -0.637719 -0.362281 1.3711 2.45188
24.6341 0.498047 -0.637719 -0.362281 1.28862 2.50335

24.6167 0.525587 -0.597431 -0.402569 0.919516 2.6674
24.6155 0.527344 -0.597431 -0.402569 0.890975 2.6821

24.624 0.514614 -0.604996 -0.395004 1.04885 2.60044
24.6205 0.52002 -0.604996 -0.395004 0.972362 2.63092

24.6167 0.525543 -0.593581 -0.406419 0.92063 2.66709
24.6205 0.52002 -0.593581 -0.406419 0.972463 2.63095

24.6313 0.502805 -0.62787 -0.37213 1.2561 2.54547
24.6298 0.505371 -0.62787 -0.37213 1.21475 2.56866

24.6298 0.505371 -0.616899 -0.383101 1.21481 2.56868
24.6253 0.512695 -0.616899 -0.383101 1.08362 2.59754

24.6313 0.502752 -0.62787 -0.37213 1.25736 2.54513
24.6341 0.498047 -0.62787 -0.37213 1.28882 2.50334

24.624 0.514598 -0.608562 -0.391438 1.04923 2.60035
24.6252 0.512695 -0.608562 -0.391438 1.08389 2.59735

24.646 0.47629 -0.65721 -0.34279 1.53167 2.3679
24.6423 0.483398 -0.65721 -0.34279 1.45418 2.42066

24.6498 0.46875 -0.666135 -0.333865 1.60304 2.32338
24.6461 0.476074 -0.666135 -0.333865 1.53442 2.36655

24.646 0.476278 -0.657609 -0.342391 1.5319 2.36781
24.6461 0.476074 -0.657609 -0.342391 1.53444 2.36655

24.6387 0.490044 -0.647659 -0.352341 1.38138 2.44847
24.6423 0.483398 -0.647659 -0.352341 1.4542 2.42065

24.6155 0.527344 -0.581131 -0.418869 0.891314 2.68216
24.6102 0.534668 -0.581131 -0.418869 0.744276 2.70781

24.6094 0.535763 -0.574327 -0.425673 0.71921 2.70837
24.6102 0.534668 -0.574327 -0.425673 0.744544 2.70761

