27.8148 0 0.984293 -0.0157067 2.76751 0
27.8153 0.0292969 0.984293 -0.0157067 2.76778 -0.0232787

27.8154 0.0292969 0.961656 -0.0383437 2.76787 -0.023288
27.8159 0.0439453 0.961656 -0.0383437 2.76687 -0.0352547

27.8159 0.0439453 0.946981 -0.0530193 2.76687 -0.0352543
27.8168 0.0585938 0.946981 -0.0530193 2.76457 -0.0464099

27.8168 0.0585938 0.936315 -0.0636851 2.7646 -0.046412
27.8173 0.065918 0.936315 -0.0636851 2.76272 -0.0517695

27.8173 0.065918 0.930473 -0.0695274 2.76273 -0.0517693
27.8174 0.067239 0.930473 -0.0695274 2.76229 -0.0522416

27.8174 0.0672738 0.933411 -0.0665889 2.76227 -0.0522688
27.8178 0.0732422 0.933411 -0.0665889 2.75956 -0.0569611

27.8178 0.0732422 0.920482 -0.079518 2.75955 -0.0569609
27.8191 0.0878906 0.920482 -0.079518 2.75592 -0.0664918

27.8191 0.0878906 0.907555 -0.092445 2.75593 -0.0664928
27.8206 0.102539 0.907555 -0.092445 2.77198 -0.0788019

27.8206 0.102539 0.898409 -0.101591 2.77203 -0.078814
27.8214 0.109863 0.898409 -0.101591 2.77972 -0.0919436

27.8214 0.109863 0.892509 -0.107491 2.77971 -0.0919498
27.8223 0.117188 0.892509 -0.107491 2.76817 -0.101935

27.8223 0.117188 0.885729 -0.114271 2.76817 -0.101944
27.8232 0.124512 0.885729 -0.114271 2.75329 -0.10497

27.8232 0.124512 0.879339 -0.120661 2.75329 -0.104958
27.8242 0.131836 0.879339 -0.120661 2.74245 -0.103756

27.8242 0.131836 0.873316 -0.126684 2.74244 -0.103762
27.8247 0.135093 0.873316 -0.126684 2.7415 -0.102849

27.8247 0.135063 0.873316 -0.126684 2.74151 -0.102853
27.8253 0.13916 0.873316 -0.126684 2.7367 -0.103853

27.8253 0.13916 0.86711 -0.13289 2.73669 -0.103853
27.8264 0.146484 0.86711 -0.13289 2.73078 -0.106417

27.8264 0.146484 0.861042 -0.138958 2.73078 -0.106417
27.8276 0.153809 0.861042 -0.138958 2.72882 -0.109744

27.8276 0.153809 0.855112 -0.144888 2.72882 -0.109745
27.8288 0.161133 0.855112 -0.144888 2.72996 -0.113316

27.8288 0.161133 0.845631 -0.154369 2.72994 -0.113287
27.8315 0.175781 0.845631 -0.154369 2.73283 -0.121379

27.8315 0.175781 0.836466 -0.163534 2.73283 -0.121401
27.832 0.178427 0.836466 -0.163534 2.73049 -0.123601

27.832 0.178398 0.83409 -0.16591 2.7305 -0.123589
27.8344 0.19043 0.83409 -0.16591 2.73943 -0.127728

27.8344 0.19043 0.826148 -0.173852 2.73945 -0.127738
27.836 0.197754 0.826148 -0.173852 2.74566 -0.132482

27.836 0.197754 0.819981 -0.180019 2.74566 -0.132483
27.8376 0.205078 0.819981 -0.180019 2.73929 -0.141126

27.8376 0.205078 0.814127 -0.185873 2.73929 -0.141127
27.8393 0.212402 0.814127 -0.185873 2.73626 -0.145543

27.8393 0.212402 0.808389 -0.191611 2.73626 -0.145542
27.8394 0.212829 0.808389 -0.191611 2.73613 -0.145816

27.8394 0.212826 0.808389 -0.191611 2.73613 -0.145815
27.841 0.219727 0.808389 -0.191611 2.73525 -0.149981

27.841 0.219727 0.802647 -0.197353 2.73525 -0.149981
27.8428 0.227051 0.802647 -0.197353 2.73306 -0.155881

27.8428 0.227051 0.797554 -0.202446 2.73307 -0.155882
27.8447 0.234375 0.797554 -0.202446 2.72147 -0.171339

27.8446 0.234375 0.788079 -0.211921 2.72144 -0.171284
27.8467 0.242015 0.788079 -0.211921 2.7121 -0.175166

27.8467 0.242038 0.78457 -0.21543 2.71206 -0.175172
27.8486 0.249023 0.78457 -0.21543 2.70405 -0.178066

27.8486 0.249023 0.779319 -0.220681 2.70405 -0.178067
27.8507 0.256348 0.779319 -0.220681 2.70005 -0.189369

27.8507 0.256348 0.773731 -0.226269 2.70005 -0.18937
27.8528 0.263672 0.773731 -0.226269 2.69527 -0.20742

27.8528 0.263672 0.768367 -0.231633 2.69527 -0.207418
27.854 0.267629 0.768367 -0.231633 2.69284 -0.215408

27.854 0.267621 0.768367 -0.231633 2.69285 -0.2154
27.855 0.270996 0.768367 -0.231633 2.68839 -0.221708

27.855 0.270996 0.76314 -0.23686 2.68838 -0.221704
27.8573 0.27832 0.76314 -0.23686 2.6837 -0.235089

27.8573 0.27832 0.757944 -0.242056 2.6837 -0.235089
27.8596 0.285645 0.757944 -0.242056 2.67625 -0.2474

27.8596 0.285645 0.752771 -0.247229 2.67624 -0.247398
27.8613 0.290811 0.752771 -0.247229 2.66744 -0.253009

27.8613 0.290805 0.752771 -0.247229 2.66745 -0.253007
27.862 0.292969 0.752771 -0.247229 2.66461 -0.254914

27.862 0.292969 0.747498 -0.252502 2.66461 -0.25491
27.8645 0.300293 0.747498 -0.252502 2.66384 -0.264319

27.8645 0.300293 0.741981 -0.258019 2.66384 -0.264318
27.8671 0.307617 0.741981 -0.258019 2.66325 -0.291723

27.8671 0.307617 0.736493 -0.263507 2.66325 -0.291718
27.8687 0.312081 0.736493 -0.263507 2.65683 -0.306443

27.8687 0.312069 0.736493 -0.263507 2.65688 -0.306429
27.8697 0.314941 0.736493 -0.263507 2.64877 -0.31418

27.8697 0.314941 0.731142 -0.268858 2.64877 -0.314167
27.8724 0.322266 0.731142 -0.268858 2.63865 -0.331249

27.8724 0.322266 0.725687 -0.274313 2.63865 -0.331244
27.8751 0.32959 0.725687 -0.274313 2.62609 -0.353352

27.8751 0.32959 0.720134 -0.279866 2.62609 -0.353325
27.876 0.331761 0.720134 -0.279866 2.62051 -0.358735

27.876 0.331743 0.720134 -0.279866 2.62057 -0.358723
27.878 0.336914 0.720134 -0.279866 2.61306 -0.371474

27.878 0.336914 0.714358 -0.285642 2.61305 -0.37146
27.8809 0.344238 0.714358 -0.285642 2.60678 -0.39826

27.8809 0.344238 0.708602 -0.291398 2.60678 -0.398263
27.8833 0.350048 0.708602 -0.291398 2.59005 -0.422603

27.8833 0.35004 0.708602 -0.291398 2.5901 -0.422591
27.8839 0.351562 0.708602 -0.291398 2.58301 -0.42788

27.8839 0.351562 0.703192 -0.296808 2.583 -0.427869
27.887 0.358887 0.703192 -0.296808 2.56505 -0.4515

27.887 0.358887 0.697907 -0.302093 2.56505 -0.451498
27.8902 0.366211 0.697907 -0.302093 2.54357 -0.478083

27.8902 0.366211 0.692631 -0.307369 2.54356 -0.478023
27.8906 0.367226 0.692631 -0.307369 2.53939 -0.480755

27.8906 0.367196 0.692631 -0.307369 2.53952 -0.480742
27.8934 0.373535 0.692631 -0.307369 2.5299 -0.500502

27.8934 0.373535 0.68701 -0.31299 2.52988 -0.500483
27.8968 0.380859 0.68701 -0.31299 2.51653 -0.544468

27.8968 0.380859 0.681419 -0.318581 2.51652 -0.544399
27.8979 0.383398 0.681419 -0.318581 2.50625 -0.558478

27.8979 0.383364 0.681419 -0.318581 2.50641 -0.558432
27.9002 0.388184 0.681419 -0.318581 2.49238 -0.581197

27.9002 0.388184 0.675893 -0.324107 2.49235 -0.581146
27.9037 0.395508 0.675893 -0.324107 2.46277 -0.615929

27.9037 0.395508 0.670452 -0.329548 2.46276 -0.615886
27.9053 0.398708 0.670452 -0.329548 2.44369 -0.628789

27.9053 0.398677 0.670452 -0.329548 2.44389 -0.628772
27.9073 0.402832 0.670452 -0.329548 2.42832 -0.64539

27.9073 0.402832 0.664775 -0.335225 2.42828 -0.645327
27.911 0.410156 0.664775 -0.335225 2.40223 -0.68755

27.911 0.410156 0.658788 -0.341212 2.40223 -0.687467
27.9126 0.413262 0.658788 -0.341212 2.38543 -0.706194

27.9126 0.413229 0.658788 -0.341212 2.38563 -0.706174
27.9148 0.41748 0.658788 -0.341212 2.37485 -0.728783

27.9148 0.41748 0.652561 -0.347439 2.3748 -0.728694
27.9187 0.424805 0.652561 -0.347439 2.3424 -0.776749

27.9187 0.424805 0.646507 -0.353493 2.34238 -0.776586
27.9199 0.42709 0.646507 -0.353493 2.32432 -0.791718

27.9199 0.427036 0.646507 -0.353493 2.32479 -0.791679
27.9227 0.432129 0.646507 -0.353493 2.30447 -0.822105

27.9227 0.432129 0.640546 -0.359454 2.30439 -0.821995
27.9268 0.439453 0.640546 -0.359454 2.25386 -0.869677

27.9268 0.439453 0.636242 -0.363758 2.25384 -0.869392
27.9272 0.440284 0.636242 -0.363758 2.24525 -0.873475

27.9272 0.440215 0.634163 -0.365837 2.24599 -0.873504
27.931 0.446777 0.634163 -0.365837 2.22004 -0.910538

27.931 0.446777 0.627543 -0.372457 2.22002 -0.910359
27.9346 0.452757 0.627543 -0.372457 2.19083 -0.9759

27.9346 0.452735 0.628267 -0.371733 2.1911 -0.975879
27.9354 0.454102 0.628267 -0.371733 2.17671 -0.986981

27.9354 0.454102 0.620317 -0.379683 2.17668 -0.986845
27.9399 0.461426 0.620317 -0.379683 2.11461 -1.04261

27.9398 0.461426 0.613844 -0.386156 2.11459 -1.04241
27.9419 0.464697 0.613844 -0.386156 2.08764 -1.071

27.9419 0.464632 0.613844 -0.386156 2.08824 -1.07099
27.9445 0.46875 0.613844 -0.386156 2.06181 -1.10617

27.9445 0.46875 0.607273 -0.392727 2.06166 -1.10586
27.9492 0.476074 0.607273 -0.392727 1.98037 -1.16428

27.9491 0.476074 0.606837 -0.393163 1.98038 -1.16362
27.9492 0.476202 0.606837 -0.393163 1.97845 -1.16438

27.9492 0.476113 0.599748 -0.400252 1.97979 -1.16452
27.9541 0.483398 0.599748 -0.400252 1.91181 -1.22036

27.9541 0.483398 0.593134 -0.406866 1.91178 -1.21994
27.9565 0.487018 0.593134 -0.406866 1.89443 -1.26895

27.9565 0.486942 0.592669 -0.407331 1.89487 -1.26897
27.9591 0.490723 0.592669 -0.407331 1.86885 -1.318

27.9591 0.490723 0.584512 -0.415488 1.86864 -1.31731
27.9639 0.497429 0.584512 -0.415488 1.77144 -1.38794

27.9639 0.497402 0.585412 -0.414588 1.77206 -1.38803
27.9643 0.498047 0.585412 -0.414588 1.75645 -1.39312

27.9643 0.498047 0.576 -0.424 1.75647 -1.39301
27.9697 0.505371 0.576 -0.424 1.64253 -1.44827

27.9697 0.505371 0.574375 -0.425625 1.64257 -1.44756
27.9712 0.507426 0.574375 -0.425625 1.62648 -1.46784

27.9712 0.507296 0.568555 -0.431445 1.6274 -1.46826
27.9753 0.512695 0.568555 -0.431445 1.58114 -1.52639

27.9752 0.512695 0.562325 -0.437675 1.58124 -1.52528
27.9785 0.516902 0.562325 -0.437675 1.53666 -1.58409

27.9785 0.516789 0.562865 -0.437135 1.53834 -1.5847
27.981 0.52002 0.562865 -0.437135 1.48231 -1.62209

27.981 0.52002 0.548975 -0.451025 1.48241 -1.62143
27.9858 0.525917 0.548975 -0.451025 1.38031 -1.66562

27.9858 0.525878 0.547037 -0.452963 1.38085 -1.66595
27.9871 0.527344 0.547037 -0.452963 1.3536 -1.67591

27.987 0.527344 0.538286 -0.461714 1.35377 -1.67537
27.9932 0.534502 0.538286 -0.461714 1.2438 -1.71715

27.9932 0.534495 0.534332 -0.465668 1.24385 -1.71721
27.9933 0.534668 0.534332 -0.465668 1.24184 -1.71835

27.9933 0.534668 0.528433 -0.471567 1.24188 -1.71822
27.9998 0.541992 0.528433 -0.471567 1.13615 -1.76361

27.9997 0.541992 0.522901 -0.477099 1.13687 -1.76192
28.0005 0.542809 0.522901 -0.477099 1.12353 -1.7655

28.0005 0.542703 0.516884 -0.483116 1.12458 -1.76666
28.0067 0.549316 0.516884 -0.483116 1.01983 -1.80842

28.0066 0.549316 0.509423 -0.490577 1.02018 -1.8074
28.0078 0.550562 0.509423 -0.490577 1.00154 -1.81697

28.0078 0.550489 0.502631 -0.497369 1.00219 -1.81767
28.0139 0.556641 0.502631 -0.497369 0.884026 -1.86766

28.0138 0.556641 0.49484 -0.50516 0.884829 -1.86577
28.0151 0.557954 0.49484 -0.50516 0.854577 -1.87703

28.0151 0.557843 0.487009 -0.512991 0.856259 -1.87813
28.0216 0.563965 0.487009 -0.512991 0.698798 -1.91657

28.0214 0.563965 0.481389 -0.518611 0.700395 -1.9139
28.0225 0.564926 0.481389 -0.518611 0.672374 -1.91973

28.0225 0.564816 0.473763 -0.526237 0.674397 -1.92105
28.0297 0.571289 0.473763 -0.526237 0.506015 -1.93922

28.0295 0.571289 0.466767 -0.533233 0.507204 -1.9377
28.0298 0.57152 0.466767 -0.533233 0.501935 -1.93772

28.0298 0.57142 0.458933 -0.541067 0.503173 -1.93904
28.0371 0.577632 0.458933 -0.541067 0.356124 -1.96356

28.0371 0.577603 0.445798 -0.554202 0.356523 -1.96394
28.0384 0.578613 0.445798 -0.554202 0.332216 -1.97025

28.0383 0.578613 0.442709 -0.557291 0.332426 -1.96986
28.0444 0.583454 0.442709 -0.557291 0.199517 -1.98567

28.0444 0.583411 0.424967 -0.575033 0.200315 -1.98633
28.0479 0.585938 0.424967 -0.575033 0.119585 -1.9841

28.0477 0.585938 0.424374 -0.575626 0.120734 -1.98284
28.0518 0.588904 0.424374 -0.575626 0.0198588 -1.96835

28.0518 0.588872 0.409697 -0.590303 0.0204927 -1.96877
28.0581 0.593262 0.409697 -0.590303 -0.129749 -1.94164

28.0579 0.593262 0.399637 -0.600363 -0.128275 -1.94087
28.0591 0.594029 0.399637 -0.600363 -0.153655 -1.93654

28.0591 0.593969 0.391889 -0.608111 -0.15254 -1.93732
28.0664 0.598689 0.391889 -0.608111 -0.32337 -1.90413

28.0664 0.59865 0.373816 -0.626184 -0.322532 -1.90475
28.0696 0.600586 0.373816 -0.626184 -0.3967 -1.88132

28.0696 0.600586 0.373816 -0.626184 -0.395769 -1.88113
28.0737 0.603076 0.373816 -0.626184 -0.493927 -1.83626

28.0737 0.603062 0.354585 -0.645415 -0.493617 -1.83645
28.0811 0.607086 0.354585 -0.645415 1e+30 1e+30

