29.8806 0 0.995883 -0.0041168 2.73103 0
29.8806 0.00732422 0.995883 -0.0041168 2.72926 -0.0175808

29.8806 0.00732422 0.98727 -0.0127301 2.72926 -0.0175711
29.8807 0.0146484 0.98727 -0.0127301 2.71704 -0.0269476

29.8807 0.0146484 0.975208 -0.0247923 2.71704 -0.0269211
29.881 0.0292969 0.975208 -0.0247923 2.72232 -0.0354344

29.8811 0.0292969 0.963701 -0.0362987 2.72233 -0.0354655
29.8813 0.0366211 0.963701 -0.0362987 2.73068 -0.0419739

29.8813 0.0366211 0.956101 -0.0438985 2.73068 -0.0419656
29.8817 0.0439453 0.956101 -0.0438985 2.72934 -0.059674

29.8817 0.0439453 0.950108 -0.0498919 2.72934 -0.059731
29.8821 0.0512695 0.950108 -0.0498919 2.73784 -0.0864227

29.8821 0.0512695 0.949726 -0.0502742 2.73785 -0.0865893
29.8825 0.0585938 0.949726 -0.0502742 2.78147 -0.100871

29.8824 0.0585938 0.937057 -0.0629432 2.7807 -0.0999029
29.8828 0.0648171 0.937057 -0.0629432 2.77965 -0.0953085

29.8828 0.0641503 0.937057 -0.0629432 2.7889 -0.0973991
29.8829 0.065918 0.937057 -0.0629432 2.76472 -0.0928583

29.8829 0.065918 0.922223 -0.0777774 2.76477 -0.0930085
29.8836 0.0732422 0.922223 -0.0777774 2.72261 -0.0756431

29.8836 0.0732422 0.91839 -0.0816101 2.72266 -0.0756256
29.8842 0.0805664 0.91839 -0.0816101 2.73791 -0.0676359

29.8842 0.0805664 0.91337 -0.0866299 2.73791 -0.0676352
29.8849 0.0878906 0.91337 -0.0866299 2.74362 -0.0712753

29.8849 0.0878906 0.907558 -0.0924418 2.74362 -0.071276
29.8856 0.0952148 0.907558 -0.0924418 2.75487 -0.0773226

29.8856 0.0952148 0.900804 -0.0991964 2.75487 -0.0773231
29.8865 0.102539 0.900804 -0.0991964 2.75391 -0.0844089

29.8864 0.102539 0.891496 -0.108504 2.75389 -0.0843998
29.8882 0.117188 0.891496 -0.108504 2.74336 -0.0956152

29.8882 0.117188 0.879646 -0.120354 2.74336 -0.0956165
29.8902 0.131836 0.879646 -0.120354 2.72815 -0.0977305

29.8902 0.131836 0.867794 -0.132206 2.72814 -0.0977265
29.8925 0.146484 0.867794 -0.132206 2.72405 -0.0986354

29.8925 0.146484 0.855681 -0.144319 2.72405 -0.0986347
29.8949 0.161133 0.855681 -0.144319 2.72954 -0.100297

29.8949 0.161133 0.846644 -0.153356 2.72955 -0.10031
29.8963 0.168457 0.846644 -0.153356 2.73385 -0.100609

29.8963 0.168457 0.839908 -0.160092 2.73385 -0.100609
29.8975 0.174731 0.839908 -0.160092 2.74536 -0.105729

29.8975 0.174744 0.839908 -0.160092 2.74541 -0.105746
29.8977 0.175781 0.839908 -0.160092 2.75073 -0.106982

29.8977 0.175781 0.833962 -0.166038 2.75077 -0.106982
29.8991 0.183105 0.833962 -0.166038 2.75456 -0.124208

29.8991 0.183105 0.827737 -0.172263 2.75453 -0.124198
29.9006 0.19043 0.827737 -0.172263 2.73922 -0.129251

29.9006 0.19043 0.819021 -0.180979 2.73921 -0.129242
29.9039 0.205078 0.819021 -0.180979 2.72218 -0.143565

29.9039 0.205078 0.807472 -0.192528 2.72217 -0.143556
29.9074 0.219727 0.807472 -0.192528 2.71408 -0.153795

29.9074 0.219727 0.798639 -0.201361 2.7141 -0.153821
29.9092 0.227051 0.798639 -0.201361 2.708 -0.155534

29.9092 0.227051 0.793209 -0.206791 2.708 -0.155536
29.9111 0.234375 0.793209 -0.206791 2.70516 -0.157301

29.9111 0.234375 0.787856 -0.212144 2.70516 -0.157299
29.9121 0.238014 0.787856 -0.212144 2.70594 -0.158532

29.9121 0.23801 0.787856 -0.212144 2.70594 -0.158532
29.9131 0.241699 0.787856 -0.212144 2.70428 -0.160202

29.9131 0.241699 0.782012 -0.217988 2.70428 -0.1602
29.9151 0.249023 0.782012 -0.217988 2.70045 -0.164291

29.9151 0.249023 0.776014 -0.223986 2.70045 -0.164292
29.9173 0.256348 0.776014 -0.223986 2.69815 -0.173687

29.9173 0.256348 0.770437 -0.229563 2.69815 -0.173691
29.9194 0.263649 0.770437 -0.229563 2.69429 -0.185209

29.9194 0.263649 0.770437 -0.229563 2.69429 -0.185209
29.9194 0.263672 0.770437 -0.229563 2.69427 -0.185248

29.9194 0.263672 0.765318 -0.234682 2.69427 -0.18525
29.9217 0.270996 0.765318 -0.234682 2.6886 -0.197824

29.9217 0.270996 0.759995 -0.240005 2.68859 -0.197821
29.924 0.27832 0.759995 -0.240005 2.68461 -0.216898

29.924 0.27832 0.754317 -0.245683 2.68461 -0.216897
29.9264 0.285645 0.754317 -0.245683 2.67887 -0.238754

29.9264 0.285645 0.748796 -0.251204 2.67886 -0.238739
29.9268 0.286772 0.748796 -0.251204 2.67752 -0.241826

29.9268 0.286758 0.748796 -0.251204 2.67755 -0.241805
29.9288 0.292969 0.748796 -0.251204 2.67318 -0.256723

29.9288 0.292969 0.743341 -0.256659 2.67318 -0.256717
29.9314 0.300293 0.743341 -0.256659 2.66933 -0.272425

29.9314 0.300293 0.737889 -0.262111 2.66933 -0.272426
29.934 0.307617 0.737889 -0.262111 2.65484 -0.287097

29.934 0.307617 0.732444 -0.267556 2.65483 -0.287073
29.9341 0.307944 0.732444 -0.267556 2.65397 -0.287657

29.9341 0.307923 0.732444 -0.267556 2.65404 -0.287641
29.9366 0.314941 0.732444 -0.267556 2.64201 -0.30024

29.9366 0.314941 0.726732 -0.273268 2.642 -0.300236
29.9394 0.322266 0.726732 -0.273268 2.63391 -0.321663

29.9394 0.322266 0.721061 -0.278939 2.63391 -0.321664
29.9414 0.327456 0.721061 -0.278939 2.62397 -0.337725

29.9414 0.327448 0.721061 -0.278939 2.624 -0.337715
29.9422 0.32959 0.721061 -0.278939 2.61873 -0.343506

29.9422 0.32959 0.715719 -0.284281 2.61872 -0.343499
29.9451 0.336914 0.715719 -0.284281 2.61221 -0.362636

29.9451 0.336914 0.710518 -0.289482 2.61221 -0.362636
29.9481 0.344238 0.710518 -0.289482 2.59996 -0.384771

29.9481 0.344238 0.705464 -0.294536 2.59995 -0.384739
29.9487 0.345706 0.705464 -0.294536 2.59553 -0.388566

29.9487 0.345679 0.705464 -0.294536 2.59563 -0.388538
29.9512 0.351562 0.705464 -0.294536 2.5853 -0.405647

29.9512 0.351562 0.700092 -0.299908 2.58528 -0.405629
29.9543 0.358887 0.700092 -0.299908 2.57362 -0.441407

29.9543 0.358887 0.694449 -0.305551 2.57361 -0.441385
29.9561 0.362839 0.694449 -0.305551 2.5622 -0.461152

29.9561 0.36282 0.694449 -0.305551 2.56228 -0.46113
29.9575 0.366211 0.694449 -0.305551 2.55212 -0.473237

29.9575 0.366211 0.688795 -0.311205 2.5521 -0.473205
29.9608 0.373535 0.688795 -0.311205 2.53583 -0.501164

29.9608 0.373535 0.683211 -0.316789 2.53583 -0.501162
29.9634 0.37899 0.683211 -0.316789 2.5154 -0.523479

29.9634 0.378977 0.683211 -0.316789 2.51548 -0.523467
29.9643 0.380859 0.683211 -0.316789 2.50554 -0.529587

29.9642 0.380859 0.67769 -0.32231 2.50553 -0.529557
29.9677 0.388184 0.67769 -0.32231 2.4873 -0.558956

29.9677 0.388184 0.672002 -0.327998 2.4873 -0.558944
29.9707 0.394279 0.672002 -0.327998 2.46883 -0.594759

29.9707 0.394271 0.672002 -0.327998 2.46888 -0.594752
29.9713 0.395508 0.672002 -0.327998 2.46279 -0.600178

29.9713 0.395508 0.666229 -0.333771 2.46278 -0.600146
29.975 0.402832 0.666229 -0.333771 2.44711 -0.63636

29.975 0.402832 0.660458 -0.339542 2.44711 -0.636345
29.978 0.408778 0.660458 -0.339542 2.42228 -0.676772

29.978 0.408764 0.660458 -0.339542 2.42241 -0.676761
29.9787 0.410156 0.660458 -0.339542 2.41126 -0.683484

29.9787 0.410156 0.65477 -0.34523 2.41125 -0.683435
29.9826 0.41748 0.65477 -0.34523 2.37654 -0.718416

29.9826 0.41748 0.649238 -0.350762 2.37654 -0.718388
29.9854 0.422581 0.649238 -0.350762 2.35255 -0.747793

29.9854 0.42256 0.649238 -0.350762 2.35272 -0.747774
29.9866 0.424805 0.649238 -0.350762 2.33829 -0.757781

29.9866 0.424805 0.643258 -0.356742 2.33825 -0.757692
29.9906 0.432129 0.643258 -0.356742 2.30505 -0.80185

29.9906 0.432129 0.637118 -0.362882 2.30503 -0.801749
29.9927 0.435765 0.637118 -0.362882 2.28864 -0.831073

29.9927 0.435726 0.637118 -0.362882 2.28886 -0.831034
29.9948 0.439453 0.637118 -0.362882 2.27342 -0.858421

29.9948 0.439453 0.630741 -0.369259 2.27333 -0.858269
29.9991 0.446777 0.630741 -0.369259 2.21959 -0.911468

29.999 0.446777 0.625822 -0.374178 2.21956 -0.9112
30 0.448377 0.625822 -0.374178 2.20151 -0.921594

30 0.448299 0.624461 -0.375539 2.20245 -0.921573
30.0035 0.454102 0.624461 -0.375539 2.17204 -0.958664

30.0035 0.454102 0.618385 -0.381615 2.17194 -0.958545
30.0073 0.460342 0.618385 -0.381615 2.12388 -1.01609

30.0073 0.460319 0.621124 -0.378876 2.12417 -1.01608
30.008 0.461426 0.621124 -0.378876 2.11106 -1.02359

30.008 0.461426 0.611319 -0.388681 2.11104 -1.02348
30.0126 0.46875 0.611319 -0.388681 1e+30 1e+30

