13.8281 0.603413 0.229958 -0.770042 -1.22411 -1.2346
13.8354 0.6056 0.229958 -0.770042 -1.33782 -1.08717

13.8354 0.605598 0.204599 -0.795401 -1.33778 -1.08719
13.8428 0.607482 0.204599 -0.795401 -1.43862 -0.967471

13.8428 0.607477 0.178312 -0.821688 -1.43847 -0.967514
13.8448 0.60791 0.178312 -0.821688 -1.46683 -0.942747

13.8448 0.60791 0.178312 -0.821688 -1.46672 -0.942888
13.8501 0.60907 0.178312 -0.821688 -1.55027 -0.850254

13.8501 0.60907 0.150506 -0.849494 -1.5503 -0.85025
13.8574 0.610368 0.150506 -0.849494 -1.66156 -0.692365

13.8574 0.610367 0.12058 -0.87942 -1.66153 -0.692368
13.8647 0.611372 0.12058 -0.87942 -1.75569 -0.513382

13.8647 0.611372 0.0884753 -0.911525 -1.75572 -0.513379
13.8721 0.612083 0.0884753 -0.911525 -1.80823 -0.329845

13.8721 0.612085 0.0534568 -0.946543 -1.80825 -0.329836
13.8794 0.612498 0.0534568 -0.946543 -1.84132 -0.151528

13.8794 0.612499 0.0150847 -0.984915 -1.84133 -0.151525
13.8867 0.612611 0.0150847 -0.984915 -1.86477 0.0237725

13.8867 0.612611 -0.0253994 -0.974601 -1.86477 0.0237725
13.894 0.61242 -0.0253994 -0.974601 -1.87909 0.202911

13.894 0.61242 -0.0630632 -0.936937 -1.87908 0.20291
13.9014 0.611927 -0.0630632 -0.936937 -1.88315 0.394011

13.9014 0.611927 -0.0977639 -0.902236 -1.88315 0.394012
13.9087 0.611133 -0.0977639 -0.902236 -1.85919 0.598971

13.9087 0.611134 -0.130133 -0.869867 -1.85924 0.598973
13.916 0.610038 -0.130133 -0.869867 -1.80238 0.798631

13.916 0.610039 -0.160571 -0.839429 -1.80241 0.798633
13.9233 0.608638 -0.160571 -0.839429 -1.74461 0.960693

13.9307 0.606929 -0.189321 -0.810679 -1.68962 1.111
13.9265 0.60791 -0.189321 -0.810679 -1.72552 1.02313

13.9233 0.608639 -0.189321 -0.810679 -1.74465 0.960692
13.9265 0.60791 -0.189321 -0.810679 -1.72552 1.02309

13.9307 0.606934 -0.217338 -0.782662 -1.68976 1.11096
13.938 0.604901 -0.217338 -0.782662 -1.62565 1.29359

13.938 0.604902 -0.24452 -0.75548 -1.62568 1.29358
13.9453 0.602531 -0.24452 -0.75548 -1.52607 1.44924

13.9819 0.585702 -0.358212 -0.641788 -0.909002 2.08239
13.9815 0.585938 -0.358212 -0.641788 -0.915489 2.08091

13.9819 0.585633 -0.379361 -0.620639 -0.9066 2.08229
13.9893 0.581156 -0.379361 -0.620639 -0.7983 2.15913

14.0039 0.571111 -0.421783 -0.578217 -0.482974 2.35436
14.0037 0.571289 -0.421783 -0.578217 -0.488374 2.35176

13.9966 0.576308 -0.399722 -0.600278 -0.646464 2.26937
13.9931 0.578613 -0.399722 -0.600278 -0.716959 2.21951

13.9893 0.581123 -0.399649 -0.600351 -0.796885 2.15898
13.993 0.578613 -0.399649 -0.600351 -0.716844 2.21841

13.9966 0.576269 -0.418238 -0.581762 -0.64517 2.26952
14.0035 0.571289 -0.418238 -0.581762 -0.487656 2.3501

14.0625 0.512164 -0.568616 -0.431384 0.74734 2.48673
14.0621 0.512695 -0.568616 -0.431384 0.7377 2.48874

14.0552 0.521325 -0.544081 -0.455919 0.584726 2.49916
14.0501 0.527344 -0.544081 -0.455919 0.483386 2.50695

14.0621 0.512695 -0.557959 -0.442041 0.738037 2.48871
14.0563 0.52002 -0.557959 -0.442041 0.606011 2.4998

14.0552 0.521314 -0.550128 -0.449872 0.584999 2.4991
14.0562 0.52002 -0.550128 -0.449872 0.606274 2.49963

14.0259 0.552678 -0.472469 -0.527531 -0.0228947 2.49085
14.0215 0.556641 -0.472469 -0.527531 -0.112819 2.4652

14.0332 0.545594 -0.493837 -0.506163 0.128597 2.51014
14.0294 0.549316 -0.493837 -0.506163 0.0502905 2.50324

14.0259 0.552582 -0.485261 -0.514739 -0.0196643 2.49011
14.0293 0.549316 -0.485261 -0.514739 0.050808 2.50275

14.0039 0.571023 -0.436695 -0.563305 -0.479727 2.35434
14.0112 0.565345 -0.436695 -0.563305 -0.32625 2.41077

14.0186 0.55923 -0.455351 -0.544649 -0.177317 2.45059
14.0129 0.563965 -0.455351 -0.544649 -0.290038 2.41571

14.0112 0.565301 -0.448106 -0.551894 -0.324697 2.41053
14.0129 0.563965 -0.448106 -0.551894 -0.289919 2.4156

14.0186 0.559156 -0.466859 -0.533141 -0.174667 2.45012
14.0214 0.556641 -0.466859 -0.533141 -0.112557 2.46491

14.0405 0.538017 -0.513244 -0.486756 0.299952 2.51804
14.0368 0.541992 -0.513244 -0.486756 0.212397 2.51703

14.0479 0.529913 -0.531718 -0.468282 0.443097 2.50745
14.0437 0.534668 -0.531718 -0.468282 0.357148 2.51626

14.0405 0.537998 -0.520188 -0.479812 0.300469 2.5179
14.0436 0.534668 -0.520188 -0.479812 0.357947 2.51576

14.0332 0.545543 -0.5032 -0.4968 0.130372 2.50976
14.0367 0.541992 -0.5032 -0.4968 0.212947 2.51658

14.0479 0.529925 -0.535547 -0.464453 0.442776 2.50753
14.0501 0.527344 -0.535547 -0.464453 0.483868 2.50666

13.9526 0.599853 -0.269525 -0.730475 -1.42468 1.57603
13.9507 0.600586 -0.269525 -0.730475 -1.45132 1.54174

13.9526 0.59983 -0.293102 -0.706898 -1.42393 1.57613
13.96 0.596793 -0.293102 -0.706898 -1.32532 1.75874

13.9453 0.602517 -0.269525 -0.730475 -1.52546 1.44922
13.9505 0.600586 -0.269525 -0.730475 -1.45147 1.5401

13.96 0.596787 -0.315031 -0.684969 -1.32501 1.75871
13.9673 0.593418 -0.315031 -0.684969 -1.17379 1.86698

13.9746 0.589716 -0.336654 -0.663346 -1.06381 1.99367
13.9676 0.593262 -0.336654 -0.663346 -1.16854 1.86908

13.9673 0.593421 -0.33645 -0.66355 -1.1739 1.86698
13.9676 0.593262 -0.33645 -0.66355 -1.1685 1.86893

13.9746 0.589708 -0.358308 -0.641692 -1.06356 1.99375
13.9814 0.585938 -0.358308 -0.641692 -0.914863 2.08025

14.1797 0.203798 -0.860881 -0.139119 2.50586 0.893664
14.1795 0.205078 -0.860881 -0.139119 2.50036 0.902001

14.1795 0.205078 -0.855836 -0.144164 2.50041 0.902025
14.1782 0.212402 -0.855836 -0.144164 2.48976 0.933988

14.1782 0.212402 -0.850191 -0.149809 2.48978 0.933993
14.1769 0.219727 -0.850191 -0.149809 2.4872 0.969798

14.1769 0.219727 -0.845142 -0.154858 2.48721 0.9698
14.1756 0.227051 -0.845142 -0.154858 2.47103 1.00673

14.1756 0.227051 -0.840296 -0.159704 2.47103 1.00673
14.1742 0.234375 -0.840296 -0.159704 2.44732 1.03965

14.1961 0 -0.98837 -0.0116303 2.63054 0
14.1958 0.0292969 -0.98837 -0.0116303 2.62826 0.117357

14.1958 0.0292969 -0.96592 -0.0340805 2.62826 0.117357
14.1947 0.0585938 -0.96592 -0.0340805 2.6246 0.236374

14.1947 0.0585938 -0.945452 -0.0545477 2.62473 0.236379
14.193 0.0878906 -0.945452 -0.0545477 2.61388 0.35788

14.193 0.0878906 -0.92624 -0.0737603 2.6138 0.357879
14.1907 0.117188 -0.92624 -0.0737603 2.59165 0.480941

14.1907 0.117188 -0.911908 -0.0880924 2.59199 0.480956
14.1893 0.131836 -0.911908 -0.0880924 2.58275 0.545523

14.1893 0.131836 -0.902203 -0.0977966 2.58274 0.545522
14.1877 0.146484 -0.902203 -0.0977966 2.57242 0.609689

14.1877 0.146484 -0.892327 -0.107673 2.57241 0.609688
14.1859 0.161133 -0.892327 -0.107673 2.55598 0.672481

14.1859 0.161133 -0.882391 -0.117609 2.55598 0.67248
14.184 0.175781 -0.882391 -0.117609 2.54684 0.740969

14.184 0.175781 -0.872355 -0.127645 2.54682 0.740965
14.1818 0.19043 -0.872355 -0.127645 2.53349 0.820616

14.1797 0.203757 -0.862798 -0.137202 2.50601 0.893485
14.1818 0.19043 -0.862798 -0.137202 2.53354 0.820631

14.1724 0.243709 -0.830564 -0.169436 2.42212 1.08091
14.1713 0.249023 -0.830564 -0.169436 2.41066 1.10603

14.1742 0.234375 -0.835524 -0.164476 2.44732 1.03965
14.1728 0.241699 -0.835524 -0.164476 2.42646 1.07181

14.1724 0.243696 -0.830564 -0.169436 2.42217 1.08085
14.1728 0.241699 -0.830564 -0.169436 2.42646 1.07181

14.1713 0.249023 -0.825333 -0.174667 2.41066 1.10603
14.1697 0.256348 -0.825333 -0.174667 2.39409 1.14275

14.1697 0.256348 -0.820031 -0.179969 2.39409 1.14275
14.1681 0.263672 -0.820031 -0.179969 2.37618 1.18144

14.165 0.277059 -0.809793 -0.190207 2.33158 1.25682
14.1647 0.27832 -0.809793 -0.190207 2.32572 1.26355

14.1647 0.27832 -0.804393 -0.195607 2.32576 1.26356
14.163 0.285645 -0.804393 -0.195607 2.30435 1.30226

14.163 0.285645 -0.798478 -0.201522 2.30434 1.30226
14.1611 0.292969 -0.798478 -0.201522 2.29681 1.3431

14.1681 0.263672 -0.814823 -0.185177 2.37618 1.18144
14.1665 0.270996 -0.814823 -0.185177 2.35424 1.22162

14.165 0.277025 -0.809793 -0.190207 2.33182 1.25666
14.1665 0.270996 -0.809793 -0.190207 2.35425 1.22163

14.1504 0.331089 -0.763882 -0.236118 2.16587 1.53756
14.1486 0.336914 -0.763882 -0.236118 2.14447 1.56882

14.1486 0.336914 -0.757975 -0.242025 2.14447 1.56882
14.1463 0.344238 -0.757975 -0.242025 2.11647 1.60802

14.1463 0.344238 -0.75202 -0.24798 2.11647 1.60802
14.1438 0.351562 -0.75202 -0.24798 2.08171 1.64107

14.1577 0.305777 -0.786995 -0.213005 2.25684 1.4146
14.1572 0.307617 -0.786995 -0.213005 2.2484 1.42363

14.1611 0.292969 -0.792588 -0.207412 2.29682 1.3431
14.1592 0.300293 -0.792588 -0.207412 2.2769 1.38416

14.1577 0.305742 -0.786995 -0.213005 2.25708 1.41446
14.1592 0.300293 -0.786995 -0.213005 2.27692 1.38417

14.1572 0.307617 -0.781456 -0.218544 2.24845 1.42365
14.1552 0.314941 -0.781456 -0.218544 2.22174 1.45875

14.1552 0.314941 -0.775604 -0.224396 2.22173 1.45875
14.153 0.322266 -0.775604 -0.224396 2.20171 1.49325

14.153 0.322266 -0.769696 -0.230304 2.20172 1.49325
14.1509 0.32959 -0.769696 -0.230304 2.17241 1.52962

14.1504 0.331074 -0.763882 -0.236118 2.16598 1.53749
14.1508 0.32959 -0.763882 -0.236118 2.17244 1.52963

14.0918 0.468485 -0.636101 -0.363899 1.28436 2.2808
14.0916 0.46875 -0.636101 -0.363899 1.27983 2.28166

14.1211 0.410716 -0.691558 -0.308442 1.77308 1.96479
14.1181 0.41748 -0.691558 -0.308442 1.7322 2.00745

14.1181 0.41748 -0.684023 -0.315977 1.73219 2.00745
14.1147 0.424805 -0.684023 -0.315977 1.6825 2.04641

14.1138 0.426745 -0.676437 -0.323563 1.66706 2.05771
14.1112 0.432129 -0.676437 -0.323563 1.62743 2.09191

14.1112 0.432129 -0.668321 -0.331679 1.6274 2.0919
14.1076 0.439453 -0.668321 -0.331679 1.5621 2.12501

14.1138 0.426724 -0.676437 -0.323563 1.66732 2.0576
14.1147 0.424805 -0.676437 -0.323563 1.68256 2.04642

14.1064 0.441623 -0.660029 -0.339971 1.54262 2.13493
14.1038 0.446777 -0.660029 -0.339971 1.50326 2.16507

14.1038 0.446777 -0.651743 -0.348257 1.50326 2.16507
14.0999 0.454102 -0.651743 -0.348257 1.44145 2.20361

14.0991 0.455468 -0.643202 -0.356798 1.42977 2.21152
14.0958 0.461426 -0.643202 -0.356798 1.37564 2.25599

14.0918 0.468398 -0.634201 -0.365799 1.28628 2.28043
14.0958 0.461426 -0.634201 -0.365799 1.37562 2.25598

14.0991 0.455452 -0.643279 -0.356721 1.43001 2.21143
14.0999 0.454102 -0.643279 -0.356721 1.44153 2.20361

14.1064 0.441602 -0.660029 -0.339971 1.54291 2.13482
14.1076 0.439453 -0.660029 -0.339971 1.5622 2.125

14.1357 0.374501 -0.726514 -0.273486 1.97912 1.76288
14.1333 0.380859 -0.726514 -0.273486 1.9494 1.80308

14.1431 0.353832 -0.746072 -0.253928 2.07154 1.65265
14.1413 0.358887 -0.746072 -0.253928 2.04933 1.67788

14.1413 0.358887 -0.739742 -0.260258 2.04932 1.67787
14.1388 0.366211 -0.739742 -0.260258 2.02131 1.71753

14.1431 0.353812 -0.746072 -0.253928 2.07168 1.65256
14.1438 0.351562 -0.746072 -0.253928 2.08174 1.64108

14.1388 0.366211 -0.733151 -0.266849 2.02131 1.71753
14.1361 0.373535 -0.733151 -0.266849 1.98517 1.75711

14.1357 0.374492 -0.726514 -0.273486 1.97921 1.76284
14.1361 0.373535 -0.726514 -0.273486 1.98518 1.75712

14.1284 0.393371 -0.712919 -0.287081 1.88706 1.87457
14.1276 0.395508 -0.712919 -0.287081 1.87137 1.88546

14.1333 0.380859 -0.719675 -0.280325 1.9494 1.80308
14.1305 0.388184 -0.719675 -0.280325 1.91518 1.84611

14.1284 0.393331 -0.712919 -0.287081 1.88751 1.8744
14.1305 0.388184 -0.712919 -0.287081 1.91523 1.84611

14.1275 0.395508 -0.705954 -0.294046 1.87145 1.88548
14.1245 0.402832 -0.705954 -0.294046 1.82632 1.92558

14.1245 0.402832 -0.6988 -0.3012 1.82632 1.92558
14.1213 0.410156 -0.6988 -0.3012 1.77776 1.96169

14.1211 0.410708 -0.691558 -0.308442 1.77319 1.96475
14.1213 0.410156 -0.691558 -0.308442 1.77777 1.96169

14.0771 0.49173 -0.593449 -0.406551 1.00624 2.40412
14.0728 0.498047 -0.593449 -0.406551 0.916382 2.42517

14.0845 0.480434 -0.614873 -0.385127 1.17866 2.35369
14.0826 0.483398 -0.614873 -0.385127 1.14229 2.38083

14.0916 0.46875 -0.624324 -0.375676 1.28022 2.28158
14.0872 0.476074 -0.624324 -0.375676 1.19691 2.3184

14.0845 0.480391 -0.614873 -0.385127 1.17946 2.35348
14.0872 0.476074 -0.614873 -0.385127 1.19713 2.31841

14.0826 0.483398 -0.604933 -0.395067 1.14231 2.38084
14.0778 0.490723 -0.604933 -0.395067 1.02557 2.40314

14.0771 0.49172 -0.6018 -0.3982 1.00648 2.40408
14.0778 0.490723 -0.6018 -0.3982 1.02574 2.40304

14.0698 0.502233 -0.582934 -0.417066 0.88272 2.43979
14.0676 0.505371 -0.582934 -0.417066 0.843804 2.45842

14.0625 0.512086 -0.570565 -0.429435 0.749357 2.48639
14.0676 0.505371 -0.570565 -0.429435 0.844026 2.45849

14.0698 0.502197 -0.582231 -0.417769 0.883388 2.43964
14.0728 0.498047 -0.582231 -0.417769 0.91663 2.42509

