7.08984 0.237509 0.752079 -0.247921 2.19323 -0.460263
7.09123 0.241699 0.752079 -0.247921 2.18061 -0.470314

7.09122 0.241699 0.744617 -0.255383 2.1806 -0.470306
7.09373 0.249023 0.744617 -0.255383 2.16042 -0.487756

7.09373 0.249023 0.737359 -0.262641 2.16042 -0.487759
7.09634 0.256348 0.737359 -0.262641 2.14583 -0.503569

7.09634 0.256348 0.7309 -0.2691 2.14581 -0.503562
7.09717 0.258596 0.7309 -0.2691 2.14222 -0.509128

7.09717 0.258572 0.7309 -0.2691 2.14229 -0.509086
7.09905 0.263672 0.7309 -0.2691 2.13311 -0.526647

7.09904 0.263672 0.724764 -0.275236 2.13309 -0.526634
7.10182 0.270996 0.724764 -0.275236 2.12657 -0.559089

7.10182 0.270996 0.71861 -0.28139 2.12658 -0.559091
7.10449 0.277812 0.71861 -0.28139 2.10793 -0.590414

7.10449 0.277802 0.721574 -0.278426 2.10797 -0.590394
7.10469 0.27832 0.721574 -0.278426 2.10814 -0.585451

7.10469 0.27832 0.712289 -0.287711 2.10814 -0.585436
7.10765 0.285645 0.712289 -0.287711 2.09405 -0.605857

7.10765 0.285645 0.705505 -0.294495 2.09404 -0.60585
7.1107 0.292969 0.705505 -0.294495 2.08477 -0.644935

7.1107 0.292969 0.698845 -0.301155 2.08475 -0.644869
7.11182 0.295571 0.698845 -0.301155 2.07669 -0.659597

7.11182 0.295536 0.698845 -0.301155 2.07684 -0.659526
7.11387 0.300293 0.698845 -0.301155 2.06328 -0.679635

7.11386 0.300293 0.692226 -0.307774 2.06325 -0.679584
7.11712 0.307617 0.692226 -0.307774 2.04114 -0.703511

7.11711 0.307617 0.685738 -0.314262 2.04114 -0.703504
7.11914 0.31204 0.685738 -0.314262 2.02379 -0.717527

7.11914 0.312019 0.685738 -0.314262 2.02392 -0.717494
7.12048 0.314941 0.685738 -0.314262 2.01069 -0.727282

7.12047 0.314941 0.679316 -0.320684 2.01067 -0.727249
7.12393 0.322266 0.679316 -0.320684 1.98837 -0.753638

7.12393 0.322266 0.672641 -0.327359 1.98836 -0.753625
7.12646 0.327481 0.672641 -0.327359 1.97083 -0.775224

7.12646 0.327467 0.672641 -0.327359 1.97092 -0.775204
7.1275 0.32959 0.672641 -0.327359 1.96239 -0.783039

7.12749 0.32959 0.665616 -0.334384 1.96236 -0.782997
7.13117 0.336914 0.665616 -0.334384 1.94384 -0.817061

7.13117 0.336914 0.658552 -0.341448 1.94383 -0.817052
7.13379 0.341971 0.658552 -0.341448 1.9313 -0.845586

7.13379 0.341948 0.658552 -0.341448 1.93152 -0.845521
7.13498 0.344238 0.658552 -0.341448 1.91571 -0.858838

7.13497 0.344238 0.651602 -0.348398 1.91566 -0.858778
7.13888 0.351562 0.651602 -0.348398 1.87325 -0.892612

7.13888 0.351562 0.644907 -0.355093 1.87324 -0.8926
7.14111 0.355621 0.644907 -0.355093 1.85176 -0.903758

7.14111 0.355593 0.644907 -0.355093 1.85198 -0.903704
7.14293 0.358887 0.644907 -0.355093 1.83564 -0.916194

7.14291 0.358887 0.638037 -0.361963 1.83557 -0.916143
7.14707 0.366211 0.638037 -0.361963 1.79619 -0.951456

7.14705 0.366211 0.630624 -0.369376 1.79615 -0.951342
7.14844 0.368581 0.630624 -0.369376 1.77934 -0.961764

7.14844 0.368536 0.630621 -0.369379 1.77972 -0.961736
7.15137 0.373535 0.630621 -0.369379 1.76337 -0.985658

7.15135 0.373535 0.622844 -0.377156 1.76329 -0.985599
7.15576 0.380817 0.622844 -0.377156 1.71663 -1.03424

7.15576 0.38081 0.628848 -0.371152 1.71671 -1.03424
7.15579 0.380859 0.628848 -0.371152 1.71623 -1.03449

7.15575 0.380859 0.623728 -0.376272 1.71612 -1.03416
7.15576 0.380886 0.623728 -0.376272 1.71586 -1.0343

7.15579 0.380859 0.614888 -0.385112 1.71623 -1.03448
7.16038 0.388184 0.614888 -0.385112 1.66406 -1.06967

7.16037 0.388184 0.607531 -0.392469 1.66403 -1.06961
7.16309 0.392393 0.607531 -0.392469 1.6356 -1.09247

7.16309 0.39235 0.607532 -0.392468 1.63608 -1.09239
7.16513 0.395508 0.607532 -0.392468 1.61055 -1.10952

7.1651 0.395508 0.599891 -0.400109 1.61045 -1.10939
7.16999 0.402832 0.599891 -0.400109 1.54489 -1.1394

7.16995 0.402832 0.598634 -0.401366 1.54478 -1.13925
7.17041 0.403515 0.598634 -0.401366 1.53817 -1.14125

7.17041 0.40344 0.591653 -0.408347 1.53906 -1.14124
7.17505 0.410156 0.591653 -0.408347 1.48779 -1.16964

7.17503 0.410156 0.584424 -0.415576 1.48774 -1.16952
7.17773 0.413958 0.584424 -0.415576 1.46264 -1.19417

7.17773 0.413902 0.584073 -0.415927 1.46308 -1.19407
7.18028 0.41748 0.584073 -0.415927 1.44838 -1.21965

7.18026 0.41748 0.575096 -0.424904 1.44826 -1.21948
7.18506 0.423976 0.575096 -0.424904 1.39204 -1.26886

7.18506 0.423955 0.57526 -0.42474 1.39237 -1.26888
7.18569 0.424805 0.57526 -0.42474 1.37956 -1.27387

7.18567 0.424805 0.566228 -0.433772 1.37954 -1.27375
7.19128 0.432129 0.566228 -0.433772 1.29065 -1.30913

7.19124 0.432129 0.56276 -0.43724 1.29059 -1.30873
7.19238 0.433605 0.56276 -0.43724 1.27553 -1.31662

7.19238 0.43349 0.558183 -0.441817 1.27682 -1.31676
7.1971 0.439453 0.558183 -0.441817 1.22845 -1.35343

7.19708 0.439453 0.555608 -0.444392 1.22843 -1.35316
7.19971 0.442739 0.555608 -0.444392 1.20235 -1.37755

7.19971 0.442622 0.552343 -0.447657 1.20334 -1.37775
7.20307 0.446777 0.552343 -0.447657 1.16076 -1.40497

7.20307 0.446777 0.543367 -0.456633 1.16076 -1.40494
7.20703 0.451488 0.543367 -0.456633 1.1106 -1.4303

7.20703 0.451421 0.539774 -0.460226 1.11135 -1.43062
7.20932 0.454102 0.539774 -0.460226 1.0773 -1.44381

7.2093 0.454102 0.530393 -0.469607 1.07734 -1.44359
7.21436 0.459814 0.530393 -0.469607 1.012 -1.46347

7.21436 0.459788 0.526167 -0.473833 1.01222 -1.4636
7.21583 0.461426 0.526167 -0.473833 0.996026 -1.47022

7.21581 0.461426 0.519003 -0.480997 0.996052 -1.47007
7.22168 0.467754 0.519003 -0.480997 0.92675 -1.48857

7.22168 0.467743 0.514376 -0.485624 0.926855 -1.48862
7.22263 0.46875 0.514376 -0.485624 1e+30 1e+30

