35.0761 0 -0.995653 -0.00434733 2.7694 0
35.0761 0.0146484 -0.995653 -0.00434733 2.77143 0.0528697

35.0761 0.0146484 -0.987065 -0.0129351 2.77143 0.0528697
35.0759 0.0292969 -0.987065 -0.0129351 2.7775 0.106616

35.0757 0.038913 -0.976592 -0.0234082 2.7881 0.141372
35.0756 0.0439453 -0.976592 -0.0234082 2.79417 0.163666

35.0759 0.0292969 -0.980712 -0.0192883 2.77755 0.106615
35.0757 0.0366211 -0.980712 -0.0192883 2.78474 0.132897

35.0757 0.0389217 -0.976592 -0.0234082 2.78811 0.141404
35.0757 0.0366211 -0.976592 -0.0234082 2.78474 0.132897

35.0756 0.0439453 -0.972431 -0.0275686 2.79416 0.163667
35.0754 0.0512695 -0.972431 -0.0275686 2.78506 0.195525

35.0754 0.0512695 -0.967481 -0.0325193 2.78504 0.19553
35.0751 0.0585938 -0.967481 -0.0325193 2.76269 0.221529

35.0751 0.0585938 -0.962564 -0.0374362 2.7627 0.221526
35.0748 0.065918 -0.962564 -0.0374362 2.76147 0.247054

35.0748 0.065918 -0.958814 -0.0411862 2.76149 0.247054
35.0745 0.0732422 -0.958814 -0.0411862 2.77231 0.278126

35.0745 0.0732422 -0.955414 -0.0445859 2.77231 0.278125
35.0742 0.0805664 -0.955414 -0.0445859 2.77114 0.311382

35.0742 0.0805664 -0.95149 -0.0485097 2.77112 0.311381
35.0738 0.0878906 -0.95149 -0.0485097 2.76087 0.345701

35.0738 0.0878906 -0.947443 -0.0525569 2.76088 0.345702
35.0734 0.0952148 -0.947443 -0.0525569 2.7518 0.375437

35.0734 0.0952148 -0.943291 -0.0567088 2.75179 0.375434
35.0729 0.102539 -0.943291 -0.0567088 2.75692 0.400911

35.073 0.102539 -0.93823 -0.0617703 2.75691 0.400907
35.0725 0.109863 -0.93823 -0.0617703 2.7701 0.430229

35.0725 0.109863 -0.933209 -0.0667911 2.77012 0.430231
35.0719 0.117188 -0.933209 -0.0667911 2.75893 0.45963

35.0684 0.158225 -0.908745 -0.0912547 2.72048 0.654967
35.0681 0.161133 -0.908745 -0.0912547 2.71471 0.668083

35.0681 0.161133 -0.904165 -0.0958348 2.71475 0.668089
35.0673 0.168457 -0.904165 -0.0958348 2.70808 0.701857

35.0673 0.168457 -0.899501 -0.100499 2.7081 0.70186
35.0665 0.175781 -0.899501 -0.100499 2.7018 0.734641

35.072 0.117188 -0.927046 -0.0729537 2.75887 0.459631
35.0708 0.131836 -0.927046 -0.0729537 2.74728 0.524692

35.0708 0.131836 -0.918864 -0.0811357 2.74727 0.524693
35.0695 0.146484 -0.918864 -0.0811357 2.73456 0.595135

35.0684 0.15816 -0.910579 -0.0894205 2.72062 0.654656
35.0695 0.146484 -0.910579 -0.0894205 2.73456 0.595134

35.0665 0.175781 -0.895465 -0.104535 2.7018 0.734642
35.0656 0.183105 -0.895465 -0.104535 2.69362 0.765943

35.0656 0.183105 -0.891503 -0.108497 2.69362 0.765943
35.0647 0.19043 -0.891503 -0.108497 2.6851 0.795511

35.0647 0.19043 -0.887467 -0.112533 2.6851 0.79551
35.0638 0.197754 -0.887467 -0.112533 2.67456 0.824421

35.0638 0.197754 -0.88334 -0.11666 2.67455 0.82442
35.0628 0.205078 -0.88334 -0.11666 2.66445 0.852767

35.061 0.217882 -0.874731 -0.125269 2.6504 0.907176
35.0608 0.219727 -0.874731 -0.125269 2.6483 0.915873

35.0628 0.205078 -0.879119 -0.120881 2.66445 0.852766
35.0618 0.212402 -0.879119 -0.120881 2.65549 0.882883

35.061 0.217869 -0.874731 -0.125269 2.65044 0.907112
35.0618 0.212402 -0.874731 -0.125269 2.65549 0.882883

35.0608 0.219727 -0.870237 -0.129763 2.64831 0.915873
35.0597 0.227051 -0.870237 -0.129763 2.63853 0.950632

35.0597 0.227051 -0.865734 -0.134266 2.63853 0.950632
35.0585 0.234375 -0.865734 -0.134266 2.62764 0.986224

35.0391 0.330914 -0.798806 -0.201194 2.39891 1.49144
35.0376 0.336914 -0.798806 -0.201194 2.37641 1.52465

35.0376 0.336914 -0.793411 -0.206589 2.37639 1.52465
35.0356 0.344238 -0.793411 -0.206589 2.35846 1.56652

35.0356 0.344238 -0.787644 -0.212356 2.35845 1.56651
35.0337 0.351562 -0.787644 -0.212356 2.33964 1.60872

35.0317 0.358535 -0.78203 -0.21797 2.3106 1.65176
35.0316 0.358887 -0.78203 -0.21797 2.30882 1.65395

35.0316 0.358887 -0.776488 -0.223512 2.30893 1.65397
35.0295 0.366211 -0.776488 -0.223512 2.27925 1.69924

35.0317 0.358493 -0.78203 -0.21797 2.31093 1.65152
35.0337 0.351562 -0.78203 -0.21797 2.33965 1.60872

35.0295 0.366211 -0.770675 -0.229325 2.27923 1.69924
35.0273 0.373535 -0.770675 -0.229325 2.25385 1.74255

35.0273 0.373535 -0.764716 -0.235284 2.25384 1.74255
35.0251 0.380859 -0.764716 -0.235284 2.21969 1.78448

35.0244 0.382993 -0.758809 -0.241191 2.20956 1.79835
35.0228 0.388184 -0.758809 -0.241191 2.1863 1.83172

35.0228 0.388184 -0.752789 -0.247211 2.18631 1.83172
35.0204 0.395508 -0.752789 -0.247211 2.15144 1.87978

35.0171 0.405069 -0.740205 -0.259795 2.09912 1.93254
35.0153 0.410156 -0.740205 -0.259795 2.07244 1.96389

35.0204 0.395508 -0.746537 -0.253463 2.15144 1.87978
35.0179 0.402832 -0.746537 -0.253463 2.11081 1.91872

35.0171 0.405049 -0.740205 -0.259795 2.0993 1.93241
35.0179 0.402832 -0.740205 -0.259795 2.11086 1.91871

35.0244 0.382973 -0.758809 -0.241191 2.20972 1.79823
35.0251 0.380859 -0.758809 -0.241191 2.21974 1.78449

35.0098 0.425118 -0.719357 -0.280643 1.98818 2.05841
35.007 0.432129 -0.719357 -0.280643 1.94542 2.10882

35.007 0.432129 -0.712012 -0.287988 1.94541 2.10882
35.0041 0.439453 -0.712012 -0.287988 1.89551 2.15581

34.9951 0.460129 -0.688972 -0.311028 1.72472 2.28387
34.9945 0.461426 -0.688972 -0.311028 1.7118 2.29151

34.9945 0.461426 -0.680676 -0.319324 1.712 2.2915
34.9911 0.46875 -0.680676 -0.319324 1.64664 2.34398

35.0024 0.443355 -0.704662 -0.295338 1.86907 2.18252
35.001 0.446777 -0.704662 -0.295338 1.8379 2.20407

35.001 0.446777 -0.697012 -0.302988 1.83796 2.20408
34.9978 0.454102 -0.697012 -0.302988 1.77349 2.25161

35.0024 0.44332 -0.704662 -0.295338 1.86957 2.18232
35.0041 0.439453 -0.704662 -0.295338 1.89559 2.1558

34.9951 0.460079 -0.688972 -0.311028 1.7255 2.28355
34.9978 0.454102 -0.688972 -0.311028 1.77353 2.25159

35.0153 0.410156 -0.733471 -0.266529 2.07243 1.96389
35.0126 0.41748 -0.733471 -0.266529 2.0345 2.01029

35.0126 0.41748 -0.726461 -0.273539 2.0345 2.01029
35.0099 0.424805 -0.726461 -0.273539 1.99043 2.05626

35.0098 0.425109 -0.719357 -0.280643 1.98828 2.05836
35.0099 0.424805 -0.719357 -0.280643 1.99045 2.05627

35.0537 0.262767 -0.847525 -0.152475 2.57501 1.12734
35.0535 0.263672 -0.847525 -0.152475 2.57329 1.13204

35.0585 0.234375 -0.861164 -0.138836 2.62764 0.986223
35.0574 0.241699 -0.861164 -0.138836 2.619 1.02212

35.0574 0.241699 -0.856527 -0.143473 2.619 1.02212
35.0561 0.249023 -0.856527 -0.143473 2.6072 1.05759

35.0561 0.249023 -0.851989 -0.148011 2.6072 1.05759
35.0549 0.256348 -0.851989 -0.148011 2.58956 1.09444

35.0537 0.262744 -0.847525 -0.152475 2.5751 1.12722
35.0549 0.256348 -0.847525 -0.152475 2.58957 1.09444

35.0535 0.263672 -0.84291 -0.15709 2.57332 1.13205
35.0522 0.270996 -0.84291 -0.15709 2.56171 1.17076

35.0522 0.270996 -0.838119 -0.161881 2.56171 1.17076
35.0508 0.27832 -0.838119 -0.161881 2.55129 1.21052

35.0508 0.27832 -0.83329 -0.16671 2.55129 1.21052
35.0493 0.285645 -0.83329 -0.16671 2.53618 1.24891

35.0493 0.285645 -0.828544 -0.171456 2.53618 1.24891
35.0478 0.292969 -0.828544 -0.171456 2.51523 1.28555

35.0464 0.29953 -0.823763 -0.176237 2.49757 1.31912
35.0462 0.300293 -0.823763 -0.176237 2.49562 1.32308

35.0462 0.300293 -0.818722 -0.181278 2.49566 1.32308
35.0446 0.307617 -0.818722 -0.181278 2.48062 1.36193

35.0464 0.299505 -0.823763 -0.176237 2.49768 1.31899
35.0478 0.292969 -0.823763 -0.176237 2.51523 1.28555

35.0446 0.307617 -0.813525 -0.186475 2.48062 1.36193
35.0429 0.314941 -0.813525 -0.186475 2.4658 1.40277

35.0429 0.314941 -0.808475 -0.191525 2.46581 1.40277
35.0412 0.322266 -0.808475 -0.191525 2.43917 1.44381

35.0412 0.322266 -0.803679 -0.196321 2.43917 1.44381
35.0394 0.32959 -0.803679 -0.196321 2.40513 1.48389

35.0391 0.330899 -0.798806 -0.201194 2.39902 1.49136
35.0394 0.32959 -0.798806 -0.201194 2.40515 1.48389

34.6875 0.59363 0.393773 -0.606227 -0.127439 -1.92784
34.6948 0.598387 0.393773 -0.606227 -0.294471 -1.89629

34.6948 0.598349 0.375647 -0.624353 -0.293722 -1.89689
34.6985 0.600586 0.375647 -0.624353 -0.3763 -1.86549

34.6984 0.600586 0.375647 -0.624353 -0.375302 -1.86543
34.7021 0.602816 0.375647 -0.624353 -0.454507 -1.83894

34.7021 0.602793 0.356485 -0.643515 -0.454063 -1.83922
34.7095 0.60685 0.356485 -0.643515 -0.612092 -1.80125

34.7095 0.606827 0.335702 -0.664298 -0.611525 -1.80156
34.7116 0.60791 0.335702 -0.664298 -0.658509 -1.794

34.7116 0.60791 0.335702 -0.664298 -0.657994 -1.79382
34.7168 0.610556 0.335702 -0.664298 -0.788973 -1.72882

34.7168 0.610547 0.314124 -0.685876 -0.788721 -1.72893
34.7241 0.613901 0.314124 -0.685876 -0.959072 -1.61898

34.7241 0.613875 0.292377 -0.707623 -0.958369 -1.61934
34.7274 0.615234 0.292377 -0.707623 -1.02538 -1.5805

34.7273 0.615234 0.292377 -0.707623 -1.02463 -1.581
34.7314 0.616934 0.292377 -0.707623 -1.11745 -1.52319

34.7314 0.616928 0.269213 -0.730787 -1.11727 -1.52325
34.7388 0.619626 0.269213 -0.730787 -1.28011 -1.37943

34.7388 0.619625 0.243225 -0.756775 -1.2801 -1.37944
34.7461 0.621979 0.243225 -0.756775 -1.41696 -1.23906

34.7461 0.621969 0.216074 -0.783926 -1.41665 -1.23916
34.7482 0.622559 0.216074 -0.783926 -1.455 -1.21242

34.7482 0.622559 0.216074 -0.783926 -1.45469 -1.21273
34.7534 0.623997 0.216074 -0.783926 -1.55691 -1.1268

34.7534 0.623998 0.187 -0.813 -1.55694 -1.12679
34.7607 0.625682 0.187 -0.813 -1.70726 -0.971121

34.7607 0.625681 0.155249 -0.844751 -1.7072 -0.97113
34.7681 0.627027 0.155249 -0.844751 -1.82954 -0.768222

34.7681 0.627026 0.121468 -0.878532 -1.82951 -0.768243
34.7754 0.628038 0.121468 -0.878532 -1.92008 -0.547971

34.7754 0.628038 0.0852071 -0.914793 -1.92007 -0.547973
34.7827 0.62872 0.0852071 -0.914793 -1.99097 -0.327391

34.7827 0.628722 0.0455869 -0.954413 -1.991 -0.327379
34.79 0.629071 0.0455869 -0.954413 -2.04259 -0.112863

34.79 0.629073 0.00163502 -0.998365 -2.04263 -0.112853
34.7974 0.629085 0.00163502 -0.998365 -2.07492 0.0982921

34.7974 0.629086 -0.0433216 -0.956678 -2.07495 0.098297
34.8047 0.628755 -0.0433216 -0.956678 -2.08899 0.313071

34.9072 0.584507 -0.453362 -0.546638 -0.379861 2.66225
34.9055 0.585938 -0.453362 -0.546638 -0.423064 2.64314

34.9219 0.570992 -0.499848 -0.500152 0.012931 2.75113
34.9216 0.571289 -0.499848 -0.500152 0.00424228 2.75012

34.9146 0.578029 -0.478274 -0.521726 -0.188428 2.71702
34.9139 0.578613 -0.478274 -0.521726 -0.205302 2.71366

34.9072 0.584424 -0.469961 -0.530039 -0.376658 2.66215
34.9138 0.578613 -0.469961 -0.530039 -0.204151 2.71244

34.9146 0.577939 -0.489994 -0.510006 -0.185003 2.71663
34.9215 0.571289 -0.489994 -0.510006 0.00529881 2.74916

34.8047 0.628756 -0.0849146 -0.915085 -2.08901 0.313073
34.812 0.628076 -0.0849146 -0.915085 -2.08561 0.538626

34.812 0.628076 -0.123349 -0.876651 -2.08562 0.538625
34.8193 0.627046 -0.123349 -0.876651 -2.06702 0.783772

34.8193 0.627047 -0.15902 -0.84098 -2.06705 0.783768
34.8267 0.625662 -0.15902 -0.84098 -2.00848 1.04371

34.8267 0.625662 -0.192128 -0.807872 -2.00849 1.04371
34.834 0.62392 -0.192128 -0.807872 -1.90303 1.25545

34.8633 0.613207 -0.309111 -0.690889 -1.44154 1.97746
34.8588 0.615234 -0.309111 -0.690889 -1.52564 1.85308

34.8413 0.621831 -0.222833 -0.777167 -1.80769 1.43478
34.8388 0.622559 -0.222833 -0.777167 -1.84196 1.37625

34.834 0.623916 -0.222833 -0.777167 -1.9028 1.25545
34.8387 0.622559 -0.222833 -0.777167 -1.8421 1.37514

34.8413 0.621831 -0.252878 -0.747122 -1.80769 1.43478
34.8486 0.619352 -0.252878 -0.747122 -1.71158 1.6542

34.8486 0.619352 -0.282119 -0.717881 -1.71158 1.65419
34.856 0.616474 -0.282119 -0.717881 -1.5719 1.8111

34.856 0.616455 -0.309111 -0.690889 -1.57097 1.81104
34.8587 0.615234 -0.309111 -0.690889 -1.52531 1.85201

34.8633 0.613204 -0.335008 -0.664992 -1.44141 1.97748
34.8706 0.609514 -0.335008 -0.664992 -1.2815 2.14078

34.8779 0.605416 -0.359399 -0.640601 -1.10269 2.30989
34.8735 0.60791 -0.359399 -0.640601 -1.2157 2.18707

34.8706 0.609485 -0.359399 -0.640601 -1.2799 2.14064
34.8734 0.60791 -0.359399 -0.640601 -1.21516 2.1857

34.8926 0.595898 -0.405633 -0.594367 -0.773007 2.49754
34.8857 0.600586 -0.405633 -0.594367 -0.912512 2.41431

34.8779 0.605405 -0.3821 -0.6179 -1.10222 2.31
34.8853 0.600876 -0.3821 -0.6179 -0.921322 2.41339

34.8853 0.600876 -0.393941 -0.606059 -0.921326 2.41339
34.8857 0.600586 -0.393941 -0.606059 -0.91245 2.41426

34.8999 0.590433 -0.428171 -0.571829 -0.570377 2.60013
34.8961 0.593262 -0.428171 -0.571829 -0.668065 2.55862

34.8926 0.595833 -0.424586 -0.575414 -0.769625 2.49714
34.8961 0.593262 -0.424586 -0.575414 -0.667522 2.55727

34.8999 0.590375 -0.44888 -0.55112 -0.56818 2.60031
34.9054 0.585938 -0.44888 -0.55112 -0.422016 2.64132

34.9805 0.489723 -0.653479 -0.346521 1.43442 2.46592
34.9799 0.490723 -0.653479 -0.346521 1.42067 2.47149

34.9799 0.490723 -0.643612 -0.356388 1.421 2.47144
34.9759 0.498047 -0.643612 -0.356388 1.33931 2.52603

34.9585 0.526085 -0.603718 -0.396282 0.956618 2.69865
34.9577 0.527344 -0.603718 -0.396282 0.933349 2.70766

34.9658 0.514847 -0.610628 -0.389372 1.09488 2.62303
34.9625 0.52002 -0.610628 -0.389372 1.02593 2.6576

34.9585 0.52603 -0.599453 -0.400547 0.958111 2.69828
34.9625 0.52002 -0.599453 -0.400547 1.02601 2.65762

34.9731 0.502772 -0.633617 -0.366383 1.30212 2.56532
34.9716 0.505371 -0.633617 -0.366383 1.25774 2.5867

34.9716 0.505371 -0.622381 -0.377619 1.25781 2.58671
34.9672 0.512695 -0.622381 -0.377619 1.12895 2.6179

34.9731 0.502718 -0.633617 -0.366383 1.30344 2.56496
34.9758 0.498047 -0.633617 -0.366383 1.33948 2.52601

34.9658 0.514827 -0.612441 -0.387559 1.09534 2.62289
34.9672 0.512695 -0.612441 -0.387559 1.12922 2.61773

34.9365 0.555013 -0.539844 -0.460156 0.410624 2.76889
34.9351 0.556641 -0.539844 -0.460156 0.371715 2.77028

34.9512 0.536439 -0.572853 -0.427147 0.752513 2.72672
34.947 0.541992 -0.572853 -0.427147 0.649146 2.74421

34.9438 0.546034 -0.56123 -0.43877 0.589006 2.7523
34.9413 0.549316 -0.56123 -0.43877 0.524673 2.76388

34.9365 0.554948 -0.543971 -0.456029 0.412793 2.76852
34.9412 0.549316 -0.543971 -0.456029 0.525056 2.76381

34.9438 0.546032 -0.561981 -0.438019 0.58907 2.75228
34.947 0.541992 -0.561981 -0.438019 0.649729 2.74385

34.9292 0.563308 -0.519652 -0.480348 0.211801 2.76526
34.9286 0.563965 -0.519652 -0.480348 0.196226 2.76486

34.9219 0.570877 -0.50882 -0.49118 0.0174404 2.75048
34.9285 0.563965 -0.50882 -0.49118 0.196745 2.7645

34.9292 0.563228 -0.52675 -0.47325 0.214564 2.76471
34.9351 0.556641 -0.52675 -0.47325 0.37192 2.77017

34.9576 0.527344 -0.586743 -0.413257 0.933708 2.70768
34.9525 0.534668 -0.586743 -0.413257 0.786815 2.72852

34.9512 0.536432 -0.580469 -0.419531 0.752729 2.72666
34.9524 0.534668 -0.580469 -0.419531 0.787285 2.72811

34.9878 0.475547 -0.672127 -0.327873 1.58494 2.38138
34.9875 0.476074 -0.672127 -0.327873 1.57875 2.38456

34.9875 0.476074 -0.663059 -0.336941 1.57904 2.38452
34.9838 0.483398 -0.663059 -0.336941 1.50038 2.43631

34.9878 0.475485 -0.672127 -0.327873 1.58605 2.38096
34.9911 0.46875 -0.672127 -0.327873 1.64665 2.34398

34.9805 0.489657 -0.653479 -0.346521 1.43576 2.46548
34.9838 0.483398 -0.653479 -0.346521 1.50042 2.43629

