4.6875 0.454998 0.432664 -0.567336 0.343868 -1.11243
4.69482 0.460584 0.432664 -0.567336 0.294134 -1.11308

4.69482 0.460569 0.420816 -0.579184 0.294256 -1.11313
4.696 0.461426 0.420816 -0.579184 0.28646 -1.11392

4.69598 0.461426 0.421567 -0.578433 0.286472 -1.11385
4.70215 0.46592 0.421567 -0.578433 0.237352 -1.10785

4.70215 0.465896 0.410576 -0.589424 0.23755 -1.10799
4.70625 0.46875 0.410576 -0.589424 0.206607 -1.0934

5.13428 0.464447 -0.413267 -0.586733 0.0597175 1.23965
5.12817 0.46875 -0.413267 -0.586733 1e+30 1e+30

5.1416 0.459091 -0.422497 -0.577503 0.108497 1.27104
5.13841 0.461426 -0.422497 -0.577503 0.0867259 1.25485

5.13428 0.464419 -0.423343 -0.576657 0.0601191 1.23961
5.13835 0.461426 -0.423343 -0.576657 0.0868457 1.25463

5.14893 0.453504 -0.43621 -0.56379 0.165568 1.2967
5.14815 0.454102 -0.43621 -0.56379 0.159211 1.29531

5.14893 0.45343 -0.445322 -0.554678 0.166544 1.29676
5.15625 0.44755 -0.445322 -0.554678 1e+30 1e+30

5.1416 0.459043 -0.434605 -0.565395 0.109083 1.27111
5.14803 0.454102 -0.434605 -0.565395 0.159457 1.29517

4.70617 0.46875 0.408937 -0.591063 0.206604 -1.09354
4.70947 0.471035 0.408937 -0.591063 0.1819 -1.08229

4.70947 0.471015 0.399582 -0.600418 0.182116 -1.08234
4.7168 0.47589 0.399582 -0.600418 0.136543 -1.07153

4.7168 0.475885 0.384686 -0.615314 0.136586 -1.07154
4.7171 0.476074 0.384686 -0.615314 0.13483 -1.07198

4.71709 0.476074 0.388601 -0.611399 0.134835 -1.07195
4.72412 0.480544 0.388601 -0.611399 0.0829019 -1.06466

4.72412 0.480522 0.377622 -0.622378 0.0831037 -1.06479
4.72886 0.483398 0.377622 -0.622378 0.048721 -1.04272

4.72877 0.483398 0.377518 -0.622482 0.048751 -1.04278
4.73145 0.485019 0.377518 -0.622482 0.029036 -1.03742

4.73145 0.484986 0.366377 -0.633623 0.0294193 -1.03749
4.73877 0.489221 0.366377 -0.633623 -0.0229928 -1.01286

4.73877 0.489202 0.354887 -0.645113 -0.0228123 -1.01293
4.74153 0.490723 0.354887 -0.645113 -0.0403152 -1.00173

4.74149 0.490723 0.354887 -0.645113 -0.0402643 -1.00183
4.74609 0.493257 0.354887 -0.645113 -0.0718209 -0.984238

4.74609 0.493248 0.343203 -0.656797 -0.0717097 -0.984246
4.75342 0.497076 0.343203 -0.656797 -0.114659 -0.958768

4.75342 0.497059 0.331343 -0.668657 -0.114477 -0.958806
4.75541 0.498047 0.331343 -0.668657 1e+30 1e+30

