3.96306 0 0.993429 -0.00657148 1.56677 0
3.96311 0.00732422 0.993429 -0.00657148 1.57616 -0.0232491

3.96311 0.00732422 0.980556 -0.0194444 1.57616 -0.0232492
3.96326 0.0146484 0.980556 -0.0194444 1.5801 -0.0372272

3.96324 0.0146484 0.962666 -0.0373344 1.57999 -0.0372319
3.9638 0.0292969 0.962666 -0.0373344 1.58607 -0.0680575

3.96381 0.0292969 0.940566 -0.0594341 1.58609 -0.0680599
3.96473 0.0439453 0.940566 -0.0594341 1.59582 -0.102923

3.96476 0.0439453 0.925161 -0.0748387 1.59594 -0.102935
3.96535 0.0512695 0.925161 -0.0748387 1.59773 -0.12394

3.96535 0.0512695 0.915998 -0.0840023 1.59774 -0.123942
3.96602 0.0585938 0.915998 -0.0840023 1.59173 -0.144954

3.96599 0.0585938 0.900727 -0.0992728 1.59158 -0.144937
3.96761 0.0732422 0.900727 -0.0992728 1.5783 -0.183298

3.96761 0.0732422 0.880513 -0.119487 1.57829 -0.183296
3.96959 0.0878906 0.880513 -0.119487 1.57038 -0.224789

3.96962 0.0878906 0.861727 -0.138273 1.57053 -0.224835
3.96973 0.0885341 0.861727 -0.138273 1.57071 -0.224632

3.96973 0.0885337 0.866188 -0.133812 1.57071 -0.224631
3.97076 0.0952148 0.866188 -0.133812 1.56745 -0.242898

3.97075 0.0952148 0.857739 -0.142261 1.56742 -0.242893
3.97197 0.102539 0.857739 -0.142261 1.5541 -0.261244

3.97197 0.102539 0.848297 -0.151703 1.5541 -0.261245
3.97328 0.109863 0.848297 -0.151703 1.54066 -0.277247

3.97328 0.109863 0.839207 -0.160793 1.54066 -0.277248
3.97468 0.117188 0.839207 -0.160793 1.54112 -0.302951

3.97468 0.117188 0.830156 -0.169844 1.54111 -0.302942
3.97618 0.124512 0.830156 -0.169844 1.53881 -0.329917

3.97618 0.124512 0.821066 -0.178934 1.5388 -0.329906
3.97705 0.128524 0.821066 -0.178934 1.53371 -0.344587

3.97705 0.128506 0.821066 -0.178934 1.53377 -0.344563
3.97778 0.131836 0.821066 -0.178934 1.52628 -0.352383

3.97777 0.131836 0.812197 -0.187803 1.52627 -0.352373
3.97947 0.13916 0.812197 -0.187803 1.51413 -0.368538

3.97947 0.13916 0.803568 -0.196432 1.51413 -0.368538
3.98126 0.146484 0.803568 -0.196432 1.50041 -0.381269

3.98126 0.146484 0.795233 -0.204767 1.50042 -0.381268
3.98315 0.153809 0.795233 -0.204767 1.48371 -0.385858

3.98314 0.153809 0.787062 -0.212938 1.48371 -0.385859
3.98438 0.158359 0.787062 -0.212938 1.47724 -0.389521

3.98438 0.158352 0.787062 -0.212938 1.47724 -0.389508
3.98513 0.161133 0.787062 -0.212938 1.48048 -0.394904

3.98512 0.161133 0.778396 -0.221604 1.48046 -0.394901
3.98721 0.168457 0.778396 -0.221604 1.48448 -0.413334

3.98721 0.168457 0.769537 -0.230463 1.48449 -0.413336
3.9894 0.175781 0.769537 -0.230463 1.47342 -0.433626

3.9894 0.175781 0.761017 -0.238983 1.47342 -0.433626
3.9917 0.183096 0.761017 -0.238983 1.45348 -0.448753

3.99169 0.183105 0.752694 -0.247306 1.45341 -0.448745
3.9917 0.183136 0.752694 -0.247306 1.45331 -0.448813

3.9917 0.183105 0.752694 -0.247306 1.45345 -0.448775
3.99411 0.19043 0.752694 -0.247306 1.44582 -0.467522

3.99411 0.19043 0.744472 -0.255528 1.44582 -0.467519
3.99662 0.197754 0.744472 -0.255528 1.45291 -0.494317

3.99662 0.197754 0.736066 -0.263934 1.4529 -0.49431
3.99902 0.204456 0.736066 -0.263934 1.43649 -0.516277

3.99902 0.204453 0.736066 -0.263934 1.43651 -0.516273
3.99925 0.205078 0.736066 -0.263934 1.43313 -0.517994

3.99925 0.205078 0.727795 -0.272205 1.43313 -0.517995
4.00199 0.212402 0.727795 -0.272205 1.40237 -0.536593

4.00199 0.212402 0.719677 -0.280323 1.40236 -0.536589
4.00484 0.219727 0.719677 -0.280323 1.37984 -0.54645

4.00483 0.219727 0.711403 -0.288597 1.37982 -0.546451
4.00635 0.223457 0.711403 -0.288597 1.36826 -0.55104

4.00635 0.22344 0.711403 -0.288597 1.36835 -0.551021
4.00781 0.227051 0.711403 -0.288597 1.35496 -0.555073

4.00781 0.227051 0.703178 -0.296822 1.35495 -0.555072
4.0109 0.234375 0.703178 -0.296822 1.34215 -0.573493

4.01087 0.234375 0.690919 -0.309081 1.34202 -0.573432
4.01367 0.240639 0.690919 -0.309081 1.32776 -0.587552

4.01367 0.240651 0.694955 -0.305045 1.32771 -0.58757
4.01413 0.241699 0.694955 -0.305045 1.32493 -0.589935

4.01412 0.241699 0.687023 -0.312977 1.32487 -0.589908
4.01745 0.249023 0.687023 -0.312977 1.31841 -0.607516

4.01745 0.249023 0.678989 -0.321011 1.31839 -0.607494
4.02091 0.256348 0.678989 -0.321011 1.30321 -0.634986

4.02089 0.256348 0.670565 -0.329435 1.30315 -0.634882
4.021 0.256569 0.670565 -0.329435 1.30212 -0.635663

4.021 0.25652 0.670565 -0.329435 1.30241 -0.635594
4.02451 0.263672 0.670565 -0.329435 1.28308 -0.656468

4.02451 0.263672 0.662277 -0.337723 1.28307 -0.656464
4.02824 0.270996 0.662277 -0.337723 1.26294 -0.673311

4.02822 0.270996 0.655089 -0.344911 1.26284 -0.673264
4.02832 0.271191 0.655089 -0.344911 1.26195 -0.673924

4.02832 0.271138 0.65424 -0.34576 1.26229 -0.673796
4.03212 0.27832 0.65424 -0.34576 1.23807 -0.695571

4.03211 0.27832 0.646394 -0.353606 1.23807 -0.695569
4.03564 0.284774 0.646394 -0.353606 1.20293 -0.707142

4.03564 0.284763 0.646432 -0.353568 1.20304 -0.70713
4.03613 0.285645 0.646432 -0.353568 1.19573 -0.708765

4.03612 0.285645 0.638471 -0.361529 1.19571 -0.708755
4.04027 0.292969 0.638471 -0.361529 1.15827 -0.71894

4.04026 0.292969 0.630028 -0.369972 1.15825 -0.718934
4.04297 0.297581 0.630028 -0.369972 1.14446 -0.723334

4.04297 0.297574 0.630028 -0.369972 1.14447 -0.723331
4.04457 0.300293 0.630028 -0.369972 1.14635 -0.727249

4.04456 0.300293 0.62103 -0.37897 1.14633 -0.727242
4.04903 0.307617 0.62103 -0.37897 1.12971 -0.746676

4.049 0.307617 0.614454 -0.385546 1.12964 -0.74662
4.05029 0.309672 0.614454 -0.385546 1.11633 -0.752335

4.05029 0.309585 0.612513 -0.387487 1.11705 -0.752209
4.05368 0.314941 0.612513 -0.387487 1.10395 -0.765839

4.05366 0.314941 0.604269 -0.395731 1.10386 -0.765808
4.05762 0.320981 0.604269 -0.395731 1.0811 -0.78754

4.05762 0.320953 0.608811 -0.391189 1.08135 -0.787516
4.05846 0.322266 0.608811 -0.391189 1.07167 -0.790918

4.05846 0.322266 0.595574 -0.404426 1.07166 -0.790911
4.06343 0.32959 0.595574 -0.404426 1.02905 -0.805217

4.06345 0.32959 0.593067 -0.406933 1.02911 -0.805247
4.06494 0.331765 0.593067 -0.406933 1.0201 -0.809941

4.06494 0.331735 0.586818 -0.413182 1.02031 -0.809911
4.06859 0.336914 0.586818 -0.413182 0.993985 -0.82178

4.06858 0.336914 0.57814 -0.42186 0.993959 -0.821767
4.07227 0.341964 0.57814 -0.42186 0.962703 -0.833768

4.07227 0.341923 0.581725 -0.418275 0.962933 -0.833743
4.07393 0.344238 0.581725 -0.418275 0.954867 -0.840157

4.07392 0.344238 0.569003 -0.430997 0.954848 -0.840139
4.07947 0.351562 0.569003 -0.430997 0.915647 -0.858385

4.07942 0.351562 0.564592 -0.435408 0.915544 -0.858268
4.07959 0.351781 0.564592 -0.435408 0.913762 -0.858717

4.07959 0.351712 0.559471 -0.440529 0.91443 -0.858699
4.08524 0.358887 0.559471 -0.440529 0.8737 -0.875531

4.08522 0.358887 0.555107 -0.444893 0.873655 -0.875485
4.08691 0.360994 0.555107 -0.444893 0.865649 -0.882762

4.08691 0.360921 0.550282 -0.449718 0.866115 -0.882699
4.09124 0.366211 0.550282 -0.449718 0.838008 -0.899116

4.09123 0.366211 0.546258 -0.453742 0.838001 -0.899109
4.09424 0.369827 0.546258 -0.453742 0.815473 -0.907471

4.09424 0.369731 0.54311 -0.45689 0.816278 -0.907465
4.09744 0.373535 0.54311 -0.45689 0.789914 -0.918738

4.09746 0.373535 0.535646 -0.464354 0.789963 -0.918814
4.10156 0.378266 0.535646 -0.464354 0.756027 -0.930343

4.10156 0.378199 0.53036 -0.46964 0.756621 -0.930387
4.10392 0.380859 0.53036 -0.46964 0.736686 -0.937597

4.10391 0.380859 0.524119 -0.475881 0.736678 -0.937576
4.10889 0.386337 0.524119 -0.475881 0.696719 -0.946073

4.10889 0.386296 0.518788 -0.481212 0.697097 -0.946138
4.11064 0.388184 0.518788 -0.481212 0.681256 -0.948279

4.11063 0.388184 0.513507 -0.486493 0.681248 -0.948255
4.11621 0.394075 0.513507 -0.486493 0.635225 -0.946768

4.11621 0.394046 0.5073 -0.4927 0.635416 -0.946821
4.11763 0.395508 0.5073 -0.4927 0.626539 -0.945759

4.11762 0.395508 0.501953 -0.498047 0.626535 -0.94575
4.12354 0.401466 0.501953 -0.498047 0.589734 -0.954629

4.12354 0.401449 0.496145 -0.503855 0.589866 -0.954658
4.12494 0.402832 0.496145 -0.503855 0.581068 -0.957937

4.12491 0.402832 0.489511 -0.510489 0.581025 -0.957799
4.13086 0.408541 0.489511 -0.510489 0.541522 -0.968899

4.13086 0.408537 0.484459 -0.515541 0.541553 -0.968908
4.13258 0.410156 0.484459 -0.515541 0.528978 -0.971928

4.13255 0.410156 0.478743 -0.521257 0.528982 -0.971786
4.13818 0.415335 0.478743 -0.521257 0.4889 -0.975895

4.13818 0.415325 0.472351 -0.527649 0.488967 -0.975926
4.14059 0.41748 0.472351 -0.527649 0.472269 -0.975543

4.14053 0.41748 0.466992 -0.533008 0.472302 -0.975386
4.14551 0.421839 0.466992 -0.533008 0.436253 -0.973391

4.14551 0.421855 0.458937 -0.541063 0.436142 -0.97333
4.14898 0.424805 0.458937 -0.541063 0.413129 -0.969681

4.1489 0.424805 0.454475 -0.545525 0.413205 -0.969506
4.15283 0.42808 0.454475 -0.545525 0.38666 -0.96264

4.15283 0.42809 0.449524 -0.550476 0.386569 -0.962633
4.15778 0.432129 0.449524 -0.550476 0.357437 -0.952079

4.15769 0.432129 0.444593 -0.555407 0.357386 -0.95208
4.16016 0.4341 0.444593 -0.555407 0.341928 -0.949429

4.16016 0.434085 0.439613 -0.560387 0.342053 -0.949448
4.167 0.439453 0.439613 -0.560387 0.306948 -0.946165

4.16692 0.439453 0.434087 -0.565913 0.306903 -0.945982
4.16748 0.439885 0.434087 -0.565913 0.304349 -0.946539

4.16748 0.439834 0.429153 -0.570847 0.304682 -0.946622
4.1748 0.445341 0.429153 -0.570847 0.264117 -0.945661

4.1748 0.445329 0.415415 -0.584585 0.264203 -0.945699
4.17684 0.446777 0.415415 -0.584585 0.251855 -0.942485

4.1768 0.446777 0.418826 -0.581174 0.251893 -0.94245
4.18213 0.45062 0.418826 -0.581174 0.216484 -0.935705

4.18213 0.450595 0.408651 -0.591349 0.216672 -0.935806
4.1872 0.454102 0.408651 -0.591349 0.187622 -0.922376

4.18709 0.454102 0.403801 -0.596199 0.187626 -0.922385
4.18945 0.455699 0.403801 -0.596199 0.171971 -0.919707

4.18945 0.455676 0.39808 -0.60192 0.172198 -0.919743
4.19678 0.460519 0.39808 -0.60192 0.128837 -0.906611

4.19678 0.460508 0.385224 -0.614776 0.128933 -0.906639
4.19824 0.461426 0.385224 -0.614776 0.121179 -0.904311

4.19821 0.461426 0.387468 -0.612532 0.121187 -0.904314
4.2041 0.465151 0.387468 -0.612532 0.0813508 -0.88897

4.2041 0.465135 0.377072 -0.622928 0.0814581 -0.889038
4.21007 0.46875 0.377072 -0.622928 0.0543894 -0.865788

4.20996 0.46875 0.374629 -0.625371 0.0543047 -0.865767
4.21143 0.469625 0.374629 -0.625371 0.0478621 -0.86522

4.21143 0.469581 0.366439 -0.633561 0.0482483 -0.865262
4.21875 0.473817 0.366439 -0.633561 1e+30 1e+30

