19.5858 0 0.996016 -0.00398391 2.6909 0
19.5859 0.00732422 0.996016 -0.00398391 2.70155 -0.00534001

19.5859 0.00732422 0.988384 -0.0116156 2.70155 -0.00534143
19.586 0.0146484 0.988384 -0.0116156 2.72692 -0.0125713

19.586 0.0146484 0.981306 -0.0186935 2.72692 -0.0125728
19.5861 0.0219727 0.981306 -0.0186935 2.74398 -0.0175432

19.5861 0.0219727 0.97447 -0.0255296 2.74398 -0.0175432
19.5863 0.0292969 0.97447 -0.0255296 2.73541 -0.020176

19.5863 0.0292969 0.966916 -0.0330838 2.7354 -0.0201814
19.5865 0.0366211 0.966916 -0.0330838 2.72479 -0.0260653

19.5865 0.0366211 0.957881 -0.0421187 2.72478 -0.026071
19.5869 0.0439453 0.957881 -0.0421187 2.71853 -0.03757

19.5869 0.0439453 0.949947 -0.050053 2.71855 -0.0375668
19.5872 0.0512695 0.949947 -0.050053 2.71054 -0.046411

19.5872 0.0512695 0.943119 -0.0568809 2.71053 -0.04641
19.5877 0.0585938 0.943119 -0.0568809 2.70971 -0.0506047

19.5877 0.0585938 0.932947 -0.0670528 2.70969 -0.050602
19.5887 0.0732422 0.932947 -0.0670528 2.7098 -0.0604943

19.5887 0.0732422 0.919812 -0.0801878 2.7098 -0.060494
19.59 0.0878906 0.919812 -0.0801878 2.71264 -0.0695957

19.5899 0.0878906 0.900155 -0.0998447 2.71254 -0.0695478
19.5932 0.117188 0.900155 -0.0998447 2.71225 -0.0911335

19.5932 0.117188 0.88118 -0.11882 2.71233 -0.0911776
19.5952 0.131836 0.88118 -0.11882 2.7111 -0.103077

19.5952 0.131836 0.871888 -0.128112 2.71114 -0.103094
19.5963 0.13916 0.871888 -0.128112 2.71357 -0.109436

19.5963 0.13916 0.86644 -0.13356 2.71357 -0.109434
19.5974 0.146484 0.86644 -0.13356 2.70325 -0.114146

19.5974 0.146484 0.856631 -0.143369 2.70322 -0.114138
19.5996 0.15955 0.856631 -0.143369 2.69238 -0.121839

19.5996 0.161133 0.843843 -0.156157 2.6913 -0.121067
19.5996 0.161282 0.843843 -0.156157 2.69033 -0.122327

19.5996 0.159565 0.853354 -0.146646 2.69237 -0.121843
19.5999 0.161133 0.853354 -0.146646 2.69074 -0.122511

19.5999 0.161133 0.846925 -0.153075 2.69075 -0.122521
19.6012 0.168457 0.846925 -0.153075 2.68741 -0.125934

19.6012 0.168457 0.840586 -0.159414 2.68741 -0.125934
19.6026 0.175781 0.840586 -0.159414 2.68944 -0.130702

19.6026 0.175781 0.834737 -0.165263 2.68944 -0.130705
19.6041 0.183105 0.834737 -0.165263 2.6975 -0.137389

19.6041 0.183105 0.829485 -0.170515 2.6975 -0.13739
19.6056 0.19043 0.829485 -0.170515 2.70097 -0.145309

19.6056 0.19043 0.823966 -0.176034 2.70097 -0.145304
19.6069 0.196861 0.823966 -0.176034 2.6958 -0.151101

19.6069 0.196857 0.823966 -0.176034 2.6958 -0.151099
19.6071 0.197754 0.823966 -0.176034 2.69495 -0.151754

19.6071 0.197754 0.818383 -0.181617 2.69495 -0.151755
19.6088 0.205078 0.818383 -0.181617 2.69246 -0.158472

19.6087 0.205078 0.812483 -0.187517 2.69246 -0.158467
19.6104 0.212402 0.812483 -0.187517 2.69086 -0.165234

19.6104 0.212402 0.806115 -0.193885 2.69086 -0.165235
19.6122 0.219727 0.806115 -0.193885 2.68335 -0.166075

19.6122 0.219727 0.800136 -0.199864 2.68335 -0.166075
19.614 0.227051 0.800136 -0.199864 2.67237 -0.164653

19.614 0.227051 0.79434 -0.20566 2.67237 -0.164653
19.6143 0.227934 0.79434 -0.20566 2.67094 -0.164436

19.6143 0.227928 0.79434 -0.20566 2.67095 -0.164437
19.6159 0.234375 0.79434 -0.20566 2.66581 -0.164021

19.6159 0.234375 0.78852 -0.21148 2.66581 -0.164021
19.6179 0.241699 0.78852 -0.21148 2.67264 -0.168781

19.6179 0.241699 0.782846 -0.217154 2.67264 -0.168781
19.6199 0.249023 0.782846 -0.217154 2.6801 -0.19389

19.6199 0.249023 0.777298 -0.222702 2.68009 -0.193887
19.6216 0.254816 0.777298 -0.222702 2.67568 -0.212492

19.6216 0.254812 0.777298 -0.222702 2.67569 -0.212485
19.622 0.256348 0.777298 -0.222702 2.67156 -0.216759

19.622 0.256348 0.771758 -0.228242 2.67156 -0.216756
19.6242 0.263672 0.771758 -0.228242 2.65762 -0.23395

19.6242 0.263672 0.76602 -0.23398 2.65761 -0.233945
19.6264 0.270996 0.76602 -0.23398 2.64553 -0.249439

19.6264 0.270996 0.760154 -0.239846 2.64553 -0.249439
19.6287 0.27832 0.760154 -0.239846 2.63413 -0.262706

19.6287 0.27832 0.754492 -0.245508 2.63413 -0.262698
19.6289 0.27886 0.754492 -0.245508 2.63343 -0.263611

19.6289 0.278847 0.754492 -0.245508 2.63345 -0.2636
19.6311 0.285645 0.754492 -0.245508 2.62958 -0.275249

19.6311 0.285645 0.748849 -0.251151 2.62957 -0.275246
19.6336 0.292969 0.748849 -0.251151 2.62893 -0.29006

19.6336 0.292969 0.743286 -0.256714 2.62893 -0.290063
19.6361 0.300293 0.743286 -0.256714 2.61548 -0.304569

19.6361 0.300293 0.738016 -0.261984 2.61547 -0.304552
19.6362 0.300672 0.738016 -0.261984 2.61453 -0.305179

19.6362 0.300647 0.738016 -0.261984 2.6146 -0.305158
19.6387 0.307617 0.738016 -0.261984 2.60363 -0.319589

19.6387 0.307617 0.732569 -0.267431 2.60362 -0.319584
19.6414 0.314941 0.732569 -0.267431 2.59826 -0.34721

19.6414 0.314941 0.726873 -0.273127 2.59826 -0.347208
19.6436 0.320741 0.726873 -0.273127 2.58953 -0.36917

19.6436 0.320736 0.726873 -0.273127 2.58955 -0.369164
19.6441 0.322266 0.726873 -0.273127 2.58618 -0.374025

19.6441 0.322266 0.721282 -0.278718 2.58617 -0.374018
19.647 0.32959 0.721282 -0.278718 2.58024 -0.395326

19.647 0.32959 0.715653 -0.284347 2.58024 -0.395322
19.6499 0.336914 0.715653 -0.284347 2.56271 -0.42006

19.6499 0.336914 0.710168 -0.289832 2.5627 -0.420036
19.6509 0.339406 0.710168 -0.289832 2.55211 -0.426682

19.6509 0.339381 0.710168 -0.289832 2.55223 -0.426662
19.6529 0.344238 0.710168 -0.289832 2.53774 -0.439897

19.6529 0.344238 0.704605 -0.295395 2.53772 -0.439877
19.6559 0.351562 0.704605 -0.295395 2.5229 -0.468308

19.6559 0.351562 0.698873 -0.301127 2.5229 -0.468303
19.6582 0.356849 0.698873 -0.301127 2.50869 -0.489908

19.6582 0.356838 0.698873 -0.301127 2.50873 -0.489896
19.6591 0.358887 0.698873 -0.301127 2.50264 -0.496752

19.6591 0.358887 0.693167 -0.306833 2.50263 -0.496728
19.6623 0.366211 0.693167 -0.306833 2.49475 -0.52464

19.6623 0.366211 0.687335 -0.312665 2.49475 -0.524635
19.6655 0.373256 0.687335 -0.312665 2.46944 -0.560573

19.6655 0.373252 0.687335 -0.312665 2.46947 -0.560567
19.6657 0.373535 0.687335 -0.312665 2.46763 -0.561783

19.6657 0.373535 0.681755 -0.318245 2.46763 -0.561783
19.6691 0.380859 0.681755 -0.318245 2.44176 -0.589643

19.6691 0.380859 0.676143 -0.323857 2.44174 -0.589631
19.6726 0.388184 0.676143 -0.323857 2.41131 -0.62373

19.6726 0.388184 0.670195 -0.329805 2.41128 -0.623611
19.6729 0.388773 0.670195 -0.329805 2.40791 -0.625803

19.6729 0.388733 0.670195 -0.329805 2.40817 -0.625776
19.6762 0.395508 0.670195 -0.329805 2.39163 -0.65287

19.6762 0.395508 0.663968 -0.336032 2.39162 -0.652852
19.6799 0.402832 0.663968 -0.336032 2.36237 -0.700439

19.6799 0.402832 0.658024 -0.341976 2.36232 -0.700249
19.6802 0.403429 0.658024 -0.341976 2.35802 -0.703582

19.6802 0.403374 0.657983 -0.342017 2.35848 -0.703508
19.6837 0.410156 0.657983 -0.342017 2.3369 -0.738653

19.6837 0.410156 0.652331 -0.347669 2.33688 -0.73863
19.6875 0.417291 0.652331 -0.347669 2.29418 -0.781688

19.6875 0.417285 0.652699 -0.347301 2.29424 -0.781687
19.6876 0.41748 0.652699 -0.347301 2.29241 -0.782524

19.6876 0.41748 0.646606 -0.353394 2.2924 -0.782502
19.6916 0.424805 0.646606 -0.353394 2.26119 -0.818503

19.6916 0.424805 0.640524 -0.359476 2.26118 -0.818413
19.6948 0.430554 0.640524 -0.359476 2.23871 -0.868856

19.6948 0.430535 0.640524 -0.359476 2.23888 -0.86884
19.6957 0.432129 0.640524 -0.359476 2.22668 -0.879291

19.6957 0.432129 0.633605 -0.366395 2.22665 -0.879163
19.6999 0.439453 0.633605 -0.366395 2.18423 -0.929957

19.6999 0.439453 0.62698 -0.37302 2.18421 -0.929844
19.7021 0.443177 0.62698 -0.37302 2.16281 -0.962438

19.7021 0.443128 0.62698 -0.37302 2.16331 -0.962347
19.7043 0.446777 0.62698 -0.37302 2.13659 -0.990317

19.7043 0.446777 0.620413 -0.379587 2.13649 -0.990109
19.7088 0.454102 0.620413 -0.379587 2.06364 -1.03428

19.7088 0.454102 0.618589 -0.381411 2.06363 -1.03402
19.7095 0.455273 0.618589 -0.381411 2.04872 -1.03911

19.7095 0.455187 0.613558 -0.386442 2.04983 -1.03923
19.7134 0.461426 0.613558 -0.386442 2.01779 -1.0769

19.7134 0.461426 0.606679 -0.393321 2.01776 -1.07656
19.7168 0.466689 0.606679 -0.393321 1.99435 -1.14424

19.7168 0.466649 0.608135 -0.391865 1.99488 -1.14422
19.7182 0.46875 0.608135 -0.391865 1.97132 -1.16406

20.1562 0.433444 -0.693342 -0.306658 1e+30 1e+30
20.1536 0.439453 -0.693342 -0.306658 1.76341 2.12484

20.1416 0.464443 -0.660865 -0.339135 1.55493 2.27183
20.1394 0.46875 -0.660865 -0.339135 1e+30 1e+30

20.1489 0.449548 -0.677806 -0.322194 1.68792 2.1841
20.1468 0.454102 -0.677806 -0.322194 1.64889 2.21401

20.1536 0.439453 -0.685699 -0.314301 1.76339 2.12483
20.1502 0.446777 -0.685699 -0.314301 1.70766 2.16694

20.1489 0.449519 -0.677806 -0.322194 1.68828 2.18391
20.1502 0.446777 -0.677806 -0.322194 1.70776 2.16693

20.1468 0.454102 -0.669463 -0.330537 1.64889 2.21401
20.1431 0.461426 -0.669463 -0.330537 1.57919 2.25474

20.1416 0.464413 -0.660865 -0.339135 1.55534 2.27163
20.1431 0.461426 -0.660865 -0.339135 1.57931 2.25473

19.7181 0.46875 0.598766 -0.401234 1.97126 -1.1638
19.723 0.476074 0.598766 -0.401234 1.88751 -1.22231

19.723 0.476074 0.598863 -0.401137 1.8875 -1.22199
19.7241 0.477725 0.598863 -0.401137 1.86674 -1.23509

19.7241 0.477605 0.591248 -0.408752 1.86829 -1.23525
19.7281 0.483398 0.591248 -0.408752 1.82497 -1.28698

19.7281 0.483398 0.584583 -0.415417 1.82497 -1.28637
19.7314 0.488113 0.584583 -0.415417 1.78291 -1.34611

19.7314 0.488039 0.587504 -0.412496 1.78405 -1.34622
19.7333 0.490723 0.587504 -0.412496 1.74369 -1.37264

19.7333 0.490723 0.576006 -0.423994 1.74366 -1.37208
19.7387 0.498047 0.576006 -0.423994 1.63069 -1.42688

19.7386 0.498047 0.571991 -0.428009 1.63086 -1.42583
19.7388 0.498257 0.571991 -0.428009 1.62732 -1.42722

19.7388 0.49814 0.566882 -0.433118 1.6291 -1.42771
19.7443 0.505371 0.566882 -0.433118 1.5542 -1.49905

19.7443 0.505371 0.563962 -0.436038 1.55421 -1.49807
19.7461 0.507752 0.563962 -0.436038 1.54247 -1.53599

19.7461 0.507625 0.558486 -0.441514 1.54308 -1.53627
19.7501 0.512695 0.558486 -0.441514 1e+30 1e+30

