35.6852 0 0.995534 -0.00446604 2.82754 0
35.6852 0.00732422 0.995534 -0.00446604 2.82848 -0.0119354

35.6852 0.00732422 0.987163 -0.0128373 2.82849 -0.0119352
35.6853 0.0146484 0.987163 -0.0128373 2.79569 -0.0194224

35.6853 0.0146484 0.979861 -0.0201385 2.79569 -0.0194224
35.6855 0.0219727 0.979861 -0.0201385 2.75647 -0.00954459

35.6855 0.0219727 0.973028 -0.0269715 2.75647 -0.00954478
35.6857 0.0292969 0.973028 -0.0269715 2.77623 -0.00414092

35.6857 0.0292969 0.965741 -0.0342593 2.77623 -0.00414484
35.6859 0.0366211 0.965741 -0.0342593 2.8045 -0.0131779

35.6859 0.0366211 0.957549 -0.0424511 2.80449 -0.0131858
35.6862 0.0439453 0.957549 -0.0424511 2.81926 -0.0230481

35.6862 0.0439453 0.948612 -0.0513885 2.81925 -0.0230498
35.6866 0.0512695 0.948612 -0.0513885 2.82558 -0.0377479

35.6866 0.0512695 0.94124 -0.0587595 2.82561 -0.0377468
35.6871 0.0585938 0.94124 -0.0587595 2.80094 -0.0493628

35.6871 0.0585938 0.935198 -0.0648025 2.80094 -0.0493635
35.6876 0.065918 0.935198 -0.0648025 2.77895 -0.0548284

35.6876 0.065918 0.929272 -0.0707279 2.77895 -0.0548347
35.6882 0.0732422 0.929272 -0.0707279 2.78694 -0.0552486

35.6882 0.0732422 0.92248 -0.0775203 2.78694 -0.0552383
35.6888 0.0805664 0.92248 -0.0775203 2.78763 -0.0581152

35.6888 0.0805664 0.914345 -0.0856546 2.78763 -0.0581152
35.6895 0.0878906 0.914345 -0.0856546 2.77049 -0.0630502

35.6895 0.0878906 0.907526 -0.0924742 2.77049 -0.0630448
35.6902 0.0952148 0.907526 -0.0924742 2.76794 -0.0651768

35.6902 0.0952148 0.901705 -0.0982947 2.76794 -0.0651765
35.6909 0.101648 0.901705 -0.0982947 2.77259 -0.0693775

35.6909 0.101654 0.901705 -0.0982947 2.77259 -0.0693804
35.691 0.102539 0.901705 -0.0982947 2.77088 -0.0689415

35.691 0.102539 0.892763 -0.107237 2.77086 -0.0689326
35.6928 0.117188 0.892763 -0.107237 2.77434 -0.078904

35.6928 0.117188 0.880428 -0.119572 2.77434 -0.0788998
35.6947 0.131836 0.880428 -0.119572 2.76897 -0.0878305

35.6947 0.131836 0.867407 -0.132593 2.76896 -0.0878285
35.697 0.146484 0.867407 -0.132593 2.76155 -0.0940213

35.697 0.146484 0.854458 -0.145542 2.76155 -0.0940212
35.6982 0.153896 0.854458 -0.145542 2.76056 -0.098651

35.6982 0.153988 0.851081 -0.148919 2.76055 -0.0986983
35.6995 0.161133 0.851081 -0.148919 2.7679 -0.10557

35.6995 0.161133 0.845219 -0.154781 2.76791 -0.105575
35.7008 0.168457 0.845219 -0.154781 2.76785 -0.113505

35.7008 0.168457 0.839584 -0.160416 2.76784 -0.113501
35.7022 0.175781 0.839584 -0.160416 2.74973 -0.112354

35.7022 0.175781 0.833055 -0.166945 2.74973 -0.112352
35.7037 0.183105 0.833055 -0.166945 2.75093 -0.112642

35.7037 0.183105 0.827097 -0.172903 2.75094 -0.112653
35.7052 0.19043 0.827097 -0.172903 2.76629 -0.124605

35.7052 0.19043 0.822052 -0.177948 2.76629 -0.124599
35.7056 0.191969 0.822052 -0.177948 2.77012 -0.127732

35.7056 0.191959 0.822052 -0.177948 2.7701 -0.127716
35.7068 0.197754 0.822052 -0.177948 2.76571 -0.13702

35.7068 0.197754 0.816483 -0.183517 2.7657 -0.137015
35.7085 0.205078 0.816483 -0.183517 2.7495 -0.142737

35.7084 0.205078 0.806956 -0.193044 2.74947 -0.142705
35.7119 0.219727 0.806956 -0.193044 2.7341 -0.155144

35.712 0.219727 0.797766 -0.202234 2.73412 -0.155172
35.7129 0.223386 0.797766 -0.202234 2.73428 -0.160777

35.7129 0.223346 0.795401 -0.204599 2.7343 -0.16075
35.7157 0.234375 0.795401 -0.204599 2.73816 -0.174901

35.7157 0.234375 0.787435 -0.212565 2.73818 -0.174925
35.7177 0.241699 0.787435 -0.212565 2.73608 -0.181918

35.7177 0.241699 0.781583 -0.218417 2.73608 -0.181922
35.7198 0.249023 0.781583 -0.218417 2.72762 -0.183349

35.7198 0.249023 0.776224 -0.223776 2.72762 -0.183346
35.7202 0.250601 0.776224 -0.223776 2.72748 -0.184083

35.7202 0.250591 0.776224 -0.223776 2.72749 -0.184081
35.7219 0.256348 0.776224 -0.223776 2.72297 -0.187281

35.7219 0.256348 0.770411 -0.229589 2.72296 -0.187281
35.7241 0.263672 0.770411 -0.229589 2.71547 -0.196421

35.7241 0.263672 0.764467 -0.235533 2.71547 -0.196423
35.7263 0.270996 0.764467 -0.235533 2.70725 -0.212356

35.7263 0.270996 0.759026 -0.240974 2.70725 -0.212358
35.7275 0.27486 0.759026 -0.240974 2.70339 -0.218179

35.7275 0.274853 0.759026 -0.240974 2.7034 -0.21817
35.7286 0.27832 0.759026 -0.240974 2.69864 -0.224057

35.7286 0.27832 0.753873 -0.246127 2.69863 -0.224054
35.731 0.285645 0.753873 -0.246127 2.69486 -0.238586

35.731 0.285645 0.748564 -0.251436 2.69485 -0.238584
35.7335 0.292969 0.748564 -0.251436 2.68815 -0.258909

35.7335 0.292969 0.74299 -0.25701 2.68814 -0.258898
35.7349 0.296951 0.74299 -0.25701 2.68247 -0.267092

35.7349 0.296941 0.74299 -0.25701 2.68249 -0.267085
35.736 0.300293 0.74299 -0.25701 2.67724 -0.273007

35.736 0.300293 0.737171 -0.262829 2.67723 -0.272998
35.7386 0.307617 0.737171 -0.262829 2.67102 -0.285364

35.7386 0.307617 0.731346 -0.268654 2.67102 -0.285365
35.7413 0.314941 0.731346 -0.268654 2.6592 -0.303343

35.7413 0.314941 0.725902 -0.274098 2.65919 -0.303332
35.7422 0.317241 0.725902 -0.274098 2.65332 -0.30869

35.7422 0.317223 0.725902 -0.274098 2.65337 -0.308671
35.7441 0.322266 0.725902 -0.274098 2.64407 -0.319938

35.7441 0.322266 0.720572 -0.279428 2.64406 -0.319928
35.7469 0.32959 0.720572 -0.279428 2.63731 -0.341306

35.7469 0.32959 0.715094 -0.284906 2.63731 -0.341305
35.7495 0.336075 0.715094 -0.284906 2.62604 -0.361866

35.7495 0.336073 0.715094 -0.284906 2.62604 -0.361865
35.7498 0.336914 0.715094 -0.284906 2.6241 -0.36391

35.7498 0.336914 0.709608 -0.290392 2.6241 -0.363905
35.7528 0.344238 0.709608 -0.290392 2.61809 -0.382555

35.7528 0.344238 0.703987 -0.296013 2.61809 -0.382551
35.7559 0.351562 0.703987 -0.296013 2.60222 -0.41311

35.7559 0.351562 0.698583 -0.301417 2.60221 -0.413076
35.7568 0.353696 0.698583 -0.301417 2.59326 -0.420842

35.7568 0.353669 0.698583 -0.301417 2.5934 -0.420806
35.7591 0.358887 0.698583 -0.301417 2.57997 -0.437479

35.7591 0.358887 0.693167 -0.306833 2.57995 -0.437454
35.7623 0.366211 0.693167 -0.306833 2.5648 -0.467978

35.7623 0.366211 0.687613 -0.312387 2.56479 -0.467961
35.7642 0.37026 0.687613 -0.312387 2.5527 -0.484891

35.7642 0.370243 0.687613 -0.312387 2.55277 -0.48487
35.7657 0.373535 0.687613 -0.312387 2.54446 -0.496657

35.7656 0.373535 0.681935 -0.318065 2.54444 -0.49662
35.7691 0.380859 0.681935 -0.318065 2.53276 -0.530542

35.7691 0.380859 0.676197 -0.323803 2.53275 -0.530531
35.7715 0.385914 0.676197 -0.323803 2.51603 -0.559535

35.7715 0.385896 0.676197 -0.323803 2.51616 -0.55951
35.7726 0.388184 0.676197 -0.323803 2.50232 -0.569864

35.7726 0.388184 0.670604 -0.329396 2.50231 -0.569817
35.7762 0.395508 0.670604 -0.329396 2.47296 -0.600374

35.7762 0.395508 0.665154 -0.334846 2.47295 -0.600367
35.7788 0.400751 0.665154 -0.334846 2.44976 -0.62321

35.7788 0.400734 0.665154 -0.334846 2.44987 -0.623195
35.7799 0.402832 0.665154 -0.334846 2.43802 -0.630805

35.7799 0.402832 0.659558 -0.340442 2.438 -0.630752
35.7836 0.410156 0.659558 -0.340442 2.41467 -0.664967

35.7836 0.410156 0.653777 -0.346223 2.41467 -0.664934
35.7861 0.414877 0.653777 -0.346223 2.39934 -0.696367

35.7861 0.414855 0.653777 -0.346223 2.39949 -0.696332
35.7875 0.41748 0.653777 -0.346223 2.38608 -0.711034

35.7875 0.41748 0.64777 -0.35223 2.38604 -0.710947
35.7915 0.424805 0.64777 -0.35223 2.35188 -0.753309

35.7915 0.424805 0.641958 -0.358042 2.35187 -0.753242
35.7935 0.428336 0.641958 -0.358042 2.33113 -0.775129

35.7935 0.428296 0.641958 -0.358042 2.33139 -0.775106
35.7956 0.432129 0.641958 -0.358042 2.31235 -0.797982

35.7956 0.432129 0.636035 -0.363965 2.31227 -0.797862
35.7998 0.439453 0.636035 -0.363965 2.26369 -0.844772

35.7997 0.439453 0.630347 -0.369653 2.26367 -0.844562
35.8008 0.441217 0.630347 -0.369653 2.24759 -0.854322

35.8008 0.441157 0.629877 -0.370123 2.24817 -0.854333
35.8041 0.446777 0.629877 -0.370123 2.2311 -0.888351

35.8041 0.446777 0.623437 -0.376563 2.231 -0.888242
35.8081 0.453462 0.623437 -0.376563 2.18855 -0.951098

35.8081 0.453449 0.626757 -0.373243 2.18872 -0.951091
35.8085 0.454102 0.626757 -0.373243 2.18075 -0.95566

35.8085 0.454102 0.616446 -0.383554 2.18075 -0.955649
35.8131 0.461426 0.616446 -0.383554 2.1209 -1.00725

35.813 0.461426 0.610198 -0.389802 2.12088 -1.00707
35.8154 0.465171 0.610198 -0.389802 2.09804 -1.04162

35.8154 0.465113 0.610198 -0.389802 2.09863 -1.04152
35.8178 0.46875 0.610198 -0.389802 1e+30 1e+30

