16.9336 0.544084 0.491956 -0.508044 0.850558 -1.83894
16.939 0.549316 0.491956 -0.508044 0.733894 -1.87138

16.9389 0.549316 0.486693 -0.513307 0.734984 -1.86932
16.9409 0.551259 0.486693 -0.513307 0.685574 -1.88167

16.9409 0.551186 0.478047 -0.521953 0.686783 -1.88245
16.9469 0.556641 0.478047 -0.521953 0.561416 -1.90537

16.9468 0.556641 0.472336 -0.527664 0.562415 -1.904
16.9482 0.557968 0.472336 -0.527664 0.53179 -1.90643

16.9482 0.557909 0.464104 -0.535896 0.53256 -1.90711
16.9552 0.563965 0.464104 -0.535896 0.394423 -1.91541

16.9551 0.563965 0.457121 -0.542879 0.395362 -1.91407
16.9556 0.564344 0.457121 -0.542879 0.387603 -1.9146

16.9556 0.564259 0.449033 -0.550967 0.388544 -1.91563
16.9629 0.570228 0.449033 -0.550967 0.251859 -1.94172

16.9629 0.570198 0.434767 -0.565233 0.252351 -1.94211
16.9643 0.571289 0.434767 -0.565233 0.222563 -1.9479

16.9643 0.571289 0.433268 -0.566732 0.222854 -1.94742
16.9702 0.57583 0.433268 -0.566732 0.0818783 -1.93167

16.9702 0.575787 0.417394 -0.582606 0.0825817 -1.93232
16.9742 0.578613 0.417394 -0.582606 -0.00224017 -1.90554

16.974 0.578613 0.414955 -0.585045 -0.00128086 -1.90501
16.9775 0.581089 0.414955 -0.585045 -0.0723871 -1.89351

16.9775 0.581067 0.400996 -0.599004 -0.0720213 -1.89376
16.9848 0.585938 0.400996 -0.599004 -0.217945 -1.87218

16.9847 0.585938 0.390485 -0.609515 -0.217175 -1.87161
16.9849 0.586029 0.390485 -0.609515 -0.2199 -1.87142

16.9849 0.585974 0.383146 -0.616854 -0.218962 -1.87207
16.9922 0.590523 0.383146 -0.616854 -0.373444 -1.83529

16.9922 0.59049 0.364887 -0.635113 -0.372762 -1.8358
16.997 0.593262 0.364887 -0.635113 -0.475542 -1.78476

16.9969 0.593262 0.364887 -0.635113 -0.474549 -1.78478
16.9995 0.594768 0.364887 -0.635113 -0.527283 -1.76839

16.9995 0.594725 0.346216 -0.653784 -0.526375 -1.76885
17.0068 0.598604 0.346216 -0.653784 -0.677611 -1.70478

17.0068 0.59858 0.326504 -0.673496 -0.677068 -1.7051
17.011 0.600586 0.326504 -0.673496 -0.761548 -1.65577

17.0109 0.600586 0.326504 -0.673496 -0.760747 -1.65633
17.0142 0.602176 0.326504 -0.673496 -0.828968 -1.62127

17.0142 0.602156 0.305367 -0.694633 -0.828442 -1.62147
17.0215 0.605376 0.305367 -0.694633 -0.979579 -1.51939

17.0215 0.605365 0.282966 -0.717034 -0.979314 -1.51953
17.0279 0.60791 0.282966 -0.717034 -1.0986 -1.43311

17.0278 0.60791 0.282966 -0.717034 -1.09774 -1.43354
17.0288 0.608296 0.282966 -0.717034 -1.11648 -1.42637

17.0288 0.608263 0.259564 -0.740436 -1.11557 -1.42663
17.0361 0.61083 0.259564 -0.740436 -1.26301 -1.32994

17.0361 0.610827 0.234668 -0.765332 -1.26291 -1.32996
17.0435 0.613073 0.234668 -0.765332 -1.39659 -1.15118

17.0435 0.61307 0.209007 -0.790993 -1.39651 -1.15122
17.0508 0.615006 0.209007 -0.790993 -1.51042 -1.0086

17.0508 0.615007 0.18198 -0.81802 -1.51046 -1.00859
17.0518 0.615234 0.18198 -0.81802 -1.52634 -0.994794

17.0518 0.615234 0.18198 -0.81802 -1.52637 -0.994745
17.0581 0.616635 0.18198 -0.81802 -1.62954 -0.875021

17.0581 0.616638 0.152493 -0.847507 -1.62962 -0.875006
17.0654 0.617956 0.152493 -0.847507 -1.7436 -0.703902

17.0654 0.617956 0.120246 -0.879754 -1.74362 -0.7039
17.0728 0.618957 0.120246 -0.879754 -1.84134 -0.529501

17.0728 0.618957 0.0853568 -0.914643 -1.84134 -0.529501
17.0801 0.619641 0.0853568 -0.914643 -1.89774 -0.342403

17.0801 0.61964 0.0477603 -0.95224 -1.89773 -0.342409
17.0874 0.620007 0.0477603 -0.95224 -1.94011 -0.142826

17.0874 0.620006 0.00737235 -0.992628 -1.94009 -0.142832
17.0947 0.620061 0.00737235 -0.992628 -1.96465 0.0673281

17.0947 0.620061 -0.033919 -0.966081 -1.96466 0.0673288
17.1021 0.619804 -0.033919 -0.966081 -1.97061 0.280997

17.1021 0.619806 -0.0724944 -0.927506 -1.97064 0.280996
17.1094 0.619233 -0.0724944 -0.927506 -1.96281 0.493833

17.1973 0.585708 -0.398547 -0.601453 -0.677539 2.36709
17.1969 0.585938 -0.398547 -0.601453 -0.685317 2.36363

17.1973 0.585624 -0.418835 -0.581165 -0.67415 2.3671
17.2046 0.580345 -0.418835 -0.581165 -0.524272 2.42569

17.2119 0.574619 -0.439105 -0.560895 -0.374682 2.48586
17.2068 0.578613 -0.439105 -0.560895 -0.476763 2.43458

17.2046 0.580286 -0.430984 -0.569016 -0.52197 2.4253
17.2068 0.578613 -0.430984 -0.569016 -0.476638 2.43445

17.2192 0.568465 -0.458382 -0.541618 -0.198021 2.54268
17.2159 0.571289 -0.458382 -0.541618 -0.272673 2.51752

17.2266 0.561781 -0.481594 -0.518406 -0.0280958 2.57592
17.2242 0.563965 -0.481594 -0.518406 -0.0823655 2.56609

17.2192 0.568342 -0.471657 -0.528343 -0.194141 2.54285
17.2241 0.563965 -0.471657 -0.528343 -0.0819604 2.56573

17.2119 0.574529 -0.451222 -0.548778 -0.37086 2.48519
17.2159 0.571289 -0.451222 -0.548778 -0.272462 2.51723

17.1387 0.613654 -0.205519 -0.794481 -1.75728 1.2357
17.1326 0.615234 -0.205519 -0.794481 -1.80455 1.07513

17.1094 0.619236 -0.109018 -0.890982 -1.96285 0.493825
17.1167 0.618339 -0.109018 -0.890982 -1.92814 0.701746

17.1167 0.618341 -0.143674 -0.856326 -1.92825 0.701753
17.124 0.617113 -0.143674 -0.856326 -1.86654 0.894717

17.124 0.617111 -0.175829 -0.824171 -1.86648 0.894711
17.1313 0.615549 -0.175829 -0.824171 -1.81152 1.05189

17.1313 0.615553 -0.205519 -0.794481 -1.81166 1.05189
17.1326 0.615234 -0.205519 -0.794481 -1.80459 1.07543

17.1387 0.613658 -0.233863 -0.766137 -1.7574 1.23567
17.146 0.611423 -0.233863 -0.766137 -1.66667 1.47978

17.146 0.61142 -0.260443 -0.739557 -1.66652 1.47977
17.1533 0.608841 -0.260443 -0.739557 -1.52329 1.62111

17.1606 0.605926 -0.285225 -0.714775 -1.40846 1.76788
17.1557 0.60791 -0.285225 -0.714775 -1.48803 1.65153

17.1533 0.608831 -0.285225 -0.714775 -1.52284 1.62111
17.1556 0.60791 -0.285225 -0.714775 -1.48791 1.65093

17.1606 0.605929 -0.309877 -0.690123 -1.40856 1.76785
17.168 0.602641 -0.309877 -0.690123 -1.27637 1.91277

17.1753 0.599005 -0.333686 -0.666314 -1.13522 2.02696
17.1721 0.600586 -0.333686 -0.666314 -1.19748 1.97177

17.1753 0.598979 -0.356583 -0.643417 -1.13428 2.02711
17.1826 0.59492 -0.356583 -0.643417 -1.00426 2.12946

17.168 0.602611 -0.333686 -0.666314 -1.27499 1.91269
17.172 0.600586 -0.333686 -0.666314 -1.1977 1.96997

17.1899 0.590471 -0.378414 -0.621586 -0.862194 2.25418
17.1854 0.593262 -0.378414 -0.621586 -0.953805 2.15837

17.1826 0.594892 -0.378271 -0.621729 -1.00304 2.12931
17.1853 0.593262 -0.378271 -0.621729 -0.953326 2.15753

17.1899 0.590451 -0.398425 -0.601575 -0.861515 2.2543
17.1968 0.585938 -0.398425 -0.601575 -0.68462 2.362

17.2852 0.487263 -0.623545 -0.376455 1.25232 2.40751
17.2831 0.490723 -0.623545 -0.376455 1.20947 2.43923

17.2831 0.490723 -0.613637 -0.386363 1.20947 2.43923
17.2785 0.498047 -0.613637 -0.386363 1.09071 2.46256

17.2705 0.509902 -0.592054 -0.407946 0.945553 2.51028
17.2686 0.512695 -0.592054 -0.407946 0.912401 2.53167

17.2632 0.520146 -0.567268 -0.432732 0.790568 2.55889
17.2577 0.527344 -0.567268 -0.432732 0.659782 2.57478

17.2686 0.512695 -0.580055 -0.419945 0.912622 2.53174
17.2633 0.52002 -0.580055 -0.419945 0.793383 2.55855

17.2632 0.520131 -0.574172 -0.425828 0.790992 2.55881
17.2633 0.52002 -0.574172 -0.425828 0.79332 2.55857

17.2778 0.499003 -0.602335 -0.397665 1.07219 2.46378
17.2736 0.505371 -0.602335 -0.397665 0.980809 2.48824

17.2705 0.509858 -0.591125 -0.408875 0.946397 2.51004
17.2736 0.505371 -0.591125 -0.408875 0.981044 2.48817

17.2778 0.498994 -0.611568 -0.388432 1.07241 2.46374
17.2784 0.498047 -0.611568 -0.388432 1.0909 2.46244

17.2339 0.554575 -0.501961 -0.498039 0.15094 2.59415
17.2318 0.556641 -0.501961 -0.498039 0.100738 2.59226

17.2412 0.546824 -0.520759 -0.479241 0.318422 2.59769
17.2389 0.549316 -0.520759 -0.479241 0.265103 2.59719

17.2339 0.554523 -0.511572 -0.488428 0.152596 2.59402
17.2389 0.549316 -0.511572 -0.488428 0.265571 2.59698

17.2485 0.538497 -0.540077 -0.459923 0.478774 2.595
17.2456 0.541992 -0.540077 -0.459923 0.410947 2.60113

17.2559 0.529625 -0.553372 -0.446628 0.627042 2.5767
17.2518 0.534668 -0.553372 -0.446628 0.539352 2.59282

17.2485 0.538509 -0.545828 -0.454172 0.478463 2.59503
17.2517 0.534668 -0.545828 -0.454172 0.540149 2.59231

17.2412 0.546811 -0.529638 -0.470362 0.3188 2.59765
17.2455 0.541992 -0.529638 -0.470362 0.41146 2.60107

17.2266 0.561688 -0.49149 -0.50851 -0.0252104 2.57582
17.2318 0.556641 -0.49149 -0.50851 0.101134 2.59208

17.2559 0.529621 -0.559699 -0.440301 0.62713 2.57667
17.2577 0.527344 -0.559699 -0.440301 0.660298 2.57448

17.2925 0.474778 -0.642388 -0.357612 1.3727 2.32478
17.2918 0.476074 -0.642388 -0.357612 1.35402 2.33078

17.2917 0.476074 -0.632807 -0.367193 1.35432 2.33077
17.2875 0.483398 -0.632807 -0.367193 1.27371 2.37511

17.2925 0.474709 -0.642388 -0.357612 1.3741 2.32444
17.2958 0.46875 -0.642388 -0.357612 1.4326 2.29984

17.2852 0.487224 -0.623545 -0.376455 1.25307 2.40729
17.2875 0.483398 -0.623545 -0.376455 1.27391 2.37512

17.3922 0 -0.997982 -0.00201785 2.68277 0
17.3922 0.00732422 -0.997982 -0.00201785 2.68382 0.0210776

17.3922 0.00732422 -0.993667 -0.00633335 2.68381 0.0210783
17.3921 0.0146484 -0.993667 -0.00633335 2.68381 0.041044

17.3921 0.0146484 -0.988796 -0.0112043 2.6838 0.0410454
17.3921 0.0219727 -0.988796 -0.0112043 2.68298 0.0633249

17.3921 0.0219727 -0.983665 -0.0163348 2.68297 0.063325
17.3919 0.0292969 -0.983665 -0.0163348 2.68578 0.0874511

17.3919 0.0292969 -0.978814 -0.0211864 2.68578 0.0874491
17.3918 0.0366211 -0.978814 -0.0211864 2.68796 0.114981

17.3918 0.0366211 -0.974309 -0.0256913 2.68797 0.11498
17.3916 0.0439453 -0.974309 -0.0256913 2.68522 0.152331

17.3916 0.0439453 -0.967193 -0.0328074 2.68514 0.15233
17.3911 0.0585938 -0.967193 -0.0328074 2.69081 0.215624

17.3911 0.0585938 -0.957504 -0.0424959 2.69079 0.215624
17.3904 0.0732422 -0.957504 -0.0424959 2.69573 0.283735

17.3904 0.0732422 -0.950237 -0.0497628 2.69582 0.283734
17.3901 0.0805664 -0.950237 -0.0497628 2.69285 0.318133

17.3901 0.0805664 -0.945892 -0.0541076 2.69285 0.318133
17.3896 0.0878906 -0.945892 -0.0541076 2.68212 0.349305

17.3877 0.115558 -0.92882 -0.0711801 2.65315 0.469055
17.3876 0.117188 -0.92882 -0.0711801 2.64961 0.476883

17.3896 0.0878906 -0.938633 -0.061367 2.68202 0.349308
17.3887 0.102539 -0.938633 -0.061367 2.66392 0.412618

17.3877 0.115521 -0.92882 -0.0711801 2.6532 0.468893
17.3887 0.102539 -0.92882 -0.0711801 2.66392 0.412618

17.3876 0.117188 -0.921444 -0.0785562 2.64971 0.476888
17.3869 0.124512 -0.921444 -0.0785562 2.64854 0.508971

17.3869 0.124512 -0.916723 -0.0832768 2.64855 0.508972
17.3863 0.131836 -0.916723 -0.0832768 2.64308 0.539416

17.3863 0.131836 -0.909569 -0.0904306 2.64298 0.539411
17.3848 0.146484 -0.909569 -0.0904306 2.63293 0.601255

17.3848 0.146484 -0.900153 -0.0998473 2.63293 0.601255
17.3832 0.161133 -0.900153 -0.0998473 2.61685 0.664608

17.3832 0.161133 -0.89082 -0.10918 2.61684 0.664608
17.3814 0.175781 -0.89082 -0.10918 2.60013 0.729753

17.373 0.230946 -0.853611 -0.146389 2.51685 0.983825
17.3725 0.234375 -0.853611 -0.146389 2.51014 1.00046

17.3814 0.175781 -0.881395 -0.118605 2.60012 0.729753
17.3794 0.19043 -0.881395 -0.118605 2.58416 0.795857

17.3794 0.19043 -0.872043 -0.127957 2.58417 0.795857
17.3773 0.205078 -0.872043 -0.127957 2.56053 0.861242

17.3773 0.205078 -0.862978 -0.137022 2.56054 0.861242
17.375 0.219727 -0.862978 -0.137022 2.53503 0.929109

17.373 0.230886 -0.853611 -0.146389 2.51707 0.983543
17.375 0.219727 -0.853611 -0.146389 2.535 0.929108

17.3725 0.234375 -0.843808 -0.156192 2.5102 1.00046
17.3697 0.249023 -0.843808 -0.156192 2.4832 1.07355

17.3697 0.249023 -0.83364 -0.16636 2.48315 1.07354
17.3668 0.263672 -0.83364 -0.16636 2.45947 1.15112

17.3668 0.263672 -0.823437 -0.176563 2.45949 1.15112
17.3637 0.27832 -0.823437 -0.176563 2.42769 1.2289

17.3637 0.27832 -0.815979 -0.184021 2.4278 1.22892
17.362 0.285645 -0.815979 -0.184021 2.41267 1.27125

17.362 0.285645 -0.810619 -0.189381 2.41267 1.27125
17.3603 0.292969 -0.810619 -0.189381 2.39159 1.3112

17.3584 0.30086 -0.800512 -0.199488 2.35365 1.35143
17.3567 0.307617 -0.800512 -0.199488 2.32935 1.38573

17.3567 0.307617 -0.794789 -0.205211 2.32933 1.38573
17.3548 0.314941 -0.794789 -0.205211 2.31727 1.42686

17.3548 0.314941 -0.788909 -0.211091 2.31727 1.42686
17.3529 0.322266 -0.788909 -0.211091 2.29558 1.468

17.3603 0.292969 -0.805628 -0.194372 2.3916 1.3112
17.3585 0.300293 -0.805628 -0.194372 2.35683 1.34855

17.3584 0.300846 -0.800512 -0.199488 2.35376 1.35136
17.3585 0.300293 -0.800512 -0.199488 2.35684 1.34855

17.3511 0.328768 -0.783237 -0.216763 2.26913 1.50524
17.3508 0.32959 -0.783237 -0.216763 2.26515 1.50987

17.3508 0.32959 -0.777564 -0.222436 2.26523 1.50988
17.3487 0.336914 -0.777564 -0.222436 2.23547 1.5504

17.3511 0.32873 -0.783237 -0.216763 2.26941 1.50504
17.3529 0.322266 -0.783237 -0.216763 2.29559 1.468

17.3487 0.336914 -0.771637 -0.228363 2.23546 1.5504
17.3466 0.344238 -0.771637 -0.228363 2.20982 1.58975

17.3466 0.344238 -0.765602 -0.234398 2.20982 1.58975
17.3443 0.351562 -0.765602 -0.234398 2.17747 1.62901

17.3438 0.353397 -0.759683 -0.240317 2.16945 1.63972
17.3443 0.351562 -0.759683 -0.240317 2.17751 1.62902

