7.79297 0.186293 -0.822981 -0.177019 2.10605 0.83163
7.79208 0.19043 -0.822981 -0.177019 2.09759 0.850219

7.79208 0.19043 -0.816439 -0.183561 2.09758 0.850214
7.79043 0.197754 -0.816439 -0.183561 2.09035 0.8817

7.79043 0.197754 -0.809559 -0.190441 2.09036 0.881703
7.78871 0.205078 -0.809559 -0.190441 2.08456 0.91558

7.78564 0.217418 -0.797135 -0.202865 2.04757 0.977124
7.78506 0.219727 -0.797135 -0.202865 2.04066 0.988574

7.78871 0.205078 -0.803266 -0.196734 2.08457 0.915586
7.78691 0.212402 -0.803266 -0.196734 2.06305 0.952301

7.78564 0.217388 -0.797135 -0.202865 2.04772 0.976998
7.78691 0.212402 -0.797135 -0.202865 2.06306 0.952305

7.78505 0.219727 -0.790862 -0.209138 2.0407 0.98859
7.78312 0.227051 -0.790862 -0.209138 2.02141 1.02384

7.78312 0.227051 -0.784454 -0.215546 2.0214 1.02384
7.7811 0.234375 -0.784454 -0.215546 2.00728 1.05792

7.80493 0.117188 -0.877659 -0.122341 2.21735 0.512622
7.80288 0.131836 -0.877659 -0.122341 2.20765 0.57745

7.80288 0.131836 -0.863998 -0.136002 2.20765 0.577451
7.80058 0.146484 -0.863998 -0.136002 2.19881 0.647348

7.80058 0.146484 -0.850809 -0.149191 2.1988 0.647348
7.79801 0.161133 -0.850809 -0.149191 2.18093 0.718905

7.79799 0.161133 -0.841196 -0.158804 2.18109 0.718948
7.79661 0.168457 -0.841196 -0.158804 2.16694 0.752948

7.79661 0.168457 -0.835089 -0.164911 2.16694 0.752947
7.79516 0.175781 -0.835089 -0.164911 2.14545 0.786991

7.79516 0.175781 -0.828996 -0.171004 2.14544 0.786991
7.79365 0.183105 -0.828996 -0.171004 2.11787 0.818172

7.79297 0.186274 -0.822981 -0.177019 2.10615 0.83156
7.79365 0.183105 -0.822981 -0.177019 2.11789 0.818179

7.76367 0.288461 -0.729973 -0.270027 1.80941 1.30621
7.762 0.292969 -0.729973 -0.270027 1.79435 1.32832

7.77832 0.244043 -0.771568 -0.228432 1.97801 1.11134
7.77685 0.249023 -0.771568 -0.228432 1.95922 1.13696

7.77685 0.249023 -0.765113 -0.234887 1.95922 1.13695
7.7746 0.256348 -0.765113 -0.234887 1.93547 1.17307

7.7746 0.256348 -0.758288 -0.241712 1.93547 1.17307
7.77226 0.263672 -0.758288 -0.241712 1.90828 1.20332

7.7811 0.234375 -0.777907 -0.222093 2.00728 1.05792
7.77901 0.241699 -0.777907 -0.222093 1.98702 1.09685

7.77832 0.244022 -0.771568 -0.228432 1.97814 1.11123
7.77901 0.241699 -0.771568 -0.228432 1.98706 1.09688

7.771 0.26752 -0.751371 -0.248629 1.89192 1.22195
7.76985 0.270996 -0.751371 -0.248629 1.87501 1.23473

7.76984 0.270996 -0.744247 -0.255753 1.87504 1.23474
7.76733 0.27832 -0.744247 -0.255753 1.84685 1.26422

7.771 0.267489 -0.751371 -0.248629 1.89215 1.22186
7.77226 0.263672 -0.751371 -0.248629 1.90832 1.20333

7.76733 0.27832 -0.736978 -0.263022 1.84685 1.26422
7.76471 0.285645 -0.736978 -0.263022 1.82062 1.29329

7.76367 0.288439 -0.729973 -0.270027 1.80957 1.30614
7.76471 0.285645 -0.729973 -0.270027 1.82067 1.29331

7.75635 0.307544 -0.716325 -0.283675 1.72786 1.39314
7.75632 0.307617 -0.716325 -0.283675 1.72738 1.39339

7.762 0.292969 -0.72311 -0.27689 1.79437 1.32833
7.7592 0.300293 -0.72311 -0.27689 1.76809 1.36539

7.75635 0.307487 -0.716325 -0.283675 1.72839 1.393
7.7592 0.300293 -0.716325 -0.283675 1.7681 1.36539

7.7563 0.307617 -0.70946 -0.29054 1.72752 1.39345
7.7533 0.314941 -0.70946 -0.29054 1.69161 1.42137

7.7533 0.314941 -0.702336 -0.297664 1.69161 1.42137
7.7502 0.322266 -0.702336 -0.297664 1.65917 1.44833

7.74902 0.324948 -0.695401 -0.304599 1.64645 1.46118
7.74699 0.32959 -0.695401 -0.304599 1.62674 1.48351

7.74699 0.32959 -0.688468 -0.311532 1.62675 1.48352
7.74367 0.336914 -0.688468 -0.311532 1.59539 1.51513

7.7417 0.341159 -0.681236 -0.318764 1.5798 1.53316
7.74026 0.344238 -0.681236 -0.318764 1.56028 1.54484

7.74025 0.344238 -0.673585 -0.326415 1.56033 1.54486
7.7367 0.351562 -0.673585 -0.326415 1.5127 1.56988

7.7417 0.341123 -0.681236 -0.318764 1.58016 1.53306
7.74367 0.336914 -0.681236 -0.318764 1.59544 1.51514

7.74902 0.324925 -0.695401 -0.304599 1.64664 1.4611
7.75019 0.322266 -0.695401 -0.304599 1.65923 1.44836

7.73438 0.356181 -0.66576 -0.33424 1.48808 1.58541
7.73669 0.351562 -0.66576 -0.33424 1.51277 1.56988

7.5 0.568133 -0.202241 -0.797759 -1.1981 0.873626
7.50732 0.566277 -0.202241 -0.797759 -1.13278 0.989222

7.50732 0.566276 -0.221495 -0.778505 -1.13276 0.98922
7.51465 0.564192 -0.221495 -0.778505 -1.07319 1.05878

7.52197 0.561879 -0.240291 -0.759709 -1.02858 1.14002
7.51538 0.563965 -0.240291 -0.759709 -1.06857 1.06285

7.51465 0.564194 -0.240291 -0.759709 -1.07322 1.05878
7.51537 0.563965 -0.240291 -0.759709 -1.06857 1.06281

7.52197 0.561882 -0.259213 -0.740787 -1.02863 1.14
7.5293 0.559319 -0.259213 -0.740787 -0.962548 1.24957

7.53662 0.556536 -0.277079 -0.722921 -0.891626 1.30596
7.53635 0.556641 -0.277079 -0.722921 -0.89358 1.30485

7.53662 0.556513 -0.294151 -0.705849 -0.891063 1.30597
7.54395 0.55346 -0.294151 -0.705849 -0.834064 1.39627

7.54395 0.553459 -0.310836 -0.689164 -0.834038 1.39628
7.55127 0.550155 -0.310836 -0.689164 -0.746968 1.46893

7.55859 0.546608 -0.326493 -0.673507 -0.668237 1.54969
7.55301 0.549316 -0.326493 -0.673507 -0.729635 1.47499

7.55127 0.550143 -0.326493 -0.673507 -0.746632 1.46891
7.55298 0.549316 -0.326493 -0.673507 -0.729532 1.47486

7.5293 0.559314 -0.277079 -0.722921 -0.962382 1.24956
7.53627 0.556641 -0.277079 -0.722921 -0.893435 1.30455

7.59521 0.524841 -0.402287 -0.597713 -0.251884 1.81078
7.5915 0.527344 -0.402287 -0.597713 -0.300304 1.77667

7.60254 0.519708 -0.416378 -0.583622 -0.153667 1.85396
7.6021 0.52002 -0.416378 -0.583622 -0.159236 1.8527

7.59521 0.524805 -0.415512 -0.584488 -0.251115 1.81088
7.60195 0.52002 -0.415512 -0.584488 -0.158694 1.85227

7.61719 0.508278 -0.443655 -0.556345 0.0111445 1.90103
7.61165 0.512695 -0.443655 -0.556345 -0.0508412 1.87636

7.60254 0.519623 -0.429289 -0.570711 -0.151742 1.85398
7.60986 0.514114 -0.429289 -0.570711 -0.0706987 1.87315

7.60986 0.514073 -0.437394 -0.562606 -0.0698513 1.87304
7.61163 0.512695 -0.437394 -0.562606 -0.0507736 1.87631

7.57324 0.538734 -0.357447 -0.642553 -0.512536 1.65352
7.56739 0.541992 -0.357447 -0.642553 -0.568795 1.60207

7.55859 0.546609 -0.341937 -0.658063 -0.668264 1.54968
7.56592 0.542803 -0.341937 -0.658063 -0.582521 1.60331

7.56592 0.542791 -0.357313 -0.642687 -0.582217 1.60328
7.56735 0.541992 -0.357313 -0.642687 -0.568669 1.60205

7.58057 0.534465 -0.370482 -0.629518 -0.422419 1.70209
7.58022 0.534668 -0.370482 -0.629518 -0.425673 1.70141

7.57324 0.538727 -0.372593 -0.627407 -0.512396 1.65355
7.58008 0.534668 -0.372593 -0.627407 -0.425137 1.70104

7.58057 0.534388 -0.387705 -0.612295 -0.420679 1.70202
7.58789 0.52975 -0.387705 -0.612295 -0.349029 1.74564

7.58789 0.529721 -0.40206 -0.59794 -0.348229 1.74557
7.59143 0.527344 -0.40206 -0.59794 -0.299969 1.77594

7.63184 0.495634 -0.472531 -0.527469 0.198014 1.94312
7.62914 0.498047 -0.472531 -0.527469 0.164716 1.93557

7.64648 0.481502 -0.502461 -0.497539 0.394681 1.96378
7.64461 0.483398 -0.502461 -0.497539 0.367703 1.96309

7.63916 0.488761 -0.488096 -0.511904 0.290997 1.95594
7.6371 0.490723 -0.488096 -0.511904 0.265012 1.95276

7.63184 0.495536 -0.479614 -0.520386 0.199727 1.94321
7.63706 0.490723 -0.479614 -0.520386 0.265186 1.9527

7.63916 0.48869 -0.494833 -0.505167 0.29223 1.95596
7.64456 0.483398 -0.494833 -0.505167 0.367902 1.96306

7.62451 0.502145 -0.454941 -0.545059 0.105574 1.92852
7.62065 0.505371 -0.454941 -0.545059 0.0585664 1.91627

7.61719 0.508205 -0.451141 -0.548859 0.0128326 1.90084
7.62064 0.505371 -0.451141 -0.548859 0.0586348 1.91619

7.62451 0.502035 -0.465315 -0.534685 0.107535 1.92875
7.62909 0.498047 -0.465315 -0.534685 0.16488 1.93548

7.65381 0.473842 -0.516181 -0.483819 0.487523 1.96548
7.65172 0.476074 -0.516181 -0.483819 0.461072 1.96383

7.64648 0.481463 -0.509891 -0.490109 0.395401 1.96377
7.65166 0.476074 -0.509891 -0.490109 0.461326 1.96376

7.65381 0.473834 -0.523827 -0.476173 0.487659 1.96547
7.65843 0.46875 -0.523827 -0.476173 0.55115 1.97214

