4.44873 0.46875 0.39208 -0.60792 0.135699 -0.997103
4.45312 0.471586 0.39208 -0.60792 0.101158 -0.981326

4.45312 0.471571 0.381274 -0.618726 0.10134 -0.981348
4.46043 0.476074 0.381274 -0.618726 0.0607386 -0.965293

4.46032 0.476074 0.370888 -0.629112 0.0607152 -0.96509
4.46045 0.476149 0.370888 -0.629112 0.0600702 -0.965208

4.46045 0.476084 0.37025 -0.62975 0.0606528 -0.965308
4.46777 0.48039 0.37025 -0.62975 0.0111313 -0.951935

4.46777 0.480372 0.35932 -0.64068 0.0112915 -0.952028
4.47317 0.483398 0.35932 -0.64068 -0.0212879 -0.925088

4.47307 0.483398 0.35932 -0.64068 -0.0212944 -0.92513
4.4751 0.484535 0.35932 -0.64068 -0.0333519 -0.922755

4.4751 0.484495 0.348346 -0.651654 -0.0329246 -0.922808
4.48242 0.48841 0.348346 -0.651654 -0.0798127 -0.898807

4.48242 0.488393 0.337129 -0.662871 -0.0796619 -0.89887
4.487 0.490723 0.337129 -0.662871 -0.104427 -0.8769

4.48692 0.490723 0.337129 -0.662871 -0.104438 -0.877035
4.48975 0.492158 0.337129 -0.662871 -0.120214 -0.871084

4.48975 0.492134 0.325688 -0.674312 -0.119943 -0.871101
4.49707 0.495672 0.325688 -0.674312 -0.162984 -0.842089

4.49707 0.495657 0.314083 -0.685917 -0.162848 -0.842136
4.50229 0.498047 0.314083 -0.685917 -0.187843 -0.819424

4.5022 0.498047 0.314083 -0.685917 -0.187863 -0.819522
4.50439 0.499052 0.314083 -0.685917 -0.199429 -0.816749

4.50439 0.499023 0.302329 -0.697671 -0.199087 -0.816759
4.51172 0.502197 0.302329 -0.697671 -0.245282 -0.784649

4.51172 0.502195 0.290363 -0.709637 -0.245265 -0.784656
4.51904 0.505192 0.290363 -0.709637 -0.276522 -0.752297

4.51904 0.505188 0.278341 -0.721659 -0.276478 -0.752299
4.51952 0.505371 0.278341 -0.721659 -0.278326 -0.752208

4.51951 0.505371 0.278341 -0.721659 -0.278329 -0.752208
4.52637 0.508017 0.278341 -0.721659 -0.315934 -0.731618

4.52637 0.508016 0.266115 -0.733885 -0.31592 -0.731618
4.53369 0.510672 0.266115 -0.733885 -0.356538 -0.681324

4.53369 0.510665 0.253796 -0.746204 -0.356468 -0.681344
4.53966 0.512695 0.253796 -0.746204 -0.380528 -0.652859

4.53958 0.512695 0.253796 -0.746204 -0.380503 -0.653027
4.54102 0.513185 0.253796 -0.746204 -0.38679 -0.649889

4.54102 0.513162 0.241235 -0.758765 -0.386513 -0.649903
4.54834 0.51549 0.241235 -0.758765 -0.424683 -0.620152

4.54834 0.51549 0.228283 -0.771717 -0.424675 -0.620152
4.55566 0.517656 0.228283 -0.771717 -0.457681 -0.568277

4.55566 0.517656 0.215031 -0.784969 -0.457677 -0.568278
4.56299 0.519662 0.215031 -0.784969 -0.482114 -0.534449

4.56299 0.519658 0.201563 -0.798437 -0.482072 -0.534453
4.56442 0.52002 0.201563 -0.798437 -0.487051 -0.530704

4.5644 0.52002 0.201563 -0.798437 -0.487035 -0.530742
4.57031 0.521511 0.201563 -0.798437 -0.507724 -0.506448

4.57031 0.521511 0.187734 -0.812266 -0.507719 -0.506448
4.57764 0.523203 0.187734 -0.812266 -0.538051 -0.46819

4.57764 0.523203 0.173433 -0.826567 -0.538043 -0.468189
4.58496 0.52474 0.173433 -0.826567 -0.562145 -0.417393

4.58496 0.524739 0.15883 -0.84117 -0.562139 -0.417395
4.59229 0.526122 0.15883 -0.84117 -0.582469 -0.363706

4.59229 0.526121 0.144014 -0.855986 -0.582458 -0.363708
4.59955 0.527344 0.144014 -0.855986 -0.601458 -0.323178

4.59955 0.527344 0.144014 -0.855986 -0.601454 -0.323198
4.59961 0.527354 0.144014 -0.855986 -0.601633 -0.322954

4.59961 0.527353 0.128874 -0.871126 -0.601621 -0.322955
4.60693 0.528437 0.128874 -0.871126 -0.62415 -0.285902

4.60693 0.528437 0.113259 -0.886741 -0.624145 -0.285902
4.61426 0.529372 0.113259 -0.886741 -0.647926 -0.239313

4.61426 0.529372 0.0971102 -0.90289 -0.647928 -0.239313
4.62158 0.53016 0.0971102 -0.90289 -0.669121 -0.192898

4.62158 0.53016 0.080269 -0.919731 -0.669126 -0.192898
4.62891 0.530799 0.080269 -0.919731 -0.68738 -0.146367

4.62891 0.5308 0.06267 -0.93733 -0.687383 -0.146367
4.63623 0.531289 0.06267 -0.93733 -0.697378 -0.0982314

4.63623 0.531289 0.0443517 -0.955648 -0.697378 -0.0982315
4.64355 0.531629 0.0443517 -0.955648 -0.702021 -0.0485824

4.64355 0.531629 0.0253955 -0.974604 -0.70202 -0.0485826
4.65088 0.53182 0.0253955 -0.974604 -0.704236 0.00170415

4.65088 0.531819 0.0058324 -0.994168 -0.704234 0.00170408
4.6582 0.531862 0.0058324 -0.994168 -0.704195 0.0518677

4.6582 0.531862 -0.0139862 -0.986014 -0.704194 0.0518677
4.66553 0.531758 -0.0139862 -0.986014 -0.702264 0.101911

4.66553 0.531758 -0.0330399 -0.96696 -0.702264 0.101911
4.67285 0.531508 -0.0330399 -0.96696 -0.698513 0.152209

4.67285 0.531508 -0.0514009 -0.948599 -0.698514 0.152208
4.68018 0.531111 -0.0514009 -0.948599 -0.693125 0.202585

4.68018 0.531112 -0.0691991 -0.930801 -0.693128 0.202584
4.6875 0.530567 -0.0691991 -0.930801 1e+30 1e+30

