5.37105 0.527344 0.27089 -0.72911 -0.459925 -0.901188
5.37598 0.529174 0.27089 -0.72911 -0.498599 -0.876495

5.37598 0.52917 0.256468 -0.743532 -0.498528 -0.876502
5.3833 0.531696 0.256468 -0.743532 -0.558317 -0.818741

5.3833 0.531695 0.241515 -0.758485 -0.5583 -0.818749
5.39062 0.534027 0.241515 -0.758485 -0.599254 -0.761588

5.39062 0.534018 0.226564 -0.773436 -0.599131 -0.761608
5.39284 0.534668 0.226564 -0.773436 -0.611329 -0.750329

5.39281 0.534668 0.226564 -0.773436 -0.611288 -0.750465
5.39795 0.536173 0.226564 -0.773436 -0.645003 -0.718128

5.39795 0.53617 0.211389 -0.788611 -0.644958 -0.718131
5.40527 0.538133 0.211389 -0.788611 -0.699002 -0.658939

5.40527 0.538133 0.195665 -0.804335 -0.698992 -0.65894
5.4126 0.539915 0.195665 -0.804335 -0.734337 -0.583361

5.4126 0.539914 0.179556 -0.820444 -0.734327 -0.583364
5.41992 0.541517 0.179556 -0.820444 -0.763482 -0.524361

5.41992 0.541515 0.163111 -0.836889 -0.763455 -0.524365
5.42237 0.541992 0.163111 -0.836889 -0.772688 -0.509307

5.42236 0.541992 0.163111 -0.836889 -0.772675 -0.509367
5.42725 0.542944 0.163111 -0.836889 -0.793714 -0.478287

5.42725 0.542944 0.146074 -0.853926 -0.793709 -0.478287
5.43457 0.544197 0.146074 -0.853926 -0.828924 -0.426594

5.43457 0.544197 0.128254 -0.871746 -0.828924 -0.426594
5.44189 0.545274 0.128254 -0.871746 -0.866789 -0.367581

5.44189 0.545274 0.109733 -0.890267 -0.866783 -0.367581
5.44922 0.546177 0.109733 -0.890267 -0.894496 -0.300446

5.44922 0.546176 0.0905577 -0.909442 -0.894494 -0.300448
5.45654 0.546906 0.0905577 -0.909442 -0.912067 -0.227047

5.45654 0.546905 0.0707327 -0.929267 -0.912064 -0.227048
5.46387 0.547463 0.0707327 -0.929267 -0.924962 -0.151715

5.46387 0.547462 0.0501955 -0.949805 -0.92496 -0.151716
5.47119 0.54785 0.0501955 -0.949805 -0.932924 -0.077874

5.47119 0.54785 0.0287932 -0.971207 -0.932924 -0.0778739
5.47852 0.548067 0.0287932 -0.971207 -0.936739 -0.0077304

5.47852 0.548067 0.00630209 -0.993698 -0.936742 -0.00773038
5.48584 0.548113 0.00630209 -0.993698 -0.937739 0.0584421

5.48584 0.548114 -0.016891 -0.983109 -0.937743 0.058442
5.49316 0.547988 -0.016891 -0.983109 -0.937238 0.122156

5.49316 0.547988 -0.0392922 -0.960708 -0.93724 0.122156
5.50049 0.547689 -0.0392922 -0.960708 -0.935608 0.18586

5.50049 0.547689 -0.0607356 -0.939264 -0.935607 0.18586
5.50781 0.547215 -0.0607356 -0.939264 -0.93237 0.251894

5.50781 0.547215 -0.0811457 -0.918854 -0.932367 0.251894
5.51514 0.546568 -0.0811457 -0.918854 -0.926638 0.321566

5.51514 0.546568 -0.100577 -0.899423 -0.926636 0.321567
5.52246 0.545749 -0.100577 -0.899423 -0.917739 0.395026

5.52246 0.545749 -0.119207 -0.880793 -0.91774 0.395026
5.52979 0.544758 -0.119207 -0.880793 -0.893517 0.468617

5.52979 0.544758 -0.137236 -0.862764 -0.89353 0.468617
5.53711 0.543593 -0.137236 -0.862764 -0.864929 0.539252

5.55176 0.540737 -0.171539 -0.828461 -0.818776 0.642879
5.5457 0.541992 -0.171539 -0.828461 -0.836764 0.598085

5.53711 0.543593 -0.154675 -0.845325 -0.864931 0.539252
5.54443 0.542253 -0.154675 -0.845325 -0.840221 0.591278

5.54443 0.542253 -0.171539 -0.828461 -0.840222 0.591278
5.54569 0.541992 -0.171539 -0.828461 -0.836763 0.598072

5.55176 0.540739 -0.188142 -0.811858 -0.818797 0.642875
5.55908 0.539042 -0.188142 -0.811858 -0.796026 0.711086

5.55908 0.539042 -0.204429 -0.795571 -0.796029 0.711086
5.56641 0.53716 -0.204429 -0.795571 -0.760841 0.779099

5.60303 0.525012 -0.276655 -0.723345 -0.573035 1.0388
5.59693 0.527344 -0.276655 -0.723345 -0.604403 0.994826

5.60303 0.525014 -0.290393 -0.709607 -0.573058 1.0388
5.61035 0.522017 -0.290393 -0.709607 -0.524432 1.09452

5.61768 0.518844 -0.303924 -0.696076 -0.477335 1.12961
5.61498 0.52002 -0.303924 -0.696076 -0.494324 1.1172

5.61035 0.522001 -0.303924 -0.696076 -0.524122 1.09451
5.61489 0.52002 -0.303924 -0.696076 -0.494281 1.11684

5.61768 0.518821 -0.317239 -0.682761 -0.476981 1.12965
5.625 0.515418 -0.317239 -0.682761 1e+30 1e+30

5.56641 0.537159 -0.219932 -0.780068 -0.760819 0.779097
5.57373 0.535094 -0.219932 -0.780068 -0.725089 0.821512

5.58105 0.532849 -0.234555 -0.765445 -0.698243 0.872261
5.57512 0.534668 -0.234555 -0.765445 -0.720031 0.826577

5.57373 0.53509 -0.234555 -0.765445 -0.725025 0.82151
5.57511 0.534668 -0.234555 -0.765445 -0.720013 0.82653

5.58105 0.532851 -0.248848 -0.751152 -0.698262 0.872257
5.58838 0.530424 -0.248848 -0.751152 -0.658352 0.954423

5.58838 0.530424 -0.262938 -0.737062 -0.658354 0.954423
5.5957 0.527811 -0.262938 -0.737062 -0.610343 0.992854

5.5957 0.527806 -0.276655 -0.723345 -0.610253 0.992852
5.59691 0.527344 -0.276655 -0.723345 -0.604369 0.994792

5.85938 0.234019 -0.739525 -0.260475 1e+30 1e+30
5.85925 0.234375 -0.739525 -0.260475 1.5861 0.961692

5.70557 0.463306 -0.449296 -0.550704 0.193417 1.49122
5.69889 0.46875 -0.449296 -0.550704 1e+30 1e+30

5.71289 0.457051 -0.460669 -0.539331 0.25939 1.51166
5.70777 0.461426 -0.460669 -0.539331 0.214902 1.49821

5.70557 0.463264 -0.45623 -0.54377 0.194086 1.49117
5.70776 0.461426 -0.45623 -0.54377 0.214948 1.49816

5.73486 0.43643 -0.498432 -0.501568 0.445353 1.52997
5.73182 0.439453 -0.498432 -0.501568 0.418656 1.52801

5.74219 0.428899 -0.510972 -0.489028 0.512378 1.53371
5.7391 0.432129 -0.510972 -0.489028 0.483877 1.53296

5.73486 0.436398 -0.504545 -0.495455 0.445725 1.53
5.73906 0.432129 -0.504545 -0.495455 0.484001 1.53299

5.72021 0.450507 -0.47168 -0.52832 0.321317 1.52199
5.71619 0.454102 -0.47168 -0.52832 0.2887 1.51643

5.72754 0.443628 -0.485568 -0.514432 0.382339 1.52583
5.7242 0.446777 -0.485568 -0.514432 0.35466 1.52336

5.72021 0.450425 -0.479716 -0.520284 0.322356 1.52204
5.72417 0.446777 -0.479716 -0.520284 0.35475 1.52336

5.71289 0.456983 -0.467845 -0.532155 0.260468 1.51151
5.71617 0.454102 -0.467845 -0.532155 0.288805 1.51637

5.72754 0.443573 -0.492097 -0.507903 0.382981 1.52588
5.73179 0.439453 -0.492097 -0.507903 0.41874 1.52801

5.85923 0.234375 -0.731898 -0.268102 1.58622 0.961762
5.85655 0.241699 -0.731898 -0.268102 1.55882 0.991345

5.85655 0.241699 -0.724015 -0.275985 1.55882 0.991342
5.85376 0.249023 -0.724015 -0.275985 1.53502 1.0114

5.85205 0.253353 -0.716428 -0.283572 1.52029 1.02524
5.85087 0.256348 -0.716428 -0.283572 1.50824 1.03428

5.85086 0.256348 -0.709175 -0.290825 1.50829 1.0343
5.84785 0.263672 -0.709175 -0.290825 1.48646 1.06077

5.85205 0.253319 -0.716428 -0.283572 1.52051 1.02516
5.85375 0.249023 -0.716428 -0.283572 1.53506 1.01141

5.84473 0.271047 -0.694776 -0.305224 1.46055 1.0907
5.84153 0.27832 -0.694776 -0.305224 1.43199 1.12455

5.8374 0.287329 -0.679107 -0.320893 1.38863 1.14525
5.83474 0.292969 -0.679107 -0.320893 1.3626 1.16056

5.84153 0.27832 -0.686997 -0.313003 1.43198 1.12454
5.8382 0.285645 -0.686997 -0.313003 1.39858 1.14095

5.8374 0.287313 -0.679107 -0.320893 1.38877 1.14521
5.83819 0.285645 -0.679107 -0.320893 1.39862 1.14095

5.84785 0.263672 -0.702079 -0.297921 1.48646 1.06077
5.84475 0.270996 -0.702079 -0.297921 1.46084 1.09049

5.84473 0.271042 -0.694776 -0.305224 1.46059 1.09069
5.84475 0.270996 -0.694776 -0.305224 1.46083 1.09049

5.83008 0.302403 -0.663447 -0.336553 1.32922 1.19106
5.82743 0.307617 -0.663447 -0.336553 1.31777 1.21731

5.82275 0.316495 -0.648364 -0.351636 1.27841 1.24993
5.81962 0.322266 -0.648364 -0.351636 1.25516 1.28004

5.82743 0.307617 -0.656038 -0.343962 1.31778 1.21732
5.82359 0.314941 -0.656038 -0.343962 1.28687 1.24415

5.82275 0.316477 -0.648364 -0.351636 1.27857 1.24989
5.82359 0.314941 -0.648364 -0.351636 1.28691 1.24417

5.81543 0.329734 -0.631932 -0.368068 1.20177 1.30271
5.81125 0.336914 -0.631932 -0.368068 1.14898 1.32566

5.80811 0.34215 -0.623628 -0.376372 1.13281 1.33414
5.80685 0.344238 -0.623628 -0.376372 1.123 1.33875

5.80683 0.344238 -0.615579 -0.384421 1.12311 1.33877
5.80225 0.351562 -0.615579 -0.384421 1.08835 1.36243

5.80811 0.342105 -0.623608 -0.376392 1.13319 1.33406
5.81124 0.336914 -0.623608 -0.376392 1.14906 1.32565

5.81962 0.322266 -0.640331 -0.359669 1.25516 1.28004
5.81551 0.32959 -0.640331 -0.359669 1.20331 1.30232

5.81543 0.329727 -0.63687 -0.36313 1.20185 1.3027
5.81551 0.32959 -0.63687 -0.36313 1.20332 1.30233

5.83474 0.292969 -0.671142 -0.328858 1.3626 1.16056
5.83115 0.300293 -0.671142 -0.328858 1.33505 1.18243

5.83008 0.302387 -0.663447 -0.336553 1.32932 1.19101
5.83114 0.300293 -0.663447 -0.336553 1.3351 1.18245

5.77148 0.395124 -0.56117 -0.43883 0.775528 1.52157
5.77118 0.395508 -0.56117 -0.43883 0.771162 1.52203

5.76416 0.404109 -0.543759 -0.456241 0.695248 1.52109
5.75909 0.410156 -0.543759 -0.456241 0.653973 1.52644

5.77114 0.395508 -0.553626 -0.446374 0.771301 1.52213
5.76523 0.402832 -0.553626 -0.446374 0.703273 1.52209

5.76416 0.404105 -0.548213 -0.451787 0.695286 1.52109
5.76521 0.402832 -0.548213 -0.451787 0.703374 1.52206

5.78613 0.375501 -0.580753 -0.419247 0.905183 1.45654
5.78226 0.380859 -0.580753 -0.419247 0.86768 1.48347

5.79346 0.36506 -0.60433 -0.39567 0.998455 1.42695
5.7927 0.366211 -0.60433 -0.39567 0.982337 1.43011

5.80078 0.353848 -0.607785 -0.392215 1.08 1.3732
5.79753 0.358887 -0.607785 -0.392215 1.05127 1.40464

5.79346 0.364972 -0.599602 -0.400398 0.999953 1.42687
5.79752 0.358887 -0.599602 -0.400398 1.05133 1.40469

5.79265 0.366211 -0.589958 -0.410042 0.982581 1.43026
5.78756 0.373535 -0.589958 -0.410042 0.913592 1.44777

5.78613 0.37551 -0.587712 -0.412288 0.90511 1.45656
5.78752 0.373535 -0.587712 -0.412288 0.913813 1.44791

5.77881 0.385506 -0.576495 -0.423505 0.843279 1.49571
5.77684 0.388184 -0.576495 -0.423505 0.828665 1.50822

5.77148 0.395046 -0.563456 -0.436544 0.776591 1.5216
5.7768 0.388184 -0.563456 -0.436544 0.828813 1.5085

5.77881 0.385469 -0.572688 -0.427312 0.843577 1.49572
5.78225 0.380859 -0.572688 -0.427312 0.867798 1.48348

5.74951 0.420996 -0.523806 -0.476194 0.581095 1.53447
5.74605 0.424805 -0.523806 -0.476194 0.548656 1.53487

5.75684 0.41273 -0.535671 -0.464329 0.639384 1.52904
5.75272 0.41748 -0.535671 -0.464329 0.604403 1.53757

5.74951 0.421001 -0.528016 -0.471984 0.581031 1.53448
5.75266 0.41748 -0.528016 -0.471984 0.604787 1.53739

5.74219 0.428883 -0.516773 -0.483227 0.512558 1.53372
5.746 0.424805 -0.516773 -0.483227 0.548817 1.5349

5.75684 0.412742 -0.538412 -0.461588 0.639244 1.52906
5.75905 0.410156 -0.538412 -0.461588 0.654179 1.5264

5.80078 0.35383 -0.609281 -0.390719 1.08015 1.37315
5.80224 0.351562 -0.609281 -0.390719 1.08847 1.36247

5.89917 0 -0.99487 -0.00513038 1.90925 0
5.89913 0.00732422 -0.99487 -0.00513038 1.91212 0.0302484

5.89913 0.00732422 -0.985004 -0.0149964 1.91213 0.030251
5.89902 0.0146484 -0.985004 -0.0149964 1.92323 0.0622909

5.89902 0.0146484 -0.975581 -0.0244187 1.92323 0.062291
5.89884 0.0219727 -0.975581 -0.0244187 1.92987 0.0962959

5.89884 0.0219727 -0.965853 -0.034147 1.92986 0.0962961
5.89858 0.0292969 -0.965853 -0.034147 1.91771 0.127917

5.89858 0.0292969 -0.956486 -0.0435137 1.91773 0.12791
5.89824 0.0366211 -0.956486 -0.0435137 1.89782 0.152552

5.89825 0.0366211 -0.947289 -0.0527112 1.89781 0.152562
5.89784 0.0439453 -0.947289 -0.0527112 1.88135 0.173106

5.89784 0.0439453 -0.937286 -0.0627139 1.88134 0.173109
5.89735 0.0512695 -0.937286 -0.0627139 1.87189 0.192968

5.89735 0.0512695 -0.928032 -0.071968 1.87192 0.192971
5.89678 0.0585938 -0.928032 -0.071968 1.88059 0.217837

5.896 0.0674319 -0.912038 -0.0879623 1.9058 0.258699
5.89544 0.0732422 -0.912038 -0.0879623 1.9114 0.288025

5.89678 0.0585938 -0.92001 -0.0799902 1.8806 0.217839
5.89614 0.065918 -0.92001 -0.0799902 1.90137 0.251238

5.896 0.0674376 -0.912038 -0.0879623 1.90582 0.258725
5.89614 0.065918 -0.912038 -0.0879623 1.90136 0.251233

5.89544 0.0732422 -0.903516 -0.096484 1.91138 0.288021
5.89466 0.0805664 -0.903516 -0.096484 1.90232 0.321811

5.89466 0.0805664 -0.894626 -0.105374 1.90231 0.321811
5.89379 0.0878906 -0.894626 -0.105374 1.88396 0.352595

5.89381 0.0878906 -0.881981 -0.118019 1.88382 0.352599
5.89185 0.102539 -0.881981 -0.118019 1.85591 0.413264

5.89185 0.102539 -0.865692 -0.134308 1.8559 0.413264
5.88958 0.117188 -0.865692 -0.134308 1e+30 1e+30

