13.9249 0 0.991476 -0.00852438 2.64651 0
13.925 0.0146484 0.991476 -0.00852438 2.6428 -0.0108211

13.925 0.0146484 0.979043 -0.0209567 2.64281 -0.0108295
13.9252 0.0219727 0.979043 -0.0209567 2.64134 -0.0145692

13.9252 0.0219727 0.971665 -0.0283354 2.64134 -0.0145702
13.9254 0.0292969 0.971665 -0.0283354 2.64982 -0.0192847

13.9254 0.0292969 0.964597 -0.0354028 2.64982 -0.0192843
13.9257 0.0366211 0.964597 -0.0354028 2.65949 -0.0245301

13.9257 0.0366211 0.957567 -0.0424326 2.65949 -0.0245302
13.926 0.0439453 0.957567 -0.0424326 2.66067 -0.033869

13.926 0.0439453 0.947127 -0.0528734 2.66065 -0.0338563
13.9268 0.0585938 0.947127 -0.0528734 2.65859 -0.0526687

13.9267 0.0585938 0.926161 -0.0738394 2.65848 -0.0526532
13.9291 0.0878906 0.926161 -0.0738394 2.6636 -0.0853654

13.9291 0.0878906 0.90586 -0.0941403 2.6637 -0.085403
13.9306 0.102539 0.90586 -0.0941403 2.66125 -0.100645

13.9307 0.102539 0.891916 -0.108084 2.66126 -0.100651
13.9307 0.102604 0.891916 -0.108084 2.6612 -0.100722

13.9307 0.102673 0.891916 -0.108084 2.66112 -0.100791
13.9324 0.117188 0.891916 -0.108084 2.66039 -0.112598

13.9324 0.117188 0.882121 -0.117879 2.66045 -0.112599
13.9334 0.124512 0.882121 -0.117879 2.67374 -0.126693

13.9334 0.124512 0.875949 -0.124051 2.67369 -0.126683
13.9345 0.131836 0.875949 -0.124051 2.66339 -0.146084

13.9345 0.131836 0.868117 -0.131883 2.66339 -0.146079
13.9356 0.13916 0.868117 -0.131883 2.63946 -0.147266

13.9356 0.13916 0.861853 -0.138147 2.63948 -0.147253
13.9367 0.146484 0.861853 -0.138147 2.63741 -0.147149

13.9367 0.146484 0.852653 -0.147347 2.63738 -0.147136
13.9393 0.161133 0.852653 -0.147347 2.63141 -0.161476

13.9393 0.161133 0.840003 -0.159997 2.6314 -0.161469
13.942 0.175781 0.840003 -0.159997 2.63581 -0.178237

13.9421 0.175781 0.83051 -0.16949 2.63585 -0.178252
13.9436 0.183105 0.83051 -0.16949 2.63926 -0.185813

13.9436 0.183105 0.824112 -0.175888 2.63925 -0.185813
13.9451 0.19043 0.824112 -0.175888 2.64313 -0.199067

13.9451 0.19043 0.818104 -0.181896 2.64312 -0.199067
13.9453 0.191304 0.818104 -0.181896 2.6448 -0.20125

13.9453 0.191276 0.818104 -0.181896 2.64478 -0.201177
13.9468 0.197754 0.818104 -0.181896 2.63007 -0.218553

13.9467 0.197754 0.812345 -0.187655 2.63005 -0.218551
13.9484 0.205078 0.812345 -0.187655 2.59577 -0.228479

13.9484 0.205078 0.805932 -0.194068 2.59577 -0.228478
13.9502 0.212402 0.805932 -0.194068 2.59115 -0.22528

13.9502 0.212402 0.799659 -0.200341 2.59115 -0.225279
13.952 0.219727 0.799659 -0.200341 2.59111 -0.229322

13.952 0.219727 0.793974 -0.206026 2.59112 -0.22932
13.9526 0.222022 0.793974 -0.206026 2.59141 -0.230488

13.9526 0.22202 0.793974 -0.206026 2.59141 -0.230486
13.9539 0.227051 0.793974 -0.206026 2.59303 -0.240405

13.9539 0.227051 0.788732 -0.211268 2.59303 -0.240404
13.9559 0.234375 0.788732 -0.211268 2.60146 -0.259218

13.9559 0.234375 0.783051 -0.216949 2.60145 -0.25921
13.9579 0.241699 0.783051 -0.216949 2.60576 -0.279945

13.9579 0.241699 0.776731 -0.223269 2.60575 -0.279939
13.96 0.24877 0.776731 -0.223269 2.59277 -0.300866

13.9599 0.249023 0.767701 -0.232299 2.58531 -0.301104
13.96 0.249171 0.767701 -0.232299 2.59131 -0.301578

13.96 0.248765 0.776731 -0.223269 2.59279 -0.300856
13.96 0.249023 0.776731 -0.223269 2.59208 -0.301534

13.96 0.249023 0.770515 -0.229485 2.59208 -0.301536
13.9622 0.256348 0.770515 -0.229485 2.57167 -0.319754

13.9622 0.256348 0.764689 -0.235311 2.57167 -0.319754
13.9645 0.263672 0.764689 -0.235311 2.55073 -0.331621

13.9645 0.263672 0.759093 -0.240907 2.55073 -0.331621
13.9668 0.270996 0.759093 -0.240907 2.5354 -0.33653

13.9668 0.270996 0.753538 -0.246462 2.53539 -0.336528
13.9673 0.272504 0.753538 -0.246462 2.53273 -0.337501

13.9673 0.272492 0.753538 -0.246462 2.53275 -0.337496
13.9692 0.27832 0.753538 -0.246462 2.52702 -0.342826

13.9692 0.27832 0.747766 -0.252234 2.52702 -0.342825
13.9717 0.285645 0.747766 -0.252234 2.5275 -0.358669

13.9717 0.285645 0.741873 -0.258127 2.5275 -0.358668
13.9742 0.292969 0.741873 -0.258127 2.51861 -0.384246

13.9742 0.292969 0.736198 -0.263802 2.5186 -0.384217
13.9746 0.294106 0.736198 -0.263802 2.51617 -0.387766

13.9746 0.294082 0.736198 -0.263802 2.51624 -0.387732
13.9768 0.300293 0.736198 -0.263802 2.50834 -0.40542

13.9768 0.300293 0.730475 -0.269525 2.50832 -0.405408
13.9795 0.307617 0.730475 -0.269525 2.5018 -0.429682

13.9795 0.307617 0.724578 -0.275422 2.5018 -0.429683
13.9819 0.313929 0.724578 -0.275422 2.48658 -0.450041

13.9819 0.313927 0.724578 -0.275422 2.48659 -0.450038
13.9823 0.314941 0.724578 -0.275422 2.48333 -0.452721

13.9823 0.314941 0.718782 -0.281218 2.48333 -0.452717
13.9852 0.322266 0.718782 -0.281218 2.47184 -0.472952

13.9852 0.322266 0.712903 -0.287097 2.47184 -0.472948
13.9881 0.32959 0.712903 -0.287097 2.45543 -0.501687

13.9881 0.32959 0.70725 -0.29275 2.45542 -0.501665
13.9893 0.33232 0.70725 -0.29275 2.44437 -0.511248

13.9893 0.332294 0.70725 -0.29275 2.44449 -0.511209
13.9912 0.336914 0.70725 -0.29275 2.42961 -0.525725

13.9912 0.336914 0.701786 -0.298214 2.42959 -0.525705
13.9943 0.344238 0.701786 -0.298214 2.41045 -0.551905

13.9943 0.344238 0.696331 -0.303669 2.41045 -0.551901
13.9966 0.349525 0.696331 -0.303669 2.39199 -0.56979

13.9966 0.349513 0.696331 -0.303669 2.39205 -0.569776
13.9975 0.351562 0.696331 -0.303669 2.3844 -0.575707

13.9975 0.351562 0.690798 -0.309202 2.38438 -0.575683
14.0007 0.358887 0.690798 -0.309202 2.37237 -0.6039

14.0007 0.358887 0.684934 -0.315066 2.37236 -0.603888
14.0039 0.365755 0.684934 -0.315066 2.34775 -0.642901

14.0039 0.365751 0.684934 -0.315066 2.34778 -0.642896
14.0041 0.366211 0.684934 -0.315066 2.34504 -0.644962

14.0041 0.366211 0.679108 -0.320892 2.34503 -0.644956
14.0076 0.373535 0.679108 -0.320892 2.32507 -0.675673

14.0076 0.373535 0.673206 -0.326794 2.32506 -0.675653
14.0111 0.380859 0.673206 -0.326794 2.29139 -0.715297

14.0111 0.380859 0.66726 -0.33274 2.29135 -0.715119
14.0112 0.381111 0.66726 -0.33274 2.28952 -0.716172

14.0112 0.381056 0.66726 -0.33274 2.28997 -0.716131
14.0148 0.388184 0.66726 -0.33274 2.26623 -0.744588

14.0148 0.388184 0.66112 -0.33888 2.26621 -0.744568
14.0185 0.395508 0.66112 -0.33888 2.23277 -0.791794

14.0185 0.395508 0.65561 -0.34439 2.23272 -0.791556
14.0186 0.3956 0.65561 -0.34439 2.23209 -0.791998

14.0186 0.395544 0.6547 -0.3453 2.23252 -0.791974
14.0224 0.402832 0.6547 -0.3453 2.2134 -0.829187

14.0224 0.402832 0.64826 -0.35174 2.2134 -0.829153
14.0259 0.409251 0.64826 -0.35174 2.1792 -0.883029

14.0259 0.409241 0.648268 -0.351732 2.17931 -0.883029
14.0264 0.410156 0.648268 -0.351732 2.17058 -0.887875

14.0264 0.410156 0.641889 -0.358111 2.17057 -0.887835
14.0305 0.41748 0.641889 -0.358111 2.13094 -0.925319

14.0305 0.41748 0.635845 -0.364155 2.13094 -0.925265
14.0332 0.422282 0.635845 -0.364155 2.1076 -0.958489

14.0332 0.422254 0.635845 -0.364155 2.10785 -0.95845
14.0347 0.424805 0.635845 -0.364155 2.09082 -0.973916

14.0346 0.424805 0.629237 -0.370763 2.09075 -0.97377
14.039 0.432129 0.629237 -0.370763 2.0426 -1.02296

14.0389 0.432129 0.622579 -0.377421 2.04257 -1.02276
14.0405 0.43474 0.622579 -0.377421 2.02043 -1.04129

14.0405 0.434682 0.622534 -0.377466 2.02096 -1.04129
14.0434 0.439453 0.622534 -0.377466 2.00635 -1.07658

14.0434 0.439453 0.615694 -0.384306 2.00622 -1.07641
14.0479 0.446585 0.615694 -0.384306 1.94754 -1.13731

14.0479 0.446575 0.620984 -0.379016 1.9477 -1.13732
14.048 0.446777 0.620984 -0.379016 1.94477 -1.13862

14.048 0.446777 0.60845 -0.39155 1.94477 -1.13861
14.0527 0.454102 0.60845 -0.39155 1.87674 -1.18816

14.0527 0.454102 0.601913 -0.398087 1.87671 -1.18792
14.0552 0.457889 0.601913 -0.398087 1.85326 -1.2243

14.0552 0.457828 0.601911 -0.398089 1.85387 -1.22422
14.0576 0.461426 0.601911 -0.398089 1.8288 -1.25836

14.0575 0.461426 0.594399 -0.405601 1.82864 -1.25793
14.0625 0.468724 0.594399 -0.405601 1e+30 1e+30

