3.98438 0.515626 0.0185067 -0.981493 -0.442035 -0.0142387
3.9917 0.515764 0.0185067 -0.981493 -0.444377 0.0166894

3.9917 0.515764 0.0016848 -0.998315 -0.444376 0.0166894
3.99902 0.515777 0.0016848 -0.998315 -0.443835 0.0479854

3.99902 0.515777 -0.0152304 -0.98477 -0.443835 0.0479854
4.00635 0.515664 -0.0152304 -0.98477 -0.440719 0.078784

4.00635 0.515664 -0.0316036 -0.968396 -0.44072 0.078784
4.01367 0.515425 -0.0316036 -0.968396 -0.435802 0.10847

4.01367 0.515425 -0.0474722 -0.952528 -0.435803 0.10847
4.021 0.51506 -0.0474722 -0.952528 -0.429705 0.136828

4.021 0.51506 -0.0628559 -0.937144 -0.429705 0.136828
4.02832 0.514568 -0.0628559 -0.937144 -0.423387 0.164052

4.02832 0.514568 -0.0777723 -0.922228 -0.423388 0.164052
4.03564 0.513951 -0.0777723 -0.922228 -0.417503 0.190551

4.03564 0.513951 -0.0922479 -0.907752 -0.417504 0.190551
4.04297 0.513207 -0.0922479 -0.907752 -0.412743 0.215094

4.05029 0.512335 -0.106283 -0.893717 -0.407477 0.23836
4.04726 0.512695 -0.106283 -0.893717 -0.410455 0.22879

4.05029 0.512336 -0.119968 -0.880032 -0.407485 0.238359
4.05762 0.511337 -0.119968 -0.880032 -0.400719 0.265537

4.04297 0.513207 -0.106283 -0.893717 -0.412746 0.215094
4.04727 0.512695 -0.106283 -0.893717 -0.410454 0.228823

4.05762 0.511338 -0.133363 -0.866637 -0.40072 0.265537
4.06494 0.510211 -0.133363 -0.866637 -0.393732 0.297289

4.06494 0.510211 -0.146417 -0.853583 -0.393733 0.297289
4.07227 0.508954 -0.146417 -0.853583 -0.385601 0.33014

4.07227 0.508954 -0.159131 -0.840869 -0.385603 0.33014
4.07959 0.507568 -0.159131 -0.840869 -0.36729 0.359762

4.07959 0.507568 -0.171508 -0.828492 -0.367291 0.359762
4.08691 0.506052 -0.171508 -0.828492 -0.351756 0.381352

4.09424 0.504409 -0.183548 -0.816452 -0.338849 0.401094
4.08996 0.505371 -0.183548 -0.816452 -0.346746 0.388162

4.08691 0.506048 -0.183548 -0.816452 -0.351713 0.381352
4.08992 0.505371 -0.183548 -0.816452 -0.346728 0.388088

4.09424 0.504406 -0.195372 -0.804628 -0.338829 0.401097
4.10156 0.502628 -0.195372 -0.804628 -0.327039 0.428961

4.12354 0.496483 -0.229963 -0.770037 -0.281372 0.488057
4.1183 0.498047 -0.229963 -0.770037 -0.290336 0.474586

4.12354 0.496481 -0.241202 -0.758798 -0.281358 0.488058
4.13086 0.494153 -0.241202 -0.758798 -0.267304 0.519561

4.10156 0.502629 -0.207065 -0.792935 -0.327043 0.42896
4.10889 0.500716 -0.207065 -0.792935 -0.310997 0.45826

4.10889 0.500716 -0.218602 -0.781398 -0.311003 0.458261
4.11621 0.498667 -0.218602 -0.781398 -0.294064 0.472782

4.11621 0.498661 -0.229963 -0.770037 -0.29401 0.472781
4.11827 0.498047 -0.229963 -0.770037 -0.290312 0.474557

4.13086 0.494154 -0.252307 -0.747693 -0.267308 0.519562
4.13818 0.491682 -0.252307 -0.747693 -0.247371 0.538785

4.14551 0.489072 -0.263175 -0.736825 -0.23155 0.557063
4.14089 0.490723 -0.263175 -0.736825 -0.24181 0.542499

4.13818 0.491672 -0.263175 -0.736825 -0.247277 0.53878
4.14084 0.490723 -0.263175 -0.736825 -0.241751 0.542431

4.14551 0.489067 -0.273912 -0.726088 -0.231512 0.557068
4.15283 0.486304 -0.273912 -0.726088 -0.21018 0.589943

4.15283 0.486304 -0.284389 -0.715611 -0.210171 0.589943
4.16014 0.483398 -0.284389 -0.715611 -0.187781 0.60117

4.16016 0.483395 -0.294704 -0.705296 -0.187769 0.601161
4.16748 0.480334 -0.294704 -0.705296 -0.170278 0.622722

4.16748 0.480335 -0.30501 -0.69499 -0.170281 0.622721
4.1748 0.47712 -0.30501 -0.69499 -0.14455 0.644163

4.18213 0.473757 -0.315136 -0.684864 -0.121295 0.6628
4.17709 0.476074 -0.315136 -0.684864 -0.138526 0.645398

4.1748 0.477107 -0.315136 -0.684864 -0.144402 0.644148
4.17705 0.476074 -0.315136 -0.684864 -0.138423 0.645352

4.18213 0.473752 -0.325189 -0.674811 -0.12125 0.662807
4.18945 0.470222 -0.325189 -0.674811 -0.0963027 0.679902

4.18945 0.470204 -0.335181 -0.664819 -0.0961008 0.67988
4.19234 0.46875 -0.335181 -0.664819 -0.087345 0.681497

4.45312 0.128799 -0.808233 -0.191767 1.07775 0.36804
4.4524 0.131836 -0.808233 -0.191767 1.07321 0.379374

4.4524 0.131836 -0.799109 -0.200891 1.07323 0.379386
4.45056 0.13916 -0.799109 -0.200891 1.06265 0.397755

4.45056 0.13916 -0.789788 -0.210212 1.06265 0.397758
4.44861 0.146484 -0.789788 -0.210212 1.05582 0.416272

4.4458 0.156368 -0.772217 -0.227783 1.03499 0.439971
4.4444 0.161133 -0.772217 -0.227783 1.0256 0.449383

4.44861 0.146484 -0.780927 -0.219073 1.05582 0.416272
4.44655 0.153809 -0.780927 -0.219073 1.04045 0.433811

4.4458 0.156351 -0.772217 -0.227783 1.03505 0.439938
4.44655 0.153809 -0.772217 -0.227783 1.04046 0.433815

4.44439 0.161133 -0.76343 -0.23657 1.0256 0.449383
4.44213 0.168457 -0.76343 -0.23657 1.01345 0.464329

4.44213 0.168457 -0.754508 -0.245492 1.01344 0.464329
4.43974 0.175781 -0.754508 -0.245492 1.00194 0.479573

4.42383 0.217647 -0.701743 -0.298257 0.917964 0.579854
4.42294 0.219727 -0.701743 -0.298257 0.911946 0.584576

4.4165 0.234024 -0.684969 -0.315031 0.881437 0.615581
4.41634 0.234375 -0.684969 -0.315031 0.88043 0.616148

4.42293 0.219727 -0.693318 -0.306682 0.912008 0.584615
4.41969 0.227051 -0.693318 -0.306682 0.896633 0.603141

4.4165 0.233977 -0.684969 -0.315031 0.88165 0.615521
4.41969 0.227051 -0.684969 -0.315031 0.896635 0.603141

4.43848 0.179513 -0.745611 -0.254389 0.995606 0.490458
4.43725 0.183105 -0.745611 -0.254389 0.986464 0.499335

4.43725 0.183105 -0.736764 -0.263236 0.986491 0.499347
4.43463 0.19043 -0.736764 -0.263236 0.971595 0.518319

4.43115 0.199647 -0.71902 -0.28098 0.954826 0.53773
4.42903 0.205078 -0.71902 -0.28098 0.943794 0.55011

4.43463 0.19043 -0.727852 -0.272148 0.97159 0.51832
4.43189 0.197754 -0.727852 -0.272148 0.958461 0.53304

4.43115 0.199633 -0.71902 -0.28098 0.954878 0.537697
4.43189 0.197754 -0.71902 -0.28098 0.958481 0.533043

4.43848 0.179477 -0.745611 -0.254389 0.995757 0.490394
4.43974 0.175781 -0.745611 -0.254389 1.00197 0.479579

4.42903 0.205078 -0.710322 -0.289678 0.943797 0.550111
4.42604 0.212402 -0.710322 -0.289678 0.928476 0.565999

4.42383 0.217598 -0.701743 -0.298257 0.918197 0.579798
4.42604 0.212402 -0.701743 -0.298257 0.928505 0.566009

4.24805 0.435741 -0.404175 -0.595825 0.111697 0.780329
4.24257 0.439453 -0.404175 -0.595825 0.0926504 0.770478

4.22607 0.45004 -0.374721 -0.625279 0.0242544 0.744296
4.2193 0.454102 -0.374721 -0.625279 0.00600969 0.733151

4.2334 0.445519 -0.384119 -0.615881 0.0592986 0.763065
4.23138 0.446777 -0.384119 -0.615881 0.0508116 0.760559

4.22607 0.450021 -0.384426 -0.615574 0.0244735 0.744282
4.23127 0.446777 -0.384426 -0.615574 0.0510101 0.760436

4.21875 0.454421 -0.370063 -0.629937 0.00481517 0.73402
4.21929 0.454102 -0.370063 -0.629937 0.00602028 0.733153

4.2334 0.44547 -0.394271 -0.605729 0.0597698 0.763077
4.24072 0.440703 -0.394271 -0.605729 0.0856184 0.769581

4.24072 0.440673 -0.398753 -0.601247 0.0859094 0.769536
4.24256 0.439453 -0.398753 -0.601247 0.0926871 0.770458

4.25537 0.430625 -0.410348 -0.589652 0.143313 0.790683
4.25321 0.432129 -0.410348 -0.589652 0.13448 0.787839

4.24805 0.435714 -0.41396 -0.58604 0.11198 0.780288
4.25312 0.432129 -0.41396 -0.58604 0.134669 0.787712

4.25537 0.430566 -0.423792 -0.576208 0.143848 0.790672
4.2627 0.425179 -0.423792 -0.576208 0.16807 0.792894

4.27002 0.419572 -0.433691 -0.566309 0.191552 0.797704
4.26319 0.424805 -0.433691 -0.566309 0.169608 0.792574

4.27734 0.413748 -0.443347 -0.556653 0.219343 0.811438
4.27266 0.41748 -0.443347 -0.556653 0.201971 0.80169

4.27002 0.41953 -0.437978 -0.562022 0.19194 0.797641
4.27265 0.41748 -0.437978 -0.562022 0.201998 0.801669

4.2627 0.425171 -0.428531 -0.571469 0.168137 0.79288
4.26318 0.424805 -0.428531 -0.571469 0.169617 0.792572

4.28467 0.407698 -0.452465 -0.547535 0.249439 0.818199
4.28169 0.410156 -0.452465 -0.547535 0.238179 0.816698

4.29199 0.401376 -0.465835 -0.534165 0.277001 0.822542
4.29032 0.402832 -0.465835 -0.534165 0.270578 0.820801

4.28467 0.407636 -0.462834 -0.537166 0.249919 0.818175
4.29024 0.402832 -0.462834 -0.537166 0.270791 0.820687

4.29932 0.394797 -0.477656 -0.522344 0.307046 0.827699
4.29854 0.395508 -0.477656 -0.522344 0.303606 0.827309

4.30664 0.387941 -0.488641 -0.511359 0.337408 0.828801
4.30639 0.388184 -0.488641 -0.511359 0.336401 0.828851

4.29932 0.394743 -0.483872 -0.516128 0.307456 0.827669
4.30631 0.388184 -0.483872 -0.516128 0.336628 0.828807

4.29199 0.401325 -0.473571 -0.526429 0.277382 0.822519
4.29846 0.395508 -0.473571 -0.526429 0.303812 0.827228

4.31396 0.380777 -0.499206 -0.500794 0.365867 0.827601
4.31388 0.380859 -0.499206 -0.500794 0.365558 0.827595

4.32129 0.373322 -0.509795 -0.490205 0.398582 0.827994
4.32108 0.373535 -0.509795 -0.490205 0.397578 0.827983

4.31396 0.380724 -0.504302 -0.495698 0.366236 0.827553
4.32103 0.373535 -0.504302 -0.495698 0.397749 0.827926

4.32861 0.365512 -0.520445 -0.479555 0.431231 0.827958
4.32797 0.366211 -0.520445 -0.479555 0.428279 0.828191

4.33594 0.35737 -0.531732 -0.468268 0.463682 0.824546
4.3346 0.358887 -0.531732 -0.468268 0.457926 0.825193

4.32861 0.365462 -0.524499 -0.475501 0.431577 0.827924
4.33457 0.358887 -0.524499 -0.475501 0.45801 0.825191

4.32129 0.373257 -0.514457 -0.485543 0.399094 0.82793
4.32794 0.366211 -0.514457 -0.485543 0.428366 0.828179

4.30664 0.387881 -0.494141 -0.505859 0.337851 0.82875
4.31383 0.380859 -0.494141 -0.505859 0.365734 0.827542

4.27734 0.413688 -0.450186 -0.549814 0.219925 0.811315
4.28166 0.410156 -0.450186 -0.549814 0.238272 0.816668

4.39453 0.275975 -0.633529 -0.366471 0.769877 0.703188
4.39317 0.27832 -0.633529 -0.366471 0.760926 0.7083

4.38721 0.288146 -0.616213 -0.383787 0.732321 0.72659
4.3842 0.292969 -0.616213 -0.383787 0.719785 0.740501

4.39315 0.27832 -0.624902 -0.375098 0.761009 0.708342
4.38876 0.285645 -0.624902 -0.375098 0.737222 0.721679

4.38721 0.288123 -0.616573 -0.383427 0.732433 0.726543
4.38875 0.285645 -0.616573 -0.383427 0.737269 0.721678

4.36523 0.320872 -0.582636 -0.417364 0.617421 0.787446
4.36424 0.322266 -0.582636 -0.417364 0.609154 0.788693

4.34326 0.348842 -0.544196 -0.455804 0.502422 0.822852
4.34098 0.351562 -0.544196 -0.455804 0.489947 0.824156

4.35059 0.339917 -0.554565 -0.445435 0.536022 0.812801
4.34712 0.344238 -0.554565 -0.445435 0.518292 0.82182

4.34326 0.348826 -0.546746 -0.453254 0.502531 0.822847
4.34706 0.344238 -0.546746 -0.453254 0.518408 0.821929

4.35791 0.330604 -0.562449 -0.437551 0.574678 0.798216
4.353 0.336914 -0.562449 -0.437551 0.550243 0.809123

4.36419 0.322266 -0.571442 -0.428558 0.609308 0.788703
4.3587 0.32959 -0.571442 -0.428558 0.577042 0.796467

4.35791 0.330604 -0.567272 -0.432728 0.574678 0.798216
4.35868 0.32959 -0.567272 -0.432728 0.577105 0.796469

4.35059 0.339924 -0.55916 -0.44084 0.535969 0.812812
4.35296 0.336914 -0.55916 -0.44084 0.550424 0.809094

4.37988 0.299727 -0.612072 -0.387928 0.693851 0.752969
4.37952 0.300293 -0.612072 -0.387928 0.690633 0.753915

4.37947 0.300293 -0.59891 -0.40109 0.690818 0.753979
4.37457 0.307617 -0.59891 -0.40109 0.660233 0.767325

4.37256 0.310521 -0.589886 -0.410114 0.655953 0.771447
4.36949 0.314941 -0.589886 -0.410114 0.642505 0.781212

4.36523 0.320805 -0.580678 -0.419322 0.617982 0.787397
4.36947 0.314941 -0.580678 -0.419322 0.642565 0.781231

4.37256 0.310504 -0.59215 -0.40785 0.656043 0.771408
4.37455 0.307617 -0.59215 -0.40785 0.660338 0.767301

4.37988 0.299644 -0.60761 -0.39239 0.694507 0.752896
4.38419 0.292969 -0.60761 -0.39239 0.719822 0.74052

4.40186 0.263008 -0.650763 -0.349237 0.803365 0.674857
4.4015 0.263672 -0.650763 -0.349237 0.801284 0.676115

4.40918 0.24903 -0.659348 -0.340652 0.840608 0.645476
4.4054 0.256348 -0.659348 -0.340652 0.816882 0.664753

4.40186 0.262947 -0.650763 -0.349237 0.803693 0.674753
4.4054 0.256348 -0.650763 -0.349237 0.816895 0.66475

4.41632 0.234375 -0.67654 -0.32346 0.880499 0.616161
4.41282 0.241699 -0.67654 -0.32346 0.863305 0.632532

4.41282 0.241699 -0.667958 -0.332042 0.863299 0.632532
4.40918 0.249023 -0.667958 -0.332042 0.840641 0.645464

4.40147 0.263672 -0.642149 -0.357851 0.801401 0.676125
4.39739 0.270996 -0.642149 -0.357851 0.780913 0.691609

4.39453 0.27592 -0.633529 -0.366471 0.770221 0.703133
4.39738 0.270996 -0.633529 -0.366471 0.780963 0.691614

4.33594 0.35732 -0.534827 -0.465173 0.464005 0.824521
4.34095 0.351562 -0.534827 -0.465173 0.490051 0.824162

4.46777 0.0223478 -0.95804 -0.0419602 1.16843 0.0742224
4.46747 0.0292969 -0.95804 -0.0419602 1.16211 0.0848853

4.46821 0 -0.994231 -0.00576926 1.23966 0
4.46817 0.00732422 -0.994231 -0.00576926 1.202 0.0335308

4.46818 0.00732422 -0.980479 -0.0195214 1.20194 0.0335475
4.46803 0.0146484 -0.980479 -0.0195214 1.17669 0.0565522

4.46802 0.0146484 -0.968631 -0.0313692 1.17682 0.0565848
4.46778 0.0219727 -0.968631 -0.0313692 1.17046 0.073673

4.46749 0.0292969 -0.938609 -0.0613908 1.16197 0.0848862
4.46654 0.0439453 -0.938609 -0.0613908 1.14012 0.12489

4.4665 0.0439453 -0.920214 -0.0797861 1.14027 0.124903
4.46587 0.0512695 -0.920214 -0.0797861 1.12704 0.140379

4.46587 0.0512695 -0.908995 -0.0910052 1.12703 0.140379
4.46514 0.0585938 -0.908995 -0.0910052 1.1377 0.156796

4.46514 0.0585938 -0.898152 -0.101848 1.13772 0.156795
4.46431 0.065918 -0.898152 -0.101848 1.14956 0.18627

4.46431 0.065918 -0.888336 -0.111664 1.14956 0.186271
4.46338 0.0732422 -0.888336 -0.111664 1.1358 0.213138

4.46339 0.0732422 -0.878039 -0.121961 1.13578 0.213139
4.46237 0.0805664 -0.878039 -0.121961 1.13212 0.232639

4.46237 0.0805664 -0.867353 -0.132647 1.13212 0.232639
4.46125 0.0878906 -0.867353 -0.132647 1.13225 0.259651

4.46045 0.0927134 -0.85726 -0.14274 1.12762 0.27977
4.46003 0.0952148 -0.85726 -0.14274 1.12131 0.287336

4.46003 0.0952148 -0.847471 -0.152529 1.12133 0.287342
4.45871 0.102539 -0.847471 -0.152529 1.10003 0.304311

4.46045 0.0926841 -0.85726 -0.14274 1.12772 0.279695
4.46125 0.0878906 -0.85726 -0.14274 1.13227 0.259659

4.45871 0.102539 -0.837669 -0.162331 1.10002 0.30431
4.45729 0.109863 -0.837669 -0.162331 1.08715 0.316828

4.45729 0.109863 -0.82779 -0.17221 1.08715 0.316826
4.45577 0.117188 -0.82779 -0.17221 1.08841 0.334298

4.45312 0.12881 -0.813055 -0.186945 1.07772 0.368065
4.4558 0.117188 -0.813055 -0.186945 1.08827 0.33425

