39.9691 0.46875 0.603646 -0.396354 2.06985 -1.09037
39.9739 0.476074 0.603646 -0.396354 1.98835 -1.14246

39.9738 0.476074 0.599241 -0.400759 1.98834 -1.14221
39.9756 0.478683 0.599241 -0.400759 1.9622 -1.16295

39.9756 0.478594 0.596804 -0.403196 1.9631 -1.16307
39.9788 0.483398 0.596804 -0.403196 1.94182 -1.20723

39.9788 0.483398 0.589544 -0.410456 1.94165 -1.20683
39.9829 0.489305 0.589544 -0.410456 1.89075 -1.28128

39.9829 0.489262 0.593338 -0.406662 1.89151 -1.28135
39.9839 0.490723 0.593338 -0.406662 1.86586 -1.29494

39.9839 0.490723 0.581017 -0.418983 1.86586 -1.29472
39.9892 0.498047 0.581017 -0.418983 1.76216 -1.35369

39.9891 0.498047 0.578895 -0.421105 1.76217 -1.35301
39.9902 0.499556 0.578895 -0.421105 1.74477 -1.36688

39.9902 0.499429 0.573311 -0.426689 1.74622 -1.36719
39.9947 0.505371 0.573311 -0.426689 1.68953 -1.42785

39.9946 0.505371 0.568607 -0.431393 1.68959 -1.42707
39.9976 0.509245 0.568607 -0.431393 1.64873 -1.47652

39.9976 0.50913 0.568295 -0.431705 1.65037 -1.47691
40.0003 0.512695 0.568295 -0.431705 1.59596 -1.51602

40.0002 0.512695 0.556448 -0.443552 1.59601 -1.51532
40.0049 0.518533 0.556448 -0.443552 1.50085 -1.56413

40.0049 0.518492 0.555644 -0.444356 1.50147 -1.5644
40.0061 0.52002 0.555644 -0.444356 1.47209 -1.57502

40.0061 0.52002 0.546014 -0.453986 1.47225 -1.57447
40.0122 0.527344 0.546014 -0.453986 1.37343 -1.63039

40.0121 0.527344 0.541093 -0.458907 1.37372 -1.62851
40.0122 0.527513 0.541093 -0.458907 1.37235 -1.63019

40.0122 0.527382 0.536573 -0.463427 1.37309 -1.63101
40.0185 0.534668 0.536573 -0.463427 1.2928 -1.7033

40.0184 0.534668 0.531685 -0.468315 1.29329 -1.70162
40.0195 0.535935 0.531685 -0.468315 1.27561 -1.71275

40.0195 0.535825 0.526621 -0.473379 1.27659 -1.71371
40.0251 0.541992 0.526621 -0.473379 1.16229 -1.74882

40.025 0.541992 0.519508 -0.480492 1.16281 -1.74792
40.0269 0.543988 0.519508 -0.480492 1.11884 -1.75048

40.0269 0.54387 0.515833 -0.484167 1.12056 -1.75184
40.032 0.549316 0.515833 -0.484167 1.02908 -1.7813

40.0319 0.549316 0.506947 -0.493053 1.02932 -1.78056
40.0342 0.55163 0.506947 -0.493053 0.995977 -1.80381

40.0342 0.551561 0.500085 -0.499915 0.996556 -1.80443
40.0393 0.556641 0.500085 -0.499915 0.90133 -1.85494

40.0392 0.556641 0.493096 -0.506904 0.902089 -1.8526
40.0415 0.558926 0.493096 -0.506904 0.854058 -1.88404

40.0415 0.558857 0.482807 -0.517193 0.854987 -1.88469
40.047 0.563965 0.482807 -0.517193 0.722768 -1.92758

40.0468 0.563965 0.478691 -0.521309 0.724277 -1.92576
40.0488 0.565797 0.478691 -0.521309 0.667497 -1.92797

40.0488 0.565723 0.470636 -0.529364 0.668937 -1.92891
40.0551 0.571289 0.470636 -0.529364 0.51694 -1.92759

40.055 0.571289 0.464612 -0.535388 0.518161 -1.92632
40.0562 0.572319 0.464612 -0.535388 0.492769 -1.92492

40.0562 0.572254 0.456466 -0.543534 0.493621 -1.92577
40.0635 0.578405 0.456466 -0.543534 0.349627 -1.93774

40.0635 0.578399 0.445734 -0.554266 0.349693 -1.93782
40.0637 0.578613 0.445734 -0.554266 0.34524 -1.93881

40.0637 0.578613 0.440551 -0.559449 0.34533 -1.93866
40.0708 0.58418 0.440551 -0.559449 0.208522 -1.96633

40.0708 0.584148 0.421478 -0.578522 0.20909 -1.96681
40.0733 0.585938 0.421478 -0.578522 0.154943 -1.97247

40.0732 0.585938 0.423809 -0.576191 0.155661 -1.97146
40.0781 0.589575 0.423809 -0.576191 0.0335612 -1.95853

40.0781 0.589532 0.407386 -0.592614 0.0344008 -1.95908
40.0836 0.593262 0.407386 -0.592614 -0.094787 -1.92892

40.0834 0.593262 0.4001 -0.5999 -0.0931882 -1.92836
40.0854 0.594637 0.4001 -0.5999 -0.138169 -1.91716

40.0854 0.594592 0.390172 -0.609828 -0.137352 -1.91776
40.0928 0.599278 0.390172 -0.609828 -0.301111 -1.89606

40.0928 0.599248 0.372279 -0.627721 -0.300458 -1.8965
40.095 0.600586 0.372279 -0.627721 -0.351255 -1.89212

40.095 0.600586 0.372279 -0.627721 -0.350643 -1.89169
40.1001 0.60363 0.372279 -0.627721 -0.480918 -1.83517

40.1001 0.603624 0.353078 -0.646922 -0.480777 -1.83525
40.1074 0.607621 0.353078 -0.646922 -0.643294 -1.76995

40.1074 0.60761 0.332047 -0.667953 -0.643044 -1.77007
40.108 0.60791 0.332047 -0.667953 -0.654748 -1.76902

40.108 0.60791 0.332047 -0.667953 -0.654548 -1.76894
40.1147 0.611262 0.332047 -0.667953 -0.800408 -1.70292

40.1147 0.611257 0.31031 -0.68969 -0.80026 -1.70298
40.1221 0.614552 0.31031 -0.68969 -0.960933 -1.61415

40.1221 0.614537 0.288022 -0.711978 -0.960503 -1.61433
40.1238 0.615234 0.288022 -0.711978 -0.996926 -1.60744

40.1238 0.615234 0.288022 -0.711978 -0.996525 -1.6074
40.1294 0.617517 0.288022 -0.711978 -1.13604 -1.52256

40.1294 0.617516 0.264041 -0.735959 -1.13601 -1.52257
40.1367 0.620144 0.264041 -0.735959 -1.30877 -1.34494

40.1367 0.62014 0.238597 -0.761403 -1.30866 -1.345
40.144 0.622435 0.238597 -0.761403 -1.43976 -1.21196

40.144 0.622432 0.211678 -0.788322 -1.43969 -1.21198
40.1445 0.622559 0.211678 -0.788322 -1.44761 -1.20718

40.1445 0.622559 0.211678 -0.788322 -1.44744 -1.20732
40.1514 0.624404 0.211678 -0.788322 -1.57471 -1.09914

40.1514 0.624406 0.181912 -0.818088 -1.57478 -1.09912
40.1587 0.626035 0.181912 -0.818088 -1.7198 -0.934208

40.1587 0.626034 0.149456 -0.850544 -1.71977 -0.934212
40.166 0.627321 0.149456 -0.850544 -1.83157 -0.73761

40.166 0.62732 0.114782 -0.885218 -1.83154 -0.737635
40.1733 0.628269 0.114782 -0.885218 -1.92485 -0.524993

40.1733 0.628268 0.0777528 -0.922247 -1.92482 -0.525008
40.1807 0.628886 0.0777528 -0.922247 -1.9995 -0.301105

40.1807 0.628886 0.0376829 -0.962317 -1.99951 -0.301102
40.188 0.629173 0.0376829 -0.962317 -2.0505 -0.0748578

40.188 0.629174 -0.00642856 -0.993571 -2.05053 -0.0748486
40.1953 0.629127 -0.00642856 -0.993571 -2.07604 0.146372

40.3052 0.5834 -0.454685 -0.545315 -0.34381 2.692
40.3021 0.585938 -0.454685 -0.545315 -0.422489 2.66234

40.3125 0.576775 -0.480729 -0.519271 -0.149132 2.73655
40.3105 0.578613 -0.480729 -0.519271 -0.201586 2.72558

40.3052 0.583288 -0.471223 -0.528777 -0.339664 2.69215
40.3104 0.578613 -0.471223 -0.528777 -0.200959 2.7249

40.1953 0.629129 -0.0503663 -0.949634 -2.07608 0.146376
40.2026 0.628741 -0.0503663 -0.949634 -2.08107 0.362161

40.2026 0.628742 -0.0914143 -0.908586 -2.08111 0.36216
40.21 0.628005 -0.0914143 -0.908586 -2.07193 0.579716

40.21 0.628007 -0.129715 -0.870285 -2.07197 0.579714
40.2173 0.626915 -0.129715 -0.870285 -2.05363 0.812592

40.2173 0.626917 -0.165464 -0.834536 -2.05366 0.812586
40.2246 0.625464 -0.165464 -0.834536 -1.9923 1.06081

40.2246 0.625463 -0.198403 -0.801597 -1.99222 1.0608
40.2319 0.62365 -0.198403 -0.801597 -1.89389 1.2692

40.2393 0.621484 -0.228611 -0.771389 -1.79956 1.46606
40.2356 0.622559 -0.228611 -0.771389 -1.8528 1.36663

40.2319 0.623646 -0.228611 -0.771389 -1.89369 1.26919
40.2356 0.622559 -0.228611 -0.771389 -1.8529 1.36593

40.2393 0.621489 -0.258009 -0.741991 -1.79975 1.46602
40.2466 0.618942 -0.258009 -0.741991 -1.6943 1.70958

40.2466 0.618943 -0.286644 -0.713356 -1.69432 1.70956
40.2539 0.616 -0.286644 -0.713356 -1.54487 1.8403

40.2612 0.612659 -0.313666 -0.686334 -1.42206 2.01179
40.2556 0.615234 -0.313666 -0.686334 -1.5178 1.85673

40.2612 0.61266 -0.339668 -0.660332 -1.42209 2.01178
40.2686 0.608893 -0.339668 -0.660332 -1.25632 2.16063

40.2832 0.600179 -0.383974 -0.616026 -0.889522 2.46175
40.2826 0.600586 -0.383974 -0.616026 -0.906175 2.45338

40.2759 0.604701 -0.364202 -0.635798 -1.1136 2.31389
40.2703 0.60791 -0.364202 -0.635798 -1.22263 2.17574

40.2686 0.608875 -0.363701 -0.636299 -1.25547 2.16053
40.2702 0.60791 -0.363701 -0.636299 -1.22237 2.17532

40.2759 0.604685 -0.386841 -0.613159 -1.11301 2.31403
40.2824 0.600586 -0.386841 -0.613159 -0.905529 2.45127

40.2539 0.61599 -0.313666 -0.686334 -1.54443 1.84027
40.2556 0.615234 -0.313666 -0.686334 -1.51764 1.85632

40.2832 0.600094 -0.409721 -0.590279 -0.885558 2.46186
40.2905 0.595011 -0.409721 -0.590279 -0.719501 2.53549

40.2979 0.589441 -0.432397 -0.567603 -0.552655 2.6168
40.2928 0.593262 -0.432397 -0.567603 -0.664819 2.54803

40.2905 0.594948 -0.423207 -0.576793 -0.716745 2.535
40.2928 0.593262 -0.423207 -0.576793 -0.664725 2.54793

40.2979 0.589362 -0.448868 -0.551132 -0.548775 2.61613
40.3021 0.585938 -0.448868 -0.551132 -0.422107 2.66168

40.4702 0 -0.99141 -0.00858983 2.79472 0
40.47 0.0292969 -0.99141 -0.00858983 2.79299 0.109096

40.4699 0.0292969 -0.978847 -0.0211534 2.79325 0.109096
40.4696 0.0439453 -0.978847 -0.0211534 2.79394 0.165955

40.4696 0.0439453 -0.970782 -0.0292178 2.79393 0.165955
40.4692 0.0585938 -0.970782 -0.0292178 2.78718 0.221143

40.4692 0.0585938 -0.958188 -0.0418123 2.78691 0.221156
40.4679 0.0878906 -0.958188 -0.0418123 2.77493 0.337051

40.4679 0.0878906 -0.945797 -0.0542033 2.77518 0.337049
40.4671 0.102539 -0.945797 -0.0542033 2.7671 0.396509

40.4671 0.102539 -0.93757 -0.0624301 2.76711 0.396509
40.4661 0.117188 -0.93757 -0.0624301 2.75774 0.460359

40.4661 0.117188 -0.930223 -0.0697769 2.75778 0.460355
40.465 0.131836 -0.930223 -0.0697769 2.73678 0.526553

40.465 0.131836 -0.925007 -0.0749934 2.73679 0.526553
40.4644 0.13916 -0.925007 -0.0749934 2.7302 0.55805

40.4644 0.13916 -0.92028 -0.0797199 2.7302 0.55805
40.4638 0.146484 -0.92028 -0.0797199 2.73263 0.588803

40.4638 0.146484 -0.91372 -0.0862804 2.73256 0.588802
40.4624 0.161133 -0.91372 -0.0862804 2.72817 0.652101

40.4624 0.161133 -0.905266 -0.0947343 2.72818 0.652101
40.4609 0.175781 -0.905266 -0.0947343 2.71309 0.715497

40.459 0.19196 -0.891222 -0.108778 2.68824 0.784736
40.4583 0.197754 -0.891222 -0.108778 2.68045 0.810551

40.4583 0.197754 -0.886939 -0.113061 2.68048 0.810552
40.4573 0.205078 -0.886939 -0.113061 2.67009 0.840859

40.4574 0.205078 -0.881 -0.119 2.67 0.840855
40.4554 0.219727 -0.881 -0.119 2.65565 0.907122

40.4554 0.219727 -0.872747 -0.127253 2.65561 0.907119
40.4532 0.234375 -0.872747 -0.127253 2.63929 0.979484

40.4609 0.175781 -0.89721 -0.10279 2.7131 0.715497
40.4592 0.19043 -0.89721 -0.10279 2.69074 0.778269

40.459 0.191919 -0.889129 -0.110871 2.68835 0.784564
40.4592 0.19043 -0.889129 -0.110871 2.69079 0.778271

40.4297 0.349418 -0.791729 -0.208271 2.3579 1.60228
40.4291 0.351562 -0.791729 -0.208271 2.34716 1.6147

40.4291 0.351562 -0.786296 -0.213704 2.3472 1.61471
40.4271 0.358887 -0.786296 -0.213704 2.3195 1.65832

40.4271 0.358887 -0.780363 -0.219637 2.31948 1.65831
40.4251 0.366211 -0.780363 -0.219637 2.29872 1.70145

40.4224 0.37543 -0.768377 -0.231623 2.26001 1.75876
40.4207 0.380859 -0.768377 -0.231623 2.237 1.79388

40.4251 0.366211 -0.774293 -0.225707 2.29873 1.70145
40.4229 0.373535 -0.774293 -0.225707 2.26821 1.74603

40.4224 0.375413 -0.768377 -0.231623 2.26014 1.75865
40.4229 0.373535 -0.768377 -0.231623 2.26825 1.74604

40.415 0.398644 -0.749802 -0.250198 2.14664 1.89822
40.4136 0.402832 -0.749802 -0.250198 2.12448 1.92416

40.4136 0.402832 -0.7433 -0.2567 2.1245 1.92417
40.4111 0.410156 -0.7433 -0.2567 2.08608 1.97318

40.4207 0.380859 -0.76238 -0.23762 2.237 1.79388
40.4184 0.388184 -0.76238 -0.23762 2.20337 1.84023

40.4184 0.388184 -0.756109 -0.243891 2.20336 1.84023
40.4161 0.395508 -0.756109 -0.243891 2.16258 1.87883

40.415 0.39862 -0.749802 -0.250198 2.14685 1.89807
40.4161 0.395508 -0.749802 -0.250198 2.16264 1.87883

40.4004 0.438624 -0.714964 -0.285036 1.90282 2.14314
40.4001 0.439453 -0.714964 -0.285036 1.89639 2.14847

40.4 0.439453 -0.70729 -0.29271 1.89657 2.14846
40.397 0.446777 -0.70729 -0.29271 1.84653 2.20125

40.397 0.446777 -0.69916 -0.30084 1.8465 2.20125
40.3939 0.454102 -0.69916 -0.30084 1.78955 2.2438

40.3931 0.455892 -0.690895 -0.309105 1.77551 2.25573
40.3906 0.461426 -0.690895 -0.309105 1.73097 2.29515

40.3906 0.461426 -0.682365 -0.317635 1.73095 2.29515
40.3872 0.46875 -0.682365 -0.317635 1.66472 2.34156

40.3931 0.455874 -0.690895 -0.309105 1.77575 2.2556
40.3939 0.454102 -0.690895 -0.309105 1.78963 2.24379

40.4077 0.419579 -0.729514 -0.270486 2.028 2.02634
40.4058 0.424805 -0.729514 -0.270486 1.99521 2.05927

40.4111 0.410156 -0.736441 -0.263559 2.08607 1.97318
40.4085 0.41748 -0.736441 -0.263559 2.04098 2.01301

40.4077 0.419562 -0.729514 -0.270486 2.02817 2.02623
40.4085 0.41748 -0.729514 -0.270486 2.04103 2.013

40.4058 0.424805 -0.722368 -0.277632 1.9952 2.05927
40.403 0.432129 -0.722368 -0.277632 1.94633 2.10493

40.4004 0.438577 -0.714964 -0.285036 1.90342 2.14283
40.403 0.432129 -0.714964 -0.285036 1.94634 2.10493

40.4532 0.234375 -0.863572 -0.136428 2.63923 0.979477
40.4509 0.249023 -0.863572 -0.136428 2.62122 1.05257

40.4509 0.249023 -0.85634 -0.14366 2.62133 1.05258
40.4497 0.256348 -0.85634 -0.14366 2.61293 1.09095

40.4497 0.256348 -0.851755 -0.148245 2.61293 1.09095
40.4484 0.263672 -0.851755 -0.148245 2.59887 1.13036

40.4443 0.285566 -0.838173 -0.161827 2.54291 1.24441
40.4443 0.285645 -0.838173 -0.161827 2.5427 1.24482

40.4443 0.285645 -0.833333 -0.166667 2.54274 1.24483
40.4429 0.292969 -0.833333 -0.166667 2.52935 1.28389

40.4484 0.263672 -0.847177 -0.152823 2.59886 1.13036
40.4471 0.270996 -0.847177 -0.152823 2.58351 1.16951

40.4471 0.270996 -0.842662 -0.157338 2.58351 1.16951
40.4457 0.27832 -0.842662 -0.157338 2.56453 1.20695

40.4443 0.285532 -0.838173 -0.161827 2.54307 1.24424
40.4457 0.27832 -0.838173 -0.161827 2.56453 1.20694

40.4429 0.292969 -0.828271 -0.171729 2.52935 1.28389
40.4413 0.300293 -0.828271 -0.171729 2.51731 1.32402

40.4413 0.300293 -0.823354 -0.176646 2.51732 1.32402
40.4398 0.307617 -0.823354 -0.176646 2.49435 1.36117

40.437 0.319859 -0.813307 -0.186693 2.45602 1.4257
40.4365 0.322266 -0.813307 -0.186693 2.44961 1.43937

40.4398 0.307617 -0.818443 -0.181557 2.49434 1.36117
40.4381 0.314941 -0.818443 -0.181557 2.46949 1.39793

40.437 0.319838 -0.813307 -0.186693 2.45613 1.42557
40.4381 0.314941 -0.813307 -0.186693 2.4695 1.39793

40.4365 0.322266 -0.807876 -0.192124 2.44964 1.43937
40.4347 0.32959 -0.807876 -0.192124 2.43221 1.48216

40.4347 0.32959 -0.802324 -0.197676 2.43221 1.48216
40.4329 0.336914 -0.802324 -0.197676 2.41172 1.52587

40.4329 0.336914 -0.796936 -0.203064 2.41173 1.52587
40.431 0.344238 -0.796936 -0.203064 2.3807 1.56985

40.4297 0.349385 -0.791729 -0.208271 2.35816 1.60211
40.431 0.344238 -0.791729 -0.208271 2.38073 1.56985

40.3564 0.523676 -0.600479 -0.399521 0.984129 2.67533
40.354 0.527344 -0.600479 -0.399521 0.932875 2.70351

40.3638 0.512303 -0.628007 -0.371993 1.1609 2.62401
40.3635 0.512695 -0.628007 -0.371993 1.15218 2.62606

40.3711 0.499766 -0.63528 -0.36472 1.32196 2.53296
40.3679 0.505371 -0.63528 -0.36472 1.26189 2.58337

40.3638 0.512218 -0.624962 -0.375038 1.16338 2.62345
40.3679 0.505371 -0.624962 -0.375038 1.26186 2.58336

40.3635 0.512695 -0.612785 -0.387215 1.15263 2.62596
40.3589 0.52002 -0.612785 -0.387215 1.02259 2.66028

40.3564 0.523635 -0.600561 -0.399439 0.984959 2.67498
40.3588 0.52002 -0.600561 -0.399439 1.0229 2.66013

40.3345 0.553253 -0.545829 -0.454171 0.438858 2.77757
40.3317 0.556641 -0.545829 -0.454171 0.363069 2.78325

40.3418 0.544156 -0.560048 -0.439952 0.614545 2.76136
40.3377 0.549316 -0.560048 -0.439952 0.509542 2.77795

40.3345 0.553265 -0.551264 -0.448736 0.438513 2.77761
40.3377 0.549316 -0.551264 -0.448736 0.510465 2.77727

40.3198 0.569567 -0.50344 -0.49656 0.0552235 2.76461
40.3181 0.571289 -0.50344 -0.49656 0.00765202 2.7605

40.3271 0.561736 -0.524339 -0.475661 0.250886 2.7766
40.3251 0.563965 -0.524339 -0.475661 0.195942 2.77453

40.3198 0.569515 -0.514371 -0.485629 0.0571245 2.76442
40.3251 0.563965 -0.514371 -0.485629 0.196517 2.77418

40.3125 0.576678 -0.491624 -0.508376 -0.145675 2.73636
40.3181 0.571289 -0.491624 -0.508376 0.00812904 2.76018

40.3271 0.561705 -0.532168 -0.467832 0.251894 2.77647
40.3316 0.556641 -0.532168 -0.467832 0.363531 2.78313

40.3491 0.534403 -0.588072 -0.411928 0.814009 2.74093
40.3489 0.534668 -0.588072 -0.411928 0.808069 2.74221

40.3489 0.534668 -0.574993 -0.425007 0.808496 2.7421
40.3435 0.541992 -0.574993 -0.425007 0.653285 2.76192

40.3491 0.534321 -0.588719 -0.411281 0.816569 2.74035
40.354 0.527344 -0.588719 -0.411281 0.932982 2.70354

40.3418 0.544152 -0.567124 -0.432876 0.61468 2.76132
40.3434 0.541992 -0.567124 -0.432876 0.65386 2.76147

40.3857 0.471735 -0.673738 -0.326262 1.64204 2.36232
40.3836 0.476074 -0.673738 -0.326262 1.599 2.3938

40.3836 0.476074 -0.664847 -0.335153 1.59901 2.3938
40.3799 0.483398 -0.664847 -0.335153 1.51758 2.4377

40.3784 0.486324 -0.655454 -0.344546 1.49011 2.45497
40.3761 0.490723 -0.655454 -0.344546 1.43685 2.4846

40.3761 0.490723 -0.645405 -0.354595 1.43686 2.4846
40.3721 0.498047 -0.645405 -0.354595 1.34116 2.52332

40.3784 0.486291 -0.655454 -0.344546 1.49066 2.4547
40.3799 0.483398 -0.655454 -0.344546 1.51771 2.43766

40.3857 0.471705 -0.673738 -0.326262 1.64245 2.36208
40.3872 0.46875 -0.673738 -0.326262 1.66484 2.34154

40.3711 0.49975 -0.635452 -0.364548 1.32224 2.53284
40.3721 0.498047 -0.635452 -0.364548 1.3413 2.52328

