10.0088 0 0.996483 -0.00351706 2.49766 0
10.0088 0.00732422 0.996483 -0.00351706 2.50347 0.000607052

10.0088 0.00732422 0.989145 -0.010855 2.50346 0.000614367
10.0089 0.0146484 0.989145 -0.010855 2.52542 -0.00627296

10.0089 0.0146484 0.980376 -0.0196236 2.52541 -0.00624696
10.009 0.0219727 0.980376 -0.0196236 2.53926 -0.0230696

10.009 0.0219727 0.970878 -0.0291215 2.53926 -0.0230742
10.0092 0.0292969 0.970878 -0.0291215 2.54186 -0.0376927

10.0092 0.0292969 0.962087 -0.0379132 2.54186 -0.0376965
10.0095 0.0366211 0.962087 -0.0379132 2.54671 -0.0520321

10.0095 0.0366211 0.954311 -0.0456894 2.54672 -0.0520388
10.0099 0.0439453 0.954311 -0.0456894 2.55252 -0.0649916

10.0099 0.0439453 0.947413 -0.0525868 2.55252 -0.0649934
10.0103 0.0512695 0.947413 -0.0525868 2.56023 -0.0786303

10.0103 0.0512695 0.940056 -0.0599441 2.56023 -0.0786258
10.0107 0.0585938 0.940056 -0.0599441 2.56371 -0.0948802

10.0107 0.0585938 0.932427 -0.0675732 2.56372 -0.09488
10.0113 0.065918 0.932427 -0.0675732 2.55855 -0.11498

10.0113 0.065918 0.924942 -0.0750576 2.55855 -0.11498
10.0119 0.0732422 0.924942 -0.0750576 2.54975 -0.13461

10.0119 0.0732422 0.917457 -0.0825425 2.54975 -0.134612
10.0122 0.0770096 0.917457 -0.0825425 2.54698 -0.142695

10.0122 0.0770098 0.917457 -0.0825425 2.54698 -0.142695
10.0125 0.0805664 0.917457 -0.0825425 2.54995 -0.155433

10.0125 0.0805664 0.910359 -0.0896407 2.54996 -0.155434
10.0132 0.0878906 0.910359 -0.0896407 2.5511 -0.176849

10.0132 0.0878906 0.903047 -0.0969529 2.55109 -0.176842
10.014 0.0952148 0.903047 -0.0969529 2.53974 -0.189692

10.014 0.0952148 0.895697 -0.104303 2.53974 -0.189696
10.0149 0.102539 0.895697 -0.104303 2.52757 -0.195019

10.0149 0.102539 0.888899 -0.111101 2.52757 -0.195021
10.0158 0.109863 0.888899 -0.111101 2.51666 -0.199051

10.0158 0.109863 0.882373 -0.117627 2.51666 -0.19905
10.0168 0.117188 0.882373 -0.117627 2.51564 -0.201212

10.0168 0.117188 0.872042 -0.127958 2.51558 -0.201202
10.0189 0.131836 0.872042 -0.127958 2.5119 -0.218777

10.0189 0.131836 0.858326 -0.141674 2.51189 -0.21877
10.0195 0.135623 0.858326 -0.141674 2.51173 -0.223847

10.0195 0.135604 0.858326 -0.141674 2.51174 -0.223826
10.0213 0.146484 0.858326 -0.141674 2.50751 -0.238162

10.0213 0.146484 0.844869 -0.155131 2.5075 -0.238161
10.024 0.161133 0.844869 -0.155131 2.49698 -0.255496

10.024 0.161133 0.831927 -0.168073 2.49698 -0.255497
10.027 0.175781 0.831927 -0.168073 2.48657 -0.269912

10.027 0.175781 0.819208 -0.180792 2.48656 -0.269907
10.0302 0.19043 0.819208 -0.180792 2.48244 -0.289943

10.0302 0.19043 0.806387 -0.193613 2.48244 -0.289936
10.0337 0.205078 0.806387 -0.193613 2.46612 -0.310934

10.0337 0.205078 0.797117 -0.202883 2.46614 -0.310981
10.0342 0.206797 0.797117 -0.202883 2.46093 -0.31194

10.0342 0.206773 0.797117 -0.202883 2.46101 -0.31194
10.0356 0.212402 0.797117 -0.202883 2.45037 -0.313489

10.0356 0.212402 0.791577 -0.208423 2.45037 -0.313476
10.0375 0.219727 0.791577 -0.208423 2.46132 -0.31919

10.0375 0.219727 0.785437 -0.214563 2.46132 -0.319192
10.0395 0.227051 0.785437 -0.214563 2.46894 -0.347376

10.0395 0.227051 0.779053 -0.220947 2.46893 -0.347349
10.0415 0.234 0.779053 -0.220947 2.44978 -0.366262

10.0415 0.233993 0.779053 -0.220947 2.44981 -0.366261
10.0416 0.234375 0.779053 -0.220947 2.44834 -0.366707

10.0416 0.234375 0.772434 -0.227566 2.44834 -0.366704
10.0438 0.241699 0.772434 -0.227566 2.42901 -0.376343

10.0438 0.241699 0.766307 -0.233693 2.42901 -0.376346
10.046 0.249023 0.766307 -0.233693 2.42398 -0.39264

10.046 0.249023 0.760509 -0.239491 2.42399 -0.392642
10.0483 0.256348 0.760509 -0.239491 2.41839 -0.409747

10.0483 0.256348 0.754795 -0.245205 2.41838 -0.409728
10.0488 0.257955 0.754795 -0.245205 2.41679 -0.413092

10.0488 0.257937 0.754795 -0.245205 2.41682 -0.413076
10.0507 0.263672 0.754795 -0.245205 2.41232 -0.424572

10.0507 0.263672 0.748769 -0.251231 2.41231 -0.424562
10.0531 0.270996 0.748769 -0.251231 2.40774 -0.445206

10.0531 0.270996 0.742507 -0.257493 2.40774 -0.445206
10.0557 0.27832 0.742507 -0.257493 2.38849 -0.471661

10.0557 0.27832 0.736509 -0.263491 2.38847 -0.471625
10.0562 0.279647 0.736509 -0.263491 2.38407 -0.475685

10.0562 0.279618 0.736509 -0.263491 2.38419 -0.475648
10.0583 0.285645 0.736509 -0.263491 2.36821 -0.491296

10.0583 0.285645 0.730554 -0.269446 2.3682 -0.491283
10.061 0.292969 0.730554 -0.269446 2.35451 -0.512529

10.061 0.292969 0.724523 -0.275477 2.35451 -0.51253
10.0635 0.299465 0.724523 -0.275477 2.33815 -0.530705

10.0635 0.299462 0.724523 -0.275477 2.33816 -0.530703
10.0638 0.300293 0.724523 -0.275477 2.33563 -0.532592

10.0638 0.300293 0.718547 -0.281453 2.33562 -0.532586
10.0667 0.307617 0.718547 -0.281453 2.32617 -0.551786

10.0667 0.307617 0.712456 -0.287544 2.32617 -0.551783
10.0696 0.314941 0.712456 -0.287544 2.31477 -0.58647

10.0696 0.314941 0.706607 -0.293393 2.31476 -0.586431
10.0708 0.317811 0.706607 -0.293393 2.30531 -0.5996

10.0708 0.317782 0.706607 -0.293393 2.30543 -0.599551
10.0727 0.322266 0.706607 -0.293393 2.29053 -0.614935

10.0727 0.322266 0.700842 -0.299158 2.29051 -0.614899
10.0758 0.32959 0.700842 -0.299158 2.26989 -0.639054

10.0758 0.32959 0.695035 -0.304965 2.26989 -0.639051
10.0781 0.33493 0.695035 -0.304965 2.24988 -0.656195

10.0781 0.334918 0.695035 -0.304965 2.24994 -0.656182
10.079 0.336914 0.695035 -0.304965 2.24167 -0.661741

10.079 0.336914 0.689117 -0.310883 2.24166 -0.661715
10.0823 0.344238 0.689117 -0.310883 2.22794 -0.690055

10.0823 0.344238 0.68272 -0.31728 2.22794 -0.690034
10.0854 0.351022 0.68272 -0.31728 2.20266 -0.729312

10.0854 0.351019 0.68272 -0.31728 2.20268 -0.729309
10.0857 0.351562 0.68272 -0.31728 2.19972 -0.731547

10.0857 0.351562 0.676281 -0.323719 2.19972 -0.73154
10.0892 0.358887 0.676281 -0.323719 2.18111 -0.760255

10.0892 0.358887 0.669862 -0.330138 2.18111 -0.760243
10.0928 0.366126 0.669862 -0.330138 2.14389 -0.796567

10.0928 0.366121 0.669862 -0.330138 2.14394 -0.79656
10.0928 0.366211 0.669862 -0.330138 2.14319 -0.796934

10.0928 0.366211 0.663549 -0.336451 2.14319 -0.796926
10.0965 0.373535 0.663549 -0.336451 2.11153 -0.826194

10.0965 0.373535 0.65709 -0.34291 2.11152 -0.826158
10.1001 0.380378 0.65709 -0.34291 2.07795 -0.864426

10.1001 0.380373 0.65709 -0.34291 2.078 -0.864423
10.1004 0.380859 0.65709 -0.34291 2.07454 -0.866394

10.1003 0.380859 0.650178 -0.349822 2.07453 -0.866367
10.1043 0.388184 0.650178 -0.349822 2.04865 -0.90126

10.1043 0.388184 0.64323 -0.35677 2.04864 -0.901231
10.1074 0.393838 0.64323 -0.35677 2.02463 -0.9429

10.1074 0.393819 0.64323 -0.35677 2.02482 -0.942873
10.1084 0.395508 0.64323 -0.35677 2.01142 -0.952439

10.1083 0.395508 0.636176 -0.363824 2.01139 -0.952358
10.1125 0.402832 0.636176 -0.363824 1.96722 -0.992413

10.1125 0.402832 0.629525 -0.370475 1.9672 -0.992343
10.1147 0.4066 0.629525 -0.370475 1.94559 -1.01571

10.1147 0.406556 0.629525 -0.370475 1.94598 -1.01561
10.1169 0.410156 0.629525 -0.370475 1.92463 -1.03879

10.1168 0.410156 0.622655 -0.377345 1.92452 -1.03864
10.1213 0.41748 0.622655 -0.377345 1.86532 -1.08363

10.1213 0.41748 0.619231 -0.380769 1.86527 -1.08341
10.1221 0.418806 0.619231 -0.380769 1.85066 -1.09013

10.1221 0.418727 0.61522 -0.38478 1.85161 -1.09013
10.1259 0.424805 0.61522 -0.38478 1.82151 -1.1267

10.1259 0.424805 0.607828 -0.392172 1.82147 -1.12649
10.1294 0.430287 0.607828 -0.392172 1.79249 -1.18259

10.1294 0.43025 0.609693 -0.390307 1.79299 -1.18257
10.1306 0.432129 0.609693 -0.390307 1.77134 -1.19699

10.1306 0.432129 0.599895 -0.400105 1.7713 -1.19684
10.1355 0.439453 0.599895 -0.400105 1.69234 -1.24111

10.1354 0.439453 0.59879 -0.40121 1.69231 -1.24091
10.1367 0.44135 0.59879 -0.40121 1.67131 -1.25192

10.1367 0.441243 0.59211 -0.40789 1.6726 -1.25201
10.1405 0.446777 0.59211 -0.40789 1.63325 -1.28898

10.1405 0.446777 0.584705 -0.415295 1.63321 -1.28862
10.144 0.451758 0.584705 -0.415295 1.59188 -1.33496

10.144 0.451697 0.588572 -0.411428 1.59274 -1.33502
10.1457 0.454102 0.588572 -0.411428 1.56245 -1.35281

10.1457 0.454102 0.575871 -0.424129 1.56241 -1.35254
10.1511 0.461426 0.575871 -0.424129 1.46802 -1.3952

10.151 0.461426 0.57187 -0.42813 1.46804 -1.39456
10.1514 0.461868 0.57187 -0.42813 1.46174 -1.39688

10.1514 0.461765 0.56664 -0.43336 1.46318 -1.39716
10.1567 0.46875 0.56664 -0.43336 1.39487 -1.44919

10.1567 0.46875 0.563647 -0.436353 1.39484 -1.44866
10.1587 0.47135 0.563647 -0.436353 1.37796 -1.47992

10.1587 0.471229 0.558323 -0.441677 1.37885 -1.48007
10.1625 0.476074 0.558323 -0.441677 1.32791 -1.52954

10.1625 0.476074 0.552355 -0.447645 1.32795 -1.5292
10.166 0.480414 0.552355 -0.447645 1e+30 1e+30

