10.5386 0.46875 0.566887 -0.433113 1.44542 -1.42896
10.5396 0.469978 0.566887 -0.433113 1.43268 -1.4388

10.5396 0.469859 0.561967 -0.438033 1.43394 -1.43907
10.5444 0.476074 0.561967 -0.438033 1.37562 -1.49343

10.5444 0.476074 0.55937 -0.44063 1.37564 -1.49291
10.5469 0.479261 0.55937 -0.44063 1.34334 -1.52634

10.5469 0.479129 0.555255 -0.444745 1.34463 -1.5267
10.5503 0.483398 0.555255 -0.444745 1.28449 -1.56223

10.5503 0.483398 0.546524 -0.453476 1.28453 -1.56192
10.5542 0.488127 0.546524 -0.453476 1.21163 -1.58098

10.5542 0.488057 0.543907 -0.456093 1.21243 -1.58148
10.5564 0.490723 0.543907 -0.456093 1.17272 -1.59159

10.5564 0.490723 0.533637 -0.466363 1.17283 -1.59126
10.5615 0.496575 0.533637 -0.466363 1.09808 -1.61121

10.5615 0.496556 0.53005 -0.46995 1.0982 -1.61134
10.5628 0.498047 0.53005 -0.46995 1.08461 -1.61734

10.5628 0.498047 0.522216 -0.477784 1.08468 -1.61708
10.5688 0.50463 0.522216 -0.477784 1.01998 -1.65625

10.5688 0.504628 0.517778 -0.482222 1.01999 -1.65626
10.5695 0.505371 0.517778 -0.482222 1.01285 -1.66138

10.5695 0.505371 0.51082 -0.48918 1.0129 -1.6611
10.5762 0.512318 0.51082 -0.48918 0.903896 -1.69883

10.5762 0.512307 0.505157 -0.494843 0.904084 -1.69891
10.5766 0.512695 0.505157 -0.494843 0.895267 -1.70051

10.5765 0.512695 0.498516 -0.501484 0.895377 -1.70026
10.5835 0.519619 0.498516 -0.501484 0.754775 -1.71451

10.5835 0.519604 0.491987 -0.508013 0.754968 -1.71463
10.5839 0.52002 0.491987 -0.508013 0.747514 -1.71509

10.5839 0.52002 0.48637 -0.51363 0.747552 -1.71502
10.5908 0.526556 0.48637 -0.51363 0.63831 -1.74125

10.5908 0.526538 0.478691 -0.521309 0.638502 -1.74141
10.5917 0.527344 0.478691 -0.521309 0.625884 -1.74588

10.5917 0.527344 0.47336 -0.52664 0.625967 -1.74566
10.5981 0.533153 0.47336 -0.52664 0.526049 -1.77882

10.5981 0.533118 0.462534 -0.537466 0.526505 -1.77919
10.5999 0.534668 0.462534 -0.537466 0.495672 -1.78755

10.5999 0.534668 0.458677 -0.541323 0.495905 -1.78703
10.6055 0.53938 0.458677 -0.541323 0.392191 -1.79234

10.6055 0.539355 0.443849 -0.556151 0.39252 -1.79263
10.6088 0.541992 0.443849 -0.556151 0.333961 -1.78932

10.6087 0.541992 0.441813 -0.558187 0.334757 -1.78841
10.6128 0.545261 0.441813 -0.558187 0.260325 -1.78223

10.6128 0.545246 0.432169 -0.567831 0.260549 -1.78235
10.6181 0.549316 0.432169 -0.567831 0.170403 -1.76502

10.618 0.549316 0.424671 -0.575329 0.171162 -1.7646
10.6201 0.550863 0.424671 -0.575329 0.137754 -1.75683

10.6201 0.55084 0.417782 -0.582218 0.138058 -1.75706
10.6274 0.556095 0.417782 -0.582218 0.0212391 -1.75013

10.6274 0.556086 0.400842 -0.599158 0.0213673 -1.75021
10.6283 0.556641 0.400842 -0.599158 0.00860669 -1.75179

10.6282 0.556641 0.402542 -0.597458 0.00873106 -1.75161
10.6348 0.561032 0.402542 -0.597458 -0.109923 -1.72669

10.6348 0.561003 0.38684 -0.61316 -0.109472 -1.72705
10.6395 0.563965 0.38684 -0.61316 -0.189713 -1.68647

10.6394 0.563965 0.386034 -0.613966 -0.189125 -1.68636
10.6421 0.565686 0.386034 -0.613966 -0.230794 -1.67462

10.6421 0.565648 0.370611 -0.629389 -0.230211 -1.67494
10.6494 0.569961 0.370611 -0.629389 -0.345392 -1.65125

10.6494 0.569933 0.354057 -0.645943 -0.344877 -1.65153
10.6519 0.571289 0.354057 -0.645943 -0.385824 -1.64417

10.6518 0.571289 0.354057 -0.645943 -0.385448 -1.64401
10.6567 0.573981 0.354057 -0.645943 -0.479198 -1.59461

10.6567 0.573974 0.336752 -0.663248 -0.479051 -1.59467
10.6641 0.577693 0.336752 -0.663248 -0.600915 -1.52287

10.6641 0.577673 0.318708 -0.681292 -0.600538 -1.52303
10.6661 0.578613 0.318708 -0.681292 -0.629296 -1.51149

10.666 0.578613 0.318708 -0.681292 -0.629084 -1.51156
10.6714 0.581118 0.318708 -0.681292 -0.71524 -1.45555

10.6714 0.581115 0.300158 -0.699842 -0.715177 -1.45556
10.6787 0.584257 0.300158 -0.699842 -0.829127 -1.3637

10.6787 0.584241 0.280541 -0.719459 -0.828795 -1.36383
10.6831 0.585938 0.280541 -0.719459 -0.888975 -1.32073

10.683 0.585938 0.280541 -0.719459 -0.888467 -1.32123
10.686 0.58713 0.280541 -0.719459 -0.936079 -1.29603

10.686 0.587113 0.259802 -0.740198 -0.935664 -1.29613
10.6934 0.589683 0.259802 -0.740198 -1.05303 -1.20562

10.6934 0.589681 0.237915 -0.762085 -1.05297 -1.20565
10.7007 0.591967 0.237915 -0.762085 -1.15135 -1.07847

10.7007 0.591958 0.21571 -0.78429 -1.15111 -1.07855
10.7054 0.593262 0.21571 -0.78429 -1.21202 -1.00943

10.7054 0.593262 0.21571 -0.78429 -1.21164 -1.01017
10.708 0.59399 0.21571 -0.78429 -1.24788 -0.975319

10.708 0.59398 0.192562 -0.807438 -1.2476 -0.975374
10.7153 0.595726 0.192562 -0.807438 -1.34464 -0.859938

10.7153 0.595727 0.16773 -0.83227 -1.34464 -0.859937
10.7227 0.597203 0.16773 -0.83227 -1.43012 -0.716833

10.7227 0.597203 0.141152 -0.858848 -1.43013 -0.716826
10.73 0.598407 0.141152 -0.858848 -1.48915 -0.572934

10.73 0.598407 0.112666 -0.887334 -1.48915 -0.572934
10.7373 0.599337 0.112666 -0.887334 -1.54415 -0.434051

10.7373 0.599336 0.082386 -0.917614 -1.54414 -0.434057
10.7446 0.599994 0.082386 -0.917614 -1.59678 -0.29375

10.7446 0.599993 0.0503753 -0.949625 -1.59676 -0.293758
10.752 0.600381 0.0503753 -0.949625 -1.64658 -0.147089

10.752 0.600381 0.016533 -0.983467 -1.64656 -0.147096
10.7593 0.600504 0.016533 -0.983467 -1.68499 0.00901036

10.7593 0.600504 -0.0188195 -0.981181 -1.68498 0.00901013
10.7666 0.600363 -0.0188195 -0.981181 -1.6988 0.172211

10.7666 0.600364 -0.0524861 -0.947514 -1.69881 0.172211
10.7739 0.599958 -0.0524861 -0.947514 -1.68961 0.33323

10.7739 0.59996 -0.0844308 -0.915569 -1.68964 0.333226
10.7812 0.599284 -0.0844308 -0.915569 1e+30 1e+30

11.0156 0.3856 -0.692056 -0.307944 1e+30 1e+30
11.0145 0.388184 -0.692056 -0.307944 1.72587 1.81912

11.0145 0.388184 -0.684747 -0.315253 1.72597 1.81916
11.0111 0.395508 -0.684747 -0.315253 1e+30 1e+30

11.0083 0.401409 -0.677306 -0.322694 1e+30 1e+30
11.0076 0.402832 -0.677306 -0.322694 1e+30 1e+30

