19.1761 0 0.98418 -0.0158203 2.75011 0
19.1766 0.0292969 0.98418 -0.0158203 2.74781 -0.0232039

19.1767 0.0292969 0.961552 -0.0384485 2.74791 -0.0232029
19.1772 0.0439453 0.961552 -0.0384485 2.74276 -0.0339084

19.1772 0.0439453 0.947824 -0.0521756 2.74276 -0.0339082
19.178 0.0585938 0.947824 -0.0521756 2.73366 -0.0418485

19.1781 0.0585938 0.937631 -0.0623694 2.73367 -0.0418457
19.1785 0.065918 0.937631 -0.0623694 2.73297 -0.0440429

19.1785 0.065918 0.930847 -0.0691533 2.73297 -0.0440434
19.1791 0.0732422 0.930847 -0.0691533 2.73346 -0.0502205

19.1791 0.0732422 0.924017 -0.0759827 2.73346 -0.0502163
19.1797 0.0805664 0.924017 -0.0759827 2.73086 -0.0556396

19.1797 0.0805664 0.917454 -0.0825459 2.73086 -0.0556511
19.1804 0.0878906 0.917454 -0.0825459 2.74373 -0.0662726

19.1803 0.0878906 0.910618 -0.0893816 2.74373 -0.0662468
19.1811 0.0952148 0.910618 -0.0893816 2.75321 -0.0810912

19.1811 0.0952148 0.902933 -0.0970671 2.75321 -0.0810844
19.1819 0.102539 0.902933 -0.0970671 2.74765 -0.0930738

19.1818 0.102539 0.893402 -0.106598 2.74764 -0.0930638
19.1836 0.117188 0.893402 -0.106598 1e+30 1e+30

