36.5183 0 0.99612 -0.00387974 2.7315 0
36.5183 0.00732422 0.99612 -0.00387974 2.73829 -0.00461028

36.5183 0.00732422 0.988534 -0.0114661 2.73829 -0.00461074
36.5184 0.0146484 0.988534 -0.0114661 2.75201 -0.0105993

36.5184 0.0146484 0.981082 -0.0189178 2.75201 -0.0105989
36.5186 0.0210666 0.981082 -0.0189178 2.75127 -0.0146134

36.5186 0.0210699 0.981082 -0.0189178 2.75126 -0.0146149
36.5186 0.0219727 0.981082 -0.0189178 2.74875 -0.0150592

36.5186 0.0219727 0.974248 -0.0257522 2.74875 -0.0150613
36.5188 0.0292969 0.974248 -0.0257522 2.76025 -0.0237267

36.5185 0.0292969 0.960877 -0.0391225 2.74692 -0.0207829
36.5186 0.0313586 0.960877 -0.0391225 2.77054 -0.0270417

36.5185 0.0439453 0.945548 -0.0544525 2.73814 -0.0268791
36.5186 0.0441412 0.945548 -0.0544525 2.73494 -0.031118

36.5188 0.0292969 0.964535 -0.0354654 2.76024 -0.0237231
36.519 0.0366211 0.964535 -0.0354654 2.74544 -0.0304572

36.519 0.0366211 0.955739 -0.0442608 2.74545 -0.0304658
36.5194 0.0439453 0.955739 -0.0442608 2.73383 -0.0320677

36.5194 0.0439453 0.949326 -0.050674 2.73383 -0.0320586
36.5198 0.0512695 0.949326 -0.050674 2.73648 -0.0349163

36.5198 0.0512695 0.941934 -0.058066 2.73649 -0.0349191
36.5202 0.0585938 0.941934 -0.058066 2.73157 -0.0334119

36.5202 0.0585938 0.932268 -0.0677319 2.73156 -0.033411
36.5213 0.0732422 0.932268 -0.0677319 2.72951 -0.0390318

36.5213 0.0732422 0.919599 -0.0804013 2.72951 -0.0390315
36.5225 0.0878906 0.919599 -0.0804013 2.73106 -0.0432269

36.5225 0.0878906 0.906532 -0.0934682 2.73105 -0.0432249
36.5241 0.102539 0.906532 -0.0934682 2.73346 -0.0489005

36.5241 0.102539 0.893149 -0.106851 2.73346 -0.0489003
36.5258 0.117188 0.893149 -0.106851 2.73586 -0.0554508

36.5258 0.117188 0.88061 -0.11939 2.73586 -0.0554531
36.5278 0.131836 0.88061 -0.11939 2.74215 -0.065571

36.5278 0.131836 0.868149 -0.131851 2.74215 -0.0655626
36.53 0.146484 0.868149 -0.131851 2.74199 -0.0749934

36.53 0.146484 0.855327 -0.144673 2.74199 -0.0749937
36.5325 0.161133 0.855327 -0.144673 2.73282 -0.0785482

36.5325 0.161133 0.84306 -0.15694 2.73282 -0.0785487
36.5332 0.164954 0.84306 -0.15694 2.73076 -0.0790721

36.5332 0.164951 0.84306 -0.15694 2.73077 -0.079072
36.5352 0.175781 0.84306 -0.15694 2.73193 -0.0785905

36.5352 0.175781 0.83433 -0.16567 2.73193 -0.0786013
36.5367 0.183105 0.83433 -0.16567 2.73708 -0.0799184

36.5367 0.183105 0.828868 -0.171132 2.73708 -0.079917
36.5382 0.19043 0.828868 -0.171132 2.73637 -0.0844837

36.5382 0.19043 0.823009 -0.176991 2.73637 -0.0844837
36.5398 0.197754 0.823009 -0.176991 2.73071 -0.085737

36.5398 0.197754 0.817309 -0.182691 2.73071 -0.0857371
36.5405 0.201108 0.817309 -0.182691 2.7291 -0.0862467

36.5405 0.201106 0.817309 -0.182691 2.7291 -0.0862465
36.5414 0.205078 0.817309 -0.182691 2.72846 -0.0886556

36.5414 0.205078 0.811759 -0.188241 2.72846 -0.0886554
36.5431 0.212402 0.811759 -0.188241 2.731 -0.0932386

36.5431 0.212402 0.806061 -0.193939 2.731 -0.0932378
36.5449 0.219727 0.806061 -0.193939 2.73217 -0.100239

36.5449 0.219727 0.800329 -0.199671 2.73217 -0.10024
36.5467 0.227051 0.800329 -0.199671 2.72269 -0.111022

36.5467 0.227051 0.794721 -0.205279 2.72269 -0.111021
36.5479 0.231504 0.794721 -0.205279 2.71545 -0.115778

36.5479 0.231497 0.794721 -0.205279 2.71547 -0.115773
36.5486 0.234375 0.794721 -0.205279 2.7109 -0.11781

36.5486 0.234375 0.789038 -0.210962 2.7109 -0.11781
36.5506 0.241699 0.789038 -0.210962 2.70435 -0.124595

36.5506 0.241699 0.783273 -0.216727 2.70435 -0.124595
36.5526 0.249023 0.783273 -0.216727 2.70511 -0.140706

36.5526 0.249023 0.777579 -0.222421 2.70511 -0.140707
36.5547 0.256348 0.777579 -0.222421 2.703 -0.16097

36.5547 0.256348 0.772181 -0.227819 2.70299 -0.160964
36.5552 0.258059 0.772181 -0.227819 2.70186 -0.165576

36.5552 0.258045 0.772181 -0.227819 2.70188 -0.165553
36.5568 0.263672 0.772181 -0.227819 2.69672 -0.178919

36.5568 0.263672 0.76684 -0.23316 2.69671 -0.178913
36.5591 0.270996 0.76684 -0.23316 2.68804 -0.192656

36.5591 0.270996 0.761377 -0.238623 2.68804 -0.192656
36.5614 0.27832 0.761377 -0.238623 2.67721 -0.202304

36.5614 0.27832 0.7559 -0.2441 2.67721 -0.202301
36.5625 0.281868 0.7559 -0.2441 2.67196 -0.205949

36.5625 0.281861 0.7559 -0.2441 2.67197 -0.205946
36.5637 0.285645 0.7559 -0.2441 2.67013 -0.208993

36.5637 0.285645 0.750369 -0.249631 2.67013 -0.208991
36.5662 0.292969 0.750369 -0.249631 2.67265 -0.217647

36.5662 0.292969 0.74495 -0.25505 2.67265 -0.217647
36.5687 0.300293 0.74495 -0.25505 2.66941 -0.237036

36.5687 0.300293 0.739854 -0.260146 2.66941 -0.237031
36.5698 0.303593 0.739854 -0.260146 2.66511 -0.244376

36.5698 0.303581 0.739854 -0.260146 2.66513 -0.244364
36.5712 0.307617 0.739854 -0.260146 2.65723 -0.252423

36.5712 0.307617 0.734753 -0.265247 2.65722 -0.252414
36.5739 0.314941 0.734753 -0.265247 2.65127 -0.270109

36.5739 0.314941 0.729417 -0.270583 2.65127 -0.270106
36.5766 0.322266 0.729417 -0.270583 2.64359 -0.295207

36.5766 0.322266 0.724085 -0.275915 2.64359 -0.295179
36.5771 0.323718 0.724085 -0.275915 2.64113 -0.29915

36.5771 0.3237 0.724085 -0.275915 2.64117 -0.299136
36.5794 0.32959 0.724085 -0.275915 2.63686 -0.314128

36.5794 0.32959 0.718628 -0.281372 2.63686 -0.314117
36.5823 0.336914 0.718628 -0.281372 2.63166 -0.338467

36.5823 0.336914 0.713268 -0.286732 2.63166 -0.338471
36.5845 0.342423 0.713268 -0.286732 2.6167 -0.356804

36.5845 0.342413 0.713268 -0.286732 2.61675 -0.356792
36.5852 0.344238 0.713268 -0.286732 2.60907 -0.362034

36.5852 0.344238 0.708107 -0.291893 2.60906 -0.36202
36.5882 0.351562 0.708107 -0.291893 2.59337 -0.383155

36.5882 0.351562 0.702729 -0.297271 2.59337 -0.383143
36.5913 0.358887 0.702729 -0.297271 2.57574 -0.413435

36.5913 0.358887 0.697186 -0.302814 2.57573 -0.413375
36.5918 0.36001 0.697186 -0.302814 2.57182 -0.416989

36.5918 0.359984 0.697186 -0.302814 2.57192 -0.416972
36.5945 0.366211 0.697186 -0.302814 2.56267 -0.43613

36.5945 0.366211 0.691482 -0.308518 2.56266 -0.436116
36.5978 0.373535 0.691482 -0.308518 2.5495 -0.470827

36.5978 0.373535 0.686069 -0.313931 2.5495 -0.470787
36.5991 0.376508 0.686069 -0.313931 2.53859 -0.484612

36.5991 0.376478 0.686069 -0.313931 2.53871 -0.484578
36.6011 0.380859 0.686069 -0.313931 2.52416 -0.500937

36.6011 0.380859 0.680733 -0.319267 2.52413 -0.500889
36.6046 0.388184 0.680733 -0.319267 2.50158 -0.532133

36.6045 0.388184 0.675232 -0.324768 2.50158 -0.532105
36.6064 0.392126 0.675232 -0.324768 2.48711 -0.548457

36.6064 0.392106 0.675232 -0.324768 2.48719 -0.548435
36.6081 0.395508 0.675232 -0.324768 2.47861 -0.560973

36.6081 0.395508 0.66945 -0.33055 2.47859 -0.56092
36.6117 0.402832 0.66945 -0.33055 2.46444 -0.601309

36.6117 0.402832 0.663604 -0.336396 2.46444 -0.60127
36.6138 0.406944 0.663604 -0.336396 2.45061 -0.630046

36.6138 0.406916 0.663604 -0.336396 2.4508 -0.630005
36.6154 0.410156 0.663604 -0.336396 2.43488 -0.647519

36.6154 0.410156 0.657874 -0.342126 2.43485 -0.647436
36.6192 0.41748 0.657874 -0.342126 2.39991 -0.6842

36.6192 0.41748 0.65233 -0.34767 2.3999 -0.684149
36.6211 0.421025 0.65233 -0.34767 2.37902 -0.700405

36.6211 0.420991 0.65233 -0.34767 2.37924 -0.700406
36.6231 0.424805 0.65233 -0.34767 2.36376 -0.718658

36.6231 0.424805 0.646493 -0.353507 2.36371 -0.718563
36.6271 0.432129 0.646493 -0.353507 2.33125 -0.764931

36.6271 0.432129 0.6403 -0.3597 2.33124 -0.764773
36.6284 0.434473 0.6403 -0.3597 2.31589 -0.779854

36.6284 0.434428 0.6403 -0.3597 2.31621 -0.779841
36.6312 0.439453 0.6403 -0.3597 2.30596 -0.81201

36.6312 0.439453 0.633972 -0.366028 2.30589 -0.811911
36.6355 0.446777 0.633972 -0.366028 2.25924 -0.867904

36.6354 0.446777 0.632075 -0.367925 2.2592 -0.867558
36.6357 0.447328 0.632075 -0.367925 2.25277 -0.871041

36.6357 0.447247 0.627658 -0.372342 2.25377 -0.871
36.6398 0.454102 0.627658 -0.372342 2.21532 -0.914602

36.6398 0.454102 0.621746 -0.378254 2.21531 -0.914467
36.6431 0.459471 0.621746 -0.378254 2.18316 -0.964497

36.6431 0.459443 0.622064 -0.377936 2.1835 -0.96448
36.6443 0.461426 0.622064 -0.377936 2.16301 -0.978013

36.6443 0.461426 0.614941 -0.385059 2.16296 -0.977813
36.6488 0.46875 0.614941 -0.385059 1e+30 1e+30

