20.6177 0.246712 -0.848441 -0.151559 2.5338 1.06463
20.6173 0.249023 -0.848441 -0.151559 2.53107 1.07681

20.6198 0.234375 -0.853176 -0.146824 2.55198 1.00138
20.6186 0.241699 -0.853176 -0.146824 2.54079 1.03816

20.6177 0.246696 -0.848441 -0.151559 2.53385 1.06455
20.6186 0.241699 -0.848441 -0.151559 2.5408 1.03816

20.6173 0.249023 -0.843671 -0.156329 2.53108 1.07681
20.6159 0.256348 -0.843671 -0.156329 2.52146 1.11517

20.6159 0.256348 -0.838836 -0.161164 2.52146 1.11517
20.6145 0.263672 -0.838836 -0.161164 2.50708 1.15308

20.6104 0.283935 -0.825 -0.175 2.44676 1.24424
20.61 0.285645 -0.825 -0.175 2.44293 1.2576

20.61 0.285645 -0.820017 -0.179983 2.44297 1.25761
20.6084 0.292969 -0.820017 -0.179983 2.42992 1.29309

20.6145 0.263672 -0.834138 -0.165862 2.50709 1.15308
20.613 0.270996 -0.834138 -0.165862 2.48532 1.18908

20.613 0.270996 -0.82944 -0.17056 2.48532 1.18908
20.6115 0.27832 -0.82944 -0.17056 2.46289 1.21785

20.6104 0.283821 -0.822171 -0.177829 2.4473 1.24373
20.6115 0.27832 -0.822171 -0.177829 2.46283 1.21784

20.5957 0.343351 -0.782657 -0.217343 2.26894 1.57187
20.5955 0.344238 -0.782657 -0.217343 2.26444 1.57681

20.5954 0.344238 -0.777194 -0.222806 2.26453 1.57682
20.5933 0.351562 -0.777194 -0.222806 2.23474 1.61788

20.6084 0.292969 -0.814381 -0.185619 2.42994 1.2931
20.6067 0.300293 -0.814381 -0.185619 2.42111 1.33502

20.6067 0.300293 -0.809171 -0.190829 2.42112 1.33502
20.605 0.307617 -0.809171 -0.190829 2.39616 1.37501

20.603 0.315613 -0.799098 -0.200902 2.36574 1.41908
20.6014 0.322266 -0.799098 -0.200902 2.34337 1.45538

20.605 0.307617 -0.804182 -0.195818 2.39616 1.37501
20.6032 0.314941 -0.804182 -0.195818 2.36839 1.41528

20.603 0.315599 -0.799098 -0.200902 2.36583 1.41901
20.6032 0.314941 -0.799098 -0.200902 2.36841 1.41528

20.6014 0.322266 -0.793644 -0.206356 2.34336 1.45537
20.5995 0.32959 -0.793644 -0.206356 2.32321 1.49536

20.5995 0.32959 -0.788063 -0.211937 2.32321 1.49536
20.5975 0.336914 -0.788063 -0.211937 2.29732 1.53526

20.5957 0.343312 -0.782657 -0.217343 2.26925 1.57167
20.5975 0.336914 -0.782657 -0.217343 2.29734 1.53526

20.5664 0.428434 -0.705502 -0.294498 1.86158 2.07119
20.5649 0.432129 -0.705502 -0.294498 1.83388 2.093

20.5649 0.432129 -0.697998 -0.302002 1.83392 2.093
20.5617 0.439453 -0.697998 -0.302002 1.78114 2.1384

20.5518 0.460874 -0.674308 -0.325692 1.60732 2.26701
20.5515 0.461426 -0.674308 -0.325692 1.60077 2.27002

20.5515 0.461426 -0.665775 -0.334225 1.60106 2.27
20.5478 0.46875 -0.665775 -0.334225 1.52627 2.31705

20.5591 0.445307 -0.690269 -0.309731 1.74096 2.17157
20.5584 0.446777 -0.690269 -0.309731 1.7279 2.1804

20.5584 0.446777 -0.682409 -0.317591 1.72808 2.18041
20.555 0.454102 -0.682409 -0.317591 1.66828 2.23177

20.5591 0.445259 -0.690269 -0.309731 1.74165 2.17129
20.5617 0.439453 -0.690269 -0.309731 1.78119 2.1384

20.5518 0.460808 -0.674308 -0.325692 1.60845 2.26662
20.555 0.454102 -0.674308 -0.325692 1.6683 2.23176

20.5934 0.351562 -0.771353 -0.228647 2.23472 1.61787
20.5912 0.358887 -0.771353 -0.228647 2.21138 1.65657

20.5912 0.358887 -0.765246 -0.234754 2.21137 1.65657
20.5889 0.366211 -0.765246 -0.234754 2.18202 1.69508

20.5884 0.367962 -0.759056 -0.240944 2.17488 1.70569
20.5866 0.373535 -0.759056 -0.240944 2.15447 1.73982

20.5866 0.373535 -0.752655 -0.247345 2.15447 1.73982
20.5842 0.380859 -0.752655 -0.247345 2.12822 1.7867

20.5884 0.367946 -0.759056 -0.240944 2.17499 1.7056
20.5889 0.366211 -0.759056 -0.240944 2.18205 1.69509

20.5811 0.390053 -0.73977 -0.26023 2.0812 1.84409
20.5791 0.395508 -0.73977 -0.26023 2.05276 1.8805

20.5791 0.395508 -0.733227 -0.266773 2.05276 1.88049
20.5765 0.402832 -0.733227 -0.266773 2.01394 1.92668

20.5737 0.410115 -0.726547 -0.273453 1.96888 1.96601
20.5765 0.402832 -0.726547 -0.273453 2.01394 1.92668

20.5842 0.380859 -0.746141 -0.253859 2.12822 1.7867
20.5817 0.388184 -0.746141 -0.253859 2.0915 1.83137

20.5811 0.390037 -0.73977 -0.26023 2.08134 1.844
20.5817 0.388184 -0.73977 -0.26023 2.09154 1.83138

20.5737 0.410156 -0.719783 -0.280217 1.96856 1.96625
20.5709 0.41748 -0.719783 -0.280217 1.92593 2.01056

20.5709 0.41748 -0.712709 -0.287291 1.92591 2.01056
20.5679 0.424805 -0.712709 -0.287291 1.88233 2.04942

20.5664 0.428403 -0.705502 -0.294498 1.8619 2.07101
20.5679 0.424805 -0.705502 -0.294498 1.8824 2.04942

20.1562 0.509364 0.560884 -0.439116 1.51882 -1.55833
20.1589 0.512695 0.560884 -0.439116 1.46291 -1.59335

20.1588 0.512695 0.547585 -0.452415 1.46298 -1.59287
20.1636 0.518432 0.547585 -0.452415 1.36712 -1.62968

20.1636 0.51839 0.545856 -0.454144 1.36765 -1.63002
20.1649 0.52002 0.545856 -0.454144 1.33911 -1.63965

20.1649 0.52002 0.537227 -0.462773 1.33929 -1.63911
20.1709 0.526986 0.537227 -0.462773 1.23858 -1.67354

20.1709 0.526977 0.533545 -0.466455 1.23864 -1.67361
20.1712 0.527344 0.533545 -0.466455 1.23485 -1.67567

20.1712 0.527344 0.527328 -0.472672 1.23491 -1.67544
20.1778 0.534668 0.527328 -0.472672 1.14562 -1.72533

20.1777 0.534668 0.52196 -0.47804 1.14614 -1.72373
20.1782 0.535264 0.52196 -0.47804 1.13829 -1.7276

20.1782 0.535171 0.515767 -0.484233 1.13903 -1.72845
20.1846 0.541992 0.515767 -0.484233 1.02772 -1.77365

20.1846 0.541992 0.50858 -0.49142 1.02817 -1.77245
20.1855 0.54302 0.50858 -0.49142 1.00887 -1.77925

20.1855 0.542926 0.502265 -0.497735 1.01007 -1.78012
20.1919 0.549316 0.502265 -0.497735 0.880869 -1.82266

20.1918 0.549316 0.495046 -0.504954 0.88171 -1.82086
20.1929 0.550398 0.495046 -0.504954 0.856831 -1.82826

20.1929 0.550282 0.48806 -0.51194 0.858617 -1.82937
20.1995 0.556641 0.48806 -0.51194 0.711901 -1.86076

20.1994 0.556641 0.48247 -0.51753 0.713142 -1.85869
20.2002 0.557382 0.48247 -0.51753 0.69581 -1.86209

20.2002 0.557284 0.475206 -0.524794 0.697166 -1.86319
20.2075 0.563916 0.475206 -0.524794 0.551522 -1.89034

20.2075 0.563965 0.468187 -0.531813 0.551497 -1.88884
20.2075 0.564024 0.468187 -0.531813 0.550299 -1.88904

20.2075 0.56391 0.467023 -0.532977 0.55159 -1.89041
20.2076 0.563965 0.467023 -0.532977 0.55048 -1.8906

20.2076 0.563965 0.460615 -0.539385 0.550584 -1.89042
20.2148 0.570178 0.460615 -0.539385 0.413313 -1.92424

20.2148 0.570143 0.447774 -0.552226 0.413798 -1.92467
20.2163 0.571289 0.447774 -0.552226 0.385856 -1.93188

20.2162 0.571289 0.445034 -0.554966 0.386086 -1.93145
20.2222 0.576052 0.445034 -0.554966 0.255565 -1.93812

20.2222 0.576012 0.428108 -0.571892 0.256228 -1.93871
20.2256 0.578613 0.428108 -0.571892 0.179618 -1.93036

20.2255 0.578613 0.427254 -0.572746 0.180713 -1.92935
20.2295 0.581571 0.427254 -0.572746 0.0904372 -1.91357

20.2295 0.581548 0.413989 -0.586011 0.0908574 -1.91387
20.2357 0.585938 0.413989 -0.586011 -0.0400904 -1.88951

20.2356 0.585938 0.404507 -0.595493 -0.0389677 -1.88884
20.2368 0.586786 0.404507 -0.595493 -0.0620403 -1.88463

20.2368 0.586738 0.396705 -0.603295 -0.0613076 -1.88521
20.2441 0.591554 0.396705 -0.603295 -0.209026 -1.87168

20.2441 0.591515 0.378996 -0.621004 -0.208195 -1.87222
20.247 0.593262 0.378996 -0.621004 -0.269941 -1.86522

20.2469 0.593262 0.378996 -0.621004 -0.269246 -1.86475
20.2515 0.596034 0.378996 -0.621004 -0.375065 -1.81948

20.2515 0.596019 0.36072 -0.63928 -0.374737 -1.81966
20.2588 0.600152 0.36072 -0.63928 -0.534619 -1.76772

20.2588 0.600141 0.340914 -0.659086 -0.534352 -1.76783
20.2596 0.600586 0.340914 -0.659086 -0.551894 -1.76629

20.2596 0.600586 0.340914 -0.659086 -0.551714 -1.76621
20.2661 0.603941 0.340914 -0.659086 -0.699119 -1.68963

20.2661 0.603935 0.320557 -0.679443 -0.698947 -1.6897
20.2734 0.60739 0.320557 -0.679443 -0.84705 -1.60033

20.2734 0.607381 0.299476 -0.700524 -0.846826 -1.6004
20.2747 0.60791 0.299476 -0.700524 -0.869327 -1.59754

20.2746 0.60791 0.299476 -0.700524 -0.869138 -1.5975
20.2808 0.610524 0.299476 -0.700524 -0.995965 -1.52114

20.2808 0.610525 0.276553 -0.723447 -0.995992 -1.52113
20.2881 0.613325 0.276553 -0.723447 -1.14809 -1.37868

20.2881 0.613312 0.252355 -0.747645 -1.14772 -1.37883
20.2938 0.615234 0.252355 -0.747645 -1.25076 -1.29533

20.2937 0.615234 0.252355 -0.747645 -1.24987 -1.29613
20.2954 0.61582 0.252355 -0.747645 -1.28293 -1.27876

20.2954 0.615795 0.226794 -0.773206 -1.28215 -1.27894
20.3027 0.617943 0.226794 -0.773206 -1.42102 -1.16862

20.3027 0.617942 0.199135 -0.800865 -1.42098 -1.16863
20.3101 0.619763 0.199135 -0.800865 -1.5529 -0.988059

20.3101 0.619763 0.169724 -0.830276 -1.55288 -0.988067
20.3174 0.62126 0.169724 -0.830276 -1.66146 -0.787151

20.3174 0.621258 0.138607 -0.861393 -1.66138 -0.787174
20.3247 0.622436 0.138607 -0.861393 -1.76318 -0.615451

20.3247 0.622443 0.105437 -0.894563 -1.76345 -0.615402
20.3257 0.622559 0.105437 -0.894563 -1.77657 -0.596358

20.3257 0.622559 0.105437 -0.894563 -1.77707 -0.595257
20.332 0.623299 0.105437 -0.894563 -1.85756 -0.447707

20.332 0.623303 0.0689322 -0.931068 -1.85771 -0.447686
20.3394 0.623845 0.0689322 -0.931068 -1.93083 -0.249343

20.3394 0.623846 0.0284341 -0.971566 -1.93087 -0.249338
20.3467 0.62406 0.0284341 -0.971566 -1.98027 -0.0425582

20.3467 0.62406 -0.0155994 -0.984401 -1.98029 -0.0425567
20.354 0.623944 -0.0155994 -0.984401 -2.00689 0.172235

20.354 0.623944 -0.0573934 -0.942607 -2.00686 0.172233
20.3613 0.623498 -0.0573934 -0.942607 -2.01051 0.38916

20.3613 0.623497 -0.0954702 -0.90453 -2.01047 0.389157
20.3687 0.622724 -0.0954702 -0.90453 -2.00284 0.598943

20.376 0.621623 -0.130595 -0.869405 -1.97066 0.816239
20.3697 0.622559 -0.130595 -0.869405 -2.00164 0.630353

20.3687 0.622735 -0.130595 -0.869405 -2.0032 0.59894
20.3698 0.622559 -0.130595 -0.869405 -2.00195 0.632729

20.376 0.62163 -0.164192 -0.835808 -1.97084 0.816193
20.3833 0.620191 -0.164192 -0.835808 -1.90864 1.04261

20.3833 0.620194 -0.196821 -0.803179 -1.90874 1.04257
20.3906 0.6184 -0.196821 -0.803179 -1.83343 1.26523

20.4565 0.585189 -0.425524 -0.574476 -0.546845 2.51039
20.4555 0.585938 -0.425524 -0.574476 -0.571526 2.49518

20.4565 0.585088 -0.443411 -0.556589 -0.542765 2.51041
20.4639 0.579253 -0.443411 -0.556589 -0.363166 2.57976

20.4785 0.566107 -0.482647 -0.517353 -0.00758447 2.65962
20.473 0.571289 -0.482647 -0.517353 -0.144091 2.62875

20.4712 0.572939 -0.463475 -0.536525 -0.190768 2.61911
20.4646 0.578613 -0.463475 -0.536525 -0.344176 2.58203

20.4639 0.579238 -0.454825 -0.545175 -0.362568 2.57968
20.4646 0.578613 -0.454825 -0.545175 -0.344116 2.58197

20.4712 0.572887 -0.475678 -0.524322 -0.188715 2.61877
20.473 0.571289 -0.475678 -0.524322 -0.144005 2.62865

20.4932 0.550709 -0.524411 -0.475589 0.351736 2.67978
20.4878 0.556641 -0.524411 -0.475589 0.219404 2.67853

20.5078 0.532929 -0.569621 -0.430379 0.704358 2.64942
20.5065 0.534668 -0.569621 -0.430379 0.675723 2.65816

20.5065 0.534668 -0.555764 -0.444236 0.675999 2.65814
20.5006 0.541992 -0.555764 -0.444236 0.534128 2.67518

20.5005 0.542167 -0.540622 -0.459378 0.530266 2.67543
20.4944 0.549316 -0.540622 -0.459378 0.379603 2.68089

20.4932 0.550696 -0.531128 -0.468872 0.352144 2.67969
20.4944 0.549316 -0.531128 -0.468872 0.379987 2.68062

20.5005 0.542137 -0.547969 -0.452031 0.531164 2.67525
20.5006 0.541992 -0.547969 -0.452031 0.534264 2.6751

20.4858 0.558678 -0.505928 -0.494072 0.173317 2.67666
20.4807 0.563965 -0.505928 -0.494072 0.0477585 2.66785

20.4785 0.566049 -0.495291 -0.504709 -0.00536996 2.65916
20.4806 0.563965 -0.495291 -0.504709 0.0482003 2.66741

20.4858 0.558655 -0.514006 -0.485994 0.174125 2.67647
20.4877 0.556641 -0.514006 -0.485994 0.219926 2.67815

20.4053 0.613728 -0.255915 -0.744085 -1.63514 1.58377
20.4009 0.615234 -0.255915 -0.744085 -1.6933 1.47376

20.4053 0.61373 -0.283259 -0.716741 -1.63518 1.58376
20.4126 0.610835 -0.283259 -0.716741 -1.51731 1.79219

20.4199 0.607613 -0.308681 -0.691319 -1.35023 1.94133
20.4193 0.60791 -0.308681 -0.691319 -1.36337 1.93115

20.4126 0.610822 -0.308681 -0.691319 -1.51652 1.79214
20.4191 0.60791 -0.308681 -0.691319 -1.36336 1.92919

20.3906 0.618399 -0.227555 -0.772445 -1.83341 1.26523
20.3979 0.616242 -0.227555 -0.772445 -1.7252 1.41999

20.3979 0.616232 -0.255915 -0.744085 -1.7248 1.41999
20.4009 0.615234 -0.255915 -0.744085 -1.69315 1.47295

20.4346 0.599936 -0.356463 -0.643537 -1.03382 2.21493
20.4334 0.600586 -0.356463 -0.643537 -1.05729 2.20455

20.4199 0.607569 -0.332875 -0.667125 -1.34829 1.94144
20.4272 0.603914 -0.332875 -0.667125 -1.21556 2.10262

20.4272 0.603895 -0.356463 -0.643537 -1.21448 2.10254
20.4332 0.600586 -0.356463 -0.643537 -1.05679 2.20308

20.4346 0.59987 -0.379802 -0.620198 -1.03111 2.215
20.4419 0.595385 -0.379802 -0.620198 -0.897294 2.30446

20.4492 0.590471 -0.402234 -0.597766 -0.732786 2.41514
20.4451 0.593262 -0.402234 -0.597766 -0.824252 2.35129

20.4419 0.595342 -0.400973 -0.599027 -0.895261 2.30421
20.445 0.593262 -0.400973 -0.599027 -0.823672 2.34999

20.4492 0.590437 -0.423082 -0.576918 -0.731592 2.41527
20.4554 0.585938 -0.423082 -0.576918 -0.57056 2.49253

20.5371 0.488535 -0.638538 -0.361462 1.33671 2.43503
20.5359 0.490723 -0.638538 -0.361462 1.29961 2.44837

20.5359 0.490723 -0.627915 -0.372085 1.29976 2.44839
20.5315 0.498047 -0.627915 -0.372085 1.19097 2.48256

20.5225 0.512422 -0.609962 -0.390038 1.02332 2.57835
20.5223 0.512695 -0.609962 -0.390038 1.01755 2.57991

20.5151 0.522986 -0.581906 -0.418094 0.849986 2.61117
20.512 0.527344 -0.581906 -0.418094 0.781376 2.63189

20.5223 0.512695 -0.594815 -0.405185 1.01791 2.5799
20.5173 0.52002 -0.594815 -0.405185 0.887033 2.60798

20.5151 0.522969 -0.585534 -0.414466 0.85036 2.61104
20.5172 0.52002 -0.585534 -0.414466 0.887516 2.60766

20.5298 0.500839 -0.617248 -0.382752 1.16163 2.49602
20.527 0.505371 -0.617248 -0.382752 1.1172 2.5345

20.5225 0.51234 -0.607045 -0.392955 1.0256 2.57787
20.527 0.505371 -0.607045 -0.392955 1.11722 2.53451

20.5298 0.500815 -0.617332 -0.382668 1.16205 2.49586
20.5315 0.498047 -0.617332 -0.382668 1.19116 2.4825

20.5444 0.475231 -0.65699 -0.34301 1.46763 2.34698
20.544 0.476074 -0.65699 -0.34301 1.45764 2.35165

20.544 0.476074 -0.648008 -0.351992 1.45793 2.35163
20.54 0.483398 -0.648008 -0.351992 1.38265 2.40277

20.5444 0.47517 -0.65699 -0.34301 1.46874 2.34661
20.5478 0.46875 -0.65699 -0.34301 1.52632 2.31703

20.5371 0.488475 -0.638538 -0.361462 1.33813 2.4347
20.54 0.483398 -0.638538 -0.361462 1.38276 2.40274

20.5078 0.53287 -0.569387 -0.430613 0.705854 2.64908
20.512 0.527344 -0.569387 -0.430613 0.781485 2.63191

20.6385 0 -0.995179 -0.00482078 2.72588 0
20.6384 0.0146484 -0.995179 -0.00482078 2.72343 0.0554366

20.6384 0.0146484 -0.985868 -0.0141321 2.72344 0.0554362
20.6382 0.0292969 -0.985868 -0.0141321 2.71745 0.111134

20.6383 0.0292969 -0.972373 -0.0276271 2.71719 0.111143
20.6374 0.0585938 -0.972373 -0.0276271 2.70586 0.22203

20.6374 0.0585938 -0.954658 -0.0453418 2.70583 0.222032
20.6361 0.0878906 -0.954658 -0.0453418 2.69183 0.335521

20.636 0.0878906 -0.941662 -0.0583385 2.69214 0.335511
20.6351 0.102539 -0.941662 -0.0583385 2.68817 0.39544

20.6351 0.102539 -0.932866 -0.0671341 2.68812 0.395441
20.6341 0.117188 -0.932866 -0.0671341 2.6807 0.455533

20.6341 0.117188 -0.923549 -0.0764507 2.6807 0.455533
20.6328 0.131836 -0.923549 -0.0764507 2.67092 0.51575

20.6323 0.137408 -0.916721 -0.0832788 2.66943 0.540022
20.6322 0.13916 -0.916721 -0.0832788 2.66935 0.548131

20.6322 0.13916 -0.912489 -0.0875111 2.66933 0.548131
20.6315 0.146484 -0.912489 -0.0875111 2.66028 0.585403

20.6323 0.137435 -0.916721 -0.0832788 2.66941 0.54015
20.6328 0.131836 -0.916721 -0.0832788 2.671 0.515745

20.6315 0.146484 -0.908202 -0.0917976 2.66028 0.585403
20.6307 0.153809 -0.908202 -0.0917976 2.64675 0.619597

20.6307 0.153809 -0.904255 -0.0957453 2.64676 0.619597
20.6299 0.161133 -0.904255 -0.0957453 2.64465 0.650193

20.63 0.161133 -0.89725 -0.10275 2.64452 0.650196
20.6283 0.175781 -0.89725 -0.10275 2.63457 0.71505

20.6283 0.175781 -0.887946 -0.112054 2.63458 0.715051
20.6264 0.19043 -0.887946 -0.112054 2.61705 0.783585

20.625 0.200834 -0.878711 -0.121289 2.60208 0.834471
20.6264 0.19043 -0.878711 -0.121289 2.61705 0.783585

