6.20612 0.46875 0.477233 -0.522767 0.660588 -1.45187
6.21094 0.473148 0.477233 -0.522767 0.586703 -1.45241

6.21094 0.47315 0.469716 -0.530284 0.586682 -1.45239
6.21424 0.476074 0.469716 -0.530284 0.538683 -1.44785

6.21416 0.476074 0.463586 -0.536414 0.538982 -1.44746
6.21826 0.47962 0.463586 -0.536414 0.479269 -1.43427

6.21826 0.479639 0.455098 -0.544902 0.478958 -1.43421
6.22276 0.483398 0.455098 -0.544902 0.431005 -1.41707

6.22268 0.483398 0.451028 -0.548972 0.431084 -1.41712
6.22559 0.485788 0.451028 -0.548972 0.398709 -1.40643

6.22559 0.485779 0.445066 -0.554934 0.398819 -1.40646
6.23175 0.490723 0.445066 -0.554934 0.344562 -1.39085

6.23167 0.490723 0.43946 -0.56054 0.344671 -1.39053
6.23291 0.491699 0.43946 -0.56054 0.335511 -1.39066

6.23291 0.491662 0.433674 -0.566326 0.335796 -1.39084
6.24023 0.497271 0.433674 -0.566326 0.274639 -1.40373

6.24023 0.497254 0.42185 -0.57815 0.274779 -1.40382
6.24132 0.498047 0.42185 -0.57815 0.26576 -1.40766

6.2413 0.498047 0.422236 -0.577764 0.265806 -1.4075
6.24756 0.502621 0.422236 -0.577764 0.203794 -1.4131

6.24756 0.502595 0.410657 -0.589343 0.20407 -1.41331
6.25154 0.505371 0.410657 -0.589343 0.160058 -1.402

6.25146 0.505371 0.40926 -0.59074 0.160232 -1.40199
6.25488 0.507745 0.40926 -0.59074 0.124824 -1.3909

6.25488 0.507724 0.398493 -0.601507 0.125076 -1.39101
6.26221 0.512576 0.398493 -0.601507 0.0472534 -1.37873

6.26221 0.512572 0.381971 -0.618029 0.0473092 -1.37875
6.26241 0.512695 0.381971 -0.618029 0.0451298 -1.37887

6.26218 0.512695 0.389673 -0.610327 0.0457147 -1.37806
6.26221 0.51271 0.389673 -0.610327 0.0454634 -1.37807

6.26239 0.512695 0.385538 -0.614462 0.0451649 -1.37882
6.26953 0.517174 0.385538 -0.614462 -0.0449122 -1.35118

6.26953 0.517151 0.372298 -0.627702 -0.0446342 -1.35137
6.27437 0.52002 0.372298 -0.627702 -0.0974663 -1.31211

6.27428 0.52002 0.372253 -0.627747 -0.0973101 -1.31225
6.27686 0.521547 0.372253 -0.627747 -0.122751 -1.30184

6.27686 0.521511 0.359211 -0.640789 -0.122266 -1.30199
6.28418 0.525617 0.359211 -0.640789 -0.194078 -1.27175

6.28418 0.525594 0.346225 -0.653775 -0.193821 -1.27188
6.28748 0.527344 0.346225 -0.653775 -0.221541 -1.25825

6.28742 0.527344 0.346225 -0.653775 -0.221371 -1.25831
6.2915 0.529508 0.346225 -0.653775 -0.258647 -1.24501

6.2915 0.529494 0.332869 -0.667131 -0.258478 -1.24506
6.29883 0.533149 0.332869 -0.667131 -0.328973 -1.21269

6.29883 0.533132 0.318805 -0.681195 -0.328736 -1.21279
6.30211 0.534668 0.318805 -0.681195 -0.359615 -1.19807

6.30205 0.534668 0.318805 -0.681195 -0.359451 -1.19818
6.30615 0.536588 0.318805 -0.681195 -0.403842 -1.17398

6.30615 0.536576 0.304223 -0.695777 -0.403644 -1.17402
6.31348 0.539778 0.304223 -0.695777 -0.482259 -1.11942

6.31348 0.539763 0.289455 -0.710545 -0.482023 -1.11952
6.31895 0.541992 0.289455 -0.710545 -0.532706 -1.08374

6.31884 0.541992 0.289455 -0.710545 -0.532351 -1.0839
6.3208 0.542792 0.289455 -0.710545 -0.552239 -1.07853

6.3208 0.542759 0.274422 -0.725578 -0.551679 -1.07864
6.32812 0.54553 0.274422 -0.725578 -0.630263 -1.02963

6.32812 0.54553 0.258557 -0.741443 -0.630262 -1.02963
6.33545 0.548084 0.258557 -0.741443 -0.691574 -0.945464

6.33545 0.548076 0.242098 -0.757902 -0.691434 -0.945499
6.33933 0.549316 0.242098 -0.757902 -0.722858 -0.911613

6.33928 0.549316 0.242098 -0.757902 -0.722723 -0.911971
6.34277 0.550431 0.242098 -0.757902 -0.755589 -0.883605

6.34277 0.550424 0.224844 -0.775156 -0.755438 -0.883623
6.3501 0.552548 0.224844 -0.775156 -0.827445 -0.812757

6.3501 0.552547 0.206843 -0.793157 -0.827414 -0.81276
6.35742 0.554457 0.206843 -0.793157 -0.879349 -0.720674

6.35742 0.554455 0.188508 -0.811492 -0.879328 -0.720682
6.36475 0.556157 0.188508 -0.811492 -0.918021 -0.645887

6.36475 0.556154 0.169947 -0.830053 -0.917981 -0.645893
6.36712 0.556641 0.169947 -0.830053 -0.929782 -0.626272

6.36712 0.556641 0.169947 -0.830053 -0.929775 -0.626309
6.37207 0.557655 0.169947 -0.830053 -0.960414 -0.578661

6.37207 0.557654 0.150922 -0.849078 -0.960402 -0.578662
6.37939 0.558956 0.150922 -0.849078 -1.00743 -0.497195

6.37939 0.558954 0.131395 -0.868605 -1.0074 -0.497198
6.38672 0.560062 0.131395 -0.868605 -1.04818 -0.412237

6.38672 0.560061 0.11158 -0.88842 -1.04815 -0.41224
6.39404 0.560981 0.11158 -0.88842 -1.06965 -0.337579

6.39404 0.560981 0.0910861 -0.908914 -1.06965 -0.337578
6.40137 0.561715 0.0910861 -0.908914 -1.08905 -0.27021

6.40137 0.561717 0.0691783 -0.930822 -1.08906 -0.270202
6.40869 0.562261 0.0691783 -0.930822 -1.113 -0.197963

6.40869 0.562263 0.0452561 -0.954744 -1.11302 -0.197952
6.41602 0.56261 0.0452561 -0.954744 -1.13801 -0.111359

6.41602 0.562611 0.0192262 -0.980774 -1.13803 -0.111354
6.42334 0.562755 0.0192262 -0.980774 -1.15728 -0.00953961

6.42334 0.562755 -0.00837875 -0.991621 -1.15728 -0.00954014
6.43066 0.562693 -0.00837875 -0.991621 -1.16504 0.100055

6.43066 0.562692 -0.0348408 -0.965159 -1.16502 0.100055
6.43799 0.562427 -0.0348408 -0.965159 -1.16036 0.206633

6.43799 0.562426 -0.0592966 -0.940703 -1.16034 0.206635
6.44531 0.561964 -0.0592966 -0.940703 -1.14709 0.302697

6.44531 0.561964 -0.0820804 -0.91792 -1.14709 0.302699
6.45264 0.561309 -0.0820804 -0.91792 -1.13044 0.387871

6.45264 0.561309 -0.103726 -0.896274 -1.13045 0.38787
6.45996 0.560461 -0.103726 -0.896274 -1.11461 0.467789

6.45996 0.560463 -0.124691 -0.875309 -1.11462 0.467786
6.46729 0.559419 -0.124691 -0.875309 -1.08943 0.545828

6.46729 0.55942 -0.14515 -0.85485 -1.08946 0.545828
6.47461 0.558177 -0.14515 -0.85485 -1.06112 0.625121

6.48926 0.555088 -0.183343 -0.816657 -1.01428 0.772734
6.48234 0.556641 -0.183343 -0.816657 -1.03589 0.695369

6.48926 0.555089 -0.201413 -0.798587 -1.01429 0.772733
6.49658 0.553241 -0.201413 -0.798587 -0.982069 0.880325

6.49658 0.553242 -0.218892 -0.781108 -0.982076 0.880321
6.50391 0.551189 -0.218892 -0.781108 -0.923224 0.96203

6.47461 0.558176 -0.1647 -0.8353 -1.0611 0.62512
6.48193 0.556732 -0.1647 -0.8353 -1.03697 0.692196

6.48193 0.556733 -0.183343 -0.816657 -1.03699 0.692196
6.48234 0.556641 -0.183343 -0.816657 -1.0359 0.695384

6.5625 0.526941 -0.344164 -0.655836 1e+30 1e+30
6.56173 0.527344 -0.344164 -0.655836 -0.451014 1.47267

6.51123 0.548951 -0.235652 -0.764348 -0.874752 1.01606
6.51005 0.549316 -0.235652 -0.764348 -0.881305 1.00957

6.50391 0.551185 -0.235652 -0.764348 -0.923114 0.962029
6.50997 0.549316 -0.235652 -0.764348 -0.88127 1.00918

6.51123 0.548935 -0.252274 -0.747726 -0.874436 1.01609
6.51855 0.546464 -0.252274 -0.747726 -0.834988 1.09246

6.5332 0.54087 -0.285086 -0.714914 -0.726324 1.21975
6.53039 0.541992 -0.285086 -0.714914 -0.746655 1.19739

6.51855 0.546465 -0.268987 -0.731013 -0.83501 1.09245
6.52588 0.54377 -0.268987 -0.731013 -0.778958 1.16634

6.52588 0.543756 -0.285086 -0.714914 -0.778628 1.16633
6.5303 0.541992 -0.285086 -0.714914 -0.746646 1.19678

6.5332 0.540851 -0.300723 -0.699277 -0.725977 1.2198
6.54053 0.537702 -0.300723 -0.699277 -0.670851 1.30056

6.54785 0.534374 -0.315515 -0.684485 -0.593877 1.35667
6.54721 0.534668 -0.315515 -0.684485 -0.599461 1.35413

6.54053 0.537692 -0.315515 -0.684485 -0.670589 1.30054
6.54709 0.534668 -0.315515 -0.684485 -0.599276 1.35367

6.54785 0.534328 -0.329952 -0.670048 -0.592849 1.3567
6.55518 0.530721 -0.329952 -0.670048 -0.530711 1.42691

6.55518 0.53071 -0.344164 -0.655836 -0.530397 1.4269
6.56159 0.527344 -0.344164 -0.655836 -0.450699 1.47264

6.79688 0.170095 -0.819292 -0.180708 1e+30 1e+30
6.79562 0.175781 -0.819292 -0.180708 1.96525 0.78387

6.79562 0.175781 -0.812076 -0.187924 1.96523 0.783862
6.79393 0.183105 -0.812076 -0.187924 1.95276 0.812671

6.79393 0.183105 -0.804404 -0.195596 1.95276 0.812671
6.79215 0.19043 -0.804404 -0.195596 1.94432 0.844539

6.78955 0.20051 -0.790031 -0.209969 1.91348 0.886918
6.78834 0.205078 -0.790031 -0.209969 1.90051 0.90523

6.79215 0.19043 -0.797054 -0.202946 1.94433 0.844542
6.79028 0.197754 -0.797054 -0.202946 1.92117 0.876073

6.78955 0.200491 -0.790031 -0.209969 1.91357 0.886852
6.79028 0.197754 -0.790031 -0.209969 1.92119 0.876079

6.78223 0.226337 -0.769468 -0.230532 1.83893 1.00481
6.78201 0.227051 -0.769468 -0.230532 1.83533 1.00801

6.782 0.227051 -0.762765 -0.237235 1.83542 1.00806
6.77972 0.234375 -0.762765 -0.237235 1e+30 1e+30

6.78834 0.205078 -0.783083 -0.216917 1.90052 0.905233
6.78631 0.212402 -0.783083 -0.216917 1.88258 0.936877

6.78631 0.212402 -0.776164 -0.223836 1.88258 0.936877
6.78419 0.219727 -0.776164 -0.223836 1.86449 0.97256

6.78223 0.226287 -0.769468 -0.230532 1.8393 1.00465
6.78419 0.219727 -0.769468 -0.230532 1.86451 0.972567

6.64307 0.467018 -0.490931 -0.509069 0.355648 1.76913
6.64127 0.46875 -0.490931 -0.509069 1e+30 1e+30

6.65039 0.459719 -0.503725 -0.496275 0.437574 1.77479
6.64871 0.461426 -0.503725 -0.496275 0.41882 1.77445

6.64307 0.466955 -0.496938 -0.503062 0.356605 1.76914
6.64866 0.461426 -0.496938 -0.503062 0.419006 1.77444

6.67236 0.435501 -0.543557 -0.456443 0.671593 1.77449
6.66904 0.439453 -0.543557 -0.456443 0.636589 1.78231

6.67969 0.42666 -0.550941 -0.449059 1e+30 1e+30
6.67523 0.432129 -0.550941 -0.449059 0.693413 1.77166

6.67236 0.435525 -0.546262 -0.453738 0.671286 1.77455
6.67518 0.432129 -0.546262 -0.453738 0.693741 1.77158

6.65771 0.452044 -0.516438 -0.483562 0.516144 1.77814
6.65579 0.454102 -0.516438 -0.483562 0.495162 1.77636

6.66504 0.443982 -0.529594 -0.470406 0.59932 1.7824
6.66256 0.446777 -0.529594 -0.470406 0.570211 1.78423

6.65771 0.452031 -0.523164 -0.476836 0.516315 1.77814
6.6625 0.446777 -0.523164 -0.476836 0.570406 1.7843

6.65039 0.459687 -0.510931 -0.489069 0.438052 1.77478
6.65574 0.454102 -0.510931 -0.489069 0.495374 1.77631

6.66504 0.443986 -0.535825 -0.464175 0.599263 1.7824
6.66897 0.439453 -0.535825 -0.464175 0.636834 1.78257

