6.79688 0.362484 0.63299 -0.36701 1.73564 -0.947361
6.79904 0.366211 0.63299 -0.36701 1.71945 -0.961399

6.79902 0.366211 0.625262 -0.374738 1.71938 -0.961353
6.80341 0.373535 0.625262 -0.374738 1.67721 -0.992527

6.80339 0.373535 0.620782 -0.379218 1.67713 -0.99241
6.8042 0.374862 0.620782 -0.379218 1.6667 -0.997632

6.8042 0.374796 0.61716 -0.38284 1.66735 -0.99758
6.80796 0.380859 0.61716 -0.38284 1.63808 -1.02683

6.80795 0.380859 0.609273 -0.390727 1.63804 -1.02677
6.81152 0.38643 0.609273 -0.390727 1.60942 -1.06327

6.81152 0.386398 0.611141 -0.388859 1.60985 -1.06318
6.81266 0.388184 0.611141 -0.388859 1.59187 -1.0754

6.81265 0.388184 0.601275 -0.398725 1.59181 -1.07532
6.8175 0.395508 0.601275 -0.398725 1.52118 -1.11354

6.81749 0.395508 0.59902 -0.40098 1.52111 -1.11346
6.81885 0.39754 0.59902 -0.40098 1.50219 -1.12095

6.81885 0.397444 0.593374 -0.406626 1.50333 -1.1209
6.82254 0.402832 0.593374 -0.406626 1.47252 -1.14938

6.82252 0.402832 0.58571 -0.41429 1.47245 -1.14914
6.82617 0.408 0.58571 -0.41429 1.43771 -1.18977

6.82617 0.407941 0.590162 -0.409838 1.43823 -1.18978
6.82771 0.410156 0.590162 -0.409838 1.42343 -1.20243

6.8277 0.410156 0.577254 -0.422746 1.42339 -1.20231
6.83306 0.41748 0.577254 -0.422746 1.36395 -1.24304

6.83301 0.41748 0.57382 -0.42618 1.36387 -1.24264
6.8335 0.418132 0.57382 -0.42618 1.35637 -1.24637

6.8335 0.418044 0.568569 -0.431431 1.35749 -1.2464
6.83863 0.424805 0.568569 -0.431431 1.29878 -1.28649

6.83861 0.424805 0.566084 -0.433916 1.29875 -1.28632
6.84082 0.427687 0.566084 -0.433916 1.2784 -1.30856

6.84082 0.427578 0.560618 -0.439382 1.27934 -1.3086
6.84439 0.432129 0.560618 -0.439382 1.23593 -1.34073

6.84437 0.432129 0.553125 -0.446875 1.2359 -1.34051
6.84814 0.436806 0.553125 -0.446875 1.18341 -1.36067

6.84814 0.436743 0.552338 -0.447662 1.18418 -1.36085
6.85034 0.439453 0.552338 -0.447662 1.15009 -1.3727

6.85032 0.439453 0.541415 -0.458585 1.1501 -1.37247
6.85547 0.445537 0.541415 -0.458585 1.07564 -1.38818

6.85547 0.44552 0.538819 -0.461181 1.07585 -1.38826
6.85654 0.446777 0.538819 -0.461181 1.05975 -1.39117

6.85652 0.446777 0.530717 -0.469283 1.05979 -1.39095
6.86279 0.453875 0.530717 -0.469283 0.987025 -1.41151

6.86279 0.453868 0.526176 -0.473824 0.987085 -1.41154
6.863 0.454102 0.526176 -0.473824 0.98516 -1.4124

6.863 0.454102 0.520357 -0.479643 0.985162 -1.41236
6.86975 0.461426 0.520357 -0.479643 0.925808 -1.44189

6.86969 0.461426 0.515246 -0.484754 0.925844 -1.44139
6.87012 0.461881 0.515246 -0.484754 0.922569 -1.44314

6.87012 0.461819 0.509763 -0.490237 0.922979 -1.44339
6.87678 0.46875 0.509763 -0.490237 0.840942 -1.46614

6.8767 0.46875 0.503675 -0.496325 0.841117 -1.46551
6.87744 0.469501 0.503675 -0.496325 0.829274 -1.46768

6.87744 0.46942 0.497176 -0.502824 0.830375 -1.46807
6.88417 0.476074 0.497176 -0.502824 0.73359 -1.48402

6.88406 0.476074 0.491833 -0.508167 0.733911 -1.48326
6.88477 0.476755 0.491833 -0.508167 0.72348 -1.48465

6.88477 0.476659 0.485959 -0.514041 0.72467 -1.48515
6.8919 0.483398 0.485959 -0.514041 0.634421 -1.49721

6.89179 0.483398 0.48059 -0.51941 0.634691 -1.49643
6.89209 0.483674 0.48059 -0.51941 0.631697 -1.49708

6.89209 0.483586 0.474869 -0.525131 0.632397 -1.49759
6.89941 0.49021 0.474869 -0.525131 0.555832 -1.52555

6.89941 0.4902 0.467355 -0.532645 0.555918 -1.52561
6.90001 0.490723 0.467355 -0.532645 0.549249 -1.52839

6.9 0.490723 0.462696 -0.537304 0.549278 -1.52829
6.90674 0.496525 0.462696 -0.537304 0.465279 -1.54501

6.90674 0.49649 0.451443 -0.548557 0.465681 -1.5453
6.90863 0.498047 0.451443 -0.548557 0.439815 -1.54628

6.9086 0.498047 0.449586 -0.550414 0.439958 -1.54603
6.91406 0.502512 0.449586 -0.550414 0.357709 -1.53529

6.91406 0.502493 0.435793 -0.564207 0.357907 -1.53546
6.91779 0.505371 0.435793 -0.564207 0.309931 -1.52322

6.91768 0.505371 0.433382 -0.566618 0.310301 -1.5229
6.92139 0.508206 0.433382 -0.566618 0.265495 -1.51809

6.92139 0.508194 0.425426 -0.574574 0.26565 -1.51815
6.92747 0.512695 0.425426 -0.574574 0.194903 -1.50645

6.92735 0.512695 0.418159 -0.581841 0.19526 -1.50603
6.92871 0.513672 0.418159 -0.581841 0.180126 -1.50521

6.92871 0.513633 0.412339 -0.587661 0.180565 -1.50545
6.93604 0.518772 0.412339 -0.587661 0.0940358 -1.50178

6.93604 0.518753 0.396485 -0.603515 0.0942954 -1.50192
6.93796 0.52002 0.396485 -0.603515 0.0692622 -1.5005

6.93791 0.52002 0.398719 -0.601281 0.0694551 -1.50029
6.94336 0.523631 0.398719 -0.601281 -0.0138072 -1.47309

6.94336 0.523613 0.384999 -0.615001 -0.0134735 -1.47317
6.94932 0.527344 0.384999 -0.615001 -0.0867815 -1.42678

6.94922 0.527344 0.380666 -0.619334 -0.0865266 -1.42692
6.95068 0.528245 0.380666 -0.619334 -0.104298 -1.4203

6.95068 0.528207 0.370888 -0.629112 -0.103704 -1.4205
6.95801 0.532525 0.370888 -0.629112 -0.196432 -1.371

6.95801 0.532501 0.357056 -0.642944 -0.196199 -1.37116
6.96191 0.534668 0.357056 -0.642944 -0.231752 -1.33897

6.96185 0.534668 0.357056 -0.642944 -0.231671 -1.33905
6.96533 0.536604 0.357056 -0.642944 -0.256872 -1.32747

6.96533 0.536583 0.343651 -0.656349 -0.256647 -1.32755
6.97266 0.540418 0.343651 -0.656349 -0.32286 -1.30784

6.97266 0.540396 0.330188 -0.669812 -0.322578 -1.30798
6.97589 0.541992 0.330188 -0.669812 -0.352955 -1.30185

6.97582 0.541992 0.330188 -0.669812 -0.352735 -1.30176
6.97998 0.544042 0.330188 -0.669812 -0.398297 -1.28581

6.97998 0.544031 0.315858 -0.684142 -0.398135 -1.28587
6.9873 0.547412 0.315858 -0.684142 -0.483457 -1.24115

6.9873 0.547397 0.300484 -0.699516 -0.48318 -1.24128
6.99177 0.549316 0.300484 -0.699516 -0.535447 -1.20848

6.99169 0.549316 0.300484 -0.699516 -0.53507 -1.20887
6.99463 0.55058 0.300484 -0.699516 -0.573989 -1.18946

6.99463 0.550559 0.284323 -0.715677 -0.573566 -1.18955
7.00195 0.553469 0.284323 -0.715677 -0.669053 -1.11182

7.00195 0.553467 0.267437 -0.732563 -0.669021 -1.11184
7.00928 0.556141 0.267437 -0.732563 -0.737178 -1.03388

7.00928 0.556133 0.25039 -0.74961 -0.737035 -1.03391
7.0108 0.556641 0.25039 -0.74961 -0.750284 -1.02564

7.01078 0.556641 0.25039 -0.74961 -0.750225 -1.02573
7.0166 0.558587 0.25039 -0.74961 -0.810312 -0.974647

7.0166 0.558586 0.232745 -0.767255 -0.8103 -0.974649
7.02393 0.560808 0.232745 -0.767255 -0.886047 -0.883291

7.02393 0.560807 0.214286 -0.785714 -0.88603 -0.883299
7.03125 0.562804 0.214286 -0.785714 1e+30 1e+30

