27.3993 0 0.995477 -0.00452291 2.77815 0
27.3993 0.00732422 0.995477 -0.00452291 2.78341 -0.00817163

27.3993 0.00732422 0.987059 -0.0129413 2.78341 -0.0081731
27.3994 0.0146484 0.987059 -0.0129413 2.78775 -0.0193521

27.3994 0.0146484 0.975871 -0.0241294 2.78772 -0.0193458
27.3998 0.0292969 0.975871 -0.0241294 2.78415 -0.0303904

27.3997 0.0292969 0.954414 -0.0455857 2.78405 -0.0303736
27.4011 0.0585938 0.954414 -0.0455857 2.77282 -0.0548184

27.4011 0.0585938 0.926726 -0.0732743 2.77281 -0.0548146
27.4034 0.0878906 0.926726 -0.0732743 2.76792 -0.0744707

27.4035 0.0878906 0.906698 -0.0933018 2.76801 -0.0744912
27.405 0.102539 0.906698 -0.0933018 2.76184 -0.0833963

27.405 0.102539 0.893783 -0.106217 2.76184 -0.0833946
27.4067 0.117188 0.893783 -0.106217 2.75771 -0.0932488

27.4067 0.117188 0.88034 -0.11966 2.75768 -0.0932357
27.4072 0.121067 0.88034 -0.11966 2.77343 -0.0942313

27.4072 0.120867 0.883586 -0.116414 2.77422 -0.093953
27.4077 0.124512 0.883586 -0.116414 2.7611 -0.0995099

27.4077 0.124512 0.876489 -0.123511 2.76107 -0.099501
27.4087 0.131836 0.876489 -0.123511 2.7456 -0.107077

27.4087 0.131836 0.87062 -0.12938 2.7456 -0.107072
27.4098 0.13916 0.87062 -0.12938 2.74507 -0.110656

27.4098 0.13916 0.864176 -0.135824 2.74507 -0.110656
27.411 0.146484 0.864176 -0.135824 2.74288 -0.11075

27.411 0.146484 0.858494 -0.141506 2.74288 -0.110757
27.4122 0.153809 0.858494 -0.141506 2.74129 -0.115127

27.4122 0.153809 0.853133 -0.146867 2.74128 -0.115118
27.4134 0.161133 0.853133 -0.146867 2.74713 -0.123624

27.4134 0.161133 0.846925 -0.153075 2.74713 -0.123611
27.4146 0.167318 0.846925 -0.153075 2.75038 -0.130875

27.4146 0.16732 0.846925 -0.153075 2.75038 -0.130877
27.4148 0.168457 0.846925 -0.153075 2.74861 -0.132881

27.4148 0.168457 0.840679 -0.159321 2.74861 -0.13289
27.4161 0.175781 0.840679 -0.159321 2.74034 -0.13392

27.4161 0.175781 0.832051 -0.167949 2.74033 -0.133906
27.4191 0.19043 0.832051 -0.167949 2.72812 -0.141

27.4191 0.19043 0.820295 -0.179705 2.72811 -0.14099
27.4219 0.203177 0.820295 -0.179705 2.72159 -0.150886

27.4219 0.203173 0.820295 -0.179705 2.72159 -0.150884
27.4223 0.205078 0.820295 -0.179705 2.71909 -0.148622

27.4223 0.205078 0.811386 -0.188614 2.7191 -0.148648
27.424 0.212402 0.811386 -0.188614 2.71716 -0.150781

27.424 0.212402 0.805818 -0.194182 2.71715 -0.15078
27.4258 0.219727 0.805818 -0.194182 2.71942 -0.158082

27.4258 0.219727 0.800133 -0.199867 2.71942 -0.15808
27.4276 0.227051 0.800133 -0.199867 2.71995 -0.17063

27.4276 0.227051 0.794386 -0.205614 2.71995 -0.170628
27.4292 0.233207 0.794386 -0.205614 2.71799 -0.18016

27.4292 0.233206 0.794386 -0.205614 2.71799 -0.18016
27.4295 0.234375 0.794386 -0.205614 2.71704 -0.181555

27.4295 0.234375 0.788706 -0.211294 2.71704 -0.181555
27.4315 0.241699 0.788706 -0.211294 2.71341 -0.188666

27.4315 0.241699 0.783012 -0.216988 2.7134 -0.188664
27.4335 0.249023 0.783012 -0.216988 2.71163 -0.19626

27.4335 0.249023 0.777363 -0.222637 2.71163 -0.196262
27.4356 0.256348 0.777363 -0.222637 2.70746 -0.204951

27.4356 0.256348 0.771879 -0.228121 2.70746 -0.204947
27.4365 0.259506 0.771879 -0.228121 2.70541 -0.207873

27.4365 0.2595 0.771879 -0.228121 2.70542 -0.207872
27.4378 0.263672 0.771879 -0.228121 2.70365 -0.213612

27.4378 0.263672 0.7663 -0.2337 2.70365 -0.213608
27.44 0.270996 0.7663 -0.2337 2.70613 -0.225362

27.44 0.270996 0.760611 -0.239389 2.70613 -0.225362
27.4423 0.27832 0.760611 -0.239389 2.70044 -0.24644

27.4423 0.27832 0.755011 -0.244989 2.70044 -0.246437
27.4438 0.283113 0.755011 -0.244989 2.68972 -0.258003

27.4438 0.283103 0.755011 -0.244989 2.68976 -0.257994
27.4447 0.285645 0.755011 -0.244989 2.68145 -0.262365

27.4447 0.285645 0.74955 -0.25045 2.68145 -0.262359
27.4471 0.292969 0.74955 -0.25045 2.66649 -0.274457

27.4471 0.292969 0.744183 -0.255817 2.66649 -0.274457
27.4496 0.300293 0.744183 -0.255817 2.65737 -0.289065

27.4496 0.300293 0.738929 -0.261071 2.65737 -0.289062
27.4512 0.304645 0.738929 -0.261071 2.65046 -0.296644

27.4512 0.304637 0.738929 -0.261071 2.65047 -0.296638
27.4522 0.307617 0.738929 -0.261071 2.64681 -0.301068

27.4522 0.307617 0.733681 -0.266319 2.64681 -0.301062
27.4549 0.314941 0.733681 -0.266319 2.64589 -0.314029

27.4549 0.314941 0.728357 -0.271643 2.64589 -0.314027
27.4576 0.322266 0.728357 -0.271643 2.63673 -0.340139

27.4576 0.322266 0.723208 -0.276792 2.63673 -0.340114
27.4585 0.324587 0.723208 -0.276792 2.63047 -0.346916

27.4585 0.324565 0.723208 -0.276792 2.63054 -0.346895
27.4604 0.32959 0.723208 -0.276792 2.62076 -0.359936

27.4604 0.32959 0.717929 -0.282071 2.62075 -0.359917
27.4633 0.336914 0.717929 -0.282071 2.61343 -0.384049

27.4633 0.336914 0.71228 -0.28772 2.61343 -0.384043
27.4658 0.343176 0.71228 -0.28772 2.59972 -0.40765

27.4658 0.343173 0.71228 -0.28772 2.59973 -0.407647
27.4663 0.344238 0.71228 -0.28772 2.59613 -0.410932

27.4662 0.344238 0.706593 -0.293407 2.59613 -0.410926
27.4693 0.351562 0.706593 -0.293407 2.58476 -0.43149

27.4693 0.351562 0.70084 -0.29916 2.58476 -0.431486
27.4724 0.358887 0.70084 -0.29916 2.56497 -0.460682

27.4724 0.358887 0.695295 -0.304705 2.56495 -0.460633
27.4731 0.360569 0.695295 -0.304705 2.55688 -0.466705

27.4731 0.360537 0.695295 -0.304705 2.55705 -0.466667
27.4756 0.366211 0.695295 -0.304705 2.54208 -0.485969

27.4756 0.366211 0.689757 -0.310243 2.54206 -0.485945
27.4789 0.373535 0.689757 -0.310243 2.52413 -0.518564

27.4789 0.373535 0.684187 -0.315813 2.52412 -0.518534
27.4805 0.376901 0.684187 -0.315813 2.51066 -0.532104

27.4805 0.376877 0.684187 -0.315813 2.51077 -0.532085
27.4823 0.380859 0.684187 -0.315813 2.5013 -0.547027

27.4823 0.380859 0.678465 -0.321535 2.50127 -0.546984
27.4858 0.388184 0.678465 -0.321535 2.48712 -0.584276

27.4858 0.388184 0.672686 -0.327314 2.48712 -0.584251
27.4878 0.392348 0.672686 -0.327314 2.47348 -0.608145

27.4878 0.392324 0.672686 -0.327314 2.47363 -0.608106
27.4893 0.395508 0.672686 -0.327314 2.45865 -0.623069

27.4893 0.395508 0.667001 -0.332999 2.45862 -0.623014
27.493 0.402832 0.667001 -0.332999 2.42886 -0.656749

27.493 0.402832 0.661308 -0.338692 2.42885 -0.656717
27.4951 0.406994 0.661308 -0.338692 2.40862 -0.676306

27.4951 0.406969 0.661308 -0.338692 2.40878 -0.676264
27.4967 0.410156 0.661308 -0.338692 2.39482 -0.690568

27.4967 0.410156 0.655377 -0.344623 2.39478 -0.690505
27.5006 0.41748 0.655377 -0.344623 2.36729 -0.734139

27.5006 0.41748 0.649473 -0.350527 2.36728 -0.734072
27.5024 0.420923 0.649473 -0.350527 2.34951 -0.757697

27.5024 0.420889 0.649473 -0.350527 2.34972 -0.757659
27.5046 0.424805 0.649473 -0.350527 2.33804 -0.781172

27.5045 0.424805 0.643516 -0.356484 2.33798 -0.781068
27.5086 0.432129 0.643516 -0.356484 2.30037 -0.832325

27.5086 0.432129 0.637729 -0.362271 2.30035 -0.832128
27.5098 0.434216 0.637729 -0.362271 2.28245 -0.846176

27.5098 0.434157 0.637729 -0.362271 2.283 -0.846132
27.5128 0.439453 0.637729 -0.362271 2.26478 -0.879992

27.5128 0.439453 0.631752 -0.368248 2.26468 -0.879862
27.517 0.446777 0.631752 -0.368248 2.21229 -0.936241

27.517 0.446777 0.63212 -0.36788 2.21222 -0.935845
27.5171 0.44696 0.63212 -0.36788 2.21013 -0.936909

27.5171 0.446882 0.625056 -0.374944 2.21109 -0.93688
27.5214 0.454102 0.625056 -0.374944 2.16554 -0.986011

27.5214 0.454102 0.618386 -0.381614 2.16551 -0.985863
27.5244 0.458969 0.618386 -0.381614 2.14303 -1.03839

27.5244 0.458932 0.618421 -0.381579 2.14349 -1.03829
27.526 0.461426 0.618421 -0.381579 2.11927 -1.06297

27.5259 0.461426 0.610993 -0.389007 2.11916 -1.06273
27.5306 0.46875 0.610993 -0.389007 2.03669 -1.12272

27.5306 0.46875 0.608101 -0.391899 2.03666 -1.12244
27.5317 0.470562 0.608101 -0.391899 2.01189 -1.13436

27.5317 0.470462 0.603806 -0.396194 2.01334 -1.13444
27.5354 0.476074 0.603806 -0.396194 1.97752 -1.17814

27.5354 0.476074 0.596983 -0.403017 1.97747 -1.17774
27.5391 0.481505 0.596983 -0.403017 1.9339 -1.24048

27.5391 0.481456 0.60052 -0.39948 1.93469 -1.2405
27.5404 0.483398 0.60052 -0.39948 1.90553 -1.25647

27.5403 0.483398 0.588924 -0.411076 1.90551 -1.25624
27.5454 0.490723 0.588924 -0.411076 1.81272 -1.3158

27.5454 0.490723 0.587322 -0.412678 1.81271 -1.31524
27.5464 0.492109 0.587322 -0.412678 1.79683 -1.32771

27.5464 0.491993 0.580965 -0.419035 1.79819 -1.32791
27.5508 0.498047 0.580965 -0.419035 1.74832 -1.39005

27.5507 0.498047 0.574787 -0.425213 1.74831 -1.38927
27.5537 0.502093 0.574787 -0.425213 1.71493 -1.44901

27.5537 0.501992 0.575575 -0.424425 1.71652 -1.4492
27.5562 0.505371 0.575575 -0.424425 1.66489 -1.49018

27.5562 0.505371 0.564597 -0.435403 1.66487 -1.48946
27.561 0.511686 0.564597 -0.435403 1.55363 -1.53595

27.561 0.511654 0.563903 -0.436097 1.55421 -1.53614
27.5618 0.512695 0.563903 -0.436097 1.53229 -1.54221

27.5618 0.512695 0.55498 -0.44502 1.53238 -1.54188
27.5677 0.52002 0.55498 -0.44502 1.42887 -1.59662

27.5676 0.52002 0.550593 -0.449407 1.42907 -1.59509
27.5684 0.520935 0.550593 -0.449407 1.42171 -1.60471

27.5684 0.520804 0.546125 -0.453875 1.42251 -1.60538
27.5738 0.527344 0.546125 -0.453875 1.35887 -1.67336

27.5737 0.527344 0.541104 -0.458896 1.35916 -1.672
27.5757 0.529648 0.541104 -0.458896 1.33266 -1.69597

27.5757 0.52953 0.537057 -0.462943 1.33357 -1.69683
27.5801 0.534668 0.537057 -0.462943 1.24585 -1.73477

27.5801 0.534668 0.529289 -0.470711 1.24599 -1.73449
27.583 0.537947 0.529289 -0.470711 1.17831 -1.73972

27.583 0.537852 0.525175 -0.474825 1.17968 -1.7407
27.5868 0.541992 0.525175 -0.474825 1.10938 -1.75465

27.5867 0.541992 0.517043 -0.482957 1.10949 -1.7544
27.5903 0.545844 0.517043 -0.482957 1.04465 -1.77392

27.5903 0.54577 0.511208 -0.488792 1.04553 -1.77449
27.5937 0.549316 0.511208 -0.488792 0.989757 -1.79602

27.5937 0.549316 0.504089 -0.495911 0.989953 -1.7953
27.5977 0.553365 0.504089 -0.495911 0.922971 -1.83187

27.5977 0.553313 0.496708 -0.503292 0.923883 -1.83234
27.601 0.556641 0.496708 -0.503292 0.84677 -1.85689

27.601 0.556641 0.489249 -0.510751 0.847148 -1.85576
27.605 0.560493 0.489249 -0.510751 0.753988 -1.88591

27.605 0.56046 0.480029 -0.519971 0.75448 -1.88626
27.6088 0.563965 0.480029 -0.519971 0.677014 -1.91326

27.6087 0.563965 0.473737 -0.526263 0.677818 -1.91175
27.6123 0.567226 0.473737 -0.526263 0.599813 -1.93345

27.6123 0.56721 0.462857 -0.537143 0.600047 -1.93363
27.617 0.571289 0.462857 -0.537143 0.493975 -1.95142

27.6169 0.571289 0.4588 -0.5412 0.495317 -1.94978
27.6196 0.573601 0.4588 -0.5412 0.431124 -1.95354

27.6196 0.573564 0.450018 -0.549982 0.43172 -1.95401
27.6258 0.578613 0.450018 -0.549982 0.29181 -1.95112

27.6257 0.578613 0.443144 -0.556856 0.293058 -1.95002
27.627 0.579635 0.443144 -0.556856 0.266904 -1.94698

27.627 0.579572 0.434651 -0.565349 0.267769 -1.94783
27.6343 0.585203 0.434651 -0.565349 0.115181 -1.95924

27.6343 0.585187 0.418774 -0.581226 0.115441 -1.95944
27.6353 0.585938 0.418774 -0.581226 0.0936853 -1.96375

27.6353 0.585938 0.418105 -0.581895 0.0939261 -1.96338
27.6416 0.590472 0.418105 -0.581895 -0.0559042 -1.95119

27.6416 0.59043 0.400805 -0.599195 -0.0551077 -1.95184
27.6458 0.593262 0.400805 -0.599195 -0.1527 -1.92262

27.6457 0.593262 0.399495 -0.600505 -0.151541 -1.92225
27.6489 0.5954 0.399495 -0.600505 -0.219124 -1.90509

27.6489 0.595363 0.382954 -0.617046 -0.218482 -1.90555
27.6562 0.599909 0.382954 -0.617046 1e+30 1e+30

