29.4695 0 0.9963 -0.00369954 2.77725 0
29.4695 0.00732422 0.9963 -0.00369954 2.76668 -0.0105686

29.4695 0.00732422 0.989454 -0.0105456 2.76669 -0.0105665
29.4696 0.0146484 0.989454 -0.0105456 2.75185 -0.013642

29.4696 0.0146484 0.982688 -0.0173117 2.75185 -0.0136437
29.4697 0.0219727 0.982688 -0.0173117 2.74015 -0.017041

29.4697 0.0219727 0.975458 -0.024542 2.74015 -0.0170411
29.4699 0.0292969 0.975458 -0.024542 2.73524 -0.0227317

29.4699 0.0292969 0.968054 -0.0319458 2.73524 -0.0227315
29.4701 0.0366211 0.968054 -0.0319458 2.74104 -0.0313548

29.4701 0.0366211 0.960219 -0.0397808 2.74104 -0.0313543
29.4704 0.0439453 0.960219 -0.0397808 2.74468 -0.0412679

29.4704 0.0439453 0.952401 -0.0475992 2.74468 -0.041268
29.4708 0.0512695 0.952401 -0.0475992 2.74737 -0.0494259

29.4708 0.0512695 0.945014 -0.0549858 2.74737 -0.0494259
29.4712 0.0585938 0.945014 -0.0549858 2.7532 -0.0553584

29.4712 0.0585938 0.937906 -0.0620937 2.7532 -0.0553584
29.4717 0.065918 0.937906 -0.0620937 2.7585 -0.0625615

29.4717 0.065918 0.930427 -0.0695731 2.75849 -0.0625622
29.4722 0.0732422 0.930427 -0.0695731 2.75694 -0.0696066

29.4722 0.0732422 0.92311 -0.0768902 2.75694 -0.0696102
29.4727 0.0782967 0.92311 -0.0768902 2.75019 -0.0686198

29.4727 0.0780589 0.92085 -0.07915 2.75036 -0.0684247
29.4735 0.0878906 0.92085 -0.07915 2.75809 -0.0752971

29.4735 0.0878906 0.911933 -0.0880667 2.75808 -0.0752974
29.4742 0.0952148 0.911933 -0.0880667 2.75112 -0.0812115

29.4742 0.0952148 0.904151 -0.0958488 2.75113 -0.0812144
29.475 0.102539 0.904151 -0.0958488 2.7426 -0.0861823

29.475 0.102539 0.894126 -0.105874 2.74257 -0.0861724
29.4767 0.117188 0.894126 -0.105874 2.73908 -0.0907131

29.4766 0.117188 0.874924 -0.125076 2.73902 -0.0906681
29.4808 0.146484 0.874924 -0.125076 2.7262 -0.104496

29.4809 0.146484 0.856625 -0.143375 2.72626 -0.10456
29.4834 0.161133 0.856625 -0.143375 2.71981 -0.108298

29.4833 0.161133 0.844836 -0.155164 2.71981 -0.108295
29.486 0.175781 0.844836 -0.155164 2.72395 -0.111348

29.4861 0.175781 0.835934 -0.164066 2.72397 -0.111363
29.4873 0.182153 0.835934 -0.164066 2.72652 -0.113665

29.4873 0.182153 0.835934 -0.164066 2.72652 -0.113665
29.4875 0.183105 0.835934 -0.164066 2.72533 -0.114404

29.4875 0.183105 0.830016 -0.169984 2.72533 -0.114404
29.489 0.19043 0.830016 -0.169984 2.71839 -0.117876

29.489 0.19043 0.824456 -0.175544 2.71839 -0.117878
29.4906 0.197754 0.824456 -0.175544 2.72324 -0.12027

29.4906 0.197754 0.818924 -0.181076 2.72324 -0.120267
29.4922 0.205078 0.818924 -0.181076 2.72683 -0.123428

29.4922 0.205078 0.813181 -0.186819 2.72683 -0.123428
29.4939 0.212402 0.813181 -0.186819 2.72078 -0.119834

29.4939 0.212402 0.807611 -0.192389 2.72078 -0.119834
29.4946 0.215657 0.807611 -0.192389 2.71907 -0.116593

29.4946 0.215656 0.807611 -0.192389 2.71907 -0.116594
29.4956 0.219727 0.807611 -0.192389 2.71919 -0.118163

29.4956 0.219727 0.802078 -0.197922 2.71919 -0.118162
29.4974 0.227051 0.802078 -0.197922 2.72431 -0.123077

29.4974 0.227051 0.796348 -0.203652 2.7243 -0.123077
29.4993 0.234375 0.796348 -0.203652 2.7255 -0.135642

29.4993 0.234375 0.790464 -0.209536 2.7255 -0.13564
29.5012 0.241699 0.790464 -0.209536 2.71124 -0.14945

29.5012 0.241699 0.784698 -0.215302 2.71124 -0.149449
29.502 0.244382 0.784698 -0.215302 2.7046 -0.152315

29.502 0.244371 0.784698 -0.215302 2.70463 -0.152307
29.5032 0.249023 0.784698 -0.215302 2.69549 -0.1569

29.5032 0.249023 0.779089 -0.220911 2.69549 -0.156899
29.5053 0.256348 0.779089 -0.220911 2.68981 -0.166569

29.5053 0.256348 0.773555 -0.226445 2.68981 -0.166569
29.5074 0.263672 0.773555 -0.226445 2.69275 -0.187836

29.5074 0.263672 0.768066 -0.231934 2.69274 -0.187834
29.5093 0.269727 0.768066 -0.231934 2.6915 -0.205039

29.5093 0.269725 0.768066 -0.231934 2.69151 -0.205036
29.5097 0.270996 0.768066 -0.231934 2.68975 -0.208517

29.5097 0.270996 0.76269 -0.23731 2.68975 -0.208518
29.5119 0.27832 0.76269 -0.23731 2.68378 -0.224461

29.5119 0.27832 0.757357 -0.242643 2.68377 -0.224458
29.5143 0.285645 0.757357 -0.242643 2.67561 -0.235552

29.5143 0.285645 0.752053 -0.247947 2.67561 -0.235554
29.5166 0.292667 0.752053 -0.247947 2.66327 -0.242723

29.5166 0.292664 0.752053 -0.247947 2.66327 -0.242723
29.5167 0.292969 0.752053 -0.247947 2.66284 -0.242927

29.5167 0.292969 0.746839 -0.253161 2.66283 -0.242925
29.5192 0.300293 0.746839 -0.253161 2.65969 -0.251653

29.5192 0.300293 0.741408 -0.258592 2.65969 -0.251651
29.5217 0.307617 0.741408 -0.258592 2.66098 -0.27615

29.5217 0.307617 0.735862 -0.264138 2.66098 -0.27615
29.5239 0.313716 0.735862 -0.264138 2.65013 -0.297301

29.5239 0.313714 0.735862 -0.264138 2.65013 -0.297298
29.5244 0.314941 0.735862 -0.264138 2.64604 -0.300906

29.5244 0.314941 0.730553 -0.269447 2.64604 -0.300907
29.5271 0.322266 0.730553 -0.269447 2.63338 -0.319798

29.5271 0.322266 0.72528 -0.27472 2.63338 -0.319794
29.5298 0.32959 0.72528 -0.27472 2.62149 -0.340067

29.5298 0.32959 0.719966 -0.280034 2.62149 -0.340057
29.5312 0.333217 0.719966 -0.280034 2.61148 -0.347624

29.5312 0.333205 0.719966 -0.280034 2.61152 -0.34762
29.5327 0.336914 0.719966 -0.280034 2.60627 -0.355341

29.5327 0.336914 0.714528 -0.285472 2.60627 -0.355326
29.5356 0.344238 0.714528 -0.285472 2.60578 -0.380226

29.5356 0.344238 0.708885 -0.291115 2.60578 -0.380223
29.5386 0.351446 0.708885 -0.291115 2.58617 -0.415848

29.5386 0.351443 0.708885 -0.291115 2.58618 -0.415846
29.5386 0.351562 0.708885 -0.291115 2.58564 -0.416283

29.5386 0.351562 0.703481 -0.296519 2.58564 -0.416285
29.5417 0.358887 0.703481 -0.296519 2.56839 -0.440118

29.5417 0.358887 0.698107 -0.301893 2.56838 -0.44011
29.5449 0.366211 0.698107 -0.301893 2.54635 -0.466306

29.5449 0.366211 0.692674 -0.307326 2.54634 -0.46627
29.5459 0.36853 0.692674 -0.307326 2.5357 -0.472011

29.5459 0.368505 0.692674 -0.307326 2.53582 -0.472007
29.5481 0.373535 0.692674 -0.307326 2.52525 -0.486185

29.5481 0.373535 0.686938 -0.313062 2.52523 -0.486158
29.5515 0.380859 0.686938 -0.313062 2.51407 -0.525939

29.5515 0.380859 0.68114 -0.31886 2.51406 -0.525908
29.5532 0.38463 0.68114 -0.31886 2.50308 -0.548173

29.5532 0.384605 0.68114 -0.31886 2.5032 -0.548134
29.5549 0.388184 0.68114 -0.31886 2.49106 -0.565144

29.5549 0.388184 0.675506 -0.324494 2.49103 -0.565089
29.5584 0.395508 0.675506 -0.324494 2.46775 -0.599985

29.5584 0.395508 0.670044 -0.329956 2.46775 -0.599967
29.5605 0.399855 0.670044 -0.329956 2.44861 -0.620489

29.5605 0.399831 0.670044 -0.329956 2.44877 -0.620459
29.562 0.402832 0.670044 -0.329956 2.4333 -0.633094

29.562 0.402832 0.664486 -0.335514 2.43327 -0.633027
29.5657 0.410156 0.664486 -0.335514 2.40803 -0.66963

29.5657 0.410156 0.658695 -0.341305 2.40802 -0.669592
29.5679 0.414331 0.658695 -0.341305 2.39325 -0.693704

29.5679 0.414308 0.658695 -0.341305 2.39337 -0.69366
29.5695 0.41748 0.658695 -0.341305 2.38328 -0.710652

29.5695 0.41748 0.652661 -0.347339 2.38324 -0.710576
29.5734 0.424805 0.652661 -0.347339 2.35586 -0.760116

29.5734 0.424805 0.646869 -0.353131 2.35584 -0.760034
29.5752 0.428104 0.646869 -0.353131 2.33581 -0.784713

29.5752 0.428061 0.646869 -0.353131 2.33611 -0.784647
29.5774 0.432129 0.646869 -0.353131 2.31611 -0.810391

29.5774 0.432129 0.641096 -0.358904 2.31603 -0.810265
29.5815 0.439453 0.641096 -0.358904 2.26227 -0.856539

29.5815 0.439453 0.635226 -0.364774 2.26225 -0.856338
29.5825 0.441267 0.635226 -0.364774 2.24411 -0.864924

29.5825 0.441208 0.635113 -0.364887 2.24472 -0.864958
29.5857 0.446777 0.635113 -0.364887 2.22705 -0.896889

29.5857 0.446777 0.628675 -0.371325 2.22694 -0.896779
29.5898 0.453789 0.628675 -0.371325 2.18359 -0.966124

29.5898 0.45378 0.632174 -0.367826 2.1837 -0.966121
29.59 0.454102 0.632174 -0.367826 2.17993 -0.968471

29.59 0.454102 0.621517 -0.378483 2.17992 -0.96845
29.5945 0.461426 0.621517 -0.378483 2.12882 -1.02441

29.5945 0.461426 0.615001 -0.384999 2.12881 -1.02426
29.5972 0.465719 0.615001 -0.384999 2.10598 -1.07012

29.5972 0.465669 0.615001 -0.384999 2.10661 -1.07005
29.5991 0.46875 0.615001 -0.384999 1e+30 1e+30

