23.2759 0 0.992523 -0.00747721 2.77483 0
23.276 0.0146484 0.992523 -0.00747721 2.77564 -0.0205282

23.276 0.0146484 0.977527 -0.022473 2.77563 -0.0205268
23.2764 0.028982 0.977527 -0.022473 2.77952 -0.0422085

23.2764 0.0289699 0.973942 -0.0260582 2.7795 -0.0421902
23.2764 0.0292969 0.973942 -0.0260582 2.77994 -0.0426848

23.2764 0.0292969 0.966119 -0.033881 2.77997 -0.0426885
23.2766 0.0366211 0.966119 -0.033881 2.78053 -0.05348

23.2766 0.0366211 0.957751 -0.0422494 2.78053 -0.0534799
23.277 0.0439453 0.957751 -0.0422494 2.77095 -0.0635585

23.277 0.0439453 0.950221 -0.0497794 2.77096 -0.0635539
23.2774 0.0512695 0.950221 -0.0497794 2.73698 -0.0656007

23.2774 0.0512695 0.944117 -0.0558831 2.73698 -0.065595
23.2778 0.0585938 0.944117 -0.0558831 2.7252 -0.0629851

23.2778 0.0585938 0.937693 -0.0623069 2.7252 -0.0629902
23.2783 0.065918 0.937693 -0.0623069 2.73642 -0.0669253

23.2783 0.065918 0.929847 -0.0701525 2.73641 -0.0669254
23.2788 0.0732422 0.929847 -0.0701525 2.72752 -0.0736389

23.2788 0.0732422 0.922141 -0.0778593 2.72752 -0.0736413
23.2794 0.0805664 0.922141 -0.0778593 2.72707 -0.0788136

23.2794 0.0805664 0.915197 -0.0848026 2.72707 -0.0788152
23.2801 0.0878906 0.915197 -0.0848026 2.73689 -0.0852565

23.2801 0.0878906 0.90801 -0.0919903 2.73688 -0.0852488
23.2809 0.0952148 0.90801 -0.0919903 2.75232 -0.0937078

23.2809 0.0952148 0.902057 -0.0979428 2.75232 -0.0937252
23.2817 0.102539 0.902057 -0.0979428 2.74791 -0.0989847

23.2816 0.102539 0.892715 -0.107285 2.74787 -0.0989415
23.2834 0.117188 0.892715 -0.107285 2.74652 -0.10291

23.2833 0.117188 0.874234 -0.125766 2.74644 -0.102859
23.2876 0.146484 0.874234 -0.125766 2.74105 -0.119181

23.2876 0.146484 0.85648 -0.14352 2.74111 -0.119232
23.2901 0.161133 0.85648 -0.14352 2.74144 -0.126929

23.2901 0.161133 0.847535 -0.152465 2.74147 -0.126945
23.291 0.166327 0.847535 -0.152465 2.74394 -0.131255

23.291 0.166327 0.847535 -0.152465 2.74394 -0.131256
23.2914 0.168457 0.847535 -0.152465 2.74201 -0.134328

23.2914 0.168457 0.841615 -0.158385 2.74202 -0.134333
23.2928 0.175781 0.841615 -0.158385 2.73308 -0.144891

23.2928 0.175781 0.836014 -0.163986 2.73308 -0.144889
23.2942 0.183105 0.836014 -0.163986 2.73564 -0.147184

23.2942 0.183105 0.830097 -0.169903 2.73564 -0.147181
23.2957 0.19043 0.830097 -0.169903 2.73599 -0.144906

23.2957 0.19043 0.823834 -0.176166 2.73599 -0.144907
23.2973 0.197754 0.823834 -0.176166 2.72406 -0.145316

23.2973 0.197754 0.817784 -0.182216 2.72406 -0.145314
23.2983 0.202513 0.817784 -0.182216 2.71809 -0.14522

23.2983 0.20251 0.817784 -0.182216 2.71809 -0.145219
23.2989 0.205078 0.817784 -0.182216 2.71608 -0.145132

23.2989 0.205078 0.812037 -0.187963 2.71608 -0.145133
23.3006 0.212402 0.812037 -0.187963 2.71093 -0.147806

23.3006 0.212402 0.80632 -0.19368 2.71093 -0.147806
23.3024 0.219727 0.80632 -0.19368 2.7108 -0.158332

23.3024 0.219727 0.800535 -0.199465 2.7108 -0.158327
23.3042 0.227051 0.800535 -0.199465 2.7114 -0.177052

23.3042 0.227051 0.794624 -0.205376 2.7114 -0.177047
23.3057 0.232759 0.794624 -0.205376 2.70443 -0.193476

23.3057 0.232728 0.797568 -0.202432 2.70448 -0.193439
23.3061 0.234375 0.797568 -0.202432 2.70223 -0.19039

23.3061 0.234375 0.789004 -0.210996 2.70223 -0.190396
23.308 0.241699 0.789004 -0.210996 2.69519 -0.198378

23.308 0.241699 0.783562 -0.216438 2.69519 -0.198376
23.3101 0.249023 0.783562 -0.216438 2.69819 -0.212366

23.3101 0.249023 0.777959 -0.222041 2.69819 -0.212363
23.3122 0.256348 0.777959 -0.222041 2.69537 -0.233644

23.3122 0.256348 0.77228 -0.22772 2.69537 -0.233632
23.313 0.259183 0.77228 -0.22772 2.69419 -0.24148

23.313 0.259171 0.77228 -0.22772 2.6942 -0.241464
23.3143 0.263672 0.77228 -0.22772 2.68832 -0.250496

23.3143 0.263672 0.766476 -0.233524 2.68832 -0.250489
23.3165 0.270996 0.766476 -0.233524 2.67977 -0.262871

23.3165 0.270996 0.760727 -0.239273 2.67977 -0.262873
23.3188 0.27832 0.760727 -0.239273 2.66907 -0.274054

23.3188 0.27832 0.755183 -0.244817 2.66907 -0.274052
23.3203 0.282837 0.755183 -0.244817 2.66113 -0.279243

23.3203 0.282829 0.755183 -0.244817 2.66115 -0.279239
23.3212 0.285645 0.755183 -0.244817 2.65718 -0.282613

23.3212 0.285645 0.749587 -0.250413 2.65718 -0.282608
23.3237 0.292969 0.749587 -0.250413 2.65388 -0.294305

23.3237 0.292969 0.743811 -0.256189 2.65388 -0.294304
23.3262 0.300293 0.743811 -0.256189 2.64617 -0.319419

23.3262 0.300293 0.738159 -0.261841 2.64617 -0.319415
23.3276 0.30437 0.738159 -0.261841 2.63768 -0.331034

23.3276 0.304358 0.738159 -0.261841 2.63772 -0.331023
23.3288 0.307617 0.738159 -0.261841 2.62939 -0.337743

23.3288 0.307617 0.732745 -0.267255 2.62939 -0.337735
23.3315 0.314941 0.732745 -0.267255 2.62138 -0.353619

23.3315 0.314941 0.727451 -0.272549 2.62138 -0.353621
23.3342 0.322266 0.727451 -0.272549 2.61133 -0.375213

23.3342 0.322266 0.722242 -0.277758 2.61133 -0.375188
23.335 0.324243 0.722242 -0.277758 2.60697 -0.379753

23.335 0.324223 0.722242 -0.277758 2.60703 -0.37974
23.337 0.32959 0.722242 -0.277758 2.59979 -0.392766

23.337 0.32959 0.716726 -0.283274 2.59978 -0.392752
23.3399 0.336914 0.716726 -0.283274 2.59233 -0.420057

23.3399 0.336914 0.710942 -0.289058 2.59233 -0.420052
23.3423 0.342745 0.710942 -0.289058 2.57542 -0.444461

23.3423 0.342737 0.710942 -0.289058 2.57547 -0.44445
23.3429 0.344238 0.710942 -0.289058 2.56889 -0.449602

23.3429 0.344238 0.705281 -0.294719 2.56888 -0.44959
23.346 0.351562 0.705281 -0.294719 2.55019 -0.471923

23.346 0.351562 0.699703 -0.300297 2.55019 -0.471922
23.3491 0.358887 0.699703 -0.300297 2.52721 -0.495381

23.3491 0.358887 0.694275 -0.305725 2.5272 -0.495336
23.3496 0.360074 0.694275 -0.305725 2.52205 -0.498494

23.3496 0.360044 0.694275 -0.305725 2.5222 -0.498473
23.3523 0.366211 0.694275 -0.305725 2.5099 -0.516808

23.3523 0.366211 0.688671 -0.311329 2.50988 -0.516791
23.3556 0.373535 0.688671 -0.311329 2.49694 -0.555989

23.3556 0.373535 0.683015 -0.316985 2.49693 -0.555936
23.3569 0.376356 0.683015 -0.316985 2.48683 -0.570785

23.3569 0.376327 0.683015 -0.316985 2.48695 -0.570742
23.359 0.380859 0.683015 -0.316985 2.47513 -0.590205

23.359 0.380859 0.677352 -0.322648 2.4751 -0.590161
23.3625 0.388184 0.677352 -0.322648 2.45013 -0.624526

23.3625 0.388184 0.671836 -0.328164 2.45013 -0.624492
23.3643 0.391754 0.671836 -0.328164 2.43201 -0.640303

23.3643 0.391725 0.671836 -0.328164 2.43218 -0.64028
23.3661 0.395508 0.671836 -0.328164 2.41661 -0.656214

23.3661 0.395508 0.666218 -0.333782 2.41658 -0.656154
23.3698 0.402832 0.666218 -0.333782 2.39065 -0.695239

23.3698 0.402832 0.660378 -0.339622 2.39064 -0.695182
23.3716 0.406379 0.660378 -0.339622 2.37474 -0.714706

23.3716 0.40635 0.660378 -0.339622 2.37489 -0.71469
23.3735 0.410156 0.660378 -0.339622 2.36524 -0.734931

23.3735 0.410156 0.654302 -0.345698 2.36519 -0.734851
23.3774 0.41748 0.654302 -0.345698 2.33766 -0.784089

23.3774 0.41748 0.648318 -0.351682 2.33764 -0.783965
23.3789 0.420283 0.648318 -0.351682 2.3193 -0.80388

23.3789 0.420236 0.648318 -0.351682 2.31965 -0.803824
23.3814 0.424805 0.648318 -0.351682 2.30035 -0.832292

23.3814 0.424805 0.642371 -0.357629 2.30028 -0.832179
23.3854 0.432129 0.642371 -0.357629 2.24913 -0.876944

23.3854 0.432129 0.636728 -0.363272 2.2491 -0.876725
23.3862 0.433545 0.636728 -0.363272 2.23474 -0.883586

23.3862 0.433483 0.636252 -0.363748 2.23541 -0.883595
23.3896 0.439453 0.636252 -0.363748 2.21289 -0.916469

23.3896 0.439453 0.629833 -0.370167 2.21281 -0.916384
23.3936 0.44613 0.629833 -0.370167 2.17303 -0.978626

23.3936 0.446119 0.631956 -0.368044 2.17316 -0.97862
23.3939 0.446777 0.631956 -0.368044 2.16575 -0.983121

23.3939 0.446777 0.622894 -0.377106 2.16574 -0.983098
23.3984 0.454102 0.622894 -0.377106 2.11441 -1.03622

23.3984 0.454102 0.616571 -0.383429 2.11439 -1.03607
23.4009 0.458152 0.616571 -0.383429 2.09362 -1.07631

23.4009 0.458101 0.616571 -0.383429 2.09422 -1.07623
23.4029 0.461426 0.616571 -0.383429 2.06484 -1.10487

23.4029 0.461426 0.609852 -0.390148 2.06471 -1.10457
23.4076 0.46875 0.609852 -0.390148 1.9808 -1.1545

23.4076 0.46875 0.610985 -0.389015 1.9808 -1.15415
23.4082 0.469742 0.610985 -0.389015 1.96661 -1.15918

23.4082 0.469642 0.602643 -0.397357 1.96804 -1.15935
23.4124 0.476074 0.602643 -0.397357 1.92347 -1.20493

23.4124 0.476074 0.595688 -0.404312 1.92343 -1.20447
23.4155 0.480649 0.595688 -0.404312 1.90341 -1.26984

23.4155 0.480592 0.596725 -0.403275 1.90413 -1.2698
23.4174 0.483398 0.596725 -0.403275 1.87537 -1.30245

23.4174 0.483398 0.587339 -0.412661 1.87525 -1.30193
23.4225 0.490723 0.587339 -0.412661 1.77291 -1.36703

23.4225 0.490723 0.58457 -0.41543 1.77296 -1.3661
23.4229 0.491255 0.58457 -0.41543 1.76325 -1.37033

23.4229 0.491128 0.579112 -0.420888 1.76549 -1.37061
23.4279 0.498047 0.579112 -0.420888 1.67924 -1.43402

23.4279 0.498047 0.576769 -0.423231 1.67925 -1.4335
23.4302 0.501211 0.576769 -0.423231 1.64873 -1.47375

23.4302 0.501085 0.572396 -0.427604 1.64991 -1.474
23.4334 0.505371 0.572396 -0.427604 1.59958 -1.52147

23.4333 0.505371 0.563503 -0.436497 1.59958 -1.52045
23.4375 0.510764 0.563503 -0.436497 1e+30 1e+30

23.9062 0.177855 -0.890376 -0.109624 1e+30 1e+30
23.9047 0.19043 -0.890376 -0.109624 2.65045 0.789706

23.9047 0.19043 -0.881168 -0.118832 2.65045 0.789706
23.9027 0.205078 -0.881168 -0.118832 2.63194 0.861093

23.9027 0.205078 -0.874286 -0.125714 2.63203 0.861105
23.9017 0.212402 -0.874286 -0.125714 2.62502 0.896495

23.9017 0.212402 -0.869555 -0.130445 2.62503 0.896496
23.9006 0.219727 -0.869555 -0.130445 2.61779 0.931782

23.8989 0.230104 -0.860125 -0.139875 2.60411 0.983392
23.8982 0.234375 -0.860125 -0.139875 1e+30 1e+30

23.9006 0.219727 -0.864906 -0.135094 2.61779 0.931782
23.8994 0.227051 -0.864906 -0.135094 2.60721 0.967836

23.8989 0.230094 -0.860125 -0.139875 2.60413 0.983338
23.8994 0.227051 -0.860125 -0.139875 2.60721 0.967836

