21.9141 0.610011 0.290493 -0.709507 -0.94603 -1.61599
21.9214 0.613009 0.290493 -0.709507 -1.11181 -1.48035

21.9214 0.612998 0.267524 -0.732476 -1.1115 -1.48051
21.9275 0.615234 0.267524 -0.732476 -1.22793 -1.3768

21.9274 0.615234 0.267524 -0.732476 -1.22704 -1.37762
21.9287 0.615711 0.267524 -0.732476 -1.25202 -1.36356

21.9287 0.615684 0.243105 -0.756895 -1.25122 -1.36379
21.936 0.618036 0.243105 -0.756895 -1.39271 -1.25107

21.936 0.618037 0.216095 -0.783905 -1.39274 -1.25106
21.9434 0.620056 0.216095 -0.783905 -1.52303 -1.07632

21.9434 0.620055 0.187088 -0.812912 -1.523 -1.07634
21.9507 0.621741 0.187088 -0.812912 -1.63563 -0.91186

21.9507 0.621736 0.156698 -0.843302 -1.63545 -0.911913
21.9551 0.622559 0.156698 -0.843302 -1.70361 -0.822379

21.9551 0.622559 0.156698 -0.843302 -1.70341 -0.822787
21.958 0.623101 0.156698 -0.843302 -1.75318 -0.763144

21.958 0.6231 0.124429 -0.875571 -1.75312 -0.763155
21.9653 0.624141 0.124429 -0.875571 -1.86577 -0.58855

21.9653 0.62414 0.0895028 -0.910497 -1.86574 -0.588553
21.9727 0.62486 0.0895028 -0.910497 -1.95546 -0.375615

21.9727 0.624861 0.051645 -0.948355 -1.9555 -0.375611
21.98 0.625259 0.051645 -0.948355 -2.01381 -0.15421

21.98 0.625261 0.00989912 -0.990101 -2.01389 -0.154204
21.9873 0.625334 0.00989912 -0.990101 -2.04129 0.0648904

21.9873 0.625336 -0.0341329 -0.965867 -2.04138 0.064897
21.9946 0.625077 -0.0341329 -0.965867 -2.04639 0.279558

21.9946 0.625079 -0.0754026 -0.924597 -2.04646 0.279565
22.002 0.624481 -0.0754026 -0.924597 -2.03571 0.491145

22.002 0.624481 -0.113588 -0.886412 -2.0357 0.491145
22.0093 0.623543 -0.113588 -0.886412 -2.01275 0.699144

22.0166 0.622258 -0.148206 -0.851794 -1.9703 0.905722
22.0149 0.622559 -0.148206 -0.851794 -1.98462 0.858036

22.0093 0.623542 -0.148206 -0.851794 -2.01274 0.699143
22.0149 0.622559 -0.148206 -0.851794 -1.98445 0.859598

22.0166 0.622269 -0.180328 -0.819672 -1.97064 0.905671
22.0239 0.620658 -0.180328 -0.819672 -1.90573 1.13341

22.0239 0.620661 -0.211242 -0.788758 -1.90582 1.13337
22.0312 0.618699 -0.211242 -0.788758 -1.82278 1.38301

22.2656 0.163158 -0.897745 -0.102255 2.66792 0.659333
22.2642 0.175781 -0.897745 -0.102255 2.65712 0.716708

22.2642 0.175781 -0.888865 -0.111135 2.6571 0.716707
22.2624 0.19043 -0.888865 -0.111135 2.64188 0.783197

22.2624 0.19043 -0.879889 -0.120111 2.64187 0.783197
22.2604 0.205078 -0.879889 -0.120111 2.62644 0.850802

22.2604 0.205078 -0.871003 -0.128997 2.62644 0.850802
22.2582 0.219727 -0.871003 -0.128997 2.609 0.920166

22.2582 0.219727 -0.861957 -0.138043 2.60897 0.920167
22.2558 0.234375 -0.861957 -0.138043 2.57305 0.986797

22.251 0.261646 -0.841445 -0.158555 2.5311 1.12375
22.2506 0.263672 -0.841445 -0.158555 2.52677 1.13504

22.2558 0.234375 -0.854982 -0.145018 2.57313 0.986799
22.2546 0.241699 -0.854982 -0.145018 2.55313 1.01865

22.2546 0.241699 -0.850227 -0.149773 2.55314 1.01866
22.2533 0.249023 -0.850227 -0.149773 2.55012 1.05781

22.251 0.261623 -0.843478 -0.156522 2.5312 1.12364
22.2533 0.249023 -0.843478 -0.156522 2.55001 1.0578

22.2506 0.263672 -0.836626 -0.163374 2.52681 1.13505
22.2492 0.270996 -0.836626 -0.163374 2.51495 1.17214

22.2492 0.270996 -0.831507 -0.168493 2.51497 1.17214
22.2477 0.27832 -0.831507 -0.168493 2.50091 1.21214

22.2477 0.27832 -0.826753 -0.173247 2.50091 1.21213
22.2461 0.285645 -0.826753 -0.173247 2.47806 1.24948

22.2461 0.285645 -0.821943 -0.178057 2.47806 1.24948
22.2446 0.292969 -0.821943 -0.178057 2.45526 1.28468

22.2363 0.327391 -0.795735 -0.204265 2.35879 1.47207
22.2358 0.32959 -0.795735 -0.204265 2.34985 1.48448

22.2358 0.32959 -0.790325 -0.209675 2.34989 1.48448
22.2338 0.336914 -0.790325 -0.209675 2.32728 1.52721

22.2338 0.336914 -0.784576 -0.215424 2.32727 1.5272
22.2318 0.344238 -0.784576 -0.215424 2.30866 1.56983

22.2318 0.344238 -0.77878 -0.22122 2.30867 1.56983
22.2297 0.351562 -0.77878 -0.22122 2.27892 1.61241

22.2437 0.297002 -0.816993 -0.183007 2.44536 1.30447
22.2429 0.300293 -0.816993 -0.183007 2.4371 1.32119

22.2429 0.300293 -0.811809 -0.188191 2.43711 1.32119
22.2412 0.307617 -0.811809 -0.188191 2.42047 1.35989

22.2437 0.296984 -0.816993 -0.183007 2.44544 1.30438
22.2446 0.292969 -0.816993 -0.183007 2.45527 1.28468

22.2412 0.307617 -0.806416 -0.193584 2.42046 1.35989
22.2395 0.314941 -0.806416 -0.193584 2.40305 1.40012

22.2395 0.314941 -0.801011 -0.198989 2.40305 1.40012
22.2376 0.322266 -0.801011 -0.198989 2.37783 1.44146

22.2363 0.327361 -0.795735 -0.204265 2.35899 1.47191
22.2376 0.322266 -0.795735 -0.204265 2.37786 1.44147

22.207 0.418837 -0.715888 -0.284112 1.94783 2.00413
22.2047 0.424805 -0.715888 -0.284112 1.91524 2.04364

22.1997 0.436717 -0.701156 -0.298844 1.83952 2.12027
22.1985 0.439453 -0.701156 -0.298844 1.81489 2.13697

22.2047 0.424805 -0.70858 -0.29142 1.91523 2.04363
22.2017 0.432129 -0.70858 -0.29142 1.86873 2.0907

22.1997 0.436677 -0.701156 -0.298844 1.84008 2.12005
22.2016 0.432129 -0.701156 -0.298844 1.86881 2.09069

22.1924 0.453181 -0.685598 -0.314402 1.70171 2.21732
22.192 0.454102 -0.685598 -0.314402 1.69266 2.22252

22.1851 0.468357 -0.669193 -0.330807 1.57066 2.3114
22.1849 0.46875 -0.669193 -0.330807 1.56614 2.3137

22.1919 0.454102 -0.677506 -0.322494 1.6929 2.22251
22.1885 0.461426 -0.677506 -0.322494 1.63116 2.27357

22.1851 0.468293 -0.669193 -0.330807 1.57176 2.311
22.1885 0.461426 -0.669193 -0.330807 1.63117 2.27357

22.1985 0.439453 -0.693525 -0.306475 1.81498 2.13698
22.1953 0.446777 -0.693525 -0.306475 1.75325 2.18403

22.1924 0.453125 -0.685598 -0.314402 1.70256 2.21699
22.1953 0.446777 -0.685598 -0.314402 1.75329 2.18402

22.2217 0.377816 -0.755268 -0.244732 2.17213 1.76693
22.2207 0.380859 -0.755268 -0.244732 2.15579 1.78503

22.229 0.354029 -0.773136 -0.226864 2.2683 1.62803
22.2276 0.358887 -0.773136 -0.226864 2.24855 1.65653

22.2276 0.358887 -0.767333 -0.232667 2.24855 1.65653
22.2254 0.366211 -0.767333 -0.232667 2.22316 1.70065

22.229 0.354009 -0.773136 -0.226864 2.26844 1.62791
22.2297 0.351562 -0.773136 -0.226864 2.27896 1.61242

22.2254 0.366211 -0.761277 -0.238723 2.22316 1.70065
22.2231 0.373535 -0.761277 -0.238723 2.19176 1.74076

22.2217 0.377785 -0.755268 -0.244732 2.17242 1.76677
22.2231 0.373535 -0.755268 -0.244732 2.1918 1.74077

22.2207 0.380859 -0.749135 -0.250865 2.15584 1.78504
22.2182 0.388184 -0.749135 -0.250865 2.12086 1.83212

22.2182 0.388184 -0.742786 -0.257214 2.12085 1.83212
22.2157 0.395508 -0.742786 -0.257214 2.08316 1.87116

22.2144 0.399281 -0.736514 -0.263486 2.0641 1.89428
22.2131 0.402832 -0.736514 -0.263486 2.04203 1.91384

22.2131 0.402832 -0.729975 -0.270025 2.04205 1.91384
22.2104 0.410156 -0.729975 -0.270025 1.99997 1.9577

22.2144 0.399255 -0.736514 -0.263486 2.06438 1.89415
22.2157 0.395508 -0.736514 -0.263486 2.08321 1.87116

22.2104 0.410156 -0.72297 -0.27703 1.99996 1.9577
22.2076 0.41748 -0.72297 -0.27703 1.95594 1.99579

22.207 0.418825 -0.715888 -0.284112 1.94795 2.00405
22.2076 0.41748 -0.715888 -0.284112 1.95598 1.99579

22.2743 0 -0.995429 -0.00457144 2.73147 0
22.2743 0.0146484 -0.995429 -0.00457144 2.7314 0.0548414

22.2743 0.0146484 -0.986473 -0.0135271 2.73141 0.0548413
22.2741 0.0292969 -0.986473 -0.0135271 2.72934 0.109444

22.2741 0.0292969 -0.977433 -0.0225671 2.72932 0.109444
22.2737 0.0439453 -0.977433 -0.0225671 2.72408 0.165298

22.2737 0.0439453 -0.968584 -0.0314157 2.7241 0.165297
22.2732 0.0585938 -0.968584 -0.0314157 2.71693 0.220712

22.2733 0.0585938 -0.955113 -0.0448873 2.71663 0.220722
22.2719 0.0878906 -0.955113 -0.0448873 2.70731 0.335338

22.2719 0.0878906 -0.937344 -0.0626565 2.70728 0.335339
22.2699 0.117188 -0.937344 -0.0626565 2.69252 0.454689

22.2699 0.117188 -0.924341 -0.0756589 2.69282 0.454672
22.2687 0.131836 -0.924341 -0.0756589 2.68517 0.51693

22.2687 0.131836 -0.915676 -0.0843239 2.68513 0.51693
22.2674 0.146484 -0.915676 -0.0843239 2.67816 0.582904

22.2674 0.146484 -0.906631 -0.0933694 2.67815 0.582904
22.2659 0.161133 -0.906631 -0.0933694 2.66912 0.650045

22.2656 0.163138 -0.897745 -0.102255 2.66795 0.659241
22.2659 0.161133 -0.897745 -0.102255 2.66914 0.650046

22.0972 0.583593 -0.432603 -0.567397 -0.460938 2.56283
22.0941 0.585938 -0.432603 -0.567397 -0.53665 2.53377

22.1045 0.577491 -0.460805 -0.539195 -0.279777 2.61205
22.1032 0.578613 -0.460805 -0.539195 -0.311662 2.6018

22.0972 0.583507 -0.455108 -0.544892 -0.457726 2.56303
22.103 0.578613 -0.455108 -0.544892 -0.310565 2.60031

22.1118 0.570883 -0.483504 -0.516496 -0.100546 2.65789
22.1114 0.571289 -0.483504 -0.516496 -0.111476 2.65525

22.1191 0.563716 -0.503617 -0.496383 0.0924978 2.68568
22.1189 0.563965 -0.503617 -0.496383 0.0857965 2.6857

22.1118 0.570786 -0.494021 -0.505979 -0.0970371 2.65752
22.1188 0.563965 -0.494021 -0.505979 0.0867001 2.68518

22.1045 0.577407 -0.474983 -0.525017 -0.276698 2.61186
22.1113 0.571289 -0.474983 -0.525017 -0.110415 2.65402

22.1265 0.555938 -0.522589 -0.477411 0.274203 2.68685
22.1258 0.556641 -0.522589 -0.477411 0.259016 2.68633

22.1338 0.547558 -0.542029 -0.457971 0.459024 2.68941
22.1323 0.549316 -0.542029 -0.457971 0.420422 2.69147

22.1265 0.555859 -0.529127 -0.470873 0.276664 2.68639
22.1323 0.549316 -0.529127 -0.470873 0.42058 2.6914

22.1411 0.538528 -0.562083 -0.437917 0.622966 2.67252
22.1384 0.541992 -0.562083 -0.437917 0.55996 2.68523

22.1484 0.528901 -0.573307 -0.426693 0.780678 2.64711
22.1441 0.534668 -0.573307 -0.426693 0.675755 2.6638

22.1411 0.53853 -0.563391 -0.436609 0.622922 2.67253
22.1441 0.534668 -0.563391 -0.436609 0.676354 2.66346

22.1338 0.5475 -0.545624 -0.454376 0.460778 2.68913
22.1384 0.541992 -0.545624 -0.454376 0.560301 2.68523

22.1191 0.563607 -0.511931 -0.488069 0.0964627 2.68508
22.1258 0.556641 -0.511931 -0.488069 0.259445 2.68604

22.0459 0.613701 -0.268508 -0.731492 -1.58248 1.69222
22.0417 0.615234 -0.268508 -0.731492 -1.64711 1.59187

22.0459 0.613701 -0.295738 -0.704262 -1.58247 1.69222
22.0532 0.610625 -0.295738 -0.704262 -1.46148 1.86879

22.0605 0.607206 -0.321652 -0.678348 -1.30763 2.00734
22.0591 0.60791 -0.321652 -0.678348 -1.33685 1.98092

22.0532 0.610605 -0.321652 -0.678348 -1.46041 1.86872
22.0589 0.60791 -0.321652 -0.678348 -1.33695 1.97838

22.0312 0.618701 -0.240727 -0.759273 -1.82288 1.38302
22.0386 0.616379 -0.240727 -0.759273 -1.68892 1.53814

22.0386 0.616367 -0.268508 -0.731492 -1.6884 1.53814
22.0417 0.615234 -0.268508 -0.731492 -1.64693 1.59082

22.0752 0.599049 -0.368619 -0.631381 -0.960908 2.3128
22.0726 0.600586 -0.368619 -0.631381 -1.03165 2.25847

22.0605 0.607154 -0.345877 -0.654123 -1.3055 2.00751
22.0679 0.603281 -0.345877 -0.654123 -1.16514 2.16244

22.0679 0.603249 -0.368619 -0.631381 -1.1633 2.16233
22.0724 0.600586 -0.368619 -0.631381 -1.0318 2.25624

22.0752 0.599014 -0.390744 -0.609256 -0.959336 2.31302
22.0825 0.594316 -0.390744 -0.609256 -0.806109 2.38791

22.0898 0.58917 -0.413239 -0.586761 -0.667874 2.46723
22.084 0.593262 -0.413239 -0.586761 -0.778627 2.38818

22.0825 0.594284 -0.402581 -0.597419 -0.804833 2.38768
22.084 0.593262 -0.402581 -0.597419 -0.778652 2.3882

22.0898 0.589114 -0.432717 -0.567283 -0.665091 2.46691
22.094 0.585938 -0.432717 -0.567283 -0.536326 2.53312

22.1777 0.48236 -0.651006 -0.348994 1.42784 2.39099
22.1772 0.483398 -0.651006 -0.348994 1.41409 2.39642

22.1704 0.495295 -0.631818 -0.368182 1.30635 2.4875
22.1688 0.498047 -0.631818 -0.368182 1.26288 2.51081

22.1772 0.483398 -0.641426 -0.358574 1.4144 2.39639
22.1731 0.490723 -0.641426 -0.358574 1.33758 2.44834

22.1704 0.495243 -0.631818 -0.368182 1.30754 2.48719
22.173 0.490723 -0.631818 -0.368182 1.33776 2.44833

22.1631 0.507318 -0.60959 -0.39041 1.10306 2.5426
22.1596 0.512695 -0.60959 -0.39041 1.03243 2.57408

22.1558 0.518519 -0.602725 -0.397275 0.978135 2.613
22.1548 0.52002 -0.602725 -0.397275 0.953846 2.62484

22.1547 0.52002 -0.586682 -0.413318 0.954178 2.6249
22.1496 0.527344 -0.586682 -0.413318 0.813237 2.64777

22.1558 0.518469 -0.598753 -0.401247 0.979354 2.61268
22.1596 0.512695 -0.598753 -0.401247 1.03252 2.57411

22.1688 0.498047 -0.621033 -0.378967 1.26294 2.51083
22.1643 0.505371 -0.621033 -0.378967 1.13633 2.53878

22.1631 0.507302 -0.612171 -0.387829 1.10345 2.5425
22.1643 0.505371 -0.612171 -0.387829 1.13657 2.53863

22.1848 0.46875 -0.660354 -0.339646 1.56643 2.31368
22.1811 0.476074 -0.660354 -0.339646 1.49051 2.36326

22.1777 0.482294 -0.651006 -0.348994 1.42913 2.3906
22.1811 0.476074 -0.651006 -0.348994 1.49056 2.36324

22.1484 0.528891 -0.580736 -0.419264 0.780988 2.64704
22.1496 0.527344 -0.580736 -0.419264 0.813587 2.64748

