30.7118 0 0.996271 -0.00372864 2.73574 0
30.7119 0.00732422 0.996271 -0.00372864 2.73141 -0.00615192

30.7119 0.00732422 0.988629 -0.0113709 2.73141 -0.00615251
30.712 0.0146484 0.988629 -0.0113709 2.72377 -0.0115206

30.712 0.0146484 0.981076 -0.0189245 2.72377 -0.0115207
30.7121 0.0219727 0.981076 -0.0189245 2.72722 -0.0202732

30.7121 0.0219727 0.973887 -0.0261133 2.72722 -0.0202733
30.7123 0.0292969 0.973887 -0.0261133 2.74293 -0.0323978

30.7123 0.0292969 0.966707 -0.0332933 2.74293 -0.0323963
30.7125 0.0366211 0.966707 -0.0332933 2.76092 -0.0509135

30.7125 0.0366211 0.959225 -0.0407746 2.76092 -0.0509074
30.7129 0.0439453 0.959225 -0.0407746 2.77379 -0.071143

30.7129 0.0439453 0.951532 -0.0484676 2.77379 -0.0711421
30.7132 0.0512695 0.951532 -0.0484676 2.77274 -0.0804516

30.7132 0.0512695 0.944149 -0.0558513 2.77275 -0.0804568
30.7137 0.0585938 0.944149 -0.0558513 2.76208 -0.0770323

30.7137 0.0585938 0.937352 -0.0626485 2.76208 -0.0770363
30.7141 0.065918 0.937352 -0.0626485 2.75384 -0.0696483

30.7141 0.065918 0.931195 -0.0688048 2.75384 -0.0696475
30.7147 0.0732422 0.931195 -0.0688048 2.75013 -0.0642988

30.7147 0.0732422 0.921328 -0.0786719 2.75012 -0.0642929
30.7159 0.0878906 0.921328 -0.0786719 2.74269 -0.0687651

30.7159 0.0878906 0.907976 -0.0920244 2.74269 -0.068763
30.7174 0.102539 0.907976 -0.0920244 2.74273 -0.0743065

30.7174 0.102539 0.894745 -0.105255 2.74274 -0.0743108
30.7178 0.105621 0.894745 -0.105255 2.74409 -0.0753688

30.7178 0.105667 0.894745 -0.105255 2.7441 -0.0753799
30.7191 0.117188 0.894745 -0.105255 2.75987 -0.0782801

30.7192 0.117188 0.885533 -0.114467 2.75994 -0.0782743
30.7201 0.124512 0.885533 -0.114467 2.76643 -0.0863341

30.7201 0.124512 0.879429 -0.120571 2.76639 -0.08633
30.7211 0.131836 0.879429 -0.120571 2.74644 -0.0969437

30.7211 0.131836 0.871559 -0.128441 2.74645 -0.0969494
30.7222 0.13916 0.871559 -0.128441 2.73752 -0.0961623

30.7222 0.13916 0.865249 -0.134751 2.73752 -0.0961638
30.7233 0.146484 0.865249 -0.134751 2.74021 -0.100436

30.7233 0.146484 0.856922 -0.143078 2.74019 -0.100423
30.7258 0.161133 0.856922 -0.143078 2.74134 -0.109666

30.7257 0.161133 0.84543 -0.15457 2.74133 -0.10966
30.7284 0.175781 0.84543 -0.15457 2.74213 -0.115722

30.7284 0.175781 0.836564 -0.163436 2.74215 -0.115737
30.7299 0.183105 0.836564 -0.163436 2.73976 -0.116566

30.7299 0.183105 0.831251 -0.168749 2.73976 -0.116567
30.7314 0.19043 0.831251 -0.168749 2.74311 -0.118452

30.7314 0.19043 0.825083 -0.174917 2.74309 -0.118449
30.7324 0.195473 0.825083 -0.174917 2.74553 -0.120724

30.7324 0.195459 0.825083 -0.174917 2.7456 -0.120724
30.7329 0.197754 0.825083 -0.174917 2.73389 -0.120832

30.7329 0.197754 0.818602 -0.181398 2.73389 -0.120833
30.7345 0.205078 0.818602 -0.181398 2.71759 -0.117439

30.7345 0.205078 0.812858 -0.187142 2.71759 -0.117439
30.7362 0.212402 0.812858 -0.187142 2.72702 -0.115379

30.7362 0.212402 0.807071 -0.192929 2.72702 -0.115378
30.738 0.219727 0.807071 -0.192929 2.7237 -0.116622

30.738 0.219727 0.801574 -0.198426 2.7237 -0.11662
30.7397 0.226897 0.801574 -0.198426 2.71878 -0.115528

30.7397 0.226895 0.801574 -0.198426 2.71878 -0.115528
30.7398 0.227051 0.801574 -0.198426 2.71866 -0.11546

30.7398 0.227051 0.796197 -0.203803 2.71866 -0.115463
30.7417 0.234375 0.796197 -0.203803 2.71374 -0.116214

30.7417 0.234375 0.790581 -0.209419 2.71374 -0.116216
30.7436 0.241699 0.790581 -0.209419 2.71364 -0.12682

30.7436 0.241699 0.78478 -0.21522 2.71364 -0.126817
30.7456 0.249023 0.78478 -0.21522 2.71488 -0.150795

30.7456 0.249023 0.779186 -0.220814 2.71488 -0.150798
30.7471 0.25419 0.779186 -0.220814 2.71226 -0.164991

30.7471 0.254185 0.779186 -0.220814 2.71227 -0.164982
30.7477 0.256348 0.779186 -0.220814 2.70858 -0.17041

30.7477 0.256348 0.773996 -0.226004 2.70858 -0.170409
30.7498 0.263672 0.773996 -0.226004 2.70326 -0.18642

30.7498 0.263672 0.768744 -0.231256 2.70325 -0.186416
30.752 0.270996 0.768744 -0.231256 2.70054 -0.204423

30.752 0.270996 0.763223 -0.236777 2.70054 -0.204421
30.7543 0.27832 0.763223 -0.236777 2.69391 -0.221521

30.7543 0.27832 0.757682 -0.242318 2.6939 -0.221509
30.7544 0.278643 0.757682 -0.242318 2.69366 -0.222164

30.7544 0.278631 0.757682 -0.242318 2.69368 -0.222153
30.7566 0.285645 0.757682 -0.242318 2.6921 -0.235508

30.7566 0.285645 0.752099 -0.247901 2.69209 -0.235505
30.7591 0.292969 0.752099 -0.247901 2.68922 -0.24981

30.7591 0.292969 0.746684 -0.253316 2.68922 -0.249813
30.7615 0.300293 0.746684 -0.253316 2.67183 -0.262524

30.7615 0.300293 0.741619 -0.258381 2.67182 -0.262513
30.7617 0.300834 0.741619 -0.258381 2.67017 -0.263275

30.7617 0.300812 0.741619 -0.258381 2.67025 -0.263257
30.7641 0.307617 0.741619 -0.258381 2.65669 -0.274094

30.7641 0.307617 0.736399 -0.263601 2.65668 -0.27409
30.7667 0.314941 0.736399 -0.263601 2.64982 -0.296798

30.7667 0.314941 0.730856 -0.269144 2.64981 -0.296794
30.769 0.321282 0.730856 -0.269144 2.64068 -0.317642

30.769 0.32128 0.730856 -0.269144 2.64068 -0.317641
30.7694 0.322266 0.730856 -0.269144 2.63892 -0.320173

30.7694 0.322266 0.725332 -0.274668 2.63892 -0.320173
30.7722 0.32959 0.725332 -0.274668 2.63348 -0.336935

30.7722 0.32959 0.71986 -0.28014 2.63348 -0.336933
30.775 0.336914 0.71986 -0.28014 2.62159 -0.357886

30.775 0.336914 0.714671 -0.285329 2.62159 -0.357877
30.7764 0.340271 0.714671 -0.285329 2.61054 -0.366128

30.7764 0.340252 0.714671 -0.285329 2.61061 -0.366115
30.778 0.344238 0.714671 -0.285329 2.59959 -0.375601

30.778 0.344238 0.70947 -0.29053 2.59957 -0.375583
30.781 0.351562 0.70947 -0.29053 2.59193 -0.403398

30.781 0.351562 0.703828 -0.296172 2.59193 -0.403386
30.7837 0.358076 0.703828 -0.296172 2.58022 -0.43626

30.7837 0.358074 0.703828 -0.296172 2.58022 -0.436258
30.784 0.358887 0.703828 -0.296172 2.57769 -0.43947

30.784 0.358887 0.698113 -0.301887 2.57769 -0.439466
30.7872 0.366211 0.698113 -0.301887 2.56872 -0.466077

30.7872 0.366211 0.692437 -0.307563 2.56872 -0.466074
30.7905 0.373535 0.692437 -0.307563 2.54361 -0.498143

30.7904 0.373535 0.687196 -0.312804 2.54359 -0.498068
30.791 0.3748 0.687196 -0.312804 2.53589 -0.502909

30.791 0.374758 0.687196 -0.312804 2.53618 -0.502862
30.7938 0.380859 0.687196 -0.312804 2.51589 -0.525049

30.7938 0.380859 0.682005 -0.317995 2.51586 -0.525018
30.7972 0.388184 0.682005 -0.317995 2.49494 -0.558153

30.7972 0.388184 0.676473 -0.323527 2.49493 -0.558097
30.7983 0.390582 0.676473 -0.323527 2.48491 -0.567559

30.7983 0.390555 0.676473 -0.323527 2.48504 -0.567537
30.8007 0.395508 0.676473 -0.323527 2.47806 -0.590225

30.8007 0.395508 0.670572 -0.329428 2.47803 -0.590183
30.8043 0.402832 0.670572 -0.329428 2.45996 -0.641145

30.8043 0.402832 0.664866 -0.335134 2.45994 -0.64105
30.8057 0.405559 0.664866 -0.335134 2.44425 -0.660471

30.8057 0.405516 0.664866 -0.335134 2.44455 -0.660388
30.808 0.410156 0.664866 -0.335134 2.42494 -0.687107

30.808 0.410156 0.659331 -0.340669 2.42488 -0.687016
30.8118 0.41748 0.659331 -0.340669 2.38244 -0.72341

30.8118 0.41748 0.65367 -0.34633 2.38244 -0.723306
30.813 0.419795 0.65367 -0.34633 2.3637 -0.731854

30.813 0.419753 0.65367 -0.34633 2.36405 -0.731872
30.8157 0.424805 0.65367 -0.34633 2.34743 -0.753335

30.8157 0.424805 0.647567 -0.352433 2.34738 -0.75326
30.8196 0.432129 0.647567 -0.352433 2.31453 -0.807193

30.8196 0.432129 0.641468 -0.358532 2.31451 -0.806936
30.8203 0.433378 0.641468 -0.358532 2.30441 -0.815281

30.8203 0.433321 0.641132 -0.358868 2.30491 -0.815257
30.8237 0.439453 0.641132 -0.358868 2.28778 -0.853907

30.8237 0.439453 0.634777 -0.365223 2.28773 -0.853841
30.8276 0.446232 0.634777 -0.365223 2.23933 -0.908246

30.8276 0.446223 0.636418 -0.363582 2.23946 -0.908242
30.828 0.446777 0.636418 -0.363582 2.2321 -0.911516

30.828 0.446777 0.628458 -0.371542 2.2321 -0.911512
30.8323 0.454102 0.628458 -0.371542 2.1762 -0.954545

30.8323 0.454102 0.622478 -0.377522 2.1762 -0.954414
30.835 0.458532 0.622478 -0.377522 2.15279 -0.991796

30.835 0.458495 0.622478 -0.377522 2.15311 -0.991739
30.8367 0.461426 0.622478 -0.377522 2.13485 -1.01433

30.8367 0.461426 0.615438 -0.384562 2.13475 -1.01408
30.8413 0.46875 0.615438 -0.384562 2.07678 -1.07843

30.8413 0.46875 0.612351 -0.387649 2.07676 -1.07806
30.8423 0.470361 0.612351 -0.387649 2.05864 -1.09239

30.8423 0.470267 0.608032 -0.391968 2.05974 -1.09244
30.846 0.476074 0.608032 -0.391968 2.03434 -1.14699

30.846 0.476074 0.601133 -0.398867 2.03432 -1.14658
30.8496 0.481501 0.601133 -0.398867 1.99042 -1.21878

30.8496 0.48145 0.603911 -0.396089 1.99142 -1.21879
30.8509 0.483398 0.603911 -0.396089 1.9554 -1.23702

30.8509 0.483398 0.593512 -0.406488 1.95537 -1.23675
30.8559 0.490723 0.593512 -0.406488 1.84338 -1.28975

30.8559 0.490723 0.592976 -0.407024 1.84339 -1.28927
30.8569 0.4923 0.592976 -0.407024 1.82257 -1.30056

30.8569 0.492179 0.585941 -0.414059 1.82413 -1.30085
30.8611 0.498047 0.585941 -0.414059 1.78143 -1.35668

30.861 0.498047 0.578663 -0.421337 1.7814 -1.35576
30.8643 0.502464 0.578663 -0.421337 1.75486 -1.42791

30.8643 0.50238 0.581055 -0.418945 1.75608 -1.42803
30.8664 0.505371 0.581055 -0.418945 1.71565 -1.46767

30.8664 0.505371 0.568727 -0.431273 1.7156 -1.46693
30.8716 0.512234 0.568727 -0.431273 1.59209 -1.52443

30.8716 0.512208 0.566993 -0.433007 1.59266 -1.52457
30.872 0.512695 0.566993 -0.433007 1.5807 -1.52777

30.872 0.512695 0.559543 -0.440457 1.5807 -1.52776
30.8777 0.52002 0.559543 -0.440457 1.46602 -1.58595

30.8776 0.52002 0.556377 -0.443623 1.46621 -1.58439
30.8789 0.521605 0.556377 -0.443623 1.45404 -1.60335

30.8789 0.521463 0.551863 -0.448137 1.45485 -1.60395
30.8837 0.527344 0.551863 -0.448137 1.39081 -1.66364

30.8836 0.527344 0.547453 -0.452547 1.39108 -1.66264
30.8862 0.530488 0.547453 -0.452547 1.34723 -1.68751

30.8862 0.530361 0.544626 -0.455374 1.34842 -1.68856
30.8898 0.534668 0.544626 -0.455374 1.28004 -1.719

30.8898 0.534668 0.53527 -0.46473 1.27995 -1.7193
30.8936 0.538938 0.53527 -0.46473 1.21059 -1.73866

30.8936 0.538856 0.529012 -0.470988 1.21139 -1.7394
30.8963 0.541992 0.529012 -0.470988 1.16642 -1.75835

30.8964 0.541992 0.522448 -0.477552 1.16638 -1.75845
30.9009 0.546944 0.522448 -0.477552 1.09256 -1.79339

30.9009 0.546869 0.515486 -0.484514 1.09348 -1.7941
30.9032 0.549316 0.515486 -0.484514 1.05151 -1.80995

30.9032 0.549316 0.509756 -0.490244 1.05164 -1.80952
30.9082 0.554567 0.509756 -0.490244 0.944039 -1.8247

30.9082 0.554533 0.502462 -0.497538 0.944517 -1.82504
30.9103 0.556641 0.502462 -0.497538 0.900821 -1.83045

30.9102 0.556641 0.494573 -0.505427 0.901105 -1.82992
30.9155 0.561806 0.494573 -0.505427 0.797664 -1.87867

30.9155 0.561773 0.486796 -0.513204 0.798219 -1.87902
30.9178 0.563965 0.486796 -0.513204 0.746912 -1.90294

30.9178 0.563965 0.477906 -0.522094 0.747455 -1.90124
30.9229 0.568631 0.477906 -0.522094 0.633612 -1.94623

30.9229 0.568619 0.469027 -0.530973 0.633787 -1.94638
30.9259 0.571289 0.469027 -0.530973 0.568053 -1.9707

30.9258 0.571289 0.461288 -0.538712 0.568959 -1.96871
30.9302 0.575063 0.461288 -0.538712 0.467832 -1.98458

30.9302 0.575063 0.450921 -0.549079 0.467817 -1.98456
30.9345 0.578613 0.450921 -0.549079 0.364853 -1.98711

30.9344 0.578613 0.44601 -0.55399 0.366358 -1.98583
30.9375 0.581144 0.44601 -0.55399 1e+30 1e+30

