31.538 0 0.994097 -0.00590325 2.80068 0
31.5381 0.00732422 0.994097 -0.00590325 2.77617 -0.00979796

31.5382 0 0.994097 -0.00590325 2.80226 0
31.5382 0.00732422 0.994097 -0.00590325 2.7767 -0.0100241

31.5382 0.00732422 0.98665 -0.0133497 2.77665 -0.010005
31.5383 0.0146484 0.98665 -0.0133497 2.75538 -0.0125577

31.5383 0.0146484 0.980694 -0.0193058 2.75539 -0.0125474
31.5385 0.0219727 0.980694 -0.0193058 2.76545 -0.0198639

31.5385 0.0219727 0.972358 -0.0276424 2.76545 -0.0198664
31.5387 0.0292969 0.972358 -0.0276424 2.77611 -0.0293758

31.5387 0.0292969 0.964772 -0.0352279 2.77611 -0.029381
31.5389 0.0366211 0.964772 -0.0352279 2.7828 -0.035846

31.5389 0.0366211 0.958197 -0.0418032 2.78281 -0.0358524
31.5393 0.0439453 0.958197 -0.0418032 2.78871 -0.0412601

31.5392 0.0439453 0.951151 -0.0488487 2.7887 -0.0412521
31.5396 0.0512695 0.951151 -0.0488487 2.79483 -0.0491902

31.5396 0.0512695 0.943234 -0.0567664 2.79484 -0.0491906
31.5401 0.0585938 0.943234 -0.0567664 2.78487 -0.0532134

31.5401 0.0585938 0.932903 -0.0670968 2.78485 -0.0532036
31.5411 0.0732422 0.932903 -0.0670968 2.77533 -0.059689

31.5411 0.0732422 0.919555 -0.0804447 2.77533 -0.0596886
31.5424 0.0878906 0.919555 -0.0804447 2.77213 -0.0695006

31.5423 0.0878906 0.899776 -0.100224 2.77204 -0.0694716
31.5456 0.117188 0.899776 -0.100224 2.76852 -0.0885464

31.5456 0.117188 0.87468 -0.12532 2.76852 -0.0885469
31.5498 0.146484 0.87468 -0.12532 2.76774 -0.107911

31.5498 0.146484 0.856799 -0.143201 2.76781 -0.107954
31.5523 0.161133 0.856799 -0.143201 2.76173 -0.117377

31.5523 0.161133 0.844611 -0.155389 2.76172 -0.11737
31.5527 0.163573 0.844611 -0.155389 2.75927 -0.119094

31.5527 0.163549 0.844611 -0.155389 2.7593 -0.11908
31.555 0.175781 0.844611 -0.155389 2.7486 -0.125753

31.555 0.175781 0.83231 -0.16769 2.7486 -0.125755
31.5579 0.19043 0.83231 -0.16769 2.74528 -0.132277

31.558 0.19043 0.823579 -0.176421 2.7453 -0.132306
31.5595 0.197754 0.823579 -0.176421 2.74645 -0.136846

31.5595 0.197754 0.817824 -0.182176 2.74644 -0.136843
31.5601 0.200163 0.817824 -0.182176 2.74616 -0.138864

31.5601 0.20016 0.817824 -0.182176 2.74616 -0.138863
31.5612 0.205078 0.817824 -0.182176 2.74457 -0.141761

31.5612 0.205078 0.812023 -0.187977 2.74457 -0.141762
31.5629 0.212402 0.812023 -0.187977 2.74356 -0.147482

31.5629 0.212402 0.806396 -0.193604 2.74356 -0.147481
31.5646 0.219727 0.806396 -0.193604 2.74023 -0.15506

31.5646 0.219727 0.800465 -0.199535 2.74023 -0.155057
31.5664 0.227051 0.800465 -0.199535 2.73362 -0.161583

31.5664 0.227051 0.794541 -0.205459 2.73362 -0.161584
31.5674 0.230723 0.794541 -0.205459 2.72934 -0.164789

31.5674 0.230719 0.794541 -0.205459 2.72934 -0.164788
31.5683 0.234375 0.794541 -0.205459 2.72843 -0.166728

31.5683 0.234375 0.788789 -0.211211 2.72843 -0.166727
31.5703 0.241699 0.788789 -0.211211 2.72907 -0.17201

31.5703 0.241699 0.782978 -0.217022 2.72907 -0.172009
31.5723 0.249023 0.782978 -0.217022 2.72843 -0.182642

31.5723 0.249023 0.777303 -0.222697 2.72843 -0.182643
31.5744 0.256348 0.777303 -0.222697 2.71957 -0.192087

31.5744 0.256348 0.77196 -0.22804 2.71957 -0.192082
31.5747 0.257337 0.77196 -0.22804 2.71801 -0.19298

31.5747 0.257324 0.77196 -0.22804 2.71803 -0.192975
31.5766 0.263672 0.77196 -0.22804 2.71103 -0.200486

31.5766 0.263672 0.766621 -0.233379 2.71102 -0.200484
31.5788 0.270996 0.766621 -0.233379 2.70699 -0.213323

31.5788 0.270996 0.761072 -0.238928 2.70698 -0.213321
31.5811 0.27832 0.761072 -0.238928 2.69819 -0.23175

31.5811 0.27832 0.755484 -0.244516 2.69818 -0.231742
31.582 0.281178 0.755484 -0.244516 2.6939 -0.238291

31.582 0.281166 0.755484 -0.244516 2.69393 -0.238275
31.5835 0.285645 0.755484 -0.244516 2.68578 -0.246143

31.5835 0.285645 0.749896 -0.250104 2.68578 -0.246139
31.5859 0.292969 0.749896 -0.250104 2.67651 -0.256852

31.5859 0.292969 0.744436 -0.255564 2.67651 -0.256853
31.5884 0.300293 0.744436 -0.255564 2.66922 -0.266978

31.5884 0.300293 0.739139 -0.260861 2.66922 -0.266973
31.5894 0.302904 0.739139 -0.260861 2.66622 -0.270215

31.5894 0.302893 0.739139 -0.260861 2.66624 -0.270209
31.591 0.307617 0.739139 -0.260861 2.66251 -0.277927

31.591 0.307617 0.733662 -0.266338 2.6625 -0.277922
31.5937 0.314941 0.733662 -0.266338 2.66135 -0.296339

31.5937 0.314941 0.727985 -0.272015 2.66135 -0.296338
31.5964 0.322266 0.727985 -0.272015 2.64896 -0.322474

31.5964 0.322266 0.72245 -0.27755 2.64895 -0.322437
31.5967 0.322975 0.72245 -0.27755 2.64698 -0.324695

31.5967 0.32295 0.72245 -0.27755 2.64706 -0.324661
31.5992 0.32959 0.72245 -0.27755 2.63624 -0.342993

31.5992 0.32959 0.716932 -0.283068 2.63623 -0.342986
31.6021 0.336914 0.716932 -0.283068 2.62482 -0.364999

31.6021 0.336914 0.711525 -0.288475 2.62482 -0.364997
31.604 0.341561 0.711525 -0.288475 2.61217 -0.377235

31.604 0.341549 0.711525 -0.288475 2.61221 -0.377225
31.6051 0.344238 0.711525 -0.288475 2.60509 -0.383417

31.6051 0.344238 0.706111 -0.293889 2.60508 -0.3834
31.6081 0.351562 0.706111 -0.293889 2.59913 -0.406718

31.6081 0.351562 0.70043 -0.29957 2.59913 -0.406713
31.6113 0.358887 0.70043 -0.29957 2.58098 -0.442645

31.6113 0.358887 0.694929 -0.305071 2.58095 -0.44255
31.6113 0.359055 0.694929 -0.305071 2.58021 -0.443253

31.6113 0.359017 0.694929 -0.305071 2.58041 -0.443197
31.6145 0.366211 0.694929 -0.305071 2.56372 -0.469468

31.6145 0.366211 0.689426 -0.310574 2.56371 -0.469457
31.6178 0.373535 0.689426 -0.310574 2.53998 -0.500887

31.6178 0.373535 0.683896 -0.316104 2.53997 -0.500824
31.6187 0.375437 0.683896 -0.316104 2.52994 -0.507699

31.6187 0.375404 0.683896 -0.316104 2.53012 -0.507675
31.6212 0.380859 0.683896 -0.316104 2.51388 -0.525221

31.6212 0.380859 0.678179 -0.321821 2.51386 -0.525191
31.6246 0.388184 0.678179 -0.321821 2.49171 -0.560037

31.6246 0.388184 0.672365 -0.327635 2.4917 -0.559983
31.626 0.390936 0.672365 -0.327635 2.47863 -0.572846

31.626 0.390908 0.672365 -0.327635 2.47878 -0.57282
31.6282 0.395508 0.672365 -0.327635 2.46829 -0.591515

31.6282 0.395508 0.666537 -0.333463 2.46826 -0.591473
31.6319 0.402832 0.666537 -0.333463 2.44402 -0.630485

31.6319 0.402832 0.661056 -0.338944 2.44401 -0.630423
31.6333 0.405628 0.661056 -0.338944 2.42765 -0.645052

31.6333 0.40559 0.661056 -0.338944 2.4279 -0.645018
31.6356 0.410156 0.661056 -0.338944 2.41332 -0.667225

31.6356 0.410156 0.655565 -0.344435 2.41327 -0.667149
31.6395 0.41748 0.655565 -0.344435 2.38131 -0.712323

31.6395 0.41748 0.649694 -0.350306 2.38129 -0.712173
31.6406 0.419638 0.649694 -0.350306 2.3665 -0.724181

31.6406 0.419593 0.649694 -0.350306 2.36684 -0.724164
31.6434 0.424805 0.649694 -0.350306 2.35344 -0.753531

31.6434 0.424805 0.64339 -0.35661 2.35337 -0.753443
31.6475 0.432129 0.64339 -0.35661 2.31465 -0.809949

31.6475 0.432129 0.638371 -0.361629 2.3146 -0.809668
31.6479 0.433004 0.638371 -0.361629 2.30627 -0.815579

31.6479 0.432937 0.636862 -0.363138 2.30697 -0.815515
31.6517 0.439453 0.636862 -0.363138 2.27675 -0.855351

31.6517 0.439453 0.630673 -0.369327 2.27675 -0.855263
31.6553 0.445627 0.630673 -0.369327 2.23319 -0.90314

31.6553 0.445609 0.631477 -0.368523 2.23341 -0.903127
31.656 0.446777 0.631477 -0.368523 2.22074 -0.909878

31.6559 0.446777 0.624145 -0.375855 2.22072 -0.909794
31.6604 0.454102 0.624145 -0.375855 2.16859 -0.958438

31.6603 0.454102 0.617895 -0.382105 2.16858 -0.958287
31.6626 0.457744 0.617895 -0.382105 2.14815 -0.991278

31.6626 0.457695 0.617895 -0.382105 2.14847 -0.991256
31.6649 0.461426 0.617895 -0.382105 2.13338 -1.02545

31.6649 0.461426 0.611075 -0.388925 2.13323 -1.02518
31.6695 0.46875 0.611075 -0.388925 2.06803 -1.09392

31.6695 0.46875 0.611794 -0.388206 2.06799 -1.0934
31.6699 0.469416 0.611794 -0.388206 2.05847 -1.09871

31.6699 0.469316 0.603874 -0.396126 2.05997 -1.09872
31.6744 0.476074 0.603874 -0.396126 2.00146 -1.15535

31.6743 0.476074 0.597592 -0.402408 2.00144 -1.15502
31.6772 0.480395 0.597592 -0.402408 1.96933 -1.20497

31.6772 0.480335 0.59806 -0.40194 1.97017 -1.20494
31.6793 0.483398 0.59806 -0.40194 1.93388 -1.23447

31.6793 0.483398 0.590019 -0.409981 1.93376 -1.23396
31.6844 0.490723 0.590019 -0.409981 1.83161 -1.29376

31.6843 0.490723 0.587496 -0.412504 1.83166 -1.29292
31.6846 0.491114 0.587496 -0.412504 1.82514 -1.2957

31.6846 0.491006 0.581683 -0.418317 1.82688 -1.29597
31.6896 0.498047 0.581683 -0.418317 1.75393 -1.36169

31.6896 0.498047 0.578561 -0.421439 1.75391 -1.36123
31.6919 0.501179 0.578561 -0.421439 1.7362 -1.40783

31.6919 0.501062 0.574252 -0.425748 1.73694 -1.40794
31.6951 0.505371 0.574252 -0.425748 1.69186 -1.4651

31.695 0.505371 0.565698 -0.434302 1.69178 -1.46417
31.6992 0.510812 0.565698 -0.434302 1.60864 -1.52138

31.6992 0.51075 0.566933 -0.433067 1.60984 -1.52172
31.7007 0.512695 0.566933 -0.433067 1.56602 -1.5378

31.7007 0.512695 0.556044 -0.443956 1.56617 -1.53714
31.7065 0.52002 0.556044 -0.443956 1.44055 -1.57423

31.7064 0.52002 0.551517 -0.448483 1.44092 -1.57277
31.7065 0.52017 0.551517 -0.448483 1.43909 -1.57358

31.7065 0.520036 0.547088 -0.452912 1.4403 -1.57452
31.7126 0.527344 0.547088 -0.452912 1e+30 1e+30

