6.35837 0 0.993984 -0.00601618 2.3953 0
6.35841 0.00732422 0.993984 -0.00601618 2.31375 -0.0446349

6.35842 0.00732422 0.983804 -0.0161958 2.31382 -0.0446406
6.35854 0.0146484 0.983804 -0.0161958 2.22698 -0.0341729

6.35854 0.0146484 0.975456 -0.0245437 2.22698 -0.0341729
6.35872 0.0219727 0.975456 -0.0245437 2.22186 -0.0383891

6.35872 0.0219727 0.966532 -0.0334682 2.22186 -0.0383905
6.35897 0.0292969 0.966532 -0.0334682 2.23682 -0.0571687

6.35897 0.0292969 0.95596 -0.0440399 2.23681 -0.0571563
6.35931 0.0366211 0.95596 -0.0440399 2.27303 -0.0925551

6.35931 0.0366211 0.944308 -0.0556921 2.27302 -0.0925483
6.35974 0.0439453 0.944308 -0.0556921 2.31623 -0.142708

6.35974 0.0439453 0.9332 -0.0667999 2.31625 -0.14273
6.36026 0.0512695 0.9332 -0.0667999 2.35416 -0.20009

6.36027 0.0512695 0.923534 -0.0764656 2.3542 -0.200129
6.36087 0.0585938 0.923534 -0.0764656 2.35991 -0.254812

6.36088 0.0585938 0.91552 -0.0844799 2.35996 -0.254859
6.36155 0.065918 0.91552 -0.0844799 2.32878 -0.280692

6.36156 0.065918 0.909016 -0.0909838 2.32879 -0.280656
6.36229 0.0732422 0.909016 -0.0909838 2.28492 -0.281146

6.36229 0.0732422 0.903387 -0.0966131 2.28492 -0.281137
6.36307 0.0805664 0.903387 -0.0966131 2.2516 -0.275067

6.36307 0.0805664 0.897523 -0.102477 2.25159 -0.27508
6.36391 0.0878906 0.897523 -0.102477 2.24143 -0.271808

6.3639 0.0878906 0.890594 -0.109406 2.24142 -0.271809
6.36475 0.0947517 0.890594 -0.109406 2.24403 -0.277472

6.36475 0.0947512 0.890594 -0.109406 2.24403 -0.277471
6.3648 0.0952148 0.890594 -0.109406 2.24428 -0.278306

6.3648 0.0952148 0.883087 -0.116913 2.24428 -0.278306
6.36577 0.102539 0.883087 -0.116913 2.24073 -0.291118

6.36577 0.102539 0.875757 -0.124243 2.24073 -0.29112
6.36681 0.109863 0.875757 -0.124243 2.22658 -0.302748

6.36681 0.109863 0.868643 -0.131357 2.22658 -0.302748
6.36792 0.117188 0.868643 -0.131357 2.21055 -0.313807

6.36792 0.117188 0.86144 -0.13856 2.21055 -0.313801
6.3691 0.124512 0.86144 -0.13856 2.19998 -0.318053

6.3691 0.124512 0.853874 -0.146126 2.19998 -0.318051
6.37035 0.131836 0.853874 -0.146126 2.19751 -0.324041

6.37035 0.131836 0.845844 -0.154156 2.19751 -0.324035
6.37168 0.13916 0.845844 -0.154156 2.19739 -0.336126

6.37168 0.13916 0.837633 -0.162367 2.19739 -0.33612
6.37207 0.141171 0.837633 -0.162367 2.19729 -0.34025

6.37207 0.141162 0.837633 -0.162367 2.1973 -0.340239
6.3731 0.146484 0.837633 -0.162367 2.19527 -0.350401

6.3731 0.146484 0.829495 -0.170505 2.19527 -0.350396
6.37461 0.153809 0.829495 -0.170505 2.19709 -0.36355

6.37461 0.153809 0.821445 -0.178555 2.19709 -0.36355
6.3762 0.161133 0.821445 -0.178555 2.20402 -0.375827

6.3762 0.161133 0.813708 -0.186292 2.20402 -0.375828
6.37788 0.168457 0.813708 -0.186292 2.2053 -0.387771

6.37788 0.168457 0.806404 -0.193596 2.2053 -0.387772
6.37939 0.174778 0.806404 -0.193596 2.19806 -0.400616

6.37939 0.174773 0.806404 -0.193596 2.19808 -0.400607
6.37964 0.175781 0.806404 -0.193596 2.19573 -0.402986

6.37964 0.175781 0.799553 -0.200447 2.19573 -0.402986
6.38147 0.183105 0.799553 -0.200447 2.18131 -0.421358

6.38147 0.183105 0.792959 -0.207041 2.18131 -0.421357
6.38338 0.19043 0.792959 -0.207041 2.16245 -0.44086

6.38339 0.19043 0.786711 -0.213289 2.16245 -0.440856
6.38537 0.197754 0.786711 -0.213289 2.12465 -0.444131

6.38537 0.197754 0.78101 -0.21899 2.12465 -0.444132
6.38672 0.202557 0.78101 -0.21899 2.10101 -0.443457

6.38672 0.202543 0.78101 -0.21899 2.10103 -0.443453
6.38743 0.205078 0.78101 -0.21899 2.09911 -0.443022

6.38742 0.205078 0.774335 -0.225665 2.0991 -0.443037
6.38955 0.212402 0.774335 -0.225665 2.10403 -0.447487

6.38955 0.212402 0.7661 -0.2339 2.10402 -0.447487
6.39179 0.219727 0.7661 -0.2339 2.1245 -0.47775

6.39179 0.219727 0.757647 -0.242353 2.12451 -0.477754
6.39404 0.226777 0.757647 -0.242353 2.1169 -0.514439

6.39404 0.226779 0.757647 -0.242353 2.11689 -0.514443
6.39413 0.227051 0.757647 -0.242353 2.11561 -0.515799

6.39414 0.227051 0.750626 -0.249374 2.11565 -0.515861
6.39657 0.234375 0.750626 -0.249374 2.09608 -0.545227

6.39657 0.234375 0.744528 -0.255472 2.09606 -0.54521
6.39908 0.241699 0.744528 -0.255472 2.0767 -0.554673

6.39908 0.241699 0.737646 -0.262354 2.0767 -0.554667
6.40137 0.248134 0.737646 -0.262354 2.05486 -0.557016

6.40137 0.248129 0.737646 -0.262354 2.05487 -0.557017
6.40169 0.249023 0.737646 -0.262354 2.0529 -0.557334

6.40168 0.249023 0.730217 -0.269783 2.05289 -0.55733
6.40439 0.256348 0.730217 -0.269783 2.03888 -0.56571

6.40439 0.256348 0.722913 -0.277087 2.03888 -0.565712
6.4072 0.263672 0.722913 -0.277087 2.0255 -0.590852

6.4072 0.263672 0.71621 -0.28379 2.02549 -0.590845
6.40869 0.267448 0.71621 -0.28379 2.01651 -0.604711

6.40869 0.267427 0.71621 -0.28379 2.01659 -0.604691
6.41011 0.270996 0.71621 -0.28379 2.00839 -0.614321

6.4101 0.270996 0.709677 -0.290323 2.00837 -0.614294
6.4131 0.27832 0.709677 -0.290323 1.99737 -0.633997

6.41309 0.27832 0.702332 -0.297668 1.99736 -0.633972
6.41602 0.285228 0.702332 -0.297668 1.97287 -0.650726

6.41602 0.285141 0.699419 -0.300581 1.97321 -0.650629
6.41938 0.292969 0.699419 -0.300581 1.96727 -0.666097

6.4194 0.292969 0.690034 -0.309966 1.96736 -0.666168
6.42269 0.300293 0.690034 -0.309966 1.95092 -0.686394

6.42267 0.300293 0.68329 -0.31671 1.95088 -0.686346
6.42334 0.30173 0.68329 -0.31671 1.9442 -0.691542

6.42334 0.30169 0.68329 -0.31671 1.94444 -0.691462
6.42609 0.307617 0.68329 -0.31671 1.92488 -0.708506

6.42608 0.307617 0.676524 -0.323476 1.92485 -0.708492
6.42958 0.314941 0.676524 -0.323476 1.8997 -0.728492

6.42958 0.314941 0.669604 -0.330396 1.89967 -0.728478
6.43066 0.317147 0.669604 -0.330396 1.89075 -0.733348

6.43066 0.317126 0.669604 -0.330396 1.89087 -0.733319
6.4332 0.322266 0.669604 -0.330396 1.87734 -0.741538

6.4332 0.322266 0.662682 -0.337318 1.87732 -0.741538
6.43692 0.32959 0.662682 -0.337318 1.85574 -0.754427

6.43692 0.32959 0.655709 -0.344291 1.85573 -0.754418
6.43799 0.331631 0.655709 -0.344291 1.84827 -0.756418

6.43799 0.331613 0.655709 -0.344291 1.84836 -0.756411
6.44077 0.336914 0.655709 -0.344291 1.8419 -0.765683

6.44077 0.336914 0.64862 -0.35138 1.84187 -0.765689
6.44474 0.344238 0.64862 -0.35138 1.81359 -0.807731

6.44471 0.344238 0.642166 -0.357834 1.81345 -0.807579
6.44531 0.345328 0.642166 -0.357834 1.80611 -0.813915

6.44531 0.34526 0.641598 -0.358402 1.80674 -0.813711
6.44883 0.351562 0.641598 -0.358402 1.78645 -0.850565

6.44882 0.351562 0.634396 -0.365604 1.78635 -0.850547
6.45264 0.358179 0.634396 -0.365604 1.74295 -0.901128

6.45264 0.358168 0.635639 -0.364361 1.74308 -0.901088
6.45305 0.358887 0.635639 -0.364361 1e+30 1e+30

