37.7659 0 0.99646 -0.00353964 2.70052 0
37.766 0.00732422 0.99646 -0.00353964 2.71808 0.00218227

37.766 0.00732422 0.988858 -0.0111419 2.71808 0.00218426
37.7661 0.0146484 0.988858 -0.0111419 2.7501 0.000517114

37.7661 0.0146484 0.981721 -0.0182788 2.75009 0.000513776
37.7662 0.0219727 0.981721 -0.0182788 2.77239 -0.00693633

37.7662 0.0219727 0.976094 -0.0239055 2.77239 -0.00693711
37.7664 0.0292969 0.976094 -0.0239055 2.76687 -0.0177911

37.7664 0.0292969 0.965087 -0.0349126 2.76684 -0.0177859
37.7669 0.0439453 0.965087 -0.0349126 2.76136 -0.0275833

37.7669 0.0439453 0.95041 -0.0495904 2.76136 -0.0275832
37.7676 0.0585938 0.95041 -0.0495904 2.75454 -0.0372757

37.7676 0.0585938 0.929423 -0.0705775 2.75447 -0.0372697
37.7698 0.0878906 0.929423 -0.0705775 2.74166 -0.0533489

37.7699 0.0878906 0.909302 -0.0906979 2.74171 -0.0533649
37.7713 0.102539 0.909302 -0.0906979 2.73521 -0.0603735

37.7713 0.102539 0.896127 -0.103873 2.73521 -0.0603733
37.773 0.117188 0.896127 -0.103873 2.73159 -0.0648762

37.773 0.117188 0.883284 -0.116716 2.73159 -0.0648762
37.775 0.131836 0.883284 -0.116716 2.73264 -0.0685107

37.775 0.131836 0.870526 -0.129474 2.73263 -0.0685084
37.7771 0.146484 0.870526 -0.129474 2.73749 -0.0717614

37.7772 0.146484 0.860983 -0.139017 2.7375 -0.0717755
37.7783 0.153699 0.860983 -0.139017 2.73967 -0.0735776

37.7783 0.153579 0.858596 -0.141404 2.73963 -0.0735704
37.7796 0.161133 0.858596 -0.141404 2.74271 -0.0700642

37.7796 0.161133 0.850589 -0.149411 2.74271 -0.0700655
37.7809 0.168457 0.850589 -0.149411 2.7501 -0.066643

37.7809 0.168457 0.844219 -0.155781 2.7501 -0.0666449
37.7822 0.175781 0.844219 -0.155781 2.75085 -0.068664

37.7822 0.175781 0.837705 -0.162295 2.75085 -0.0686666
37.7836 0.183105 0.837705 -0.162295 2.74514 -0.0709941

37.7836 0.183105 0.831898 -0.168102 2.74514 -0.0709948
37.7851 0.19043 0.831898 -0.168102 2.74312 -0.0718081

37.7851 0.19043 0.826374 -0.173626 2.74312 -0.0718082
37.7856 0.192967 0.826374 -0.173626 2.74083 -0.0714235

37.7856 0.192963 0.826374 -0.173626 2.74084 -0.071424
37.7867 0.197754 0.826374 -0.173626 2.73886 -0.070674

37.7866 0.197754 0.820646 -0.179354 2.73886 -0.070675
37.7883 0.205078 0.820646 -0.179354 2.73883 -0.071253

37.7882 0.205078 0.814695 -0.185305 2.73883 -0.0712534
37.7899 0.212402 0.814695 -0.185305 2.73946 -0.0797683

37.7899 0.212402 0.808782 -0.191218 2.73946 -0.079769
37.7916 0.219727 0.808782 -0.191218 2.7343 -0.0939515

37.7916 0.219727 0.803115 -0.196885 2.7343 -0.0939525
37.793 0.225114 0.803115 -0.196885 2.72718 -0.101655

37.793 0.22511 0.803115 -0.196885 2.72719 -0.101652
37.7934 0.227051 0.803115 -0.196885 2.72367 -0.103824

37.7934 0.227051 0.797753 -0.202247 2.72367 -0.103824
37.7953 0.234375 0.797753 -0.202247 2.71801 -0.112584

37.7953 0.234375 0.792323 -0.207677 2.71801 -0.112583
37.7972 0.241699 0.792323 -0.207677 2.72041 -0.129336

37.7972 0.241699 0.786599 -0.213401 2.7204 -0.129331
37.7992 0.249023 0.786599 -0.213401 2.71831 -0.15416

37.7992 0.249023 0.780795 -0.219205 2.71831 -0.154152
37.8003 0.252901 0.780795 -0.219205 2.71709 -0.165196

37.8003 0.252891 0.780795 -0.219205 2.71711 -0.165187
37.8013 0.256348 0.780795 -0.219205 2.71098 -0.172425

37.8013 0.256348 0.775129 -0.224871 2.71097 -0.172421
37.8034 0.263672 0.775129 -0.224871 2.70345 -0.184187

37.8034 0.263672 0.769695 -0.230305 2.70345 -0.184188
37.8056 0.270996 0.769695 -0.230305 2.69715 -0.191784

37.8056 0.270996 0.764404 -0.235596 2.69715 -0.191784
37.8076 0.277609 0.764404 -0.235596 2.68974 -0.195907

37.8076 0.277606 0.764404 -0.235596 2.68975 -0.195907
37.8078 0.27832 0.764404 -0.235596 2.68923 -0.196179

37.8078 0.27832 0.759038 -0.240962 2.68923 -0.196176
37.8102 0.285645 0.759038 -0.240962 2.68984 -0.202623

37.8102 0.285645 0.75346 -0.24654 2.68984 -0.202622
37.8126 0.292969 0.75346 -0.24654 2.69233 -0.222278

37.8126 0.292969 0.747942 -0.252058 2.69233 -0.222282
37.8149 0.300044 0.747942 -0.252058 2.67962 -0.24291

37.8149 0.300042 0.747942 -0.252058 2.67963 -0.242908
37.815 0.300293 0.747942 -0.252058 2.67889 -0.24354

37.815 0.300293 0.742792 -0.257208 2.67889 -0.243542
37.8176 0.307617 0.742792 -0.257208 2.66755 -0.260927

37.8176 0.307617 0.737612 -0.262388 2.66755 -0.260922
37.8202 0.314941 0.737612 -0.262388 2.66265 -0.283716

37.8202 0.314941 0.732225 -0.267775 2.66265 -0.283714
37.8223 0.320683 0.732225 -0.267775 2.6539 -0.299726

37.8223 0.320679 0.732225 -0.267775 2.6539 -0.299724
37.8228 0.322266 0.732225 -0.267775 2.65139 -0.303202

37.8228 0.322266 0.726804 -0.273196 2.65138 -0.303194
37.8256 0.32959 0.726804 -0.273196 2.65024 -0.320067

37.8256 0.32959 0.721236 -0.278764 2.65023 -0.320064
37.8284 0.336914 0.721236 -0.278764 2.63973 -0.349529

37.8284 0.336914 0.715977 -0.284023 2.63973 -0.349511
37.8296 0.339853 0.715977 -0.284023 2.63016 -0.359178

37.8296 0.339829 0.715977 -0.284023 2.63025 -0.359153
37.8313 0.344238 0.715977 -0.284023 2.61605 -0.372702

37.8313 0.344238 0.710852 -0.289148 2.61603 -0.372679
37.8343 0.351562 0.710852 -0.289148 2.60032 -0.398744

37.8343 0.351562 0.705395 -0.294605 2.60032 -0.398736
37.8369 0.357795 0.705395 -0.294605 2.58501 -0.422265

37.8369 0.357792 0.705395 -0.294605 2.58502 -0.422262
37.8374 0.358887 0.705395 -0.294605 2.58181 -0.425644

37.8374 0.358887 0.699763 -0.300237 2.5818 -0.425632
37.8405 0.366211 0.699763 -0.300237 2.57324 -0.448825

37.8405 0.366211 0.693967 -0.306033 2.57323 -0.448822
37.8437 0.373535 0.693967 -0.306033 2.54946 -0.485864

37.8437 0.373535 0.688508 -0.311492 2.54944 -0.485778
37.8442 0.374664 0.688508 -0.311492 2.54296 -0.490855

37.8442 0.374622 0.688508 -0.311492 2.54323 -0.490789
37.8471 0.380859 0.688508 -0.311492 2.52359 -0.515471

37.8471 0.380859 0.683204 -0.316796 2.52357 -0.515445
37.8505 0.388184 0.683204 -0.316796 2.49917 -0.547752

37.8504 0.388184 0.677814 -0.322186 2.49917 -0.547693
37.8516 0.390539 0.677814 -0.322186 2.48759 -0.555695

37.8516 0.390511 0.677814 -0.322186 2.48774 -0.555693
37.8539 0.395508 0.677814 -0.322186 2.47969 -0.57478

37.8539 0.395508 0.672075 -0.327925 2.47966 -0.574734
37.8575 0.402832 0.672075 -0.327925 2.46587 -0.623396

37.8575 0.402832 0.666351 -0.333649 2.46585 -0.623303
37.8589 0.405613 0.666351 -0.333649 2.45359 -0.643003

37.8589 0.405574 0.666351 -0.333649 2.4538 -0.642941
37.8612 0.410156 0.666351 -0.333649 2.43862 -0.668991

37.8612 0.410156 0.660709 -0.339291 2.43857 -0.668904
37.8649 0.41748 0.660709 -0.339291 2.39865 -0.708999

37.8649 0.41748 0.655069 -0.344931 2.39864 -0.708889
37.8662 0.419935 0.655069 -0.344931 2.37961 -0.719783

37.8662 0.419891 0.655069 -0.344931 2.37996 -0.71979
37.8688 0.424805 0.655069 -0.344931 2.36122 -0.742311

37.8688 0.424805 0.649149 -0.350851 2.36116 -0.742225
37.8727 0.432129 0.649149 -0.350851 2.32521 -0.791739

37.8727 0.432129 0.642914 -0.357086 2.3252 -0.791516
37.8735 0.433592 0.642914 -0.357086 2.31397 -0.800108

37.8735 0.433541 0.64285 -0.35715 2.31439 -0.800113
37.8768 0.439453 0.64285 -0.35715 2.30239 -0.836567

37.8768 0.439453 0.6364 -0.3636 2.30233 -0.836491
37.8809 0.446541 0.6364 -0.3636 2.25799 -0.900517

37.8809 0.446534 0.638653 -0.361347 2.25808 -0.900512
37.881 0.446777 0.638653 -0.361347 2.25504 -0.902219

37.881 0.446777 0.629973 -0.370027 2.25504 -0.902227
37.8853 0.454102 0.629973 -0.370027 2.20348 -0.950828

37.8853 0.454102 0.624016 -0.375984 2.20347 -0.950718
37.8882 0.4589 0.624016 -0.375984 2.1757 -0.99265

37.8882 0.458865 0.624016 -0.375984 2.17607 -0.99261
37.8897 0.461426 0.624016 -0.375984 2.15371 -1.01195

37.8897 0.461426 0.617144 -0.382856 2.15364 -1.0117
37.8942 0.46875 0.617144 -0.382856 2.0909 -1.07003

37.8942 0.46875 0.612284 -0.387716 2.09089 -1.06971
37.8955 0.470777 0.612284 -0.387716 2.0702 -1.0864

37.8955 0.470695 0.609956 -0.390044 2.07106 -1.08647
37.8989 0.476074 0.609956 -0.390044 2.05131 -1.13425

37.8989 0.476074 0.602837 -0.397163 2.05116 -1.13401
37.9028 0.482004 0.602837 -0.397163 2.0032 -1.2101

37.9028 0.48196 0.607274 -0.392726 2.004 -1.21011
37.9038 0.483398 0.607274 -0.392726 1.97871 -1.22381

37.9038 0.483398 0.595091 -0.404909 1.9787 -1.22366
37.9087 0.490723 0.595091 -0.404909 1.87332 -1.2776

37.9087 0.490723 0.594478 -0.405522 1.87333 -1.27729
37.9102 0.492837 0.594478 -0.405522 1.84679 -1.29236

37.9102 0.492714 0.587955 -0.412045 1.84829 -1.29268
37.9139 0.498047 0.587955 -0.412045 1.81171 -1.33963

37.9139 0.498047 0.580483 -0.419517 1.81173 -1.33867
37.9175 0.503068 0.580483 -0.419517 1.77024 -1.41241

37.9175 0.502996 0.584913 -0.415087 1.77134 -1.41257
37.9192 0.505371 0.584913 -0.415087 1.73556 -1.43934

37.9191 0.505371 0.570686 -0.429314 1.73556 -1.43886
37.9247 0.512695 0.570686 -0.429314 1.61776 -1.50187

37.9246 0.512695 0.566258 -0.433742 1.61797 -1.50057
37.9248 0.513 0.566258 -0.433742 1.6124 -1.50314

37.9248 0.512862 0.561603 -0.438397 1.61465 -1.50371
37.9304 0.52002 0.561603 -0.438397 1.51986 -1.57713

37.9303 0.52002 0.558701 -0.441299 1.51999 -1.5757
37.9321 0.522297 0.558701 -0.441299 1.49624 -1.6082

37.9321 0.522153 0.553931 -0.446069 1.49749 -1.60876
37.9363 0.527344 0.553931 -0.446069 1.42282 -1.66224

37.9363 0.527344 0.55007 -0.44993 1.423 -1.66173
37.9395 0.531226 0.55007 -0.44993 1.35232 -1.68057

37.9395 0.53111 0.545906 -0.454094 1.35353 -1.68167
37.9424 0.534668 0.545906 -0.454094 1.29666 -1.69954

37.9424 0.534668 0.535431 -0.464569 1.29665 -1.69957
37.9468 0.539696 0.535431 -0.464569 1.22273 -1.72664

37.9468 0.539639 0.530329 -0.469671 1.22315 -1.72718
37.9489 0.541992 0.530329 -0.469671 1.19468 -1.74166

37.9488 0.541992 0.522562 -0.477438 1.19474 -1.74145
37.9541 0.547741 0.522562 -0.477438 1.11675 -1.78473

37.9541 0.547705 0.517039 -0.482961 1.11713 -1.78506
37.9556 0.549316 0.517039 -0.482961 1.09225 -1.79749

37.9556 0.549316 0.51106 -0.48894 1.09232 -1.79724
37.9614 0.555413 0.51106 -0.48894 0.972069 -1.82582

37.9614 0.555387 0.504327 -0.495673 0.972483 -1.8261
37.9627 0.556641 0.504327 -0.495673 0.94321 -1.82968

37.9626 0.556641 0.49669 -0.50331 0.943487 -1.82918
37.9688 0.562688 0.49669 -0.50331 1e+30 1e+30

