38.7238 0.46875 0.604444 -0.395556 2.07272 -1.10518
38.7286 0.476074 0.604444 -0.395556 1.98819 -1.15874

38.7286 0.476074 0.599243 -0.400757 1.98817 -1.1585
38.7305 0.478939 0.599243 -0.400757 1.95922 -1.18127

38.7305 0.478856 0.597712 -0.402288 1.9601 -1.18136
38.7335 0.483398 0.597712 -0.402288 1.93513 -1.22315

38.7335 0.483398 0.590381 -0.409619 1.93495 -1.22274
38.7378 0.4896 0.590381 -0.409619 1.87143 -1.29647

38.7378 0.489565 0.593535 -0.406465 1.87208 -1.29652
38.7386 0.490723 0.593535 -0.406465 1.85075 -1.30705

38.7386 0.490723 0.58172 -0.41828 1.85075 -1.30684
38.7438 0.498047 0.58172 -0.41828 1.74924 -1.37137

38.7438 0.498047 0.57985 -0.42015 1.74924 -1.37074
38.7451 0.499862 0.57985 -0.42015 1.7301 -1.39045

38.7451 0.499732 0.573851 -0.426149 1.73149 -1.39067
38.7493 0.505371 0.573851 -0.426149 1.67764 -1.45342

38.7493 0.505371 0.567854 -0.432146 1.67768 -1.45255
38.7524 0.509548 0.567854 -0.432146 1.62952 -1.50557

38.7524 0.509434 0.569671 -0.430329 1.63131 -1.50607
38.7549 0.512695 0.569671 -0.430329 1.57442 -1.53882

38.7549 0.512695 0.556582 -0.443418 1.5745 -1.53821
38.7598 0.518837 0.556582 -0.443418 1.46833 -1.57786

38.7598 0.518805 0.555269 -0.444731 1.46876 -1.57809
38.7607 0.52002 0.555269 -0.444731 1.44732 -1.58512

38.7607 0.52002 0.54631 -0.45369 1.44745 -1.58469
38.7668 0.527344 0.54631 -0.45369 1.36089 -1.64106

38.7667 0.527344 0.541389 -0.458611 1.36113 -1.63934
38.7671 0.527794 0.541389 -0.458611 1.3584 -1.64401

38.7671 0.527674 0.536741 -0.463259 1.35884 -1.64477
38.7731 0.534668 0.536741 -0.463259 1.28248 -1.71124

38.7731 0.534668 0.531371 -0.468629 1.28292 -1.70985
38.7744 0.536214 0.531371 -0.468629 1.25935 -1.72112

38.7744 0.536105 0.526658 -0.473342 1.26044 -1.72211
38.7797 0.541992 0.526658 -0.473342 1.15046 -1.75051

38.7797 0.541992 0.519307 -0.480693 1.15087 -1.74982
38.7817 0.544246 0.519307 -0.480693 1.10257 -1.75113

38.7817 0.544139 0.515512 -0.484488 1.10408 -1.75234
38.7866 0.549316 0.515512 -0.484488 1.02144 -1.77581

38.7866 0.549316 0.5071 -0.4929 1.02167 -1.77513
38.7891 0.551883 0.5071 -0.4929 0.986443 -1.79842

38.7891 0.55182 0.500273 -0.499727 0.986906 -1.79899
38.7939 0.556641 0.500273 -0.499727 0.900038 -1.8445

38.7938 0.556641 0.493234 -0.506766 0.900742 -1.84224
38.7964 0.559176 0.493234 -0.506766 0.850984 -1.87963

38.7964 0.55911 0.48307 -0.51693 0.851779 -1.88026
38.8016 0.563965 0.48307 -0.51693 0.728204 -1.92894

38.8014 0.563965 0.478552 -0.521448 0.729641 -1.92693
38.8037 0.566045 0.478552 -0.521448 0.665944 -1.93423

38.8037 0.565973 0.470213 -0.529787 0.667325 -1.93512
38.8097 0.571289 0.470213 -0.529787 0.518421 -1.94374

38.8096 0.571289 0.464352 -0.535648 0.519753 -1.94226
38.811 0.572558 0.464352 -0.535648 0.484818 -1.9422

38.811 0.572495 0.456114 -0.543886 0.485799 -1.94304
38.8183 0.578613 0.456114 -0.543886 0.329821 -1.94695

38.8182 0.578613 0.44867 -0.55133 0.330922 -1.94539
38.8184 0.578741 0.44867 -0.55133 0.32818 -1.94562

38.8184 0.578647 0.44024 -0.55976 0.329213 -1.94686
38.8257 0.584407 0.44024 -0.55976 0.187807 -1.97338

38.8257 0.584376 0.421714 -0.578286 0.188357 -1.97382
38.8278 0.585938 0.421714 -0.578286 0.141821 -1.98068

38.8278 0.585938 0.423296 -0.576704 0.142391 -1.97982
38.833 0.589788 0.423296 -0.576704 0.0133059 -1.9667

38.833 0.589745 0.406291 -0.593709 0.0141768 -1.96736
38.8381 0.593262 0.406291 -0.593709 -0.110867 -1.93528

38.838 0.593262 0.400744 -0.599256 -0.109352 -1.93492
38.8403 0.594828 0.400744 -0.599256 -0.161972 -1.91978

38.8403 0.594783 0.388753 -0.611247 -0.161109 -1.92037
38.8477 0.599441 0.388753 -0.611247 -0.325683 -1.89714

38.8477 0.599414 0.370697 -0.629303 -0.325076 -1.89752
38.8496 0.600586 0.370697 -0.629303 -0.370005 -1.89517

38.8496 0.600586 0.370697 -0.629303 -0.369491 -1.89478
38.855 0.603761 0.370697 -0.629303 -0.510918 -1.83365

38.855 0.603756 0.351482 -0.648518 -0.510801 -1.83371
38.8623 0.607726 0.351482 -0.648518 -0.670326 -1.75884

38.8623 0.60791 0.346882 -0.653118 -0.67403 -1.75688
38.8623 0.607919 0.346882 -0.653118 -0.674333 -1.75684

38.8623 0.607716 0.330536 -0.669464 -0.670115 -1.75895
38.8627 0.60791 0.330536 -0.669464 -0.677291 -1.75801

38.8627 0.60791 0.330536 -0.669464 -0.677115 -1.75795
38.8696 0.611343 0.330536 -0.669464 -0.818152 -1.69175

38.8696 0.611338 0.308671 -0.691329 -0.818046 -1.69179
38.877 0.614609 0.308671 -0.691329 -0.97668 -1.60653

38.877 0.614595 0.285948 -0.714052 -0.976288 -1.60669
38.8785 0.615234 0.285948 -0.714052 -1.01009 -1.60146

38.8785 0.615234 0.285948 -0.714052 -1.00971 -1.60141
38.8843 0.617545 0.285948 -0.714052 -1.15284 -1.51633

38.8843 0.617543 0.261539 -0.738461 -1.15277 -1.51635
38.8916 0.620137 0.261539 -0.738461 -1.32322 -1.33461

38.8916 0.620131 0.235982 -0.764018 -1.32308 -1.33469
38.8989 0.622394 0.235982 -0.764018 -1.45478 -1.19778

38.8989 0.622392 0.209113 -0.790887 -1.45473 -1.19779
38.8996 0.622559 0.209113 -0.790887 -1.46569 -1.19112

38.8995 0.622559 0.209113 -0.790887 -1.46553 -1.19125
38.9062 0.624333 0.209113 -0.790887 -1.59182 -1.07942

39.2265 0 -0.997836 -0.00216443 2.81867 0
39.2265 0.00732422 -0.997836 -0.00216443 2.81766 0.0291101

39.2265 0.00732422 -0.993585 -0.00641506 2.81766 0.0291101
39.2265 0.0146484 -0.993585 -0.00641506 2.81352 0.0584309

39.2265 0.0146484 -0.986954 -0.013046 2.81344 0.0584306
39.2263 0.0292969 -0.986954 -0.013046 2.8047 0.112887

39.2263 0.0292969 -0.974197 -0.0258029 2.80446 0.112892
39.2255 0.0585938 -0.974197 -0.0258029 2.79114 0.225147

39.2256 0.0585938 -0.957625 -0.0423751 2.79112 0.225148
39.2243 0.0878906 -0.957625 -0.0423751 2.7826 0.342893

39.2242 0.0878906 -0.945388 -0.0546125 2.78285 0.342895
39.2234 0.102539 -0.945388 -0.0546125 2.77984 0.404841

39.2234 0.102539 -0.936969 -0.0630313 2.77984 0.404841
39.2224 0.117188 -0.936969 -0.0630313 2.7746 0.46687

39.2224 0.117188 -0.928731 -0.0712686 2.7746 0.46687
39.2213 0.131836 -0.928731 -0.0712686 2.76731 0.529467

39.2213 0.131836 -0.920606 -0.0793941 2.7673 0.529467
39.22 0.146484 -0.920606 -0.0793941 2.75104 0.589085

39.22 0.146484 -0.9123 -0.0876998 2.75102 0.589088
39.2186 0.161133 -0.9123 -0.0876998 2.73147 0.649896

39.2186 0.161133 -0.90593 -0.0940703 2.73154 0.649888
39.2178 0.168457 -0.90593 -0.0940703 2.72381 0.681414

39.2178 0.168457 -0.901953 -0.0980469 2.72383 0.681413
39.217 0.175781 -0.901953 -0.0980469 2.72069 0.715873

39.2139 0.202003 -0.885337 -0.114663 2.68935 0.845974
39.2135 0.205078 -0.885337 -0.114663 2.68496 0.861097

39.217 0.175781 -0.895473 -0.104527 2.72058 0.715877
39.2153 0.19043 -0.895473 -0.104527 2.70696 0.787265

39.2139 0.201946 -0.887077 -0.112923 2.68952 0.845696
39.2153 0.19043 -0.887077 -0.112923 2.707 0.787267

39.2135 0.205078 -0.880851 -0.119149 2.68499 0.861101
39.2125 0.212402 -0.880851 -0.119149 2.67535 0.896634

39.2125 0.212402 -0.876075 -0.123925 2.67537 0.896635
39.2114 0.219727 -0.876075 -0.123925 2.66784 0.933148

39.2114 0.219727 -0.871713 -0.128287 2.66784 0.933148
39.2104 0.227051 -0.871713 -0.128287 2.65534 0.970074

39.2104 0.227051 -0.867374 -0.132626 2.65533 0.970074
39.2092 0.234375 -0.867374 -0.132626 2.63926 1.00445

39.1992 0.290117 -0.830416 -0.169584 2.52447 1.27194
39.1986 0.292969 -0.830416 -0.169584 2.51857 1.28703

39.1986 0.292969 -0.8253 -0.1747 2.51859 1.28703
39.1971 0.300293 -0.8253 -0.1747 2.5063 1.32748

39.1971 0.300293 -0.820082 -0.179918 2.5063 1.32748
39.1955 0.307617 -0.820082 -0.179918 2.49209 1.36918

39.1955 0.307617 -0.814975 -0.185025 2.49209 1.36918
39.1938 0.314941 -0.814975 -0.185025 2.46689 1.40861

39.1938 0.314941 -0.810018 -0.189982 2.46689 1.40861
39.1921 0.322266 -0.810018 -0.189982 2.43879 1.44925

39.1919 0.323107 -0.804929 -0.195071 2.43555 1.45412
39.1903 0.32959 -0.804929 -0.195071 2.41604 1.49101

39.1903 0.32959 -0.79945 -0.20055 2.41603 1.49101
39.1885 0.336914 -0.79945 -0.20055 2.39935 1.53416

39.1919 0.323093 -0.804929 -0.195071 2.43564 1.45404
39.1921 0.322266 -0.804929 -0.195071 2.4388 1.44926

39.1885 0.336914 -0.79387 -0.20613 2.39935 1.53417
39.1866 0.344238 -0.79387 -0.20613 2.37347 1.57675

39.1866 0.344238 -0.788546 -0.211454 2.37347 1.57675
39.1846 0.351562 -0.788546 -0.211454 2.33647 1.61927

39.2092 0.234375 -0.862986 -0.137014 2.63926 1.00445
39.2081 0.241699 -0.862986 -0.137014 2.62387 1.03731

39.2081 0.241699 -0.858457 -0.141543 2.62386 1.03731
39.2069 0.249023 -0.858457 -0.141543 2.61228 1.07155

39.2065 0.250935 -0.853803 -0.146197 2.61027 1.08095
39.2056 0.256348 -0.853803 -0.146197 2.60167 1.10728

39.2056 0.256348 -0.849229 -0.150771 2.60168 1.10728
39.2043 0.263672 -0.849229 -0.150771 2.58748 1.14289

39.2065 0.250923 -0.853803 -0.146197 2.6103 1.08089
39.2069 0.249023 -0.853803 -0.146197 2.61229 1.07155

39.2043 0.263672 -0.844658 -0.155342 2.58748 1.14289
39.203 0.270996 -0.844658 -0.155342 2.57179 1.1789

39.203 0.270996 -0.839975 -0.160025 2.57179 1.1789
39.2016 0.27832 -0.839975 -0.160025 2.55273 1.21257

39.2016 0.27832 -0.835266 -0.164734 2.55273 1.21257
39.2001 0.285645 -0.835266 -0.164734 2.53386 1.24833

39.1992 0.2901 -0.830416 -0.169584 2.52454 1.27185
39.2001 0.285645 -0.830416 -0.169584 2.53387 1.24833

39.1699 0.399767 -0.746353 -0.253647 2.137 1.89583
39.1689 0.402832 -0.746353 -0.253647 2.11912 1.91508

39.1689 0.402832 -0.739912 -0.260088 2.11917 1.91509
39.1663 0.410156 -0.739912 -0.260088 2.08032 1.96511

39.1846 0.351746 -0.783268 -0.216732 2.33546 1.62036
39.1826 0.358887 -0.783268 -0.216732 2.30287 1.66212

39.1826 0.358887 -0.777663 -0.222337 2.30285 1.66212
39.1805 0.366211 -0.777663 -0.222337 2.27541 1.70387

39.1772 0.377103 -0.765492 -0.234508 2.2359 1.75986
39.1761 0.380859 -0.765492 -0.234508 2.22179 1.78136

39.1805 0.366211 -0.77166 -0.22834 2.27539 1.70387
39.1783 0.373535 -0.77166 -0.22834 2.2476 1.7393

39.1772 0.377083 -0.765492 -0.234508 2.23603 1.75973
39.1783 0.373535 -0.765492 -0.234508 2.24763 1.7393

39.1846 0.35173 -0.783268 -0.216732 2.33559 1.62027
39.1846 0.351562 -0.783268 -0.216732 2.33651 1.61927

39.1761 0.380859 -0.759151 -0.240849 2.2218 1.78136
39.1738 0.388184 -0.759151 -0.240849 2.19386 1.82544

39.1738 0.388184 -0.752685 -0.247315 2.19386 1.82544
39.1714 0.395508 -0.752685 -0.247315 2.15811 1.86809

39.1699 0.399737 -0.746353 -0.253647 2.13729 1.89566
39.1714 0.395508 -0.746353 -0.253647 2.15816 1.86809

39.1553 0.438989 -0.712125 -0.287875 1.89457 2.13997
39.1551 0.439453 -0.712125 -0.287875 1.89092 2.14295

39.1626 0.420252 -0.726483 -0.273517 2.01718 2.0248
39.1609 0.424805 -0.726483 -0.273517 1.98821 2.05328

39.1663 0.410156 -0.733215 -0.266785 2.08031 1.96511
39.1636 0.41748 -0.733215 -0.266785 2.03477 2.00656

39.1626 0.420227 -0.726483 -0.273517 2.01743 2.02464
39.1636 0.41748 -0.726483 -0.273517 2.03484 2.00656

39.1609 0.424805 -0.719466 -0.280534 1.98822 2.05328
39.158 0.432129 -0.719466 -0.280534 1.94108 2.09987

39.1553 0.438938 -0.712125 -0.287875 1.89522 2.13965
39.158 0.432129 -0.712125 -0.287875 1.94109 2.09987

39.1551 0.439453 -0.70459 -0.29541 1.89113 2.14296
39.152 0.446777 -0.70459 -0.29541 1.84227 2.19613

39.152 0.446777 -0.696648 -0.303352 1.84224 2.19612
39.1488 0.454102 -0.696648 -0.303352 1.78544 2.23908

39.1479 0.456012 -0.688574 -0.311426 1.76982 2.25171
39.1455 0.461426 -0.688574 -0.311426 1.72414 2.28909

39.1455 0.461426 -0.680162 -0.319838 1.72412 2.28909
39.1421 0.46875 -0.680162 -0.319838 1.65651 2.33208

39.1479 0.455992 -0.688574 -0.311426 1.77008 2.25157
39.1488 0.454102 -0.688574 -0.311426 1.78551 2.23907

38.9062 0.624335 0.179341 -0.820659 -1.59191 -1.0794
38.9136 0.625936 0.179341 -0.820659 -1.7346 -0.909519

38.9136 0.625935 0.146731 -0.853269 -1.73458 -0.909522
38.9209 0.627195 0.146731 -0.853269 -1.84283 -0.717577

38.9209 0.627194 0.111804 -0.888196 -1.8428 -0.717598
38.9282 0.628116 0.111804 -0.888196 -1.93155 -0.511859

38.9282 0.628115 0.0744506 -0.925549 -1.93153 -0.511874
38.9355 0.628704 0.0744506 -0.925549 -2.00334 -0.291172

38.9355 0.628703 0.034152 -0.965848 -2.00333 -0.291174
38.9429 0.628962 0.034152 -0.965848 -2.05191 -0.0623919

38.9429 0.628964 -0.00984376 -0.990156 -2.05194 -0.0623855
38.9502 0.628891 -0.00984376 -0.990156 -2.07469 0.163957

38.9502 0.628893 -0.0531412 -0.946859 -2.07474 0.163961
38.9575 0.628482 -0.0531412 -0.946859 -2.07682 0.383439

38.9575 0.628484 -0.0938397 -0.90616 -2.07688 0.383437
38.9648 0.627726 -0.0938397 -0.90616 -2.06595 0.602596

38.9648 0.627728 -0.132059 -0.867941 -2.06599 0.602592
38.9722 0.626613 -0.132059 -0.867941 -2.04743 0.836318

38.9722 0.626615 -0.167804 -0.832196 -2.04746 0.836311
38.9795 0.625138 -0.167804 -0.832196 -1.97307 1.07605

38.9795 0.625136 -0.200612 -0.799388 -1.97296 1.07604
38.9868 0.623298 -0.200612 -0.799388 -1.88108 1.27239

38.9941 0.621103 -0.230593 -0.769407 -1.79259 1.47638
38.9893 0.622559 -0.230593 -0.769407 -1.85576 1.33204

38.9868 0.623296 -0.230593 -0.769407 -1.88101 1.27239
38.9893 0.622559 -0.230593 -0.769407 -1.85574 1.33184

39.0161 0.612229 -0.314712 -0.685288 -1.40141 2.02711
39.0096 0.615234 -0.314712 -0.685288 -1.50803 1.85917

39.0161 0.612225 -0.340678 -0.659322 -1.40129 2.02715
39.0234 0.608441 -0.340678 -0.659322 -1.22821 2.16468

38.9941 0.621112 -0.259745 -0.740255 -1.79288 1.47631
39.0015 0.618542 -0.259745 -0.740255 -1.67307 1.72836

39.0015 0.618539 -0.287716 -0.712284 -1.67294 1.72835
39.0088 0.615581 -0.287716 -0.712284 -1.52062 1.85333

39.0088 0.615583 -0.314712 -0.685288 -1.52072 1.85333
39.0095 0.615234 -0.314712 -0.685288 -1.50796 1.859

39.0601 0.582876 -0.453025 -0.546975 -0.321352 2.67913
39.0564 0.585938 -0.453025 -0.546975 -0.416623 2.64738

39.0674 0.576243 -0.479402 -0.520598 -0.131679 2.7179
39.0648 0.578613 -0.479402 -0.520598 -0.197552 2.70246

39.0601 0.582745 -0.468544 -0.531456 -0.316571 2.67938
39.0647 0.578613 -0.468544 -0.531456 -0.197135 2.70199

39.0747 0.569035 -0.502527 -0.497473 0.0696392 2.74609
39.0725 0.571289 -0.502527 -0.497473 0.0085466 2.74058

39.082 0.561217 -0.523538 -0.476462 0.26886 2.75985
39.0795 0.563965 -0.523538 -0.476462 0.198929 2.75631

39.0747 0.568984 -0.513006 -0.486994 0.0714404 2.74593
39.0795 0.563965 -0.513006 -0.486994 0.199445 2.75599

39.0674 0.576153 -0.490948 -0.509052 -0.128516 2.71777
39.0724 0.571289 -0.490948 -0.509052 0.00897156 2.7403

39.1113 0.523278 -0.598883 -0.401117 0.977031 2.65782
39.1086 0.527344 -0.598883 -0.401117 0.922065 2.68467

39.1406 0.47169 -0.671586 -0.328414 1.63402 2.35118
39.1385 0.476074 -0.671586 -0.328414 1.59216 2.38197

39.1385 0.476074 -0.662764 -0.337236 1.59217 2.38198
39.1348 0.483398 -0.662764 -0.337236 1.5139 2.42611

39.1333 0.486153 -0.653476 -0.346524 1.4889 2.44315
39.1309 0.490723 -0.653476 -0.346524 1.43376 2.47563

39.1309 0.490723 -0.643407 -0.356593 1.43374 2.47563
39.1268 0.498047 -0.643407 -0.356593 1.33336 2.51184

39.1333 0.48612 -0.653476 -0.346524 1.48943 2.44289
39.1347 0.483398 -0.653476 -0.346524 1.51403 2.42608

39.1187 0.511932 -0.625313 -0.374687 1.16907 2.61337
39.1182 0.512695 -0.625313 -0.374687 1.15299 2.61813

39.126 0.499498 -0.633222 -0.366778 1.31524 2.51928
39.1226 0.505371 -0.633222 -0.366778 1.25098 2.5697

39.1187 0.511856 -0.623139 -0.376861 1.17123 2.61287
39.1226 0.505371 -0.623139 -0.376861 1.25099 2.5697

39.1182 0.512695 -0.611218 -0.388782 1.15337 2.61812
39.1135 0.52002 -0.611218 -0.388782 1.01944 2.64997

39.1113 0.523246 -0.599499 -0.400501 0.977736 2.65757
39.1135 0.52002 -0.599499 -0.400501 1.01974 2.64978

39.126 0.499487 -0.633876 -0.366124 1.31545 2.5192
39.1268 0.498047 -0.633876 -0.366124 1.3335 2.5118

39.0894 0.552757 -0.545242 -0.454758 0.450898 2.75949
39.0861 0.556641 -0.545242 -0.454758 0.366295 2.76732

39.0967 0.543699 -0.558526 -0.441474 0.62791 2.74651
39.0922 0.549316 -0.558526 -0.441474 0.512949 2.75847

39.0894 0.552777 -0.550044 -0.449956 0.450252 2.7597
39.0922 0.549316 -0.550044 -0.449956 0.513793 2.75785

39.104 0.533944 -0.587458 -0.412542 0.82789 2.72485
39.1035 0.534668 -0.587458 -0.412542 0.813241 2.72932

39.1035 0.534668 -0.573438 -0.426562 0.813598 2.7293
39.098 0.541992 -0.573438 -0.426562 0.660598 2.74845

39.104 0.53387 -0.587074 -0.412926 0.830051 2.72436
39.1086 0.527344 -0.587074 -0.412926 0.92217 2.68468

39.0967 0.543687 -0.565432 -0.434568 0.628246 2.74642
39.098 0.541992 -0.565432 -0.434568 0.661075 2.74804

39.082 0.561209 -0.532787 -0.467213 0.269115 2.75982
39.086 0.556641 -0.532787 -0.467213 0.366972 2.76715

39.0381 0.599671 -0.38734 -0.61266 -0.862727 2.4637
39.0366 0.600586 -0.38734 -0.61266 -0.903724 2.43802

39.0308 0.604235 -0.365159 -0.634841 -1.10332 2.30485
39.0244 0.60791 -0.365159 -0.634841 -1.21065 2.1697

39.0234 0.608435 -0.36266 -0.63734 -1.22796 2.16465
39.0244 0.60791 -0.36266 -0.63734 -1.21056 2.16959

39.0308 0.604208 -0.388185 -0.611815 -1.10162 2.30472
39.0365 0.600586 -0.388185 -0.611815 -0.903424 2.43546

39.0381 0.599594 -0.410299 -0.589701 -0.859096 2.464
39.0454 0.594498 -0.410299 -0.589701 -0.687529 2.53319

39.0527 0.588929 -0.432605 -0.567395 -0.527685 2.59851
39.0471 0.593262 -0.432605 -0.567395 -0.651691 2.53354

39.0454 0.594463 -0.423244 -0.576756 -0.686043 2.53291
39.047 0.593262 -0.423244 -0.576756 -0.651641 2.53351

39.0527 0.588839 -0.446319 -0.553681 -0.523262 2.59785
39.0563 0.585938 -0.446319 -0.553681 -0.416344 2.64682

39.1406 0.471661 -0.671586 -0.328414 1.63442 2.35096
39.142 0.46875 -0.671586 -0.328414 1.65663 2.33205

