30.4688 0.367162 -0.771205 -0.228795 2.27021 1.68507
30.4669 0.373535 -0.771205 -0.228795 2.24214 1.72406

30.4669 0.373535 -0.765358 -0.234642 2.24214 1.72406
30.4646 0.380859 -0.765358 -0.234642 2.2132 1.76799

30.4614 0.390836 -0.753072 -0.246928 2.16643 1.82546
30.4599 0.395508 -0.753072 -0.246928 2.14585 1.85499

30.4646 0.380859 -0.759234 -0.240766 2.21319 1.76799
30.4623 0.388184 -0.759234 -0.240766 2.1786 1.80835

30.4614 0.390814 -0.753072 -0.246928 2.1666 1.82533
30.4623 0.388184 -0.753072 -0.246928 2.17865 1.80835

30.4599 0.395508 -0.746703 -0.253297 2.14585 1.85499
30.4574 0.402832 -0.746703 -0.253297 2.11302 1.90331

30.4574 0.402832 -0.740007 -0.259993 2.11301 1.90331
30.4548 0.410156 -0.740007 -0.259993 2.0715 1.94653

30.4395 0.449315 -0.697337 -0.302663 1.81378 2.19207
30.4374 0.454102 -0.697337 -0.302663 1.77832 2.22447

30.4321 0.465606 -0.681034 -0.318966 1.69061 2.30048
30.4307 0.46875 -0.681034 -0.318966 1.65741 2.32065

30.4374 0.454102 -0.689376 -0.310624 1.77831 2.22447
30.4341 0.461426 -0.689376 -0.310624 1.72009 2.27279

30.4321 0.465567 -0.681034 -0.318966 1.69125 2.30026
30.4341 0.461426 -0.681034 -0.318966 1.72019 2.27277

30.4541 0.412181 -0.733363 -0.266637 2.05982 1.96035
30.4522 0.41748 -0.733363 -0.266637 2.02939 1.99563

30.4522 0.41748 -0.726624 -0.273376 2.02939 1.99563
30.4494 0.424805 -0.726624 -0.273376 1.98491 2.04292

30.4468 0.431636 -0.719691 -0.280309 1.93961 2.08222
30.4466 0.432129 -0.719691 -0.280309 1.9358 2.08524

30.4466 0.432129 -0.712544 -0.287456 1.93599 2.08524
30.4436 0.439453 -0.712544 -0.287456 1.88753 2.1349

30.4468 0.431586 -0.719691 -0.280309 1.94022 2.08192
30.4494 0.424805 -0.719691 -0.280309 1.98492 2.04292

30.4541 0.412164 -0.733363 -0.266637 2.05999 1.96024
30.4548 0.410156 -0.733363 -0.266637 2.07155 1.94654

30.4436 0.439453 -0.704979 -0.295021 1.8875 2.13489
30.4406 0.446777 -0.704979 -0.295021 1.83302 2.17593

30.4395 0.449292 -0.697337 -0.302663 1.81407 2.19191
30.4405 0.446777 -0.697337 -0.302663 1.8331 2.17592

30.0126 0.46875 0.604911 -0.395089 2.04729 -1.07843
30.0146 0.471843 0.604911 -0.395089 2.02438 -1.10984

30.0146 0.471773 0.60449 -0.39551 2.02497 -1.10985
30.0175 0.476074 0.60449 -0.39551 2.00755 -1.15447

30.0174 0.476074 0.59727 -0.40273 2.00737 -1.15408
30.022 0.482809 0.59727 -0.40273 1.93418 -1.22061

30.022 0.482789 0.600237 -0.399763 1.93455 -1.22063
30.0224 0.483398 0.600237 -0.399763 1.92306 -1.22509

30.0224 0.483398 0.58951 -0.41049 1.92306 -1.22505
30.0275 0.490723 0.58951 -0.41049 1.82952 -1.27912

30.0275 0.490723 0.587615 -0.412385 1.82952 -1.27881
30.0293 0.493345 0.587615 -0.412385 1.80787 -1.30405

30.0293 0.493232 0.58251 -0.41749 1.80881 -1.30425
30.0327 0.498047 0.58251 -0.41749 1.77597 -1.35293

30.0327 0.498047 0.574708 -0.425292 1.77583 -1.3523
30.0366 0.50334 0.574708 -0.425292 1.72111 -1.42196

30.0366 0.50328 0.577541 -0.422459 1.7221 -1.42213
30.0382 0.505371 0.577541 -0.422459 1.68682 -1.44443

30.0381 0.505371 0.564941 -0.435059 1.68685 -1.44389
30.0438 0.512695 0.564941 -0.435059 1.57134 -1.50239

30.0437 0.512695 0.560515 -0.439485 1.57153 -1.50112
30.0439 0.513031 0.560515 -0.439485 1.56623 -1.50382

30.0439 0.512895 0.55612 -0.44388 1.56811 -1.50442
30.0496 0.52002 0.55612 -0.44388 1.48174 -1.57606

30.0496 0.52002 0.552855 -0.447145 1.48193 -1.57448
30.0513 0.522132 0.552855 -0.447145 1.46031 -1.60328

30.0513 0.521991 0.548441 -0.451559 1.46146 -1.60391
30.0557 0.527344 0.548441 -0.451559 1.38664 -1.65636

30.0556 0.527344 0.543699 -0.456301 1.38689 -1.65568
30.0586 0.530867 0.543699 -0.456301 1.3247 -1.67354

30.0586 0.530755 0.540281 -0.459719 1.32609 -1.67455
30.0619 0.534668 0.540281 -0.459719 1.26497 -1.69576

30.0619 0.534668 0.531762 -0.468238 1.26487 -1.69605
30.0659 0.539186 0.531762 -0.468238 1.19723 -1.71937

30.0659 0.539112 0.525082 -0.474918 1.19789 -1.71998
30.0685 0.541992 0.525082 -0.474918 1.15991 -1.73895

30.0685 0.541992 0.519062 -0.480938 1.15991 -1.73896
30.0732 0.547086 0.519062 -0.480938 1.08599 -1.7798

30.0732 0.547013 0.512019 -0.487981 1.08701 -1.78044
30.0754 0.549316 0.512019 -0.487981 1.04402 -1.79737

30.0754 0.549316 0.506188 -0.493812 1.04418 -1.79681
30.0806 0.554608 0.506188 -0.493812 0.930152 -1.82054

30.0806 0.554576 0.49915 -0.50085 0.930671 -1.82087
30.0826 0.556641 0.49915 -0.50085 0.882177 -1.82813

30.0826 0.556641 0.491209 -0.508791 0.882521 -1.82747
30.0879 0.561758 0.491209 -0.508791 0.768141 -1.86623

30.0879 0.561732 0.483714 -0.516286 0.768492 -1.86651
30.0903 0.563965 0.483714 -0.516286 0.722291 -1.88731

30.0902 0.563965 0.475013 -0.524987 0.722881 -1.88569
30.0952 0.568514 0.475013 -0.524987 0.62424 -1.93534

30.0952 0.568506 0.466069 -0.533931 0.624361 -1.93544
30.0984 0.571289 0.466069 -0.533931 0.555318 -1.96323

30.0983 0.571289 0.458915 -0.541085 0.556274 -1.96102
30.1025 0.574892 0.458915 -0.541085 0.45684 -1.97337

30.1025 0.574887 0.449525 -0.550475 0.45693 -1.97343
30.1071 0.578613 0.449525 -0.550475 0.347467 -1.97317

30.107 0.578613 0.443771 -0.556229 0.348892 -1.97207
30.1099 0.580922 0.443771 -0.556229 0.278103 -1.96421

30.1099 0.580899 0.435369 -0.564631 0.278499 -1.96452
30.1164 0.585938 0.435369 -0.564631 0.132377 -1.94724

30.1163 0.585938 0.427644 -0.572356 0.133616 -1.94619
30.1172 0.586627 0.427644 -0.572356 0.11592 -1.94405

30.1172 0.586562 0.419037 -0.580963 0.11678 -1.94494
30.1245 0.591845 0.419037 -0.580963 -0.0336105 -1.94756

30.1245 0.591817 0.39997 -0.60003 -0.033117 -1.94795
30.1267 0.593262 0.39997 -0.60003 -0.0786981 -1.95028

30.1266 0.593262 0.401718 -0.598282 -0.0780975 -1.94957
30.1318 0.59677 0.401718 -0.598282 -0.202202 -1.92824

30.1318 0.596745 0.383578 -0.616422 -0.201717 -1.92856
30.138 0.600586 0.383578 -0.616422 -0.347467 -1.89076

30.1378 0.600586 0.377987 -0.622013 -0.345931 -1.89005
30.1392 0.601383 0.377987 -0.622013 -0.374815 -1.88588

30.1392 0.601316 0.364307 -0.635693 -0.373452 -1.88672
30.1465 0.605513 0.364307 -0.635693 -0.543936 -1.84294

30.1465 0.60548 0.345044 -0.654956 -0.543141 -1.84348
30.1511 0.60791 0.345044 -0.654956 -0.652149 -1.79136

30.151 0.60791 0.345044 -0.654956 -0.650854 -1.79179
30.1538 0.609404 0.345044 -0.654956 -0.718408 -1.76304

30.1538 0.609371 0.324706 -0.675294 -0.717573 -1.76345
30.1611 0.612892 0.324706 -0.675294 -0.892051 -1.66622

30.1611 0.612877 0.302451 -0.697549 -0.891658 -1.66645
30.1666 0.615234 0.302451 -0.697549 -1.00592 -1.58926

30.1665 0.615234 0.302451 -0.697549 -1.00487 -1.58972
30.1685 0.616101 0.302451 -0.697549 -1.04603 -1.5732

30.1685 0.616068 0.278694 -0.721306 -1.04517 -1.57352
30.1758 0.618898 0.278694 -0.721306 -1.20117 -1.47898

30.1758 0.618895 0.253272 -0.746728 -1.20108 -1.47902
30.1831 0.621379 0.253272 -0.746728 -1.35547 -1.33128

30.1831 0.621366 0.227081 -0.772919 -1.35502 -1.33148
30.1872 0.622559 0.227081 -0.772919 -1.4386 -1.26104

30.1871 0.622559 0.227081 -0.772919 -1.43778 -1.26222
30.1904 0.623539 0.227081 -0.772919 -1.51219 -1.19855

30.1904 0.623529 0.199293 -0.800707 -1.51181 -1.19865
30.1978 0.625352 0.199293 -0.800707 -1.66969 -1.03457

30.1978 0.625353 0.16893 -0.83107 -1.66971 -1.03456
30.2051 0.626842 0.16893 -0.83107 -1.79865 -0.827195

30.2051 0.626843 0.135841 -0.864159 -1.79868 -0.82718
30.2124 0.627994 0.135841 -0.864159 -1.891 -0.619594

30.2124 0.627995 0.099578 -0.900422 -1.89102 -0.619583
30.2197 0.628805 0.099578 -0.900422 -1.97098 -0.417674

30.2197 0.628805 0.0599657 -0.940034 -1.97098 -0.417676
30.2271 0.629272 0.0599657 -0.940034 -2.03876 -0.212271

30.2271 0.629271 0.0169805 -0.983019 -2.03874 -0.212279
30.2344 0.629398 0.0169805 -0.983019 -2.08751 0.00454405

30.3516 0.580495 -0.463349 -0.536651 -0.251421 2.69884
30.3453 0.585938 -0.463349 -0.536651 -0.408131 2.65685

30.2344 0.629397 -0.0280813 -0.971919 -2.0875 0.00454109
30.2417 0.629186 -0.0280813 -0.971919 -2.10867 0.235015

30.2417 0.629186 -0.0698362 -0.930164 -2.10868 0.235016
30.249 0.628636 -0.0698362 -0.930164 -2.10105 0.473727

30.249 0.628638 -0.108687 -0.891313 -2.1011 0.473723
30.2563 0.627745 -0.108687 -0.891313 -2.07309 0.71325

30.2563 0.627749 -0.145539 -0.854461 -2.07318 0.713231
30.2637 0.626501 -0.145539 -0.854461 -2.03643 0.95404

30.2637 0.626505 -0.180758 -0.819242 -2.03651 0.954012
30.271 0.624889 -0.180758 -0.819242 -1.94457 1.17477

30.271 0.624886 -0.213378 -0.786622 -1.94445 1.17476
30.2783 0.6229 -0.213378 -0.786622 -1.85873 1.33894

30.2856 0.620543 -0.243695 -0.756305 -1.78314 1.54182
30.2794 0.622559 -0.243695 -0.756305 -1.84925 1.35869

30.2783 0.622905 -0.243695 -0.756305 -1.85893 1.33894
30.2794 0.622559 -0.243695 -0.756305 -1.84927 1.35881

30.2856 0.620548 -0.272917 -0.727083 -1.78328 1.54178
30.293 0.617798 -0.272917 -0.727083 -1.64905 1.77902

30.3003 0.614707 -0.29971 -0.70029 -1.48018 1.94161
30.2991 0.615234 -0.29971 -0.70029 -1.50564 1.9184

30.3003 0.61467 -0.325364 -0.674636 -1.47849 1.94177
30.3076 0.611138 -0.325364 -0.674636 -1.33975 2.1178

30.3149 0.607264 -0.35052 -0.64948 -1.15422 2.23998
30.3137 0.60791 -0.35052 -0.64948 -1.17924 2.22674

30.3076 0.611119 -0.35052 -0.64948 -1.33868 2.11771
30.3136 0.60791 -0.35052 -0.64948 -1.17882 2.22486

30.3149 0.607199 -0.375344 -0.624656 -1.1514 2.24007
30.3223 0.602798 -0.375344 -0.624656 -1.00842 2.34671

30.293 0.617781 -0.29971 -0.70029 -1.64801 1.77896
30.2989 0.615234 -0.29971 -0.70029 -1.5058 1.91601

30.3296 0.597952 -0.399086 -0.600914 -0.829852 2.4699
30.3256 0.600586 -0.399086 -0.600914 -0.924675 2.40303

30.3369 0.592717 -0.424238 -0.575762 -0.631525 2.57607
30.3362 0.593262 -0.424238 -0.575762 -0.651056 2.564

30.3296 0.597917 -0.420943 -0.579057 -0.828508 2.47004
30.336 0.593262 -0.420943 -0.579057 -0.650029 2.56102

30.3223 0.602755 -0.398408 -0.601592 -1.00625 2.34645
30.3255 0.600586 -0.398408 -0.601592 -0.923962 2.40128

30.3369 0.592613 -0.442254 -0.557746 -0.626992 2.57605
30.3442 0.586806 -0.442254 -0.557746 -0.435515 2.65345

30.3442 0.586784 -0.454608 -0.545392 -0.434594 2.6533
30.3453 0.585938 -0.454608 -0.545392 -0.408079 2.6568

30.4102 0.507124 -0.622906 -0.377094 1.20993 2.55954
30.4068 0.512695 -0.622906 -0.377094 1.14513 2.60216

30.4028 0.518999 -0.615626 -0.384374 1.07816 2.65345
30.4022 0.52002 -0.615626 -0.384374 1.05765 2.66158

30.4022 0.52002 -0.600132 -0.399868 1.05801 2.66163
30.3973 0.527344 -0.600132 -0.399868 0.91282 2.69194

30.4028 0.518931 -0.612425 -0.387575 1.08009 2.653
30.4068 0.512695 -0.612425 -0.387575 1.14518 2.60218

30.3809 0.549447 -0.544217 -0.455783 0.525965 2.76731
30.3748 0.556641 -0.544217 -0.455783 0.366081 2.77126

30.3662 0.566155 -0.508447 -0.491553 0.148985 2.76636
30.3612 0.571289 -0.508447 -0.491553 0.0159937 2.75689

30.3589 0.573647 -0.483259 -0.516741 -0.0522471 2.74725
30.3536 0.578613 -0.483259 -0.516741 -0.194284 2.71223

30.3516 0.580435 -0.476316 -0.523684 -0.248869 2.69839
30.3536 0.578613 -0.476316 -0.523684 -0.194167 2.71209

30.3589 0.573578 -0.496944 -0.503056 -0.0494035 2.74663
30.3612 0.571289 -0.496944 -0.503056 0.0165406 2.75632

30.3735 0.558107 -0.527352 -0.472648 0.33705 2.76931
30.3683 0.563965 -0.527352 -0.472648 0.201223 2.76858

30.3662 0.566134 -0.51643 -0.48357 0.149786 2.76616
30.3682 0.563965 -0.51643 -0.48357 0.201839 2.76811

30.3735 0.558095 -0.534264 -0.465736 0.337433 2.76922
30.3748 0.556641 -0.534264 -0.465736 0.366515 2.77093

30.3882 0.54003 -0.575224 -0.424776 0.714815 2.73895
30.3867 0.541992 -0.575224 -0.424776 0.680275 2.75064

30.3955 0.529881 -0.586914 -0.413086 0.868166 2.69395
30.3921 0.534668 -0.586914 -0.413086 0.786809 2.71818

30.3882 0.539975 -0.573872 -0.426128 0.716278 2.73861
30.3921 0.534668 -0.573872 -0.426128 0.786914 2.7182

30.3867 0.541992 -0.559867 -0.440133 0.680586 2.75063
30.381 0.549316 -0.559867 -0.440133 0.529161 2.76712

30.3809 0.549426 -0.55188 -0.44812 0.52667 2.76717
30.3809 0.549316 -0.55188 -0.44812 0.529195 2.7671

30.3955 0.529868 -0.591511 -0.408489 0.868483 2.69386
30.3973 0.527344 -0.591511 -0.408489 0.913258 2.69161

30.4248 0.480578 -0.66307 -0.33693 1.54941 2.39482
30.4234 0.483398 -0.66307 -0.33693 1.518 2.41378

30.4175 0.494372 -0.644304 -0.355696 1.40817 2.49325
30.4155 0.498047 -0.644304 -0.355696 1.35485 2.5214

30.4234 0.483398 -0.653797 -0.346203 1.51813 2.41378
30.4195 0.490723 -0.653797 -0.346203 1.4386 2.46592

30.4175 0.49433 -0.644304 -0.355696 1.40885 2.49288
30.4195 0.490723 -0.644304 -0.355696 1.43876 2.46589

30.4307 0.46875 -0.672216 -0.327784 1.65747 2.32066
30.4271 0.476074 -0.672216 -0.327784 1.58466 2.36773

30.4248 0.480533 -0.66307 -0.33693 1.55018 2.39454
30.4271 0.476074 -0.66307 -0.33693 1.58478 2.3677

30.4155 0.498047 -0.633788 -0.366212 1.35486 2.5214
30.4112 0.505371 -0.633788 -0.366212 1.2373 2.55345

30.4102 0.50711 -0.624084 -0.375916 1.21023 2.55945
30.4112 0.505371 -0.624084 -0.375916 1.23747 2.55337

30.5155 0 -0.991086 -0.00891407 2.75748 0
30.5152 0.0292969 -0.991086 -0.00891407 2.7579 0.108744

30.5152 0.0292969 -0.973627 -0.0263727 2.75788 0.108744
30.5144 0.0585938 -0.973627 -0.0263727 2.75309 0.217304

30.5144 0.0585938 -0.961015 -0.0389845 2.75338 0.217293
30.5138 0.0732422 -0.961015 -0.0389845 2.75143 0.272534

30.5138 0.0732422 -0.95317 -0.04683 2.75141 0.272536
30.5131 0.0878906 -0.95317 -0.04683 2.74833 0.331272

30.5127 0.0949516 -0.947354 -0.0526462 2.74628 0.361153
30.5127 0.0952148 -0.947354 -0.0526462 2.74617 0.36115

30.5127 0.0952148 -0.943931 -0.0560695 2.74619 0.361146
30.5122 0.102539 -0.943931 -0.0560695 2.73689 0.394349

30.5123 0.102539 -0.937278 -0.0627224 2.73681 0.394356
30.5113 0.117188 -0.937278 -0.0627224 2.72294 0.456913

30.5127 0.09467 -0.945366 -0.0546336 2.74649 0.359946
30.5131 0.0878906 -0.945366 -0.0546336 2.74839 0.331265

30.5113 0.117188 -0.928467 -0.0715326 2.72293 0.456914
30.5101 0.131836 -0.928467 -0.0715326 2.71457 0.518911

30.5101 0.131836 -0.919754 -0.0802457 2.71458 0.518911
30.5089 0.146484 -0.919754 -0.0802457 2.70317 0.581495

30.5089 0.146484 -0.911227 -0.0887734 2.70317 0.581495
30.5074 0.161133 -0.911227 -0.0887734 2.68771 0.643098

30.5074 0.161133 -0.902663 -0.0973371 2.6877 0.643098
30.5059 0.175781 -0.902663 -0.0973371 2.67467 0.705366

30.498 0.233847 -0.866733 -0.133267 2.60967 0.967597
30.498 0.234375 -0.866733 -0.133267 2.60805 0.972281

30.5059 0.175781 -0.894088 -0.105912 2.67467 0.705366
30.5041 0.19043 -0.894088 -0.105912 2.66394 0.768376

30.5041 0.19043 -0.885718 -0.114282 2.66394 0.768376
30.5022 0.205078 -0.885718 -0.114282 2.64897 0.833185

30.5022 0.205078 -0.877053 -0.122947 2.64893 0.833186
30.5002 0.219727 -0.877053 -0.122947 2.63088 0.90028

30.498 0.233823 -0.868484 -0.131516 2.60975 0.967486
30.5002 0.219727 -0.868484 -0.131516 2.63091 0.900281

30.498 0.234375 -0.862222 -0.137778 2.6081 0.972288
30.4968 0.241699 -0.862222 -0.137778 2.59718 1.00846

30.4968 0.241699 -0.857252 -0.142748 2.5972 1.00847
30.4956 0.249023 -0.857252 -0.142748 2.58806 1.04593

30.4956 0.249023 -0.85273 -0.14727 2.58806 1.04593
30.4943 0.256348 -0.85273 -0.14727 2.57435 1.0827

30.4943 0.256348 -0.84809 -0.15191 2.57435 1.0827
30.493 0.263672 -0.84809 -0.15191 2.56284 1.11585

30.493 0.263672 -0.840846 -0.159154 2.56272 1.11583
30.4902 0.27832 -0.840846 -0.159154 2.53765 1.19244

30.4902 0.27832 -0.833663 -0.166337 2.53777 1.19245
30.4888 0.285645 -0.833663 -0.166337 2.5244 1.23311

30.4888 0.285645 -0.828815 -0.171185 2.52441 1.23311
30.4872 0.292969 -0.828815 -0.171185 2.511 1.27261

30.4834 0.31057 -0.814725 -0.185275 2.44389 1.36039
30.4824 0.314941 -0.814725 -0.185275 2.43336 1.38128

30.4824 0.314941 -0.809515 -0.190485 2.43335 1.38128
30.4807 0.322266 -0.809515 -0.190485 2.42419 1.42073

30.4872 0.292969 -0.824027 -0.175973 2.51099 1.27261
30.4857 0.300293 -0.824027 -0.175973 2.48829 1.31035

30.4857 0.300293 -0.819387 -0.180613 2.4883 1.31035
30.4841 0.307617 -0.819387 -0.180613 2.45727 1.346

30.4834 0.310552 -0.814725 -0.185275 2.44401 1.36031
30.4841 0.307617 -0.814725 -0.185275 2.45728 1.346

30.4807 0.322266 -0.804018 -0.195982 2.42419 1.42073
30.4789 0.32959 -0.804018 -0.195982 2.40933 1.46294

30.4789 0.32959 -0.798708 -0.201292 2.40933 1.46294
30.477 0.336914 -0.798708 -0.201292 2.38187 1.50509

30.4761 0.340675 -0.79349 -0.20651 2.36851 1.52837
30.4751 0.344238 -0.79349 -0.20651 2.35482 1.54838

30.4751 0.344238 -0.788004 -0.211996 2.35484 1.54838
30.4732 0.351562 -0.788004 -0.211996 2.33191 1.59091

30.4761 0.340652 -0.79349 -0.20651 2.36865 1.52826
30.477 0.336914 -0.79349 -0.20651 2.38189 1.50509

30.4732 0.351562 -0.782272 -0.217728 2.33191 1.59091
30.4711 0.358887 -0.782272 -0.217728 2.30983 1.63471

30.4711 0.358887 -0.776725 -0.223275 2.30984 1.63471
30.469 0.366211 -0.776725 -0.223275 2.27526 1.6791

30.4688 0.367147 -0.771205 -0.228795 2.27034 1.68498
30.469 0.366211 -0.771205 -0.228795 2.27529 1.67911

