8.48145 0.582957 0.10888 -0.89112 -1.35308 -0.527071
8.48877 0.583852 0.10888 -0.89112 -1.39441 -0.392216

8.48877 0.583852 0.0824774 -0.917523 -1.39441 -0.392217
8.49609 0.584511 0.0824774 -0.917523 -1.42563 -0.258565

8.49609 0.584511 0.05447 -0.94553 -1.42563 -0.258564
8.50342 0.584933 0.05447 -0.94553 -1.44811 -0.132948

8.50342 0.584933 0.0245236 -0.975476 -1.44811 -0.132946
8.51074 0.585117 0.0245236 -0.975476 -1.46399 -0.014461

8.51074 0.585118 -0.00760265 -0.992397 -1.464 -0.0144597
8.51807 0.585062 -0.00760265 -0.992397 -1.47433 0.103018

8.51807 0.585062 -0.0391258 -0.960874 -1.47433 0.103019
8.52539 0.584764 -0.0391258 -0.960874 -1.47825 0.225426

8.52539 0.584763 -0.0686779 -0.931322 -1.47825 0.225426
8.53271 0.584223 -0.0686779 -0.931322 -1.47387 0.355239

8.53271 0.584223 -0.0962573 -0.903743 -1.47387 0.35524
8.54004 0.583443 -0.0962573 -0.903743 -1.4602 0.491608

8.54004 0.583443 -0.122183 -0.877817 -1.46021 0.491607
8.54736 0.582424 -0.122183 -0.877817 -1.43979 0.633188

8.54736 0.582425 -0.146953 -0.853047 -1.43981 0.633182
8.55469 0.581163 -0.146953 -0.853047 -1.38942 0.765739

8.55469 0.581164 -0.170773 -0.829227 -1.38945 0.765741
8.56201 0.579656 -0.170773 -0.829227 -1.33937 0.870645

8.56934 0.577904 -0.193457 -0.806543 -1.29643 0.96309
8.56638 0.578613 -0.193457 -0.806543 -1.31546 0.926147

8.56201 0.579652 -0.193457 -0.806543 -1.33929 0.870646
8.56634 0.578613 -0.193457 -0.806543 -1.31551 0.925754

8.56934 0.577902 -0.215411 -0.784589 -1.29639 0.963097
8.57666 0.575891 -0.215411 -0.784589 -1.25396 1.07859

8.57666 0.575891 -0.236767 -0.763233 -1.25397 1.07859
8.58398 0.573619 -0.236767 -0.763233 -1.18406 1.20275

8.59131 0.571116 -0.256489 -0.743511 -1.10599 1.28989
8.59081 0.571289 -0.256489 -0.743511 -1.11026 1.28535

8.59131 0.571093 -0.275328 -0.724672 -1.10537 1.28993
8.59863 0.568311 -0.275328 -0.724672 -1.03784 1.41199

8.58398 0.573613 -0.256489 -0.743511 -1.18385 1.20274
8.59072 0.571289 -0.256489 -0.743511 -1.11019 1.28463

8.59863 0.56831 -0.293753 -0.706247 -1.03782 1.412
8.60596 0.565263 -0.293753 -0.706247 -0.93886 1.50475

8.61328 0.561965 -0.311338 -0.688662 -0.853657 1.57507
8.60886 0.563965 -0.311338 -0.688662 -0.905582 1.52123

8.60596 0.565247 -0.311338 -0.688662 -0.938339 1.50473
8.60879 0.563965 -0.311338 -0.688662 -0.905405 1.52083

8.67188 0.524895 -0.437273 -0.562727 -0.0833847 2.03655
8.66872 0.527344 -0.437273 -0.562727 -0.128638 2.01613

8.62793 0.5545 -0.34653 -0.65347 -0.676632 1.72213
8.62389 0.556641 -0.34653 -0.65347 -0.730961 1.67047

8.62793 0.554484 -0.363083 -0.636917 -0.676242 1.7222
8.63525 0.550309 -0.363083 -0.636917 -0.589237 1.77582

8.64258 0.54584 -0.378994 -0.621006 -0.509311 1.85078
8.63688 0.549316 -0.378994 -0.621006 -0.572524 1.77982

8.63525 0.550292 -0.377027 -0.622973 -0.588787 1.77576
8.63687 0.549316 -0.377027 -0.622973 -0.572421 1.77973

8.61328 0.561961 -0.329131 -0.670869 -0.853549 1.57509
8.62061 0.558368 -0.329131 -0.670869 -0.76915 1.64614

8.62061 0.558341 -0.34653 -0.65347 -0.768338 1.64609
8.62381 0.556641 -0.34653 -0.65347 -0.730605 1.66979

8.6499 0.541155 -0.391373 -0.608627 -0.372265 1.9321
8.6486 0.541992 -0.391373 -0.608627 -0.39264 1.92365

8.6499 0.541087 -0.40967 -0.59033 -0.370355 1.93227
8.65723 0.536004 -0.40967 -0.59033 -0.281463 1.95434

8.64258 0.545821 -0.394074 -0.605926 -0.508898 1.85087
8.64847 0.541992 -0.394074 -0.605926 -0.392308 1.92298

8.66455 0.530589 -0.425064 -0.574936 -0.197799 1.98631
8.65903 0.534668 -0.425064 -0.574936 -0.260981 1.95292

8.65723 0.53596 -0.417327 -0.582673 -0.28042 1.95416
8.65903 0.534668 -0.417327 -0.582673 -0.260962 1.95291

8.66455 0.530542 -0.437302 -0.562698 -0.19646 1.98617
8.66867 0.527344 -0.437302 -0.562698 -0.128478 2.01586

8.68652 0.512369 -0.47481 -0.52519 0.134339 2.08725
8.68616 0.512695 -0.47481 -0.52519 0.129182 2.08641

8.6792 0.518812 -0.457939 -0.542061 0.0296938 2.06724
8.67777 0.52002 -0.457939 -0.542061 0.00826166 2.06209

8.67188 0.524818 -0.454389 -0.545611 -0.0816859 2.03672
8.67764 0.52002 -0.454389 -0.545611 0.00885855 2.06159

8.6792 0.518734 -0.468768 -0.531232 0.0314955 2.06723
8.68604 0.512695 -0.468768 -0.531232 0.129848 2.08597

8.68652 0.512281 -0.482799 -0.517201 0.136261 2.08712
8.69385 0.505444 -0.482799 -0.517201 0.243226 2.1045

8.70117 0.498218 -0.496854 -0.503146 0.355562 2.11404
8.69393 0.505371 -0.496854 -0.503146 0.244378 2.10472

8.69385 0.50543 -0.48985 -0.51015 0.243535 2.10448
8.69391 0.505371 -0.48985 -0.51015 0.244483 2.10465

8.71582 0.482523 -0.531565 -0.468435 0.567563 2.11269
8.71505 0.483398 -0.531565 -0.468435 0.556335 2.11275

8.7085 0.490627 -0.517605 -0.482395 0.460853 2.11294
8.70841 0.490723 -0.517605 -0.482395 0.45962 2.11293

8.70836 0.490723 -0.510476 -0.489524 0.459949 2.11281
8.70133 0.498047 -0.510476 -0.489524 0.358236 2.11393

8.7085 0.490559 -0.523385 -0.476615 0.462143 2.11279
8.71502 0.483398 -0.523385 -0.476615 0.556533 2.1127

8.72314 0.473943 -0.546365 -0.453635 0.68364 2.10747
8.72138 0.476074 -0.546365 -0.453635 0.654233 2.1121

8.71582 0.482458 -0.53573 -0.46427 0.568755 2.11258
8.72135 0.476074 -0.53573 -0.46427 0.654362 2.11214

8.72314 0.473898 -0.548188 -0.451812 0.684477 2.10743
8.72739 0.46875 -0.548188 -0.451812 0.735092 2.09773

8.70117 0.498194 -0.503839 -0.496161 0.356069 2.11398
8.70132 0.498047 -0.503839 -0.496161 0.358338 2.1139

