7.47317 0 -0.991378 -0.00862236 2.26049 0
7.47305 0.0146484 -0.991378 -0.00862236 2.25719 0.0635365

7.47304 0.0146484 -0.97499 -0.0250098 2.25722 0.0635362
7.47267 0.0292969 -0.97499 -0.0250098 2.24522 0.129269

7.47268 0.0292969 -0.958516 -0.041484 2.24515 0.129268
7.47204 0.0439453 -0.958516 -0.041484 2.23696 0.196686

7.47204 0.0439453 -0.942511 -0.0574885 2.23703 0.19669
7.47114 0.0585938 -0.942511 -0.0574885 2.22206 0.26392

7.4707 0.0644752 -0.931621 -0.0683787 2.20968 0.290256
7.4706 0.065918 -0.931621 -0.0683787 2.20683 0.295105

7.47059 0.065918 -0.923893 -0.0761071 2.20687 0.295111
7.46999 0.0732422 -0.923893 -0.0761071 2.19933 0.324482

7.46998 0.0732422 -0.9161 -0.0838997 2.19936 0.324485
7.46931 0.0805664 -0.9161 -0.0838997 2.19958 0.356516

7.46931 0.0805664 -0.909277 -0.0907227 2.19958 0.356516
7.46858 0.0878906 -0.909277 -0.0907227 2.19565 0.387686

7.46858 0.0878906 -0.902523 -0.0974765 2.19566 0.387687
7.46779 0.0952148 -0.902523 -0.0974765 2.19244 0.417357

7.46779 0.0952148 -0.896375 -0.103625 2.19246 0.417362
7.46694 0.102539 -0.896375 -0.103625 2.18207 0.447759

7.46696 0.102539 -0.886177 -0.113823 2.18188 0.44772
7.46508 0.117188 -0.886177 -0.113823 2.16625 0.506723

7.4707 0.0641153 -0.927506 -0.0724936 2.21067 0.28867
7.47113 0.0585938 -0.927506 -0.0724936 2.22212 0.263926

7.44141 0.230601 -0.777305 -0.222695 1.97087 1.03672
7.44033 0.234375 -0.777305 -0.222695 1.95487 1.05389

7.46508 0.117188 -0.872432 -0.127568 2.16623 0.506719
7.46294 0.131836 -0.872432 -0.127568 2.1463 0.566064

7.46294 0.131836 -0.859227 -0.140773 2.14633 0.566068
7.46054 0.146484 -0.859227 -0.140773 2.12876 0.629

7.45605 0.170384 -0.831253 -0.168747 2.09721 0.740479
7.45496 0.175781 -0.831253 -0.168747 2.08942 0.761938

7.46054 0.146484 -0.846385 -0.153615 2.12873 0.628992
7.45788 0.161133 -0.846385 -0.153615 2.11025 0.696243

7.45605 0.17028 -0.833754 -0.166246 2.09753 0.740052
7.45788 0.161133 -0.833754 -0.166246 2.1103 0.69626

7.45496 0.175781 -0.824095 -0.175905 2.08944 0.761944
7.45339 0.183105 -0.824095 -0.175905 2.08609 0.793543

7.45339 0.183105 -0.816746 -0.183254 2.08611 0.793547
7.45175 0.19043 -0.816746 -0.183254 2.07429 0.828832

7.44873 0.20309 -0.803886 -0.196114 2.03236 0.888554
7.44825 0.205078 -0.803886 -0.196114 2.03193 0.899255

7.45175 0.19043 -0.810075 -0.189925 2.0743 0.828836
7.45003 0.197754 -0.810075 -0.189925 2.04751 0.864233

7.44873 0.203069 -0.803886 -0.196114 2.03243 0.888465
7.45003 0.197754 -0.803886 -0.196114 2.04753 0.864241

7.44827 0.205078 -0.793774 -0.206226 2.03175 0.899207
7.44446 0.219727 -0.793774 -0.206226 2.00475 0.97412

7.44444 0.219727 -0.783759 -0.216241 2.00491 0.974193
7.44242 0.227051 -0.783759 -0.216241 1.98336 1.01576

7.44141 0.230571 -0.777305 -0.222695 1.97105 1.03658
7.44241 0.227051 -0.777305 -0.222695 1.9834 1.01579

7.31689 0.464234 -0.519287 -0.480713 0.521442 1.90686
7.31271 0.46875 -0.519287 -0.480713 1e+30 1e+30

7.32422 0.456091 -0.530729 -0.469271 0.607823 1.90593
7.3195 0.461426 -0.530729 -0.469271 0.549956 1.90853

7.31689 0.464238 -0.523188 -0.476812 0.521379 1.90687
7.31946 0.461426 -0.523188 -0.476812 0.550271 1.90837

7.38281 0.372837 -0.642721 -0.357279 1.34683 1.65388
7.38242 0.373535 -0.642721 -0.357279 1.34076 1.65733

7.38239 0.373535 -0.634523 -0.365477 1.34101 1.65742
7.37818 0.380859 -0.634523 -0.365477 1.28158 1.69127

7.36084 0.408404 -0.603034 -0.396966 1.0759 1.7995
7.35969 0.410156 -0.603034 -0.396966 1.05792 1.81169

7.36816 0.397189 -0.607939 -0.392061 1.12941 1.73049
7.36452 0.402832 -0.607939 -0.392061 1.09773 1.76066

7.36084 0.408346 -0.600003 -0.399997 1.07675 1.7994
7.36452 0.402832 -0.600003 -0.399997 1.09778 1.76072

7.37549 0.385398 -0.625957 -0.374043 1.24947 1.70356
7.37382 0.388184 -0.625957 -0.374043 1.21524 1.71089

7.37381 0.388184 -0.616668 -0.383332 1.21533 1.71092
7.36926 0.395508 -0.616668 -0.383332 1.14073 1.72572

7.37549 0.385339 -0.625957 -0.374043 1.25041 1.70346
7.37817 0.380859 -0.625957 -0.374043 1.28168 1.69125

7.36816 0.39719 -0.611441 -0.388559 1.1294 1.73049
7.36923 0.395508 -0.611441 -0.388559 1.14087 1.72575

7.33887 0.438541 -0.56105 -0.43895 0.803725 1.90132
7.33815 0.439453 -0.56105 -0.43895 0.79129 1.90381

7.35352 0.418949 -0.58086 -0.41914 0.952834 1.82877
7.34929 0.424805 -0.58086 -0.41914 0.898756 1.84568

7.34619 0.428956 -0.574048 -0.425952 0.880519 1.86421
7.34384 0.432129 -0.574048 -0.425952 0.85931 1.88152

7.33887 0.438468 -0.562361 -0.437639 0.804993 1.9013
7.3438 0.432129 -0.562361 -0.437639 0.859485 1.88178

7.34619 0.428932 -0.572728 -0.427272 0.880762 1.86421
7.34927 0.424805 -0.572728 -0.427272 0.898925 1.84571

7.33154 0.447537 -0.541289 -0.458711 0.694633 1.90411
7.32598 0.454102 -0.541289 -0.458711 0.627818 1.90629

7.33812 0.439453 -0.552268 -0.447732 0.791454 1.90392
7.33218 0.446777 -0.552268 -0.447732 0.701903 1.90486

7.33154 0.447528 -0.546302 -0.453698 0.694762 1.9041
7.33217 0.446777 -0.546302 -0.453698 0.701987 1.90482

7.32422 0.456091 -0.534771 -0.465229 0.607813 1.90593
7.32595 0.454102 -0.534771 -0.465229 0.628015 1.90621

7.35966 0.410156 -0.59057 -0.40943 1.05811 1.81191
7.35458 0.41748 -0.59057 -0.40943 0.971861 1.82826

7.35352 0.418948 -0.587524 -0.412476 0.952847 1.82877
7.35455 0.41748 -0.587524 -0.412476 0.971987 1.82824

7.44032 0.234375 -0.770849 -0.229151 1.95489 1.0539
7.43814 0.241699 -0.770849 -0.229151 1.9285 1.08659

7.43815 0.241699 -0.764193 -0.235807 1.9285 1.08659
7.43589 0.249023 -0.764193 -0.235807 1.90867 1.11673

7.43408 0.254688 -0.757629 -0.242371 1.8912 1.1433
7.43355 0.256348 -0.757629 -0.242371 1.88406 1.15062

7.43354 0.256348 -0.75096 -0.24904 1.88412 1.15065
7.43111 0.263672 -0.75096 -0.24904 1.86084 1.18332

7.43408 0.25465 -0.757629 -0.242371 1.89146 1.14317
7.43588 0.249023 -0.757629 -0.242371 1.90869 1.11674

7.42676 0.276167 -0.736762 -0.263238 1.81875 1.24321
7.42599 0.27832 -0.736762 -0.263238 1.80546 1.25246

7.42598 0.27832 -0.729847 -0.270153 1.80555 1.25251
7.42327 0.285645 -0.729847 -0.270153 1.7736 1.28795

7.42327 0.285645 -0.722899 -0.277101 1.7736 1.28794
7.42046 0.292969 -0.722899 -0.277101 1.74756 1.31659

7.43112 0.263672 -0.743841 -0.256159 1.86082 1.18331
7.42859 0.270996 -0.743841 -0.256159 1.84053 1.21653

7.42676 0.276119 -0.736762 -0.263238 1.81918 1.24308
7.42859 0.270996 -0.736762 -0.263238 1.84058 1.21655

7.41211 0.313401 -0.701713 -0.298287 1.65473 1.39579
7.41145 0.314941 -0.701713 -0.298287 1.64478 1.40126

7.41144 0.314941 -0.694448 -0.305552 1.6449 1.4013
7.40822 0.322266 -0.694448 -0.305552 1.61069 1.43293

7.39746 0.345102 -0.665703 -0.334297 1.50449 1.53664
7.39422 0.351562 -0.665703 -0.334297 1.46492 1.57054

7.40479 0.329802 -0.680419 -0.319581 1.57794 1.46399
7.40144 0.336914 -0.680419 -0.319581 1.55199 1.50239

7.40821 0.322266 -0.687365 -0.312635 1.6107 1.43294
7.40488 0.32959 -0.687365 -0.312635 1.57912 1.46306

7.40479 0.329798 -0.680419 -0.319581 1.57798 1.46398
7.40488 0.32959 -0.680419 -0.319581 1.57913 1.46306

7.40145 0.336914 -0.67323 -0.32677 1.55198 1.50238
7.39789 0.344238 -0.67323 -0.32677 1.5115 1.53282

7.39746 0.345087 -0.665703 -0.334297 1.50466 1.53659
7.39789 0.344238 -0.665703 -0.334297 1.51153 1.53284

7.41943 0.295561 -0.716063 -0.283937 1.73583 1.32844
7.41756 0.300293 -0.716063 -0.283937 1.71435 1.34711

7.41756 0.300293 -0.708986 -0.291014 1.71435 1.34711
7.41455 0.307617 -0.708986 -0.291014 1.68106 1.37425

7.41943 0.295542 -0.716063 -0.283937 1.73598 1.32837
7.42045 0.292969 -0.716063 -0.283937 1.7476 1.3166

7.41211 0.31335 -0.701713 -0.298287 1.65523 1.39567
7.41455 0.307617 -0.701713 -0.298287 1.6811 1.37426

7.39014 0.359392 -0.650075 -0.349925 1.41514 1.59158
7.38647 0.366211 -0.650075 -0.349925 1.37974 1.62076

7.39422 0.351562 -0.657884 -0.342116 1.46492 1.57054
7.39041 0.358887 -0.657884 -0.342116 1.41883 1.59019

7.39014 0.359385 -0.65061 -0.34939 1.41522 1.59156
7.3904 0.358887 -0.65061 -0.34939 1.41886 1.59019

7.38281 0.372769 -0.642465 -0.357535 1.34774 1.65367
7.38646 0.366211 -0.642465 -0.357535 1.37978 1.62077

7.03125 0.562798 0.195439 -0.804561 -0.93817 -0.796659
7.03605 0.563965 0.195439 -0.804561 -0.97191 -0.753158

7.03601 0.563965 0.195439 -0.804561 -0.971767 -0.753468
7.03857 0.564589 0.195439 -0.804561 -0.991812 -0.734443

7.03857 0.564582 0.175871 -0.824129 -0.991683 -0.734463
7.0459 0.566145 0.175871 -0.824129 -1.05227 -0.665069

7.0459 0.566145 0.155319 -0.844681 -1.05225 -0.66507
7.05322 0.567491 0.155319 -0.844681 -1.11524 -0.571294

7.05322 0.567491 0.133967 -0.866033 -1.11522 -0.571295
7.06055 0.568624 0.133967 -0.866033 -1.1536 -0.463537

7.06055 0.568623 0.111723 -0.888277 -1.1536 -0.463539
7.06787 0.569545 0.111723 -0.888277 -1.18296 -0.356678

7.06787 0.569544 0.0884231 -0.911577 -1.18296 -0.356678
7.0752 0.570255 0.0884231 -0.911577 -1.20806 -0.256393

7.0752 0.570255 0.0638168 -0.936183 -1.20806 -0.256392
7.08252 0.570754 0.0638168 -0.936183 -1.23181 -0.162103

7.08252 0.570755 0.0376845 -0.962315 -1.23182 -0.162102
7.08984 0.571042 0.0376845 -0.962315 -1.25592 -0.069476

7.08984 0.571042 0.00991246 -0.990088 -1.25592 -0.0694753
7.09717 0.571115 0.00991246 -0.990088 -1.27714 0.0274731

7.09717 0.571115 -0.0188451 -0.981155 -1.27714 0.0274734
7.10449 0.570975 -0.0188451 -0.981155 -1.28832 0.132198

7.10449 0.570975 -0.0462063 -0.953794 -1.28831 0.132198
7.11182 0.57062 -0.0462063 -0.953794 -1.2861 0.24318

7.11182 0.57062 -0.0720652 -0.927935 -1.2861 0.24318
7.11914 0.570051 -0.0720652 -0.927935 1e+30 1e+30

