13.3594 0.339267 -0.751957 -0.248043 2.10186 1.57201
13.3577 0.344238 -0.751957 -0.248043 2.08052 1.59913

13.3577 0.344238 -0.746004 -0.253996 2.08053 1.59914
13.3552 0.351562 -0.746004 -0.253996 2.05011 1.63909

13.3447 0.380091 -0.720141 -0.279859 1.91696 1.79011
13.3444 0.380859 -0.720141 -0.279859 1.91189 1.7946

13.3521 0.360584 -0.733549 -0.266451 2.00607 1.68184
13.35 0.366211 -0.733549 -0.266451 1.98021 1.71229

13.3552 0.351562 -0.739828 -0.260172 2.0501 1.63909
13.3527 0.358887 -0.739828 -0.260172 2.01465 1.67266

13.3521 0.36057 -0.733549 -0.266451 2.00618 1.68177
13.3527 0.358887 -0.733549 -0.266451 2.01468 1.67266

13.35 0.366211 -0.726914 -0.273086 1.98019 1.71228
13.3473 0.373535 -0.726914 -0.273086 1.94883 1.75265

13.3447 0.380038 -0.720141 -0.279859 1.91751 1.78987
13.3473 0.373535 -0.720141 -0.279859 1.94886 1.75265

13.3444 0.380859 -0.71336 -0.28664 1.91206 1.79466
13.3415 0.388184 -0.71336 -0.28664 1.87489 1.84121

13.3415 0.388184 -0.706346 -0.293654 1.87488 1.8412
13.3384 0.395508 -0.706346 -0.293654 1.83337 1.87679

13.3374 0.397892 -0.699314 -0.300686 1.81813 1.88943
13.3353 0.402832 -0.699314 -0.300686 1.7878 1.91524

13.3353 0.402832 -0.691927 -0.308073 1.78779 1.91524
13.332 0.410156 -0.691927 -0.308073 1.73892 1.95168

13.3374 0.397871 -0.699314 -0.300686 1.81834 1.88933
13.3384 0.395508 -0.699314 -0.300686 1.83343 1.87679

13.3301 0.414382 -0.684451 -0.315549 1.71377 1.97451
13.3286 0.41748 -0.684451 -0.315549 1.69051 1.99125

13.3286 0.41748 -0.677018 -0.322982 1.69058 1.99128
13.3251 0.424805 -0.677018 -0.322982 1.6389 2.03346

13.3228 0.429683 -0.669266 -0.330734 1.60798 2.06018
13.3215 0.432129 -0.669266 -0.330734 1.58424 2.07287

13.3215 0.432129 -0.661095 -0.338905 1.58436 2.07289
13.3178 0.439453 -0.661095 -0.338905 1.51761 2.10925

13.3228 0.429636 -0.669266 -0.330734 1.60866 2.05999
13.3251 0.424805 -0.669266 -0.330734 1.63897 2.03346

13.3154 0.443893 -0.65276 -0.34724 1.48592 2.12893
13.3139 0.446777 -0.65276 -0.34724 1.45957 2.14371

13.3139 0.446777 -0.644357 -0.355643 1.45968 2.14373
13.3098 0.454102 -0.644357 -0.355643 1.3967 2.18535

13.3081 0.457148 -0.635829 -0.364171 1.37758 2.20523
13.3057 0.461426 -0.635829 -0.364171 1.33365 2.23784

13.3057 0.461426 -0.626461 -0.373539 1.33363 2.23783
13.3013 0.46875 -0.626461 -0.373539 1.23157 2.26299

13.3081 0.457115 -0.635829 -0.364171 1.378 2.20503
13.3098 0.454102 -0.635829 -0.364171 1.39683 2.18536

13.3154 0.443852 -0.65276 -0.34724 1.48653 2.12875
13.3178 0.439453 -0.65276 -0.34724 1.51771 2.10924

13.3301 0.414344 -0.684451 -0.315549 1.71423 1.97435
13.332 0.410156 -0.684451 -0.315549 1.73901 1.95168

13.409 0 -0.994185 -0.0058146 2.61006 0
13.4089 0.0146484 -0.994185 -0.0058146 2.61144 0.0596622

13.4089 0.0146484 -0.983199 -0.016801 2.61147 0.0596637
13.4087 0.0292969 -0.983199 -0.016801 2.61478 0.120665

13.4087 0.0292969 -0.972364 -0.0276357 2.61474 0.120662
13.4082 0.0439453 -0.972364 -0.0276357 2.61857 0.184896

13.4082 0.0439453 -0.964284 -0.0357158 2.61871 0.184906
13.408 0.0512695 -0.964284 -0.0357158 2.62003 0.216995

13.408 0.0512695 -0.960584 -0.0394159 2.62004 0.216995
13.4077 0.0585938 -0.960584 -0.0394159 2.61001 0.248028

13.4077 0.0585938 -0.952258 -0.047742 2.60986 0.248021
13.4069 0.0732422 -0.952258 -0.047742 2.59826 0.307858

13.4069 0.0732422 -0.941128 -0.0588723 2.59827 0.307858
13.406 0.0878906 -0.941128 -0.0588723 2.59012 0.367272

13.406 0.0878906 -0.930897 -0.0691027 2.59015 0.367272
13.4049 0.102539 -0.930897 -0.0691027 2.57879 0.427143

13.4049 0.102539 -0.920443 -0.0795569 2.57874 0.427142
13.4037 0.117188 -0.920443 -0.0795569 2.57017 0.488732

13.4033 0.120765 -0.909621 -0.0903787 2.56945 0.504333
13.4022 0.131836 -0.909621 -0.0903787 2.56474 0.552664

13.4022 0.131836 -0.899296 -0.100704 2.56474 0.552665
13.4006 0.146484 -0.899296 -0.100704 2.5549 0.617979

13.4033 0.120749 -0.909621 -0.0903787 2.56947 0.504265
13.4037 0.117188 -0.909621 -0.0903787 2.57019 0.488734

13.4006 0.146484 -0.889184 -0.110816 2.5549 0.617979
13.3988 0.161133 -0.889184 -0.110816 2.54051 0.685399

13.3988 0.161133 -0.879272 -0.120728 2.54051 0.685399
13.3967 0.175781 -0.879272 -0.120728 2.52221 0.754102

13.3887 0.22438 -0.841994 -0.158006 2.42208 0.982449
13.3882 0.227051 -0.841994 -0.158006 2.41602 0.995261

13.3882 0.227051 -0.836616 -0.163384 2.41603 0.995262
13.3867 0.234375 -0.836616 -0.163384 2.40489 1.03265

13.3967 0.175781 -0.869415 -0.130585 2.52219 0.7541
13.3945 0.19043 -0.869415 -0.130585 2.49611 0.82104

13.3945 0.19043 -0.859417 -0.140583 2.4961 0.82104
13.3921 0.205078 -0.859417 -0.140583 2.46914 0.888267

13.3921 0.205078 -0.851984 -0.148016 2.46925 0.888267
13.3909 0.212402 -0.851984 -0.148016 2.45534 0.924151

13.3909 0.212402 -0.847079 -0.152921 2.45533 0.924151
13.3895 0.219727 -0.847079 -0.152921 2.435 0.959652

13.3887 0.22436 -0.841994 -0.158006 2.42216 0.982358
13.3895 0.219727 -0.841994 -0.158006 2.43501 0.959653

13.3867 0.234375 -0.830807 -0.169193 2.40488 1.03265
13.3852 0.241699 -0.830807 -0.169193 2.39635 1.06978

13.3852 0.241699 -0.825076 -0.174924 2.39636 1.06978
13.3837 0.249023 -0.825076 -0.174924 2.38171 1.10482

13.3813 0.259582 -0.814167 -0.185833 2.35305 1.1559
13.3804 0.263672 -0.814167 -0.185833 2.34372 1.17507

13.3837 0.249023 -0.819628 -0.180372 2.38171 1.10482
13.3821 0.256348 -0.819628 -0.180372 2.36193 1.14002

13.3813 0.259565 -0.814167 -0.185833 2.35313 1.15582
13.3821 0.256348 -0.814167 -0.185833 2.36194 1.14003

13.374 0.289438 -0.792477 -0.207523 2.2753 1.31444
13.3731 0.292969 -0.792477 -0.207523 2.25912 1.3305

13.3804 0.263672 -0.808414 -0.191586 2.34372 1.17507
13.3787 0.270996 -0.808414 -0.191586 2.33221 1.21039

13.3787 0.270996 -0.802661 -0.197339 2.33221 1.21039
13.3769 0.27832 -0.802661 -0.197339 2.32001 1.25017

13.3769 0.27832 -0.79736 -0.20264 2.32002 1.25017
13.375 0.285645 -0.79736 -0.20264 2.29206 1.2922

13.374 0.28941 -0.792477 -0.207523 2.27548 1.31434
13.375 0.285645 -0.792477 -0.207523 2.2921 1.29221

13.3731 0.292969 -0.787157 -0.212843 2.25912 1.3305
13.3711 0.300293 -0.787157 -0.212843 2.23458 1.36327

13.3711 0.300293 -0.781214 -0.218786 2.23457 1.36327
13.3691 0.307617 -0.781214 -0.218786 2.22101 1.39887

13.3667 0.315768 -0.769663 -0.230337 2.19222 1.44461
13.3648 0.322266 -0.769663 -0.230337 2.17099 1.48018

13.3691 0.307617 -0.775394 -0.224606 2.22102 1.39888
13.3669 0.314941 -0.775394 -0.224606 2.19564 1.4399

13.3667 0.315755 -0.769663 -0.230337 2.1923 1.44455
13.3669 0.314941 -0.769663 -0.230337 2.19566 1.43991

13.3648 0.322266 -0.763764 -0.236236 2.17099 1.48017
13.3625 0.32959 -0.763764 -0.236236 2.14833 1.51967

13.3625 0.32959 -0.757816 -0.242184 2.14833 1.51967
13.3601 0.336914 -0.757816 -0.242184 2.11356 1.5584

13.3594 0.339245 -0.751957 -0.248043 2.10204 1.5719
13.3601 0.336914 -0.751957 -0.248043 2.11361 1.55841

13.1909 0.583667 -0.354443 -0.645557 -0.889256 2.06524
13.1868 0.585938 -0.354443 -0.645557 -0.973572 1.98804

13.1909 0.583654 -0.374712 -0.625288 -0.888807 2.06533
13.1982 0.579265 -0.374712 -0.625288 -0.764514 2.12797

13.2129 0.569367 -0.413213 -0.586787 -0.488041 2.30351
13.2102 0.571289 -0.413213 -0.586787 -0.544946 2.27481

13.2056 0.574491 -0.394861 -0.605139 -0.659672 2.20272
13.1992 0.578613 -0.394861 -0.605139 -0.750684 2.12775

13.1982 0.579247 -0.385775 -0.614225 -0.763953 2.12787
13.1993 0.578613 -0.385775 -0.614225 -0.750711 2.12777

13.2056 0.574459 -0.414206 -0.585794 -0.658252 2.20259
13.21 0.571289 -0.414206 -0.585794 -0.544632 2.27384

13.2349 0.551345 -0.467431 -0.532569 -0.0400647 2.43704
13.2288 0.556641 -0.467431 -0.532569 -0.159818 2.40579

13.2422 0.544475 -0.484004 -0.515996 0.112401 2.46402
13.237 0.549316 -0.484004 -0.515996 0.00722429 2.44683

13.2349 0.551283 -0.478206 -0.521794 -0.0380177 2.43671
13.237 0.549316 -0.478206 -0.521794 0.00738135 2.44667

13.2202 0.56384 -0.437363 -0.562637 -0.336546 2.35958
13.2201 0.563965 -0.437363 -0.562637 -0.339916 2.35852

13.2129 0.569302 -0.43209 -0.56791 -0.485869 2.30369
13.2199 0.563965 -0.43209 -0.56791 -0.33908 2.35736

13.2202 0.563747 -0.449591 -0.550409 -0.33338 2.35943
13.2275 0.557764 -0.449591 -0.550409 -0.186961 2.40116

13.2275 0.557731 -0.460318 -0.539682 -0.185855 2.401
13.2288 0.556641 -0.460318 -0.539682 -0.159723 2.4057

13.125 0.607738 -0.159184 -0.840816 -1.77752 0.7401
13.1323 0.606351 -0.159184 -0.840816 -1.73092 0.923155

13.1323 0.606353 -0.187879 -0.812121 -1.73097 0.923141
13.1396 0.604658 -0.187879 -0.812121 -1.67509 1.12396

13.1543 0.600344 -0.241382 -0.758618 -1.48423 1.39928
13.1535 0.600586 -0.241382 -0.758618 -1.49184 1.38976

13.1396 0.604661 -0.215475 -0.784525 -1.67515 1.12393
13.147 0.60265 -0.215475 -0.784525 -1.57333 1.28494

13.147 0.602644 -0.241382 -0.758618 -1.57309 1.28493
13.1534 0.600586 -0.241382 -0.758618 -1.49179 1.38863

13.1543 0.600325 -0.266421 -0.733579 -1.48358 1.39933
13.1616 0.597665 -0.266421 -0.733579 -1.40671 1.55757

13.1616 0.597662 -0.290552 -0.709448 -1.40665 1.55759
13.1689 0.594663 -0.290552 -0.709448 -1.28382 1.69776

13.1763 0.591343 -0.31257 -0.68743 -1.16394 1.82904
13.1721 0.593262 -0.31257 -0.68743 -1.23614 1.73696

13.1689 0.594642 -0.31257 -0.68743 -1.28293 1.69771
13.172 0.593262 -0.31257 -0.68743 -1.23583 1.73602

13.1763 0.591336 -0.33376 -0.66624 -1.16371 1.82908
13.1836 0.587667 -0.33376 -0.66624 -1.0331 1.95257

13.1836 0.587641 -0.354443 -0.645557 -1.03193 1.95249
13.1867 0.585938 -0.354443 -0.645557 -0.973106 1.98694

13.2715 0.511876 -0.560877 -0.439123 0.701231 2.45167
13.2708 0.512695 -0.560877 -0.439123 0.687099 2.45418

13.2642 0.520806 -0.536521 -0.463479 0.548441 2.46183
13.2585 0.527344 -0.536521 -0.463479 0.44034 2.46809

13.2708 0.512695 -0.550412 -0.449588 0.687381 2.45415
13.2648 0.52002 -0.550412 -0.449588 0.560765 2.46198

13.2642 0.520791 -0.542742 -0.457258 0.548812 2.46175
13.2648 0.52002 -0.542742 -0.457258 0.560953 2.46187

13.2861 0.492055 -0.585991 -0.414009 0.952128 2.38561
13.2819 0.498047 -0.585991 -0.414009 0.864465 2.40269

13.2935 0.481173 -0.607935 -0.392065 1.12528 2.34339
13.292 0.483398 -0.607935 -0.392065 1.0972 2.36345

13.3008 0.469568 -0.61652 -0.38348 1.21862 2.26507
13.2967 0.476074 -0.61652 -0.38348 1.15065 2.30023

13.2935 0.481119 -0.607251 -0.392749 1.12632 2.34314
13.2967 0.476074 -0.607251 -0.392749 1.15085 2.30026

13.292 0.483398 -0.597216 -0.402784 1.09735 2.36355
13.2871 0.490723 -0.597216 -0.402784 0.978119 2.38515

13.2861 0.49205 -0.593755 -0.406245 0.952251 2.38559
13.287 0.490723 -0.593755 -0.406245 0.978313 2.38502

13.2788 0.502236 -0.57648 -0.42352 0.82998 2.41373
13.2765 0.505371 -0.57648 -0.42352 0.790656 2.43006

13.2715 0.511802 -0.563073 -0.436927 0.703033 2.4514
13.2765 0.505371 -0.563073 -0.436927 0.790906 2.43014

13.2788 0.502207 -0.575431 -0.424569 0.830508 2.41364
13.2819 0.498047 -0.575431 -0.424569 0.864737 2.40259

13.2495 0.537072 -0.504962 -0.495038 0.26308 2.47118
13.2447 0.541992 -0.504962 -0.495038 0.164692 2.46832

13.2568 0.529184 -0.52261 -0.47739 0.41046 2.46813
13.2518 0.534668 -0.52261 -0.47739 0.309001 2.47098

13.2495 0.537046 -0.512364 -0.487636 0.263828 2.47102
13.2518 0.534668 -0.512364 -0.487636 0.309544 2.47065

13.2422 0.544415 -0.495584 -0.504416 0.114296 2.46364
13.2447 0.541992 -0.495584 -0.504416 0.165047 2.46805

13.2568 0.529182 -0.527817 -0.472183 0.410503 2.46812
13.2585 0.527344 -0.527817 -0.472183 0.440687 2.46789

13.3008 0.469559 -0.622231 -0.377769 1.2188 2.26503
13.3013 0.46875 -0.622231 -0.377769 1.2317 2.26295

