8.86688 0 -0.995772 -0.00422771 2.33747 0
8.86684 0.00732422 -0.995772 -0.00422771 2.34942 0.0229421

8.86684 0.00732422 -0.987888 -0.0121117 2.34943 0.0229425
8.86675 0.0146484 -0.987888 -0.0121117 2.37613 0.0562452

8.86675 0.0146484 -0.980809 -0.019191 2.37614 0.0562458
8.86661 0.0219727 -0.980809 -0.019191 2.39576 0.0964631

8.86661 0.0219727 -0.974053 -0.0259465 2.39576 0.0964632
8.86641 0.0292969 -0.974053 -0.0259465 2.39294 0.131092

8.86643 0.0292969 -0.963834 -0.036166 2.39281 0.131078
8.86588 0.0439453 -0.963834 -0.036166 2.39289 0.196608

8.86586 0.0439453 -0.953807 -0.0461928 2.39299 0.196616
8.86551 0.0512695 -0.953807 -0.0461928 2.39138 0.22796

8.86551 0.0512695 -0.946924 -0.053076 2.39137 0.227959
8.8651 0.0585938 -0.946924 -0.053076 2.37629 0.256167

8.86511 0.0585938 -0.937016 -0.0629843 2.3762 0.256163
8.86413 0.0732422 -0.937016 -0.0629843 2.35911 0.313245

8.86412 0.0732422 -0.924665 -0.0753346 2.35914 0.313247
8.86293 0.0878906 -0.924665 -0.0753346 2.35049 0.372912

8.86299 0.0878906 -0.905723 -0.0942772 2.34996 0.37285
8.85995 0.117188 -0.905723 -0.0942772 2.33268 0.497267

8.84766 0.193047 -0.830206 -0.169794 2.21296 0.847102
8.84669 0.197754 -0.830206 -0.169794 2.20526 0.868297

8.84669 0.197754 -0.823493 -0.176507 2.20526 0.868298
8.84512 0.205078 -0.823493 -0.176507 2.19793 0.900536

8.84512 0.205078 -0.816905 -0.183095 2.19795 0.900541
8.84348 0.212402 -0.816905 -0.183095 2.19233 0.935917

8.84348 0.212402 -0.811134 -0.188866 2.19234 0.935925
8.84177 0.219727 -0.811134 -0.188866 2.17335 0.973829

8.84033 0.225721 -0.805496 -0.194504 2.15432 1.0005
8.84001 0.227051 -0.805496 -0.194504 2.15047 1.0056

8.84001 0.227051 -0.799511 -0.200489 2.15051 1.00561
8.83817 0.234375 -0.799511 -0.200489 2.1362 1.03867

8.84033 0.225691 -0.805496 -0.194504 2.15447 1.0004
8.84177 0.219727 -0.805496 -0.194504 2.17336 0.973829

8.85996 0.117188 -0.880638 -0.119362 2.33256 0.497255
8.85599 0.146484 -0.880638 -0.119362 2.29818 0.624736

8.85593 0.146484 -0.862207 -0.137793 2.29871 0.624807
8.85359 0.161133 -0.862207 -0.137793 2.2801 0.692004

8.85359 0.161133 -0.850472 -0.149528 2.2801 0.692004
8.85101 0.175781 -0.850472 -0.149528 2.25345 0.764168

8.851 0.175781 -0.841886 -0.158114 2.25358 0.764194
8.84962 0.183105 -0.841886 -0.158114 2.234 0.798879

8.84962 0.183105 -0.836232 -0.163768 2.23399 0.798878
8.84819 0.19043 -0.836232 -0.163768 2.21773 0.833967

8.84766 0.193009 -0.830206 -0.169794 2.2131 0.846927
8.84818 0.19043 -0.830206 -0.169794 2.21776 0.833975

8.73047 0.464884 -0.559803 -0.440197 0.773579 2.08395
8.72743 0.46875 -0.559803 -0.440197 1e+30 1e+30

8.78906 0.37042 -0.672585 -0.327415 1.58755 1.69442
8.78755 0.373535 -0.672585 -0.327415 1.56534 1.70848

8.78754 0.373535 -0.665275 -0.334725 1.56543 1.70852
8.78385 0.380859 -0.665275 -0.334725 1.51948 1.74443

8.77441 0.398546 -0.641652 -0.358348 1.39304 1.82148
8.77202 0.402832 -0.641652 -0.358348 1.36002 1.8387

8.77202 0.402832 -0.633265 -0.366735 1.36005 1.83871
8.76777 0.410156 -0.633265 -0.366735 1.3055 1.86656

8.78174 0.384945 -0.657911 -0.342089 1.50144 1.76619
8.78005 0.388184 -0.657911 -0.342089 1.47575 1.78337

8.78005 0.388184 -0.649958 -0.350042 1.47579 1.78339
8.7761 0.395508 -0.649958 -0.350042 1.4153 1.81126

8.78174 0.384906 -0.657911 -0.342089 1.50192 1.76607
8.78384 0.380859 -0.657911 -0.342089 1.51956 1.74444

8.77441 0.398514 -0.641652 -0.358348 1.39343 1.82135
8.77609 0.395508 -0.641652 -0.358348 1.4154 1.81125

8.75977 0.423368 -0.618229 -0.381771 1.21688 1.95098
8.75888 0.424805 -0.618229 -0.381771 1.1933 1.95822

8.75244 0.434592 -0.597592 -0.402408 1.07552 1.98238
8.74917 0.439453 -0.597592 -0.402408 1.0369 2.00771

8.75885 0.424805 -0.607107 -0.392893 1.19353 1.95837
8.75411 0.432129 -0.607107 -0.392893 1.09689 1.97661

8.75244 0.434583 -0.600086 -0.399914 1.07564 1.98236
8.75408 0.432129 -0.600086 -0.399914 1.09708 1.9766

8.74512 0.445303 -0.592858 -0.407142 1.00454 2.04342
8.7441 0.446777 -0.592858 -0.407142 0.989614 2.05371

8.74407 0.446777 -0.579371 -0.420629 0.989854 2.05392
8.73876 0.454102 -0.579371 -0.420629 0.893726 2.07021

8.73779 0.455375 -0.568655 -0.431345 0.873835 2.06939
8.7332 0.461426 -0.568655 -0.431345 0.800535 2.07759

8.73047 0.464899 -0.5636 -0.4364 0.773353 2.084
8.73316 0.461426 -0.5636 -0.4364 0.800954 2.07747

8.73779 0.455368 -0.574606 -0.425394 0.873962 2.06938
8.73873 0.454102 -0.574606 -0.425394 0.893861 2.07012

8.74512 0.445247 -0.589187 -0.410813 1.00542 2.04329
8.74916 0.439453 -0.589187 -0.410813 1.03695 2.00778

8.76709 0.411294 -0.625061 -0.374939 1.2986 1.87161
8.76338 0.41748 -0.625061 -0.374939 1.26272 1.91349

8.75977 0.423289 -0.616869 -0.383131 1.21853 1.95081
8.76337 0.41748 -0.616869 -0.383131 1.26278 1.91351

8.76709 0.411291 -0.627391 -0.372609 1.29863 1.8716
8.76776 0.410156 -0.627391 -0.372609 1.30559 1.86658

8.83301 0.253603 -0.781514 -0.218486 2.07177 1.13291
8.83224 0.256348 -0.781514 -0.218486 2.06073 1.14639

8.83224 0.256348 -0.775289 -0.224711 2.06076 1.1464
8.83011 0.263672 -0.775289 -0.224711 2.04359 1.18702

8.83817 0.234375 -0.793298 -0.206702 2.1362 1.03867
8.83626 0.241699 -0.793298 -0.206702 2.11646 1.07479

8.83626 0.241699 -0.787314 -0.212686 2.11647 1.0748
8.83428 0.249023 -0.787314 -0.212686 2.08736 1.10925

8.83301 0.253572 -0.781514 -0.218486 2.07197 1.13278
8.83428 0.249023 -0.781514 -0.218486 2.08738 1.10926

8.82568 0.278165 -0.761878 -0.238122 2.00947 1.26784
8.82563 0.27832 -0.761878 -0.238122 2.00875 1.26868

8.83012 0.263672 -0.768534 -0.231466 2.04357 1.18701
8.82791 0.270996 -0.768534 -0.231466 2.03405 1.22783

8.82568 0.278114 -0.761878 -0.238122 2.00983 1.26763
8.82791 0.270996 -0.761878 -0.238122 2.03406 1.22784

8.82562 0.27832 -0.755427 -0.244573 2.00887 1.26874
8.82325 0.285645 -0.755427 -0.244573 1.97963 1.30481

8.82325 0.285645 -0.748831 -0.251169 1.97962 1.30481
8.82079 0.292969 -0.748831 -0.251169 1.95305 1.33721

8.81836 0.300032 -0.742361 -0.257639 1.92175 1.36956
8.81827 0.300293 -0.742361 -0.257639 1.92038 1.3708

8.81825 0.300293 -0.735968 -0.264032 1.92052 1.37087
8.81562 0.307617 -0.735968 -0.264032 1.8929 1.40832

8.81104 0.319849 -0.722806 -0.277194 1.84666 1.46386
8.81011 0.322266 -0.722806 -0.277194 1.8324 1.47379

8.81562 0.307617 -0.729394 -0.270606 1.89289 1.40831
8.81291 0.314941 -0.729394 -0.270606 1.86802 1.44148

8.81104 0.319812 -0.722806 -0.277194 1.84699 1.46375
8.8129 0.314941 -0.722806 -0.277194 1.86806 1.44149

8.80371 0.338043 -0.702071 -0.297929 1.75797 1.5437
8.80108 0.344238 -0.702071 -0.297929 1.73158 1.57892

8.80108 0.344238 -0.695009 -0.304991 1.73156 1.57891
8.79787 0.351562 -0.695009 -0.304991 1.69948 1.6134

8.8101 0.322266 -0.716009 -0.283991 1.83246 1.47381
8.8072 0.32959 -0.716009 -0.283991 1.79775 1.50618

8.8072 0.32959 -0.708969 -0.291031 1.79775 1.50618
8.80419 0.336914 -0.708969 -0.291031 1.76443 1.53771

8.80371 0.338033 -0.702071 -0.297929 1.75806 1.54366
8.80419 0.336914 -0.702071 -0.297929 1.76446 1.53773

8.81836 0.299977 -0.742361 -0.257639 1.92219 1.36937
8.82079 0.292969 -0.742361 -0.257639 1.95306 1.33721

8.79639 0.354842 -0.687674 -0.312326 1.68473 1.62933
8.79455 0.358887 -0.687674 -0.312326 1.65979 1.64675

8.79455 0.358887 -0.680109 -0.319891 1.65982 1.64676
8.7911 0.366211 -0.680109 -0.319891 1.611 1.67625

8.79639 0.354813 -0.687674 -0.312326 1.68497 1.62921
8.79786 0.351562 -0.687674 -0.312326 1.69954 1.61341

8.78906 0.370379 -0.672585 -0.327415 1.58801 1.6943
8.79109 0.366211 -0.672585 -0.327415 1.61108 1.67626

8.4375 0.572513 0.243335 -0.756665 -0.900117 -1.12161
8.44482 0.574868 0.243335 -0.756665 -0.994726 -1.03804

8.44482 0.574869 0.223504 -0.776496 -0.994752 -1.03804
8.45215 0.576977 0.223504 -0.776496 -1.0696 -0.9214

8.45215 0.576975 0.202673 -0.797327 -1.06955 -0.92142
8.45859 0.578613 0.202673 -0.797327 -1.13047 -0.843693

8.45855 0.578613 0.202673 -0.797327 -1.13028 -0.844017
8.45947 0.578848 0.202673 -0.797327 -1.13937 -0.836129

8.45947 0.578839 0.180804 -0.819196 -1.13917 -0.836168
8.4668 0.580455 0.180804 -0.819196 -1.21398 -0.756176

8.4668 0.580454 0.157803 -0.842197 -1.21394 -0.75618
8.47412 0.581826 0.157803 -0.842197 -1.29358 -0.650452

8.47412 0.581825 0.133911 -0.866089 -1.29355 -0.650455
8.48145 0.582958 0.133911 -0.866089 1e+30 1e+30

