4.021 0.466788 -0.314473 -0.685527 -0.0924592 0.536509
4.01672 0.46875 -0.314473 -0.685527 -0.103141 0.525962

4.021 0.466777 -0.324283 -0.675717 -0.092384 0.536515
4.02832 0.463262 -0.324283 -0.675717 -0.0741854 0.552716

4.03564 0.459609 -0.333921 -0.666079 -0.0526185 0.568268
4.03202 0.461426 -0.333921 -0.666079 -0.0652139 0.55863

4.02832 0.463244 -0.333921 -0.666079 -0.0740101 0.552698
4.03195 0.461426 -0.333921 -0.666079 -0.0651147 0.558463

4.03564 0.459592 -0.343443 -0.656557 -0.052482 0.568278
4.04297 0.455761 -0.343443 -0.656557 -0.0324272 0.581827

4.07227 0.438814 -0.379646 -0.620354 0.0529604 0.624954
4.07122 0.439453 -0.379646 -0.620354 0.0503752 0.625375

4.05029 0.45178 -0.352965 -0.647035 -0.00980464 0.595731
4.04604 0.454102 -0.352965 -0.647035 -0.0243082 0.584265

4.05029 0.451768 -0.36258 -0.63742 -0.00971164 0.595741
4.05762 0.447602 -0.36258 -0.63742 0.00973106 0.60418

4.04297 0.455742 -0.352965 -0.647035 -0.0322506 0.581805
4.04598 0.454102 -0.352965 -0.647035 -0.0241551 0.584175

4.06494 0.443263 -0.3722 -0.6278 0.0280611 0.616423
4.05901 0.446777 -0.3722 -0.6278 0.0126354 0.603778

4.05762 0.447588 -0.370972 -0.629028 0.00984675 0.604157
4.05899 0.446777 -0.370972 -0.629028 0.012697 0.603763

4.06494 0.443248 -0.381639 -0.618361 0.0281629 0.616433
4.07109 0.439453 -0.381639 -0.618361 0.0506574 0.625373

4.07227 0.438743 -0.391113 -0.608887 0.0534982 0.624905
4.07959 0.434039 -0.391113 -0.608887 0.0718765 0.631001

4.08691 0.429157 -0.400653 -0.599347 0.0959066 0.645795
4.08247 0.432129 -0.400653 -0.599347 0.081518 0.636155

4.07959 0.434014 -0.39956 -0.60044 0.072089 0.630971
4.08242 0.432129 -0.39956 -0.60044 0.0816283 0.636037

4.09424 0.424135 -0.407808 -0.592192 0.118657 0.653149
4.09327 0.424805 -0.407808 -0.592192 0.115485 0.653386

4.09424 0.424055 -0.419738 -0.580262 0.119217 0.653124
4.10156 0.418757 -0.419738 -0.580262 0.141014 0.654736

4.08691 0.429132 -0.410155 -0.589845 0.0960831 0.645803
4.09314 0.424805 -0.410155 -0.589845 0.115682 0.653389

4.18945 0.335417 -0.549542 -0.450458 0.443531 0.670831
4.18823 0.336914 -0.549542 -0.450458 0.439929 0.672238

4.18213 0.344126 -0.537276 -0.462724 0.417361 0.678931
4.18203 0.344238 -0.537276 -0.462724 0.416914 0.67902

4.18199 0.344238 -0.531482 -0.468518 0.417037 0.67901
4.17553 0.351562 -0.531482 -0.468518 0.390591 0.682307

4.18213 0.344067 -0.541291 -0.458709 0.417745 0.678871
4.18819 0.336914 -0.541291 -0.458709 0.440041 0.672246

4.2041 0.316726 -0.569345 -0.430655 0.50639 0.657367
4.19991 0.322266 -0.569345 -0.430655 0.487757 0.667366

4.21143 0.306749 -0.588976 -0.411024 0.5381 0.64876
4.21082 0.307617 -0.588976 -0.411024 0.534522 0.649081

4.21875 0.296135 -0.596377 -0.403623 0.570426 0.635498
4.21594 0.300293 -0.596377 -0.403623 0.560292 0.645503

4.21143 0.306694 -0.587407 -0.412593 0.538428 0.648723
4.21592 0.300293 -0.587407 -0.412593 0.560335 0.645539

4.21078 0.307617 -0.578401 -0.421599 0.534618 0.649065
4.20544 0.314941 -0.578401 -0.421599 0.510734 0.654243

4.2041 0.316725 -0.575335 -0.424665 0.506394 0.657365
4.20542 0.314941 -0.575335 -0.424665 0.510844 0.654231

4.19678 0.326251 -0.563613 -0.436387 0.474285 0.665956
4.19419 0.32959 -0.563613 -0.436387 0.462565 0.667291

4.18945 0.33535 -0.550827 -0.449173 0.443863 0.670781
4.19415 0.32959 -0.550827 -0.449173 0.462674 0.667281

4.19678 0.326259 -0.562857 -0.437143 0.47424 0.665961
4.19988 0.322266 -0.562857 -0.437143 0.487893 0.667284

4.11621 0.407565 -0.435782 -0.564218 0.186615 0.671191
4.11286 0.410156 -0.435782 -0.564218 0.176435 0.66691

4.13086 0.395457 -0.462423 -0.537577 0.238815 0.682127
4.1308 0.395508 -0.462423 -0.537577 0.238616 0.682188

4.12354 0.401623 -0.449822 -0.550178 0.213216 0.679224
4.12206 0.402832 -0.449822 -0.550178 0.207569 0.677122

4.11621 0.407506 -0.448494 -0.551506 0.187005 0.671184
4.12196 0.402832 -0.448494 -0.551506 0.207778 0.676956

4.12354 0.401568 -0.458201 -0.541799 0.213621 0.679205
4.1307 0.395508 -0.458201 -0.541799 0.238854 0.682201

4.15283 0.375227 -0.487967 -0.512033 0.308552 0.686918
4.14692 0.380859 -0.487967 -0.512033 0.288662 0.684709

4.16016 0.367912 -0.50026 -0.49974 0.335278 0.687362
4.15454 0.373535 -0.50026 -0.49974 0.314638 0.687408

4.15283 0.375196 -0.494925 -0.505075 0.308764 0.686879
4.15453 0.373535 -0.494925 -0.505075 0.314677 0.68739

4.13086 0.395381 -0.468277 -0.531723 0.23932 0.68205
4.13818 0.388931 -0.468277 -0.531723 0.260222 0.681035

4.14551 0.382212 -0.478504 -0.521496 0.283756 0.684308
4.139 0.388184 -0.478504 -0.521496 0.262616 0.681603

4.13818 0.388916 -0.474088 -0.525912 0.260316 0.681021
4.139 0.388184 -0.474088 -0.525912 0.262627 0.681597

4.14551 0.382189 -0.484408 -0.515592 0.283911 0.684284
4.14692 0.380859 -0.484408 -0.515592 0.288656 0.684711

4.10889 0.413252 -0.429344 -0.570656 0.163084 0.662779
4.10327 0.41748 -0.429344 -0.570656 0.146293 0.655568

4.10156 0.418727 -0.42335 -0.57665 0.141239 0.654705
4.10326 0.41748 -0.42335 -0.57665 0.14631 0.65556

4.10889 0.413209 -0.436269 -0.563731 0.163439 0.66271
4.11283 0.410156 -0.436269 -0.563731 0.176488 0.666876

4.16748 0.360285 -0.512285 -0.487715 0.362368 0.686285
4.16184 0.366211 -0.512285 -0.487715 0.341701 0.687359

4.1748 0.352359 -0.52157 -0.47843 0.38797 0.682625
4.16882 0.358887 -0.52157 -0.47843 0.366516 0.686076

4.16748 0.360291 -0.515805 -0.484195 0.362333 0.686292
4.1688 0.358887 -0.515805 -0.484195 0.366577 0.686057

4.16016 0.367899 -0.505461 -0.494539 0.335366 0.687346
4.16181 0.366211 -0.505461 -0.494539 0.341799 0.687321

4.1748 0.352356 -0.525886 -0.474114 0.387984 0.682623
4.17552 0.351562 -0.525886 -0.474114 0.390629 0.682299

3.75 0.503876 0.140395 -0.859605 -0.316121 -0.199972
3.75732 0.505072 0.140395 -0.859605 -0.321171 -0.175925

3.75732 0.505072 0.127743 -0.872257 -0.32117 -0.175924
3.75937 0.505371 0.127743 -0.872257 -0.322081 -0.17048

3.75937 0.505371 0.127743 -0.872257 -0.322081 -0.170476
3.76465 0.506144 0.127743 -0.872257 -0.326798 -0.155388

3.76465 0.506144 0.114867 -0.885133 -0.326796 -0.155388
3.77197 0.507094 0.114867 -0.885133 -0.335473 -0.132199

3.77197 0.507094 0.101736 -0.898264 -0.33547 -0.132199
3.7793 0.507924 0.101736 -0.898264 -0.344441 -0.108296

3.7793 0.507923 0.0883168 -0.911683 -0.344439 -0.108295
3.78662 0.508633 0.0883168 -0.911683 -0.352474 -0.0857518

3.78662 0.508633 0.0745467 -0.925453 -0.352473 -0.0857518
3.79395 0.509223 0.0745467 -0.925453 -0.357209 -0.064188

3.79395 0.509223 0.0603743 -0.939626 -0.357209 -0.064188
3.80127 0.509694 0.0603743 -0.939626 -0.357724 -0.042672

3.80127 0.509694 0.0457643 -0.954236 -0.357724 -0.042672
3.80859 0.510045 0.0457643 -0.954236 -0.357903 -0.0206366

3.80859 0.510045 0.0306888 -0.969311 -0.357903 -0.0206366
3.81592 0.510277 0.0306888 -0.969311 -0.357565 0.00212831

3.81592 0.510277 0.0151198 -0.98488 -0.357565 0.0021283
3.82324 0.510389 0.0151198 -0.98488 -0.356538 0.0252799

3.82324 0.510389 -0.000970216 -0.99903 -0.356538 0.0252799
3.83057 0.510382 -0.000970216 -0.99903 -0.354884 0.0482958

3.83057 0.510382 -0.0170167 -0.982983 -0.354884 0.0482958
3.83789 0.510255 -0.0170167 -0.982983 -0.352737 0.0708734

3.83789 0.510255 -0.0325665 -0.967434 -0.352737 0.0708734
3.84521 0.510009 -0.0325665 -0.967434 -0.350304 0.0931158

3.84521 0.510009 -0.0476264 -0.952374 -0.350304 0.0931158
3.85254 0.509642 -0.0476264 -0.952374 -0.3476 0.115399

3.85254 0.509642 -0.0621977 -0.937802 -0.3476 0.115399
3.85986 0.509157 -0.0621977 -0.937802 -0.344634 0.138075

3.85986 0.509157 -0.0762947 -0.923705 -0.344634 0.138075
3.86719 0.508552 -0.0762947 -0.923705 -0.337287 0.160718

3.86719 0.508552 -0.0899569 -0.910043 -0.337287 0.160718
3.87451 0.507828 -0.0899569 -0.910043 -0.328474 0.183076

3.87451 0.507828 -0.103253 -0.896747 -0.328476 0.183076
3.88184 0.506984 -0.103253 -0.896747 -0.320059 0.204792

3.88184 0.506985 -0.116254 -0.883746 -0.320061 0.204792
3.88916 0.506021 -0.116254 -0.883746 -0.312911 0.223099

3.89648 0.504939 -0.128979 -0.871021 -0.306834 0.238675
3.89356 0.505371 -0.128979 -0.871021 -0.309454 0.232701

3.88916 0.50602 -0.128979 -0.871021 -0.312904 0.223099
3.89354 0.505371 -0.128979 -0.871021 -0.309454 0.232662

3.89648 0.504937 -0.141488 -0.858512 -0.306826 0.238676
3.90381 0.50373 -0.141488 -0.858512 -0.30093 0.257599

3.90381 0.503731 -0.153797 -0.846203 -0.300932 0.257599
3.91113 0.502399 -0.153797 -0.846203 -0.295554 0.280964

3.91113 0.5024 -0.165837 -0.834163 -0.295555 0.280964
3.91846 0.500943 -0.165837 -0.834163 -0.285589 0.304079

3.91846 0.500943 -0.177574 -0.822426 -0.28559 0.304079
3.92578 0.499362 -0.177574 -0.822426 -0.272141 0.322783

3.93311 0.497668 -0.188967 -0.811033 -0.261243 0.336232
3.93148 0.498047 -0.188967 -0.811033 -0.263483 0.33399

3.93311 0.497656 -0.20014 -0.79986 -0.261158 0.336237
3.94043 0.495823 -0.20014 -0.79986 -0.252381 0.354393

3.94043 0.495824 -0.211196 -0.788804 -0.252384 0.354392
3.94775 0.493863 -0.211196 -0.788804 -0.240758 0.380579

3.94775 0.493863 -0.222094 -0.777906 -0.240762 0.38058
3.95508 0.491772 -0.222094 -0.777906 -0.225055 0.394179

3.92578 0.499358 -0.188967 -0.811033 -0.272108 0.322782
3.93141 0.498047 -0.188967 -0.811033 -0.263466 0.333897

3.9624 0.489558 -0.232793 -0.767207 -0.214983 0.405729
3.95856 0.490723 -0.232793 -0.767207 -0.220398 0.397851

3.95508 0.491764 -0.232793 -0.767207 -0.224982 0.394174
3.95851 0.490723 -0.232793 -0.767207 -0.220333 0.397781

3.9624 0.489551 -0.243351 -0.756649 -0.214934 0.405731
3.96973 0.487195 -0.243351 -0.756649 -0.205435 0.430797

3.98438 0.482088 -0.264073 -0.735927 -0.172972 0.461286
3.98072 0.483398 -0.264073 -0.735927 -0.179894 0.453471

3.96973 0.487196 -0.2538 -0.7462 -0.205437 0.430796
3.97705 0.484704 -0.2538 -0.7462 -0.187048 0.448227

3.97705 0.484693 -0.264073 -0.735927 -0.186948 0.448219
3.98066 0.483398 -0.264073 -0.735927 -0.17982 0.453362

3.98438 0.482078 -0.27428 -0.72572 -0.172897 0.461293
3.9917 0.47931 -0.27428 -0.72572 -0.157286 0.487297

3.9917 0.47931 -0.284451 -0.715549 -0.157292 0.487298
3.99902 0.476399 -0.284451 -0.715549 -0.13936 0.496323

4.00635 0.473342 -0.294506 -0.705494 -0.125496 0.509508
3.9998 0.476074 -0.294506 -0.705494 -0.13809 0.495834

3.99902 0.476394 -0.294506 -0.705494 -0.139323 0.496319
3.99979 0.476074 -0.294506 -0.705494 -0.138066 0.495839

4.00635 0.473343 -0.304527 -0.695473 -0.1255 0.509508
4.01367 0.470136 -0.304527 -0.695473 -0.108469 0.524134

4.01367 0.47012 -0.314473 -0.685527 -0.108336 0.524119
4.01666 0.46875 -0.314473 -0.685527 -0.103019 0.525899

4.30664 0.0420521 -0.931614 -0.0683859 0.966838 0.1012
4.3065 0.0439453 -0.931614 -0.0683859 0.96061 0.103557

4.30649 0.0439453 -0.919377 -0.0806226 0.96065 0.103569
4.30585 0.0512695 -0.919377 -0.0806226 0.945593 0.112833

4.30584 0.0512695 -0.907085 -0.0929153 0.945613 0.112832
4.30509 0.0585938 -0.907085 -0.0929153 0.951578 0.127793

4.30825 0 -0.993897 -0.00610295 0.949225 0
4.30821 0.00732422 -0.993897 -0.00610295 0.963645 0.012447

4.30821 0.00732422 -0.980919 -0.0190814 0.963631 0.0124461
4.30807 0.0146484 -0.980919 -0.0190814 0.977611 0.0318481

4.30807 0.0146484 -0.967396 -0.0326035 0.977612 0.0318481
4.30782 0.0219727 -0.967396 -0.0326035 0.975198 0.0491166

4.30782 0.0219727 -0.954334 -0.0456656 0.975198 0.0491166
4.30747 0.0292969 -0.954334 -0.0456656 0.975582 0.0677099

4.30747 0.0292969 -0.942364 -0.057636 0.975596 0.0677131
4.30702 0.0366211 -0.942364 -0.057636 0.975182 0.089693

4.30664 0.0417045 -0.931614 -0.0683859 0.968083 0.100798
4.30701 0.0366211 -0.931614 -0.0683859 0.975221 0.0897066

4.30512 0.0585938 -0.890205 -0.109795 0.951444 0.127801
4.30332 0.0732422 -0.890205 -0.109795 0.955476 0.169332

4.30328 0.0732422 -0.874022 -0.125978 0.955637 0.169354
4.30223 0.0805664 -0.874022 -0.125978 0.952418 0.192051

4.30223 0.0805664 -0.864085 -0.135915 0.9524 0.192044
4.30108 0.0878906 -0.864085 -0.135915 0.949331 0.215788

4.29932 0.0979591 -0.843424 -0.156576 0.94074 0.245671
4.29847 0.102539 -0.843424 -0.156576 0.935803 0.255665

4.30108 0.0878906 -0.853697 -0.146303 0.94933 0.215787
4.29982 0.0952148 -0.853697 -0.146303 0.943171 0.237939

4.29932 0.0979439 -0.843424 -0.156576 0.940765 0.245637
4.29982 0.0952148 -0.843424 -0.156576 0.943176 0.237943

4.29846 0.102539 -0.833374 -0.166626 0.935809 0.255669
4.297 0.109863 -0.833374 -0.166626 0.928279 0.269267

4.297 0.109863 -0.823566 -0.176434 0.928278 0.269266
4.29543 0.117188 -0.823566 -0.176434 0.918376 0.283884

4.27734 0.18017 -0.73813 -0.26187 0.838927 0.419903
4.2763 0.183105 -0.73813 -0.26187 0.835272 0.436836

4.27629 0.183105 -0.729151 -0.270849 0.835345 0.436898
4.27357 0.19043 -0.729151 -0.270849 0.813826 0.452141

4.27002 0.199475 -0.710999 -0.289001 0.800481 0.46516
4.26774 0.205078 -0.710999 -0.289001 0.789503 0.475884

4.27357 0.19043 -0.72001 -0.27999 0.813823 0.452141
4.27072 0.197754 -0.72001 -0.27999 0.803532 0.461614

4.27002 0.199462 -0.710999 -0.289001 0.800524 0.465134
4.27071 0.197754 -0.710999 -0.289001 0.803546 0.461615

4.2627 0.216808 -0.693134 -0.306866 0.768277 0.500642
4.2614 0.219727 -0.693134 -0.306866 0.761699 0.506686

4.25537 0.232585 -0.675377 -0.324623 0.734682 0.532373
4.25451 0.234375 -0.675377 -0.324623 0.72895 0.534831

4.26139 0.219727 -0.684244 -0.315756 0.761739 0.506712
4.25801 0.227051 -0.684244 -0.315756 0.745611 0.522733

4.25537 0.232535 -0.675377 -0.324623 0.734921 0.532319
4.25801 0.227051 -0.675377 -0.324623 0.745634 0.522732

4.26774 0.205078 -0.702054 -0.297946 0.789504 0.475884
4.26463 0.212402 -0.702054 -0.297946 0.775332 0.489137

4.2627 0.216763 -0.693134 -0.306866 0.768452 0.500597
4.26463 0.212402 -0.693134 -0.306866 0.775366 0.489145

4.29199 0.1318 -0.804161 -0.195839 0.897811 0.318797
4.29198 0.131836 -0.804161 -0.195839 0.89776 0.31888

4.29197 0.131836 -0.794497 -0.205503 0.897801 0.31889
4.29008 0.13916 -0.794497 -0.205503 0.888892 0.336599

4.29008 0.13916 -0.784874 -0.215126 0.888893 0.336599
4.28807 0.146484 -0.784874 -0.215126 0.879281 0.352503

4.29543 0.117188 -0.813806 -0.186194 0.918373 0.283884
4.29376 0.124512 -0.813806 -0.186194 0.907456 0.300679

4.29199 0.131756 -0.804161 -0.195839 0.897919 0.31871
4.29376 0.124512 -0.804161 -0.195839 0.907456 0.300679

4.28467 0.158028 -0.766058 -0.233942 0.862242 0.372601
4.28372 0.161133 -0.766058 -0.233942 0.857857 0.379411

4.28807 0.146484 -0.775446 -0.224554 0.879279 0.352504
4.28595 0.153809 -0.775446 -0.224554 0.867852 0.363653

4.28467 0.158003 -0.766058 -0.233942 0.862309 0.372555
4.28595 0.153809 -0.766058 -0.233942 0.867863 0.363652

4.28372 0.161133 -0.756643 -0.243357 0.857871 0.379415
4.28136 0.168457 -0.756643 -0.243357 0.849533 0.39629

4.28136 0.168457 -0.747216 -0.252784 0.849531 0.396288
4.27888 0.175781 -0.747216 -0.252784 0.844664 0.409367

4.27734 0.180031 -0.733487 -0.266513 0.839322 0.419638
4.27889 0.175781 -0.733487 -0.266513 0.844645 0.409361

4.24805 0.247092 -0.657829 -0.342171 0.701595 0.556582
4.24704 0.249023 -0.657829 -0.342171 0.696116 0.560137

4.24072 0.26054 -0.640528 -0.359472 0.671199 0.580518
4.23896 0.263672 -0.640528 -0.359472 0.662958 0.585577

4.24702 0.249023 -0.64917 -0.35083 0.696192 0.560178
4.24306 0.256348 -0.64917 -0.35083 0.67801 0.573792

4.24072 0.260504 -0.640528 -0.359472 0.671362 0.580475
4.24306 0.256348 -0.640528 -0.359472 0.678043 0.573787

4.2334 0.273137 -0.622979 -0.377021 0.635977 0.60064
4.23026 0.27832 -0.622979 -0.377021 0.621593 0.613649

4.22607 0.28503 -0.618902 -0.381098 0.600831 0.617977
4.2257 0.285645 -0.618902 -0.381098 0.598722 0.618537

4.22566 0.285645 -0.605264 -0.394736 0.598847 0.61852
4.22088 0.292969 -0.605264 -0.394736 0.577085 0.628217

4.22607 0.284972 -0.614115 -0.385885 0.601147 0.617908
4.23025 0.27832 -0.614115 -0.385885 0.621616 0.613669

4.23896 0.263672 -0.631827 -0.368173 0.662992 0.585584
4.23469 0.270996 -0.631827 -0.368173 0.641662 0.595993

4.2334 0.273111 -0.623399 -0.376601 0.636108 0.600592
4.23468 0.270996 -0.623399 -0.376601 0.641707 0.595999

4.25449 0.234375 -0.666562 -0.333438 0.729007 0.534842
4.25083 0.241699 -0.666562 -0.333438 0.710252 0.545982

4.24805 0.247034 -0.657829 -0.342171 0.701867 0.556534
4.25082 0.241699 -0.657829 -0.342171 0.710286 0.545986

4.21875 0.296101 -0.59725 -0.40275 0.570591 0.635437
4.22086 0.292969 -0.59725 -0.40275 0.577159 0.628231

