3.69873 0.467745 -0.269946 -0.730054 -0.0343153 0.135535
3.69601 0.46875 -0.269946 -0.730054 -0.0371715 0.136271

3.69873 0.467718 -0.279397 -0.720603 -0.0342324 0.135542
3.70605 0.464878 -0.279397 -0.720603 -0.0282284 0.137567

3.70605 0.464879 -0.288926 -0.711074 -0.0282308 0.137567
3.71338 0.461903 -0.288926 -0.711074 -0.028322 0.134378

3.7207 0.45879 -0.298466 -0.701534 -0.0268898 0.132802
3.71451 0.461426 -0.298466 -0.701534 -0.0286505 0.133525

3.71338 0.461892 -0.298466 -0.701534 -0.0283046 0.134374
3.71447 0.461426 -0.298466 -0.701534 -0.0286192 0.133545

3.73535 0.452162 -0.317163 -0.682837 -0.00997614 0.131969
3.73118 0.454102 -0.317163 -0.682837 -0.0160431 0.128748

3.7207 0.458788 -0.307906 -0.692094 -0.0268869 0.132803
3.72803 0.45553 -0.307906 -0.692094 -0.01888 0.130184

3.72803 0.455483 -0.317163 -0.682837 -0.018702 0.130173
3.731 0.454102 -0.317163 -0.682837 -0.0159002 0.128809

3.73535 0.452128 -0.326209 -0.673791 -0.00984468 0.131963
3.74268 0.448582 -0.326209 -0.673791 -0.000692057 0.140247

3.75 0.444917 -0.335064 -0.664936 1e+30 1e+30
3.74631 0.446777 -0.335064 -0.664936 0.00257312 0.142566

3.74268 0.448556 -0.335064 -0.664936 -0.000567116 0.140204
3.74621 0.446777 -0.335064 -0.664936 0.00272351 0.142415

3.34746 0.46875 0.267919 -0.732081 -0.0571216 -0.122734
3.35449 0.471325 0.267919 -0.732081 -0.0591514 -0.121096

3.35449 0.471325 0.258362 -0.741638 -0.0591493 -0.121096
3.36182 0.473876 0.258362 -0.741638 -0.0628344 -0.112892

3.36182 0.47387 0.248721 -0.751279 -0.0628176 -0.11289
3.36847 0.476074 0.248721 -0.751279 -0.0651165 -0.109849

3.36832 0.476074 0.248721 -0.751279 -0.0652205 -0.109833
3.36914 0.476347 0.248721 -0.751279 -0.0657019 -0.110162

3.36914 0.4763 0.238988 -0.761012 -0.0655249 -0.11012
3.37646 0.4786 0.238988 -0.761012 -0.072144 -0.109058

3.37646 0.478599 0.229134 -0.770866 -0.072142 -0.109058
3.38379 0.480777 0.229134 -0.770866 -0.079253 -0.0999837

3.38379 0.480776 0.21916 -0.78084 -0.079252 -0.0999839
3.39111 0.482832 0.21916 -0.78084 -0.0817263 -0.0926436

3.39111 0.482822 0.209061 -0.790939 -0.081694 -0.0926367
3.3933 0.483398 0.209061 -0.790939 -0.0822196 -0.0917523

3.39324 0.483398 0.209061 -0.790939 -0.0822509 -0.0917832
3.39844 0.484772 0.209061 -0.790939 -0.0843166 -0.0894577

3.39844 0.484767 0.198842 -0.801158 -0.0842965 -0.0894527
3.40576 0.486585 0.198842 -0.801158 -0.0909191 -0.0831794

3.40576 0.486585 0.188452 -0.811548 -0.0909186 -0.0831793
3.41309 0.488285 0.188452 -0.811548 -0.094019 -0.0733197

3.41309 0.488285 0.177809 -0.822191 -0.0940189 -0.0733197
3.42041 0.489869 0.177809 -0.822191 -0.0943111 -0.0658332

3.42041 0.489863 0.166917 -0.833083 -0.0942899 -0.06583
3.4247 0.490723 0.166917 -0.833083 -0.094538 -0.0630188

3.42463 0.490723 0.166917 -0.833083 -0.0945794 -0.0630567
3.42773 0.491346 0.166917 -0.833083 -0.0957292 -0.0620341

3.42773 0.491337 0.155806 -0.844194 -0.0956878 -0.0620265
3.43506 0.492688 0.155806 -0.844194 -0.100484 -0.0574619

3.43506 0.492688 0.144499 -0.855501 -0.100483 -0.0574617
3.44238 0.493925 0.144499 -0.855501 -0.107407 -0.0496061

3.44238 0.493925 0.133021 -0.866979 -0.107405 -0.0496058
3.44971 0.495048 0.133021 -0.866979 -0.109654 -0.0398056

3.44971 0.495048 0.121374 -0.878626 -0.109654 -0.0398057
3.45703 0.49606 0.121374 -0.878626 -0.107664 -0.0304069

3.45703 0.49606 0.109542 -0.890458 -0.107664 -0.0304068
3.46436 0.496961 0.109542 -0.890458 -0.104874 -0.0227719

3.46436 0.496961 0.097483 -0.902517 -0.104873 -0.0227717
3.47168 0.497752 0.097483 -0.902517 -0.101297 -0.0172619

3.47168 0.497755 0.0851415 -0.914858 -0.101303 -0.0172654
3.47482 0.498047 0.0851415 -0.914858 -0.0994871 -0.0153646

3.47488 0.498047 0.0851415 -0.914858 -0.0994395 -0.0153191
3.479 0.498431 0.0851415 -0.914858 -0.0969859 -0.0132916

3.479 0.498433 0.0724802 -0.92752 -0.0969917 -0.013294
3.48633 0.499005 0.0724802 -0.92752 -0.0940164 -0.00914117

3.48633 0.499005 0.0594942 -0.940506 -0.0940162 -0.00914111
3.49365 0.499469 0.0594942 -0.940506 -0.0924473 -0.00415502

3.49365 0.499468 0.046215 -0.953785 -0.0924466 -0.00415492
3.50098 0.499823 0.046215 -0.953785 -0.0910912 0.00166054

3.50098 0.499823 0.03268 -0.96732 -0.0910902 0.00166064
3.5083 0.500071 0.03268 -0.96732 -0.0895267 0.00787559

3.5083 0.50007 0.0188716 -0.981128 -0.089526 0.00787563
3.51562 0.500211 0.0188716 -0.981128 -0.0875088 0.013609

3.51562 0.500211 0.00469691 -0.995303 -0.087509 0.013609
3.52295 0.500246 0.00469691 -0.995303 -0.0853422 0.017859

3.52295 0.500246 -0.00977704 -0.990223 -0.0853429 0.017859
3.53027 0.500174 -0.00977704 -0.990223 -0.0837347 0.0200954

3.53027 0.500174 -0.0240238 -0.975976 -0.0837354 0.0200955
3.5376 0.499994 -0.0240238 -0.975976 -0.0833191 0.020758

3.5376 0.499994 -0.0380074 -0.961993 -0.0833196 0.0207581
3.54492 0.499705 -0.0380074 -0.961993 -0.0842538 0.0210877

3.57422 0.497448 -0.0904993 -0.909501 -0.0945058 0.036961
3.5682 0.498047 -0.0904993 -0.909501 -0.0931951 0.0315257

3.54492 0.499705 -0.0516862 -0.948314 -0.0842541 0.0210877
3.55225 0.499306 -0.0516862 -0.948314 -0.0862699 0.02251

3.55225 0.499306 -0.0650101 -0.93499 -0.0862699 0.02251
3.55957 0.498796 -0.0650101 -0.93499 -0.0887356 0.0257789

3.55957 0.498796 -0.0779478 -0.922052 -0.0887355 0.0257788
3.56689 0.498177 -0.0779478 -0.922052 -0.0923215 0.0305684

3.56689 0.498177 -0.0904993 -0.909501 -0.092321 0.0305682
3.5682 0.498047 -0.0904993 -0.909501 -0.0931929 0.0315235

3.57422 0.497448 -0.102707 -0.897293 -0.0945058 0.036961
3.58154 0.49661 -0.102707 -0.897293 -0.0940915 0.0448216

3.58154 0.49661 -0.114605 -0.885395 -0.0940916 0.0448216
3.58887 0.495662 -0.114605 -0.885395 -0.0935857 0.0529332

3.58887 0.495662 -0.126217 -0.873783 -0.0935858 0.0529332
3.59619 0.494604 -0.126217 -0.873783 -0.0922875 0.0611707

3.59619 0.494604 -0.137571 -0.862429 -0.0922877 0.0611707
3.60352 0.493436 -0.137571 -0.862429 -0.0869209 0.0681488

3.60352 0.493436 -0.148693 -0.851307 -0.0869219 0.0681489
3.61084 0.492157 -0.148693 -0.851307 -0.081171 0.0743491

3.61084 0.492157 -0.159599 -0.840401 -0.0811719 0.0743492
3.61816 0.490766 -0.159599 -0.840401 -0.077713 0.0774137

3.62549 0.489263 -0.170318 -0.829682 -0.0754178 0.0820662
3.61838 0.490723 -0.170318 -0.829682 -0.077654 0.0774312

3.61816 0.490766 -0.170318 -0.829682 -0.0777116 0.0774135
3.61837 0.490723 -0.170318 -0.829682 -0.0776523 0.0774306

3.62549 0.489263 -0.180887 -0.819113 -0.0754188 0.0820662
3.63281 0.487646 -0.180887 -0.819113 -0.0736736 0.0913358

3.63281 0.487646 -0.191334 -0.808666 -0.0736747 0.0913356
3.64014 0.485913 -0.191334 -0.808666 -0.0681257 0.09931

3.64014 0.485914 -0.201656 -0.798344 -0.0681274 0.0993104
3.64746 0.484063 -0.201656 -0.798344 -0.0630524 0.101666

3.65479 0.4821 -0.211838 -0.788162 -0.0620005 0.103916
3.64995 0.483398 -0.211838 -0.788162 -0.0631095 0.101287

3.65479 0.482096 -0.221925 -0.778075 -0.0619885 0.103914
3.66211 0.480007 -0.221925 -0.778075 -0.0600275 0.113382

3.64746 0.484055 -0.211838 -0.788162 -0.0630183 0.101656
3.6499 0.483398 -0.211838 -0.788162 -0.0630553 0.101279

3.66211 0.480007 -0.23189 -0.76811 -0.0600279 0.113382
3.66943 0.477796 -0.23189 -0.76811 -0.0522932 0.120076

3.67676 0.475494 -0.241648 -0.758352 -0.0481208 0.121356
3.67494 0.476074 -0.241648 -0.758352 -0.0483609 0.121217

3.66943 0.477785 -0.241648 -0.758352 -0.0522399 0.120063
3.6748 0.476074 -0.241648 -0.758352 -0.048216 0.121162

3.67676 0.475462 -0.25122 -0.74878 -0.0480014 0.121323
3.68408 0.473005 -0.25122 -0.74878 -0.0456777 0.129274

3.68408 0.473005 -0.260605 -0.739395 -0.0456778 0.129274
3.69141 0.470424 -0.260605 -0.739395 -0.0396924 0.135864

3.69141 0.470407 -0.269946 -0.730054 -0.0396313 0.135853
3.69589 0.46875 -0.269946 -0.730054 -0.0371637 0.136317

3.98438 0.189843 -0.717403 -0.282597 1e+30 1e+30
3.98414 0.19043 -0.717403 -0.282597 0.21085 0.152777

3.9841 0.19043 -0.703089 -0.296911 0.210858 0.152788
3.98101 0.197754 -0.703089 -0.296911 0.202131 0.154986

3.98101 0.197754 -0.693569 -0.306431 0.202131 0.154986
3.97778 0.205078 -0.693569 -0.306431 0.202754 0.15593

3.96973 0.222015 -0.665608 -0.334392 0.205176 0.168712
3.9672 0.227051 -0.665608 -0.334392 0.206523 0.175382

3.96719 0.227051 -0.656607 -0.343393 0.206537 0.175398
3.96336 0.234375 -0.656607 -0.343393 1e+30 1e+30

3.97705 0.206653 -0.684201 -0.315799 0.202681 0.157266
3.9744 0.212402 -0.684201 -0.315799 0.204324 0.161245

3.9744 0.212402 -0.674862 -0.325138 0.204324 0.161247
3.97087 0.219727 -0.674862 -0.325138 0.205499 0.166339

3.97705 0.206633 -0.684201 -0.315799 0.202688 0.157263
3.97777 0.205078 -0.684201 -0.315799 0.202759 0.15594

3.96973 0.221938 -0.661075 -0.338925 0.20523 0.168692
3.97086 0.219727 -0.661075 -0.338925 0.205507 0.16635

