10.0635 0.585276 -0.235188 -0.764812 -1.32278 1.2682
10.0613 0.585938 -0.235188 -0.764812 -1.34453 1.2356

10.0635 0.585267 -0.256677 -0.743323 -1.32252 1.26824
10.0708 0.582738 -0.256677 -0.743323 -1.24902 1.41938

10.0708 0.582739 -0.277875 -0.722125 -1.24904 1.41937
10.0781 0.579921 -0.277875 -0.722125 -1.14723 1.5201

9.96094 0.592408 0.13942 -0.86058 -1.3732 -0.675097
9.96621 0.593262 0.13942 -0.86058 -1.42123 -0.586805

9.96623 0.593262 0.13942 -0.86058 -1.42134 -0.586481
9.96826 0.593591 0.13942 -0.86058 -1.44138 -0.556348

9.96826 0.593595 0.112795 -0.887205 -1.4415 -0.556329
9.97559 0.594526 0.112795 -0.887205 -1.50575 -0.434854

9.97559 0.594526 0.0840207 -0.915979 -1.50576 -0.434852
9.98291 0.595198 0.0840207 -0.915979 -1.55871 -0.298875

9.98291 0.595199 0.0531114 -0.946889 -1.55873 -0.298874
9.99023 0.59561 0.0531114 -0.946889 -1.59876 -0.160635

9.99023 0.595609 0.0199926 -0.980007 -1.59875 -0.160636
9.99756 0.595759 0.0199926 -0.980007 -1.62404 -0.0144643

9.99756 0.595758 -0.0148008 -0.985199 -1.62401 -0.0144654
10.0049 0.595648 -0.0148008 -0.985199 -1.6325 0.140895

10.0049 0.595648 -0.0477907 -0.952209 -1.63249 0.140894
10.0122 0.59528 -0.0477907 -0.952209 -1.626 0.30111

10.0122 0.595281 -0.0787523 -0.921248 -1.62603 0.301112
10.0195 0.594655 -0.0787523 -0.921248 -1.60834 0.455999

10.0195 0.594655 -0.108072 -0.891928 -1.60837 0.456001
10.0269 0.593768 -0.108072 -0.891928 -1.58863 0.593781

10.0342 0.592613 -0.135871 -0.864129 -1.55999 0.723437
10.0301 0.593262 -0.135871 -0.864129 -1.5826 0.651907

10.0269 0.593773 -0.135871 -0.864129 -1.58876 0.593778
10.0301 0.593262 -0.135871 -0.864129 -1.58271 0.65284

10.0342 0.59262 -0.162616 -0.837384 -1.56011 0.72341
10.0415 0.591197 -0.162616 -0.837384 -1.52043 0.862526

10.0415 0.591199 -0.188439 -0.811561 -1.52045 0.862519
10.0488 0.589498 -0.188439 -0.811561 -1.48323 1.02168

10.0488 0.589497 -0.212809 -0.787191 -1.4832 1.02168
10.0562 0.587517 -0.212809 -0.787191 -1.39694 1.15276

10.0562 0.587508 -0.235188 -0.764812 -1.39661 1.15275
10.0613 0.585938 -0.235188 -0.764812 -1.34462 1.23468

10.0854 0.576822 -0.298205 -0.701795 -1.05963 1.60924
10.0812 0.578613 -0.298205 -0.701795 -1.11161 1.54488

10.0781 0.579905 -0.298205 -0.701795 -1.14668 1.52008
10.0812 0.578613 -0.298205 -0.701795 -1.11141 1.54429

10.0854 0.576815 -0.318304 -0.681696 -1.05945 1.60928
10.0928 0.573396 -0.318304 -0.681696 -0.964793 1.70926

10.1001 0.56969 -0.337687 -0.662313 -0.856414 1.80012
10.097 0.571289 -0.337687 -0.662313 -0.904638 1.75721

10.1001 0.569662 -0.356095 -0.643905 -0.855629 1.80023
10.1074 0.565612 -0.356095 -0.643905 -0.751145 1.88184

10.0928 0.57337 -0.337687 -0.662313 -0.96384 1.70921
10.0969 0.571289 -0.337687 -0.662313 -0.904736 1.75597

10.1221 0.556599 -0.389049 -0.610951 -0.503517 2.04119
10.122 0.556641 -0.389049 -0.610951 -0.504404 2.0412

10.1221 0.55658 -0.407513 -0.592487 -0.502978 2.04115
10.1294 0.551542 -0.407513 -0.592487 -0.403213 2.08142

10.1367 0.546149 -0.424478 -0.575522 -0.281048 2.14135
10.1324 0.549316 -0.424478 -0.575522 -0.349647 2.1122

10.1294 0.551482 -0.41978 -0.58022 -0.401287 2.08124
10.1324 0.549316 -0.41978 -0.58022 -0.34943 2.11175

10.1147 0.561255 -0.373451 -0.626549 -0.62966 1.98069
10.1102 0.563965 -0.373451 -0.626549 -0.708405 1.90537

10.1074 0.565587 -0.373446 -0.626554 -0.75027 1.88176
10.1101 0.563965 -0.373446 -0.626554 -0.708077 1.90479

10.1147 0.561246 -0.389973 -0.610027 -0.629416 1.98074
10.122 0.556641 -0.389973 -0.610027 -0.504154 2.04113

10.166 0.520758 -0.486861 -0.513139 0.210007 2.25757
10.1591 0.527344 -0.486861 -0.513139 0.0942592 2.24187

10.188 0.497234 -0.540141 -0.459859 0.576918 2.26409
10.1873 0.498047 -0.540141 -0.459859 0.565754 2.2649

10.1953 0.488336 -0.556408 -0.443592 0.69747 2.25283
10.1934 0.490723 -0.556408 -0.443592 0.664813 2.25829

10.188 0.497167 -0.544084 -0.455916 0.578273 2.26392
10.1934 0.490723 -0.544084 -0.455916 0.664947 2.25831

10.1807 0.505532 -0.517664 -0.482336 0.454049 2.26579
10.174 0.512695 -0.517664 -0.482336 0.342482 2.26473

10.1733 0.513367 -0.503078 -0.496922 0.331758 2.26483
10.1668 0.52002 -0.503078 -0.496922 0.222593 2.25892

10.166 0.520743 -0.495073 -0.504927 0.21037 2.25752
10.1668 0.52002 -0.495073 -0.504927 0.222704 2.25885

10.1733 0.513352 -0.510017 -0.489983 0.33211 2.26478
10.174 0.512695 -0.510017 -0.489983 0.342626 2.26467

10.1873 0.498047 -0.531262 -0.468738 0.566002 2.26485
10.1808 0.505371 -0.531262 -0.468738 0.456569 2.26585

10.1807 0.505505 -0.5244 -0.4756 0.454644 2.26571
10.1808 0.505371 -0.5244 -0.4756 0.456689 2.26579

10.144 0.540448 -0.441259 -0.558741 -0.161093 2.17723
10.1421 0.541992 -0.441259 -0.558741 -0.191795 2.1628

10.1514 0.534343 -0.462276 -0.537724 -0.0373997 2.21563
10.151 0.534668 -0.462276 -0.537724 -0.0438443 2.21414

10.144 0.540372 -0.456159 -0.543841 -0.159168 2.17729
10.1508 0.534668 -0.456159 -0.543841 -0.0430357 2.21336

10.1367 0.546107 -0.440106 -0.559894 -0.28002 2.14147
10.142 0.541992 -0.440106 -0.559894 -0.191223 2.16189

10.1514 0.534239 -0.471644 -0.528356 -0.0346613 2.21547
10.1587 0.527701 -0.471644 -0.528356 0.0875515 2.24086

10.1587 0.527689 -0.479766 -0.520234 0.0878652 2.24083
10.1591 0.527344 -0.479766 -0.520234 0.0943132 2.24183

10.2026 0.478952 -0.566878 -0.433122 0.806359 2.23158
10.1992 0.483398 -0.566878 -0.433122 0.751766 2.24916

10.21 0.469045 -0.578167 -0.421833 0.932173 2.21344
10.2048 0.476074 -0.578167 -0.421833 0.830147 2.22643

10.2026 0.478958 -0.573679 -0.426321 0.806265 2.2316
10.2048 0.476074 -0.573679 -0.426321 0.830673 2.22625

10.1953 0.488298 -0.556723 -0.443277 0.698176 2.25277
10.1992 0.483398 -0.556723 -0.443277 0.751886 2.24925

10.21 0.469025 -0.584683 -0.415317 0.932649 2.21338
10.2102 0.46875 -0.584683 -0.415317 0.938152 2.21304

10.3353 0 -0.986559 -0.0134412 2.50238 0
10.3349 0.0292969 -0.986559 -0.0134412 2.50531 0.127777

10.3349 0.0292969 -0.967256 -0.0327442 2.50583 0.127798
10.3344 0.0439453 -0.967256 -0.0327442 2.49355 0.197642

10.3344 0.0439453 -0.958634 -0.041366 2.49365 0.197646
10.3341 0.0512695 -0.958634 -0.041366 2.4834 0.232314

10.3341 0.0512695 -0.952559 -0.0474406 2.48339 0.232312
10.3337 0.0585938 -0.952559 -0.0474406 2.4812 0.26266

10.3337 0.0585938 -0.94621 -0.0537897 2.4812 0.26266
10.3333 0.065918 -0.94621 -0.0537897 2.48116 0.291094

10.3333 0.065918 -0.939652 -0.0603478 2.48115 0.291091
10.3328 0.0732422 -0.939652 -0.0603478 2.48491 0.318153

10.3328 0.0732422 -0.932818 -0.0671821 2.4849 0.318152
10.3323 0.0805664 -0.932818 -0.0671821 2.48842 0.346333

10.3323 0.0805664 -0.926237 -0.0737629 2.48843 0.346334
10.3317 0.0878906 -0.926237 -0.0737629 2.48069 0.380602

10.3317 0.0878906 -0.91817 -0.0818303 2.48063 0.38059
10.3304 0.102539 -0.91817 -0.0818303 2.46641 0.445516

10.3304 0.102539 -0.910549 -0.0894512 2.46654 0.44554
10.3297 0.109863 -0.910549 -0.0894512 2.45571 0.475344

10.3297 0.109863 -0.906448 -0.0935519 2.45572 0.475344
10.3289 0.117188 -0.906448 -0.0935519 2.44073 0.507121

10.3271 0.132764 -0.88615 -0.11385 2.41734 0.563814
10.3254 0.146484 -0.88615 -0.11385 2.41302 0.624612

10.3289 0.117188 -0.901477 -0.0985234 2.4407 0.50713
10.3281 0.124512 -0.901477 -0.0985234 2.41395 0.532818

10.3281 0.124512 -0.895172 -0.104828 2.41394 0.532822
10.3273 0.131836 -0.895172 -0.104828 2.41722 0.560101

10.3271 0.13275 -0.88615 -0.11385 2.41735 0.563757
10.3273 0.131836 -0.88615 -0.11385 2.41714 0.560097

10.3254 0.146484 -0.87438 -0.12562 2.41301 0.62461
10.3233 0.161133 -0.87438 -0.12562 2.39925 0.692329

10.3233 0.161133 -0.862825 -0.137175 2.39926 0.69233
10.321 0.175781 -0.862825 -0.137175 2.37893 0.758815

10.321 0.175781 -0.851614 -0.148386 2.37893 0.758815
10.3184 0.19043 -0.851614 -0.148386 2.35014 0.825075

10.3184 0.19043 -0.840547 -0.159453 2.35013 0.825073
10.3156 0.205078 -0.840547 -0.159453 2.31816 0.891344

10.3156 0.205078 -0.829311 -0.170689 2.31813 0.891339
10.3126 0.219727 -0.829311 -0.170689 2.28835 0.960139

10.3125 0.220226 -0.817696 -0.182304 2.28743 0.962534
10.3126 0.219727 -0.817696 -0.182304 2.28836 0.96014

