22.2656 0.574185 0.442095 -0.557905 0.312606 -1.95667
22.2712 0.578613 0.442095 -0.557905 0.195507 -1.94902

22.2711 0.578613 0.434667 -0.565333 0.196586 -1.94792
22.2729 0.580041 0.434667 -0.565333 0.162067 -1.94692

22.2729 0.580004 0.425692 -0.574308 0.162535 -1.94738
22.2803 0.585433 0.425692 -0.574308 0.0143562 -1.96037

22.2803 0.585419 0.40851 -0.59149 0.0145992 -1.96054
22.281 0.585938 0.40851 -0.59149 -0.00146715 -1.96346

22.281 0.585938 0.408478 -0.591522 -0.00125849 -1.96317
22.2876 0.590493 0.408478 -0.591522 -0.16395 -1.93648

22.2876 0.590448 0.391293 -0.608707 -0.163073 -1.93723
22.292 0.593262 0.391293 -0.608707 -0.265531 -1.88681

22.2919 0.593262 0.390621 -0.609379 -0.264441 -1.88686
22.2949 0.59523 0.390621 -0.609379 -0.328559 -1.86107

22.2949 0.595195 0.373578 -0.626422 -0.327901 -1.86151
22.3022 0.599563 0.373578 -0.626422 -0.480213 -1.8267

22.3022 0.599542 0.354133 -0.645867 -0.479741 -1.82696
22.3042 0.600586 0.354133 -0.645867 -0.520033 -1.82262

22.3041 0.600586 0.354133 -0.645867 -0.519605 -1.82239
22.3096 0.603584 0.354133 -0.645867 -0.64837 -1.75822

22.3096 0.603579 0.333391 -0.666609 -0.648233 -1.75829
22.3169 0.607242 0.333391 -0.666609 -0.801609 -1.68652

22.3169 0.607223 0.311669 -0.688331 -0.80114 -1.68672
22.3184 0.60791 0.311669 -0.688331 -0.830555 -1.68335

22.3184 0.60791 0.311669 -0.688331 -0.830237 -1.68325
22.3242 0.610558 0.311669 -0.688331 -0.964689 -1.61064

22.3242 0.610553 0.289246 -0.710754 -0.964544 -1.61069
22.3315 0.613534 0.289246 -0.710754 -1.12654 -1.46811

22.3315 0.613516 0.266199 -0.733801 -1.12606 -1.46833
22.3363 0.615234 0.266199 -0.733801 -1.21542 -1.39044

22.3362 0.615234 0.266199 -0.733801 -1.21459 -1.39142
22.3389 0.616208 0.266199 -0.733801 -1.26747 -1.35637

22.3389 0.61619 0.241744 -0.758256 -1.26691 -1.35651
22.3462 0.618525 0.241744 -0.758256 -1.41277 -1.23232

22.3462 0.618526 0.214664 -0.785336 -1.41282 -1.23232
22.3535 0.620528 0.214664 -0.785336 -1.53617 -1.0516

22.3535 0.620527 0.185562 -0.814438 -1.53612 -1.05162
22.3608 0.622196 0.185562 -0.814438 -1.64927 -0.905302

22.3608 0.622192 0.155094 -0.844906 -1.64916 -0.905331
22.3628 0.622559 0.155094 -0.844906 -1.68035 -0.873939

22.3628 0.622559 0.155094 -0.844906 -1.68035 -0.873947
22.3682 0.623537 0.155094 -0.844906 -1.77029 -0.762101

22.3682 0.623539 0.122591 -0.877409 -1.77036 -0.762089
22.3755 0.624562 0.122591 -0.877409 -1.88455 -0.572947

22.3755 0.624561 0.0873247 -0.912675 -1.88451 -0.572951
22.3828 0.625262 0.0873247 -0.912675 -1.973 -0.35656

22.3828 0.625262 0.0491582 -0.950842 -1.97303 -0.356557
22.3901 0.625641 0.0491582 -0.950842 -2.02904 -0.133475

22.3901 0.625643 0.0070688 -0.992931 -2.02913 -0.133469
22.3975 0.625695 0.0070688 -0.992931 -2.05329 0.0872153

22.3975 0.625697 -0.0369552 -0.963045 -2.05338 0.0872212
22.4048 0.625415 -0.0369552 -0.963045 -2.05403 0.303334

22.4048 0.625417 -0.0780989 -0.921901 -2.0541 0.303338
22.4121 0.624796 -0.0780989 -0.921901 -2.037 0.518726

22.4121 0.624796 -0.116102 -0.883898 -2.03699 0.518725
22.4194 0.623834 -0.116102 -0.883898 -2.00023 0.731392

22.4268 0.622538 -0.150404 -0.849596 -1.95402 0.929308
22.4266 0.622559 -0.150404 -0.849596 -1.95467 0.926247

22.4194 0.623831 -0.150404 -0.849596 -2.00009 0.731384
22.4266 0.622559 -0.150404 -0.849596 -1.95465 0.925734

22.4268 0.622538 -0.18223 -0.81777 -1.95403 0.929307
22.4341 0.620906 -0.18223 -0.81777 -1.89734 1.15022

22.4341 0.62091 -0.213026 -0.786974 -1.89745 1.15019
22.4414 0.618927 -0.213026 -0.786974 -1.81587 1.40251

22.4561 0.613892 -0.269942 -0.730058 -1.57131 1.70351
22.4524 0.615234 -0.269942 -0.730058 -1.62944 1.62137

22.4561 0.613887 -0.296951 -0.703049 -1.57114 1.70355
22.4634 0.610794 -0.296951 -0.703049 -1.45524 1.87985

22.4707 0.607363 -0.322586 -0.677414 -1.30027 2.018
22.4696 0.60791 -0.322586 -0.677414 -1.3223 1.99868

22.4634 0.610776 -0.322586 -0.677414 -1.45432 1.87979
22.4694 0.60791 -0.322586 -0.677414 -1.32228 1.99625

22.4414 0.618928 -0.242375 -0.757625 -1.8159 1.40249
22.4487 0.616585 -0.242375 -0.757625 -1.67988 1.55722

22.4487 0.616572 -0.269942 -0.730058 -1.67928 1.55721
22.4523 0.615234 -0.269942 -0.730058 -1.62941 1.61994

22.4854 0.599185 -0.369151 -0.630849 -0.953767 2.3228
22.483 0.600586 -0.369151 -0.630849 -1.01736 2.27779

22.4707 0.607307 -0.346597 -0.653403 -1.29802 2.01813
22.478 0.603422 -0.346597 -0.653403 -1.16098 2.17517

22.478 0.60339 -0.369151 -0.630849 -1.15914 2.17506
22.4828 0.600586 -0.369151 -0.630849 -1.01747 2.27566

22.4854 0.599146 -0.391215 -0.608785 -0.95204 2.32303
22.4927 0.59444 -0.391215 -0.608785 -0.801501 2.39335

22.5 0.589285 -0.41347 -0.58653 -0.663613 2.47255
22.4944 0.593262 -0.41347 -0.58653 -0.770621 2.39411

22.4927 0.5944 -0.40291 -0.59709 -0.799933 2.39306
22.4944 0.593262 -0.40291 -0.59709 -0.770648 2.39413

22.6856 0 -0.990566 -0.00943428 2.7385 0
22.6853 0.0292969 -0.990566 -0.00943428 2.74563 0.107995

22.6853 0.0292969 -0.976708 -0.0232916 2.74588 0.107995
22.6849 0.0439453 -0.976708 -0.0232916 2.75239 0.165134

22.6849 0.0439453 -0.967625 -0.0323748 2.7524 0.165134
22.6845 0.0585938 -0.967625 -0.0323748 2.75163 0.223397

22.6844 0.0585938 -0.961006 -0.0389936 2.75169 0.223394
22.6841 0.065918 -0.961006 -0.0389936 2.74952 0.252422

22.6841 0.065918 -0.956547 -0.0434533 2.74952 0.252422
22.6838 0.0732422 -0.956547 -0.0434533 2.74458 0.283152

22.6831 0.0867829 -0.947736 -0.0522644 2.72555 0.334845
22.683 0.0878906 -0.947736 -0.0522644 2.72241 0.338909

22.6838 0.0732422 -0.952312 -0.0476883 2.74459 0.28315
22.6834 0.0805664 -0.952312 -0.0476883 2.73709 0.312224

22.6831 0.0867565 -0.947736 -0.0522644 2.72564 0.334744
22.6834 0.0805664 -0.947736 -0.0522644 2.73707 0.312231

22.683 0.0878906 -0.942471 -0.0575292 2.72242 0.338907
22.6826 0.0952148 -0.942471 -0.0575292 2.71149 0.366629

22.6826 0.0952148 -0.93794 -0.0620605 2.71152 0.366624
22.6821 0.102539 -0.93794 -0.0620605 2.71784 0.40048

22.6821 0.102539 -0.934028 -0.0659715 2.71783 0.400481
22.6816 0.109863 -0.934028 -0.0659715 2.71777 0.438774

22.6816 0.109863 -0.929777 -0.0702226 2.71777 0.438774
22.681 0.117188 -0.929777 -0.0702226 2.69738 0.474002

22.6758 0.170771 -0.894167 -0.105833 2.66292 0.699376
22.6752 0.175781 -0.894167 -0.105833 2.65614 0.724314

22.6752 0.175781 -0.889483 -0.110517 2.65616 0.724316
22.6743 0.183105 -0.889483 -0.110517 2.64927 0.75972

22.6743 0.183105 -0.884701 -0.115299 2.64928 0.759721
22.6733 0.19043 -0.884701 -0.115299 2.63681 0.79496

22.6733 0.19043 -0.880112 -0.119888 2.6368 0.79496
22.6723 0.197754 -0.880112 -0.119888 2.62687 0.827473

22.6723 0.197754 -0.875688 -0.124312 2.62688 0.827474
22.6713 0.205078 -0.875688 -0.124312 2.61902 0.860424

22.6713 0.205078 -0.871516 -0.128484 2.61902 0.860425
22.6702 0.212402 -0.871516 -0.128484 2.60828 0.89395

22.6702 0.212402 -0.867145 -0.132855 2.60827 0.893948
22.6691 0.219727 -0.867145 -0.132855 2.59503 0.925979

22.6685 0.223652 -0.862524 -0.137476 2.58865 0.942714
22.6679 0.227051 -0.862524 -0.137476 2.58178 0.957111

22.6679 0.227051 -0.858155 -0.141845 2.5818 0.957112
22.6667 0.234375 -0.858155 -0.141845 2.57193 0.989304

22.6685 0.223636 -0.862524 -0.137476 2.5887 0.942648
22.6691 0.219727 -0.862524 -0.137476 2.59504 0.925979

22.681 0.117188 -0.925443 -0.0745574 2.69738 0.474002
22.6804 0.124512 -0.925443 -0.0745574 2.68128 0.499425

22.6805 0.124512 -0.92075 -0.0792495 2.68127 0.499424
22.6798 0.131836 -0.92075 -0.0792495 2.68907 0.524029

22.6798 0.131836 -0.915784 -0.0842159 2.68907 0.524029
22.6791 0.13916 -0.915784 -0.0842159 2.69615 0.555735

22.6791 0.13916 -0.911205 -0.0887949 2.69616 0.555734
22.6784 0.146484 -0.911205 -0.0887949 2.68659 0.586967

22.6784 0.146484 -0.904433 -0.0955666 2.6865 0.586968
22.6769 0.161133 -0.904433 -0.0955666 2.67149 0.653011

22.6758 0.170671 -0.895865 -0.104135 2.66316 0.698892
22.6769 0.161133 -0.895865 -0.104135 2.67154 0.653011

22.6172 0.419688 -0.714568 -0.285432 1.94201 2.01642
22.6151 0.424805 -0.714568 -0.285432 1.91174 2.05086

22.6099 0.437416 -0.700088 -0.299912 1.82734 2.13232
22.609 0.439453 -0.700088 -0.299912 1.80788 2.14446

22.6151 0.424805 -0.707393 -0.292607 1.91174 2.05086
22.6121 0.432129 -0.707393 -0.292607 1.86375 2.09931

22.6099 0.43737 -0.700088 -0.299912 1.82802 2.13206
22.6121 0.432129 -0.700088 -0.299912 1.86382 2.09931

22.6025 0.453764 -0.684738 -0.315262 1.68799 2.22758
22.6024 0.454102 -0.684738 -0.315262 1.68466 2.22952

22.6024 0.454102 -0.676693 -0.323307 1.68494 2.22951
22.5989 0.461426 -0.676693 -0.323307 1.62551 2.28213

22.5989 0.461426 -0.668389 -0.331611 1.6255 2.28213
22.5952 0.46875 -0.668389 -0.331611 1.55884 2.31922

22.609 0.439453 -0.692554 -0.307446 1.80802 2.14448
22.6057 0.446777 -0.692554 -0.307446 1.74576 2.19212

22.6025 0.453701 -0.684738 -0.315262 1.68894 2.22721
22.6057 0.446777 -0.684738 -0.315262 1.74577 2.19212

22.6667 0.234375 -0.851263 -0.148737 2.57181 0.989305
22.6642 0.249023 -0.851263 -0.148737 2.54527 1.05558

22.6642 0.249023 -0.842101 -0.157899 2.54527 1.05558
22.6614 0.263672 -0.842101 -0.157899 2.5137 1.12697

22.6611 0.265046 -0.835165 -0.164835 2.51091 1.13403
22.66 0.270996 -0.835165 -0.164835 2.50022 1.16416

22.66 0.270996 -0.829744 -0.170256 2.50023 1.16416
22.6585 0.27832 -0.829744 -0.170256 2.49705 1.20355

22.6585 0.27832 -0.824641 -0.175359 2.49706 1.20355
22.6569 0.285645 -0.824641 -0.175359 2.48099 1.24647

22.6569 0.285645 -0.81985 -0.18015 2.481 1.24647
22.6553 0.292969 -0.81985 -0.18015 2.45598 1.28668

22.6611 0.265013 -0.832351 -0.167649 2.51103 1.13387
22.6614 0.263672 -0.832351 -0.167649 2.51377 1.12698

22.6465 0.329332 -0.794674 -0.205326 2.33618 1.4892
22.6464 0.32959 -0.794674 -0.205326 2.33484 1.49064

22.6464 0.32959 -0.789687 -0.210313 2.33494 1.49066
22.6445 0.336914 -0.789687 -0.210313 2.30413 1.53069

22.6445 0.336914 -0.784247 -0.215753 2.30411 1.53069
22.6424 0.344238 -0.784247 -0.215753 2.28282 1.56911

22.6424 0.344238 -0.778371 -0.221629 2.28281 1.56912
22.6404 0.351562 -0.778371 -0.221629 2.25991 1.60559

22.6538 0.299513 -0.815134 -0.184866 2.43374 1.32237
22.6536 0.300293 -0.815134 -0.184866 2.43105 1.32661

22.6536 0.300293 -0.810159 -0.189841 2.43109 1.32661
22.6519 0.307617 -0.810159 -0.189841 2.41196 1.36672

22.6538 0.299482 -0.815134 -0.184866 2.43391 1.32222
22.6553 0.292969 -0.815134 -0.184866 2.45598 1.28668

22.6519 0.307617 -0.804878 -0.195122 2.41196 1.36672
22.6501 0.314941 -0.804878 -0.195122 2.39616 1.408

22.6501 0.314941 -0.799645 -0.200355 2.39616 1.408
22.6483 0.322266 -0.799645 -0.200355 2.36928 1.4494

22.6465 0.329289 -0.794674 -0.205326 2.33652 1.48898
22.6483 0.322266 -0.794674 -0.205326 2.36929 1.4494

22.6318 0.379159 -0.754074 -0.245926 2.15705 1.77533
22.6313 0.380859 -0.754074 -0.245926 2.14651 1.7859

22.6392 0.355649 -0.772446 -0.227554 2.24713 1.62951
22.6382 0.358887 -0.772446 -0.227554 2.23503 1.64768

22.6382 0.358887 -0.766386 -0.233614 2.23505 1.64768
22.636 0.366211 -0.766386 -0.233614 2.21197 1.69224

22.6392 0.355624 -0.772446 -0.227554 2.2473 1.62938
22.6404 0.351562 -0.772446 -0.227554 2.25994 1.60559

22.636 0.366211 -0.760124 -0.239876 2.21197 1.69224
22.6337 0.373535 -0.760124 -0.239876 2.18427 1.73811

22.6318 0.379116 -0.754074 -0.245926 2.15746 1.77512
22.6337 0.373535 -0.754074 -0.245926 2.18431 1.73812

22.6313 0.380859 -0.748003 -0.251997 2.14661 1.78593
22.6288 0.388184 -0.748003 -0.251997 2.10916 1.83299

22.6288 0.388184 -0.741644 -0.258356 2.10915 1.83299
22.6263 0.395508 -0.741644 -0.258356 2.07408 1.87312

22.6245 0.40037 -0.735265 -0.264735 2.05013 1.90084
22.6236 0.402832 -0.735265 -0.264735 2.03556 1.91454

22.6236 0.402832 -0.728636 -0.271364 2.03562 1.91455
22.6209 0.410156 -0.728636 -0.271364 1.99903 1.96035

22.6245 0.400336 -0.735265 -0.264735 2.05046 1.90068
22.6263 0.395508 -0.735265 -0.264735 2.07413 1.87312

22.6209 0.410156 -0.721604 -0.278396 1.99902 1.96034
22.6181 0.41748 -0.721604 -0.278396 1.95587 2.00187

22.6172 0.419669 -0.714568 -0.285432 1.94221 2.0163
22.6181 0.41748 -0.714568 -0.285432 1.95593 2.00188

22.5073 0.583714 -0.432974 -0.567026 -0.458228 2.56626
22.5044 0.585938 -0.432974 -0.567026 -0.529159 2.53906

22.5146 0.577621 -0.460803 -0.539197 -0.279883 2.61443
22.5135 0.578613 -0.460803 -0.539197 -0.307749 2.60599

22.5073 0.583629 -0.454948 -0.545052 -0.455083 2.56644
22.5133 0.578613 -0.454948 -0.545052 -0.306634 2.60455

22.522 0.571028 -0.483238 -0.516762 -0.106249 2.65842
22.5217 0.571289 -0.483238 -0.516762 -0.11306 2.65672

22.5293 0.563879 -0.503272 -0.496728 0.0830062 2.68947
22.5292 0.563965 -0.503272 -0.496728 0.0807023 2.6894

22.522 0.57093 -0.493722 -0.506278 -0.102834 2.65804
22.5291 0.563965 -0.493722 -0.506278 0.0816146 2.68879

22.5146 0.577537 -0.474585 -0.525415 -0.276834 2.61422
22.5216 0.571289 -0.474585 -0.525415 -0.111996 2.65549

22.5366 0.556111 -0.522177 -0.477823 0.262935 2.69389
22.5361 0.556641 -0.522177 -0.477823 0.251808 2.69346

22.5439 0.547753 -0.54156 -0.45844 0.447641 2.69711
22.5426 0.549316 -0.54156 -0.45844 0.41289 2.69878

22.5366 0.556035 -0.528968 -0.471032 0.26528 2.69345
22.5426 0.549316 -0.528968 -0.471032 0.413072 2.6987

22.5513 0.538733 -0.56217 -0.43783 0.615793 2.67924
22.5487 0.541992 -0.56217 -0.43783 0.555892 2.69073

22.5586 0.529123 -0.572986 -0.427014 0.776315 2.65454
22.5545 0.534668 -0.572986 -0.427014 0.675294 2.67093

22.5513 0.538727 -0.562498 -0.437502 0.615957 2.67921
22.5544 0.534668 -0.562498 -0.437502 0.675831 2.67062

22.5439 0.547687 -0.545294 -0.454706 0.449673 2.6968
22.5487 0.541992 -0.545294 -0.454706 0.556247 2.6907

22.5293 0.563768 -0.511705 -0.488295 0.0870273 2.68888
22.5361 0.556641 -0.511705 -0.488295 0.25222 2.69319

22.5879 0.482761 -0.650307 -0.349693 1.41571 2.40102
22.5875 0.483398 -0.650307 -0.349693 1.40725 2.40439

22.5806 0.495637 -0.631372 -0.368628 1.29382 2.49636
22.5792 0.498047 -0.631372 -0.368628 1.2524 2.51467

22.5875 0.483398 -0.640898 -0.359102 1.40761 2.40435
22.5834 0.490723 -0.640898 -0.359102 1.33123 2.45689

22.5806 0.49558 -0.631372 -0.368628 1.2952 2.49604
22.5834 0.490723 -0.631372 -0.368628 1.33139 2.45688

22.5732 0.507603 -0.609306 -0.390694 1.09508 2.54766
22.57 0.512695 -0.609306 -0.390694 1.03391 2.58134

22.5659 0.518793 -0.602692 -0.397308 0.971864 2.62454
22.5651 0.52002 -0.602692 -0.397308 0.95058 2.63372

22.5651 0.52002 -0.586328 -0.413672 0.950951 2.63377
22.5599 0.527344 -0.586328 -0.413672 0.810148 2.65609

22.5659 0.518734 -0.598583 -0.401417 0.97338 2.62417
22.57 0.512695 -0.598583 -0.401417 1.034 2.58137

22.5792 0.498047 -0.620595 -0.379405 1.2525 2.51469
22.5747 0.505371 -0.620595 -0.379405 1.12785 2.54246

22.5732 0.507584 -0.611028 -0.388972 1.0955 2.54754
22.5747 0.505371 -0.611028 -0.388972 1.1281 2.54232

22.5952 0.468783 -0.659568 -0.340432 1.55841 2.31941
22.5915 0.476074 -0.659568 -0.340432 1.48476 2.3697

22.5879 0.482691 -0.650306 -0.349694 1.41707 2.4006
22.5914 0.476074 -0.650306 -0.349694 1.4848 2.36969

22.5952 0.468771 -0.660011 -0.339989 1.55862 2.31934
22.5952 0.46875 -0.660011 -0.339989 1.55886 2.31922

22.5586 0.529115 -0.580424 -0.419576 0.776546 2.65449
22.5599 0.527344 -0.580424 -0.419576 0.810585 2.65571

22.5 0.589234 -0.433079 -0.566921 -0.661068 2.47225
22.5043 0.585938 -0.433079 -0.566921 -0.528766 2.53831

