26.7188 0.45195 -0.689542 -0.310458 1.75681 2.20583
26.7178 0.454102 -0.689542 -0.310458 1.73644 2.21895

26.7114 0.467497 -0.673339 -0.326661 1.62651 2.30912
26.7108 0.46875 -0.673339 -0.326661 1.61104 2.31681

26.7178 0.454102 -0.681557 -0.318443 1.73658 2.21896
26.7143 0.461426 -0.681557 -0.318443 1.67605 2.27101

26.7114 0.467439 -0.673339 -0.326661 1.62757 2.30877
26.7143 0.461426 -0.673339 -0.326661 1.6761 2.271

26.2917 0.46875 0.605458 -0.394542 2.02627 -1.11446
26.2939 0.472209 0.605458 -0.394542 2.00577 -1.15017

26.2939 0.472144 0.605411 -0.394589 2.00621 -1.15019
26.2965 0.476074 0.605411 -0.394589 1.98397 -1.19089

26.2965 0.476074 0.597964 -0.402036 1.98379 -1.19046
26.3013 0.483207 0.597964 -0.402036 1.89809 -1.25682

26.3013 0.483195 0.599929 -0.400071 1.89831 -1.25684
26.3014 0.483398 0.599929 -0.400071 1.89455 -1.25833

26.3014 0.483398 0.589844 -0.410156 1.89455 -1.2583
26.3065 0.490723 0.589844 -0.410156 1.80581 -1.3167

26.3065 0.490723 0.585934 -0.414066 1.80581 -1.31635
26.3086 0.493719 0.585934 -0.414066 1.78404 -1.35037

26.3086 0.493615 0.582449 -0.417551 1.78482 -1.35053
26.3118 0.498047 0.582449 -0.417551 1.75436 -1.40353

26.3117 0.498047 0.574158 -0.425842 1.7542 -1.40281
26.3159 0.503698 0.574158 -0.425842 1.68497 -1.47246

26.3159 0.503646 0.576027 -0.423973 1.68604 -1.47265
26.3172 0.505371 0.576027 -0.423973 1.64774 -1.48866

26.3172 0.505371 0.564416 -0.435584 1.64779 -1.48818
26.3228 0.512695 0.564416 -0.435584 1.52129 -1.53989

26.3227 0.512695 0.560204 -0.439796 1.52146 -1.5386
26.3232 0.513344 0.560204 -0.439796 1.51285 -1.54386

26.3232 0.513201 0.5559 -0.4441 1.51451 -1.54451
26.3287 0.52002 0.5559 -0.4441 1.44358 -1.6143

26.3286 0.52002 0.552497 -0.447503 1.44377 -1.61282
26.3306 0.522417 0.552497 -0.447503 1.42184 -1.64501

26.3306 0.522287 0.547937 -0.452063 1.42272 -1.64566
26.3347 0.527344 0.547937 -0.452063 1.34756 -1.69558

26.3347 0.527344 0.54219 -0.45781 1.34771 -1.69517
26.3379 0.531107 0.54219 -0.45781 1.27904 -1.71325

26.3379 0.530999 0.537901 -0.462099 1.28027 -1.71427
26.341 0.534668 0.537901 -0.462099 1.22045 -1.73236

26.3411 0.534668 0.530264 -0.469736 1.22037 -1.73259
26.3452 0.539362 0.530264 -0.469736 1.14465 -1.75121

26.3452 0.53929 0.523481 -0.476519 1.14528 -1.75185
26.3477 0.541992 0.523481 -0.476519 1.10985 -1.76619

26.3477 0.541992 0.517847 -0.482153 1.10985 -1.76617
26.3525 0.547218 0.517847 -0.482153 1.03109 -1.80476

26.3525 0.547159 0.510506 -0.489494 1.03189 -1.80529
26.3546 0.549316 0.510506 -0.489494 0.99133 -1.82122

26.3546 0.549316 0.503749 -0.496251 0.991521 -1.8206
26.3599 0.554688 0.503749 -0.496251 0.880193 -1.84974

26.3599 0.554651 0.496158 -0.503842 0.880808 -1.8501
26.3619 0.556641 0.496158 -0.503842 0.834169 -1.86003

26.3618 0.556641 0.487953 -0.512047 0.834511 -1.85928
26.3672 0.561744 0.487953 -0.512047 0.72015 -1.89798

26.3672 0.561727 0.480652 -0.519348 0.720386 -1.89817
26.3696 0.563965 0.480652 -0.519348 0.672994 -1.91583

26.3695 0.563965 0.472157 -0.527843 0.673593 -1.91433
26.3745 0.56843 0.472157 -0.527843 0.571385 -1.94818

26.3745 0.568427 0.462677 -0.537323 0.57144 -1.94823
26.3778 0.571289 0.462677 -0.537323 0.498511 -1.96664

26.3777 0.571289 0.45598 -0.54402 0.499467 -1.96472
26.3818 0.57474 0.45598 -0.54402 0.403126 -1.97121

26.3818 0.574733 0.446958 -0.553042 0.403238 -1.97129
26.3866 0.578613 0.446958 -0.553042 0.291871 -1.97083

26.3865 0.578613 0.440335 -0.559665 0.293208 -1.96951
26.3892 0.580703 0.440335 -0.559665 0.232011 -1.96875

26.3892 0.580675 0.431638 -0.568362 0.232465 -1.96911
26.3961 0.585938 0.431638 -0.568362 0.073925 -1.96189

26.3959 0.585938 0.423469 -0.576531 0.0753177 -1.96062
26.3965 0.586332 0.423469 -0.576531 0.0637745 -1.9601

26.3965 0.586248 0.414892 -0.585108 0.0651078 -1.96123
26.4038 0.591442 0.414892 -0.585108 -0.100332 -1.95131

26.4038 0.591402 0.3974 -0.6026 -0.0995778 -1.95191
26.4066 0.593262 0.3974 -0.6026 -0.162373 -1.94138

26.4066 0.593262 0.397551 -0.602449 -0.161633 -1.94089
26.4111 0.596285 0.397551 -0.602449 -0.272421 -1.91182

26.4111 0.596269 0.379472 -0.620528 -0.272078 -1.91203
26.4182 0.600586 0.379472 -0.620528 -0.432653 -1.86972

26.4181 0.600586 0.369921 -0.630079 -0.431523 -1.86915
26.4185 0.600815 0.369921 -0.630079 -0.439671 -1.86811

26.4185 0.600752 0.359513 -0.640487 -0.438395 -1.86888
26.4258 0.604863 0.359513 -0.640487 -0.604663 -1.82063

26.4258 0.604839 0.339298 -0.660702 -0.604072 -1.82104
26.4318 0.60791 0.339298 -0.660702 -0.741392 -1.75403

26.4316 0.60791 0.339298 -0.660702 -0.739972 -1.75394
26.4331 0.608675 0.339298 -0.660702 -0.774382 -1.74639

26.4331 0.60862 0.318365 -0.681635 -0.772953 -1.747
26.4404 0.612041 0.318365 -0.681635 -0.952114 -1.64781

26.4404 0.612035 0.296133 -0.703867 -0.95196 -1.64791
26.4478 0.615116 0.296133 -0.703867 -1.10722 -1.52655

26.4478 0.615111 0.272778 -0.727222 -1.10708 -1.5266
26.4481 0.615234 0.272778 -0.727222 -1.1134 -1.52432

26.4477 0.615234 0.296133 -0.703867 -1.11035 -1.52551
26.4478 0.615242 0.296133 -0.703867 -1.11073 -1.52537

26.4481 0.615234 0.272778 -0.727222 -1.11319 -1.5244
26.4551 0.617867 0.272778 -0.727222 -1.26277 -1.42748

26.4551 0.617868 0.247194 -0.752806 -1.26279 -1.42748
26.4624 0.620273 0.247194 -0.752806 -1.41013 -1.25292

26.4624 0.62027 0.220053 -0.779947 -1.41005 -1.25296
26.4697 0.622336 0.220053 -0.779947 -1.53947 -1.1206

26.4697 0.622335 0.191358 -0.808642 -1.53941 -1.12061
26.4707 0.622559 0.191358 -0.808642 -1.55657 -1.1095

26.4707 0.622559 0.191358 -0.808642 -1.55649 -1.10958
26.4771 0.62407 0.191358 -0.808642 -1.68236 -0.987248

26.4771 0.624069 0.160584 -0.839416 -1.68232 -0.987254
26.4844 0.62547 0.160584 -0.839416 -1.82363 -0.794788

26.4844 0.625469 0.127687 -0.872313 -1.82359 -0.794793
26.4917 0.626541 0.127687 -0.872313 -1.9296 -0.580105

26.4917 0.626542 0.0921813 -0.907819 -1.9296 -0.580098
26.499 0.627286 0.0921813 -0.907819 -1.98819 -0.358684

26.499 0.627287 0.0531305 -0.946869 -1.98822 -0.358671
26.5063 0.627698 0.0531305 -0.946869 -2.03008 -0.146919

26.5063 0.627699 0.00978522 -0.990215 -2.03011 -0.146912
26.5137 0.627772 0.00978522 -0.990215 -2.05945 0.0589728

26.5137 0.627773 -0.0355995 -0.964401 -2.05946 0.0589757
26.521 0.627502 -0.0355995 -0.964401 -2.07758 0.270201

26.521 0.627502 -0.0774555 -0.922544 -2.07758 0.270201
26.5283 0.626887 -0.0774555 -0.922544 -2.08294 0.499561

26.5283 0.626887 -0.115872 -0.884128 -2.08294 0.499561
26.5356 0.625928 -0.115872 -0.884128 -2.05943 0.751024

26.5356 0.625928 -0.151327 -0.848673 -2.05946 0.751026
26.543 0.624622 -0.151327 -0.848673 -1.97514 0.993151

26.543 0.624621 -0.183972 -0.816028 -1.97509 0.993148
26.5503 0.62297 -0.183972 -0.816028 -1.89404 1.17722

26.5576 0.620971 -0.214725 -0.785275 -1.82119 1.36618
26.5518 0.622559 -0.214725 -0.785275 -1.88034 1.20902

26.5503 0.622975 -0.214725 -0.785275 -1.89423 1.17722
26.5518 0.622559 -0.214725 -0.785275 -1.88035 1.20909

26.5576 0.62098 -0.245204 -0.754796 -1.82147 1.36611
26.5649 0.6186 -0.245204 -0.754796 -1.7202 1.60163

26.5649 0.618596 -0.274053 -0.725947 -1.71997 1.6016
26.5723 0.615831 -0.274053 -0.725947 -1.58526 1.73224

26.5796 0.612688 -0.300609 -0.699391 -1.47391 1.9148
26.5737 0.615234 -0.300609 -0.699391 -1.5658 1.748

26.5796 0.61269 -0.32606 -0.67394 -1.47397 1.91478
26.5869 0.609146 -0.32606 -0.67394 -1.30326 2.08518

26.5942 0.605211 -0.349994 -0.650006 -1.13694 2.24773
26.5892 0.60791 -0.349994 -0.650006 -1.25282 2.11406

26.5869 0.609124 -0.349994 -0.650006 -1.30211 2.08509
26.5892 0.60791 -0.349994 -0.650006 -1.25247 2.11323

26.5942 0.605207 -0.372775 -0.627225 -1.13679 2.24777
26.6016 0.600854 -0.372775 -0.627225 -0.9604 2.34734

26.5723 0.615827 -0.300609 -0.699391 -1.58506 1.73223
26.5736 0.615234 -0.300609 -0.699391 -1.5657 1.74774

26.6235 0.585144 -0.444265 -0.555735 -0.440457 2.59818
26.6225 0.585938 -0.444265 -0.555735 -0.464361 2.58641

26.6235 0.585048 -0.459706 -0.540294 -0.436736 2.59803
26.6309 0.578817 -0.459706 -0.540294 -0.250737 2.66393

26.6602 0.548448 -0.547383 -0.452617 0.495421 2.72439
26.6594 0.549316 -0.547383 -0.452617 0.476064 2.72621

26.6594 0.549316 -0.53596 -0.46404 0.476404 2.72607
26.6531 0.556641 -0.53596 -0.46404 0.308422 2.725

26.6455 0.564787 -0.499585 -0.500415 0.121165 2.7216
26.639 0.571289 -0.499585 -0.500415 -0.0425021 2.70725

26.6382 0.572078 -0.479468 -0.520532 -0.0641567 2.70377
26.6311 0.578613 -0.479468 -0.520532 -0.244698 2.66532

26.6309 0.578804 -0.470213 -0.529787 -0.25024 2.66387
26.6311 0.578613 -0.470213 -0.529787 -0.244574 2.66517

26.6382 0.572058 -0.490191 -0.509809 -0.0633989 2.70365
26.639 0.571289 -0.490191 -0.509809 -0.0423934 2.70714

26.6528 0.556914 -0.518936 -0.481064 0.302237 2.72469
26.6463 0.563965 -0.518936 -0.481064 0.140775 2.72127

26.6455 0.564757 -0.509211 -0.490789 0.122173 2.7214
26.6463 0.563965 -0.509211 -0.490789 0.141047 2.72111

26.6528 0.556875 -0.527308 -0.472692 0.303501 2.72445
26.653 0.556641 -0.527308 -0.472692 0.308696 2.72479

26.6895 0.507342 -0.614733 -0.385267 1.15161 2.55268
26.6861 0.512695 -0.614733 -0.385267 1.08469 2.58882

26.6821 0.518799 -0.608335 -0.391665 1.02274 2.62958
26.6813 0.52002 -0.608335 -0.391665 1.00088 2.63823

26.6813 0.52002 -0.592249 -0.407751 1.0012 2.63826
26.6763 0.527344 -0.592249 -0.407751 0.861511 2.66133

26.6821 0.518744 -0.604269 -0.395731 1.02417 2.62924
26.6861 0.512695 -0.604269 -0.395731 1.08476 2.58885

26.7041 0.481831 -0.655351 -0.344649 1.48039 2.39362
26.7033 0.483398 -0.655351 -0.344649 1.46095 2.40275

26.6968 0.495066 -0.636422 -0.363578 1.35018 2.49099
26.6951 0.498047 -0.636422 -0.363578 1.30507 2.5152

26.7033 0.483398 -0.645966 -0.354034 1.46121 2.40274
26.6992 0.490723 -0.645966 -0.354034 1.38325 2.45588

26.6968 0.495017 -0.636422 -0.363578 1.35127 2.49069
26.6992 0.490723 -0.636422 -0.363578 1.3834 2.45587

26.7108 0.46875 -0.664591 -0.335409 1.61126 2.31682
26.7071 0.476074 -0.664591 -0.335409 1.53232 2.36493

26.7041 0.481771 -0.655351 -0.344649 1.48151 2.39326
26.7071 0.476074 -0.655351 -0.344649 1.5324 2.3649

26.6951 0.498047 -0.625748 -0.374252 1.30513 2.51522
26.6907 0.505371 -0.625748 -0.374252 1.18376 2.54683

26.6895 0.507324 -0.616425 -0.383575 1.15202 2.55257
26.6907 0.505371 -0.616425 -0.383575 1.18398 2.54671

26.6675 0.539221 -0.568031 -0.431969 0.670187 2.69575
26.6654 0.541992 -0.568031 -0.431969 0.619721 2.70894

26.6748 0.529378 -0.579089 -0.420911 0.824852 2.66091
26.671 0.534668 -0.579089 -0.420911 0.73301 2.68243

26.6675 0.539189 -0.566713 -0.433287 0.671012 2.69559
26.6709 0.534668 -0.566713 -0.433287 0.733366 2.68224

26.6602 0.54837 -0.551521 -0.448479 0.497872 2.72394
26.6653 0.541992 -0.551521 -0.448479 0.620036 2.70892

26.6748 0.529375 -0.58728 -0.41272 0.824935 2.66089
26.6762 0.527344 -0.58728 -0.41272 0.862016 2.66092

26.6089 0.596065 -0.396206 -0.603794 -0.820434 2.43201
26.602 0.600586 -0.396206 -0.603794 -0.95238 2.34779

26.6162 0.590822 -0.418558 -0.581442 -0.620105 2.53499
26.6128 0.593262 -0.418558 -0.581442 -0.705319 2.50147

26.6089 0.596013 -0.417494 -0.582506 -0.817754 2.43174
26.6127 0.593262 -0.417494 -0.582506 -0.705107 2.50073

26.6016 0.600851 -0.383936 -0.616064 -0.96029 2.34733
26.602 0.600586 -0.383936 -0.616064 -0.952324 2.34775

26.6162 0.590767 -0.439488 -0.560512 -0.618014 2.53516
26.6224 0.585938 -0.439488 -0.560512 -0.463167 2.58415

26.7987 0 -0.997891 -0.00210858 2.77847 0
26.7987 0.00732422 -0.997891 -0.00210858 2.77831 0.0279696

26.7987 0.00732422 -0.993739 -0.006261 2.77831 0.0279696
26.7986 0.0146484 -0.993739 -0.006261 2.77869 0.0549639

26.7987 0.0146484 -0.98733 -0.0126703 2.77863 0.0549669
26.7985 0.0292969 -0.98733 -0.0126703 2.77633 0.111486

26.7985 0.0292969 -0.978129 -0.0218705 2.77629 0.111489
26.7981 0.0439453 -0.978129 -0.0218705 2.77111 0.16873

26.7981 0.0439453 -0.968742 -0.0312579 2.77113 0.168728
26.7977 0.0585938 -0.968742 -0.0312579 2.76566 0.22465

26.7977 0.0585938 -0.959946 -0.0400542 2.76566 0.22465
26.7971 0.0732422 -0.959946 -0.0400542 2.75787 0.281802

26.7971 0.0732422 -0.951461 -0.0485385 2.75788 0.281801
26.7963 0.0878906 -0.951461 -0.0485385 2.74433 0.338985

26.7963 0.0878906 -0.938379 -0.061621 2.74401 0.338987
26.7944 0.117188 -0.938379 -0.061621 2.72625 0.459468

26.792 0.14526 -0.916666 -0.0833341 2.7069 0.581484
26.7919 0.146484 -0.916666 -0.0833341 2.70576 0.586882

26.7944 0.117188 -0.925465 -0.0745348 2.72651 0.459452
26.7932 0.131836 -0.925465 -0.0745348 2.71731 0.523051

26.792 0.145222 -0.916666 -0.0833341 2.70697 0.581314
26.7932 0.131836 -0.916666 -0.0833341 2.71732 0.523051

26.7919 0.146484 -0.908032 -0.0919681 2.70578 0.586882
26.7904 0.161133 -0.908032 -0.0919681 2.69211 0.650904

26.7904 0.161133 -0.89923 -0.10077 2.6921 0.650904
26.7888 0.175781 -0.89923 -0.10077 2.67689 0.714865

26.7888 0.175781 -0.890299 -0.109701 2.67689 0.714865
26.787 0.19043 -0.890299 -0.109701 2.66196 0.780133

26.7869 0.19043 -0.881684 -0.118316 2.66198 0.780133
26.785 0.205078 -0.881684 -0.118316 2.64679 0.847982

26.785 0.205078 -0.872834 -0.127166 2.64674 0.847979
26.7829 0.219727 -0.872834 -0.127166 2.62991 0.916175

26.7829 0.219727 -0.863695 -0.136305 2.62992 0.916175
26.7805 0.234375 -0.863695 -0.136305 2.60445 0.986417

26.7773 0.252988 -0.848646 -0.151354 2.56197 1.07832
26.7767 0.256348 -0.848646 -0.151354 2.55613 1.09677

26.7767 0.256348 -0.843743 -0.156257 2.55614 1.09677
26.7754 0.263672 -0.843743 -0.156257 2.55004 1.13329

26.7754 0.263672 -0.838594 -0.161406 2.55005 1.13329
26.774 0.270996 -0.838594 -0.161406 2.538 1.17186

26.774 0.270996 -0.83376 -0.16624 2.53801 1.17186
26.7725 0.27832 -0.83376 -0.16624 2.51754 1.20672

26.77 0.290281 -0.824172 -0.175828 2.48807 1.26668
26.7694 0.292969 -0.824172 -0.175828 2.4816 1.28048

26.7725 0.27832 -0.829034 -0.170966 2.51753 1.20672
26.771 0.285645 -0.829034 -0.170966 2.49854 1.24224

26.77 0.290262 -0.824172 -0.175828 2.48815 1.26658
26.771 0.285645 -0.824172 -0.175828 2.49854 1.24224

26.7627 0.322028 -0.8039 -0.1961 2.39563 1.44239
26.7626 0.322266 -0.8039 -0.1961 2.39437 1.44373

26.7694 0.292969 -0.818997 -0.181003 2.48162 1.28048
26.7678 0.300293 -0.818997 -0.181003 2.46677 1.31902

26.7678 0.300293 -0.81371 -0.18629 2.46677 1.31902
26.7661 0.307617 -0.81371 -0.18629 2.45217 1.35919

26.7661 0.307617 -0.808658 -0.191342 2.45217 1.35919
26.7644 0.314941 -0.808658 -0.191342 2.42775 1.40159

26.7627 0.321988 -0.8039 -0.1961 2.39593 1.44218
26.7644 0.314941 -0.8039 -0.1961 2.42776 1.40159

26.7626 0.322266 -0.79881 -0.20119 2.39443 1.44374
26.7608 0.32959 -0.79881 -0.20119 2.36949 1.48428

26.7608 0.32959 -0.793144 -0.206856 2.36948 1.48428
26.7589 0.336914 -0.793144 -0.206856 2.3587 1.5273

26.7554 0.349737 -0.781809 -0.218191 2.3149 1.60337
26.7549 0.351562 -0.781809 -0.218191 2.30606 1.61363

26.7589 0.336914 -0.787395 -0.212605 2.3587 1.5273
26.7569 0.344238 -0.787395 -0.212605 2.33612 1.57043

26.7554 0.349704 -0.781809 -0.218191 2.31515 1.6032
26.7569 0.344238 -0.781809 -0.218191 2.33614 1.57044

26.7805 0.234375 -0.854999 -0.145001 2.60446 0.986417
26.7781 0.249023 -0.854999 -0.145001 2.57058 1.05851

26.7773 0.252907 -0.845944 -0.154056 2.56227 1.07793
26.7781 0.249023 -0.845944 -0.154056 2.57063 1.05851

26.748 0.374372 -0.758911 -0.241089 2.20458 1.74661
26.746 0.380859 -0.758911 -0.241089 2.17494 1.78526

26.746 0.380859 -0.752719 -0.247281 2.17494 1.78526
26.7436 0.388184 -0.752719 -0.247281 2.14419 1.82834

26.7436 0.388184 -0.746564 -0.253436 2.14419 1.82834
26.7411 0.395508 -0.746564 -0.253436 2.10155 1.86575

26.7407 0.396572 -0.740284 -0.259716 2.09493 1.87153
26.7385 0.402832 -0.740284 -0.259716 2.06286 1.90694

26.7385 0.402832 -0.733589 -0.266411 2.06284 1.90694
26.7359 0.410156 -0.733589 -0.266411 2.02591 1.94884

26.7407 0.396563 -0.740284 -0.259716 2.09501 1.87148
26.7411 0.395508 -0.740284 -0.259716 2.10155 1.86575

26.7549 0.351562 -0.776252 -0.223748 2.30612 1.61364
26.7527 0.358887 -0.776252 -0.223748 2.27537 1.65487

26.7527 0.358887 -0.770511 -0.229489 2.27536 1.65487
26.7506 0.366211 -0.770511 -0.229489 2.24741 1.69773

26.7506 0.366211 -0.764784 -0.235216 2.24742 1.69773
26.7483 0.373535 -0.764784 -0.235216 2.20942 1.74153

26.748 0.374366 -0.758911 -0.241089 2.20463 1.74657
26.7483 0.373535 -0.758911 -0.241089 2.20942 1.74153

26.7334 0.416764 -0.726692 -0.273308 1.98881 1.9855
26.7331 0.41748 -0.726692 -0.273308 1.98419 1.98977

26.7331 0.41748 -0.71963 -0.28037 1.98434 1.98978
26.7303 0.424805 -0.71963 -0.28037 1.94655 2.03857

26.7261 0.435079 -0.704972 -0.295028 1.88033 2.10112
26.7242 0.439453 -0.704972 -0.295028 1.84953 2.12889

26.7303 0.424805 -0.712303 -0.287697 1.94653 2.03857
26.7273 0.432129 -0.712303 -0.287697 1.90044 2.08225

26.7261 0.435054 -0.704972 -0.295028 1.88061 2.10096
26.7273 0.432129 -0.704972 -0.295028 1.90052 2.08225

26.7334 0.416719 -0.726692 -0.273308 1.98928 1.98525
26.7359 0.410156 -0.726692 -0.273308 2.02592 1.94883

26.7242 0.439453 -0.697381 -0.302619 1.84954 2.12889
26.7211 0.446777 -0.697381 -0.302619 1.79434 2.17529

26.7188 0.451904 -0.689542 -0.310458 1.7575 2.20557
26.7211 0.446777 -0.689542 -0.310458 1.79442 2.17528

