11.8359 0.588049 0.293107 -0.706893 -0.804563 -1.48758
11.8433 0.591086 0.293107 -0.706893 -0.93629 -1.3782

11.8433 0.591075 0.272813 -0.727187 -0.936032 -1.37833
11.8491 0.593262 0.272813 -0.727187 -1.02383 -1.29791

11.849 0.593262 0.272813 -0.727187 -1.02322 -1.29853
11.8506 0.593859 0.272813 -0.727187 -1.04811 -1.28461

11.8506 0.593833 0.251478 -0.748522 -1.04748 -1.28477
11.8579 0.596294 0.251478 -0.748522 -1.16611 -1.19242

11.8579 0.596293 0.228419 -0.771581 -1.1661 -1.19242
11.8652 0.598462 0.228419 -0.771581 -1.26959 -1.04663

11.8652 0.59846 0.204303 -0.795697 -1.26954 -1.04665
11.8726 0.60034 0.204303 -0.795697 -1.35955 -0.935903

11.8726 0.600339 0.179174 -0.820826 -1.35953 -0.935908
11.8737 0.600586 0.179174 -0.820826 -1.37366 -0.924222

11.8737 0.600586 0.179174 -0.820826 -1.37367 -0.924214
11.8799 0.601938 0.179174 -0.820826 -1.45943 -0.828754

11.8799 0.601938 0.152637 -0.847363 -1.45942 -0.828755
11.8872 0.603257 0.152637 -0.847363 -1.56017 -0.681724

11.8872 0.603256 0.124608 -0.875392 -1.56013 -0.681729
11.8945 0.604299 0.124608 -0.875392 -1.64532 -0.521864

11.8945 0.604299 0.094823 -0.905177 -1.64533 -0.52186
11.9019 0.605066 0.094823 -0.905177 -1.68826 -0.354714

11.9019 0.605067 0.0625834 -0.937417 -1.68828 -0.354706
11.9092 0.605556 0.0625834 -0.937417 -1.72052 -0.192966

11.9092 0.605557 0.0274927 -0.972507 -1.72053 -0.192963
11.9165 0.605764 0.0274927 -0.972507 -1.74437 -0.0357045

11.9165 0.605764 -0.0103368 -0.989663 -1.74437 -0.0357042
11.9238 0.605688 -0.0103368 -0.989663 -1.76049 0.123343

11.9238 0.605687 -0.0468174 -0.953183 -1.76049 0.123342
11.9312 0.605328 -0.0468174 -0.953183 -1.76751 0.291325

11.9312 0.605327 -0.0805938 -0.919406 -1.76751 0.291325
11.9385 0.604685 -0.0805938 -0.919406 -1.76304 0.471303

11.9385 0.604686 -0.112046 -0.887954 -1.76304 0.471303
11.9458 0.603761 -0.112046 -0.887954 -1.73143 0.658336

11.9458 0.603763 -0.141678 -0.858322 -1.73148 0.658338
11.9531 0.602554 -0.141678 -0.858322 -1.67059 0.832513

12.0044 0.585742 -0.313269 -0.686731 -1.08616 1.78816
12.004 0.585938 -0.313269 -0.686731 -1.09249 1.78507

12.0044 0.585703 -0.334183 -0.665817 -1.08479 1.78819
12.0117 0.582027 -0.334183 -0.665817 -0.986882 1.8974

12.019 0.57807 -0.354892 -0.645108 -0.852516 1.98344
12.0181 0.578613 -0.354892 -0.645108 -0.867003 1.97773

12.0117 0.582009 -0.354892 -0.645108 -0.986133 1.89734
12.0179 0.578613 -0.354892 -0.645108 -0.866472 1.97677

12.019 0.578002 -0.374787 -0.625213 -0.850274 1.98344
12.0264 0.573611 -0.374787 -0.625213 -0.748554 2.05852

12.0337 0.568872 -0.393959 -0.606041 -0.61048 2.16415
12.03 0.571289 -0.393959 -0.606041 -0.681366 2.10715

12.041 0.563823 -0.413625 -0.586375 -0.458794 2.24604
12.0408 0.563965 -0.413625 -0.586375 -0.462782 2.24445

12.0337 0.568839 -0.411326 -0.588674 -0.609454 2.16427
12.0407 0.563965 -0.411326 -0.588674 -0.462137 2.24323

12.0264 0.57358 -0.393911 -0.606089 -0.747316 2.05838
12.0299 0.571289 -0.393911 -0.606089 -0.680799 2.10581

12.0557 0.552327 -0.446993 -0.553007 -0.19307 2.33615
12.0503 0.556641 -0.446993 -0.553007 -0.286483 2.29863

12.0703 0.539236 -0.483864 -0.516136 0.0987613 2.40454
12.0674 0.541992 -0.483864 -0.516136 0.0412222 2.39555

12.063 0.546021 -0.463194 -0.536806 -0.0472777 2.37987
12.0592 0.549316 -0.463194 -0.536806 -0.12012 2.35747

12.0557 0.552245 -0.457506 -0.542494 -0.190241 2.33568
12.0591 0.549316 -0.457506 -0.542494 -0.119835 2.35711

12.063 0.545908 -0.475045 -0.524955 -0.0443101 2.38007
12.0673 0.541992 -0.475045 -0.524955 0.0414921 2.39538

12.041 0.563743 -0.429029 -0.570971 -0.456041 2.24601
12.0483 0.55824 -0.429029 -0.570971 -0.323392 2.29251

12.0483 0.558189 -0.43987 -0.56013 -0.321712 2.29224
12.0503 0.556641 -0.43987 -0.56013 -0.286358 2.29851

11.9678 0.59927 -0.1963 -0.8037 -1.56784 1.09755
11.9624 0.600586 -0.1963 -0.8037 -1.60446 0.994706

11.9531 0.602554 -0.169706 -0.830294 -1.67061 0.832514
11.9604 0.601057 -0.169706 -0.830294 -1.61573 0.965124

11.9604 0.601058 -0.1963 -0.8037 -1.61577 0.965123
11.9624 0.600586 -0.1963 -0.8037 -1.60446 0.994704

11.9678 0.599275 -0.222384 -0.777616 -1.56798 1.09752
11.9751 0.59718 -0.222384 -0.777616 -1.50806 1.274

11.9751 0.597179 -0.247424 -0.752576 -1.50802 1.27402
11.9824 0.594771 -0.247424 -0.752576 -1.40671 1.40921

11.9897 0.59207 -0.270356 -0.729644 -1.31565 1.52953
11.9865 0.593262 -0.270356 -0.729644 -1.35752 1.47181

11.9824 0.594756 -0.270356 -0.729644 -1.40614 1.40919
11.9865 0.593262 -0.270356 -0.729644 -1.35765 1.47059

11.9897 0.59206 -0.292347 -0.707653 -1.31533 1.52958
11.9971 0.589034 -0.292347 -0.707653 -1.21796 1.68813

11.9971 0.589027 -0.313269 -0.686731 -1.21763 1.68811
12.0038 0.585938 -0.313269 -0.686731 -1.09233 1.78423

12.085 0.524226 -0.519944 -0.480056 0.386768 2.41852
12.0821 0.527344 -0.519944 -0.480056 0.329874 2.41786

12.0996 0.507203 -0.549185 -0.450815 0.649595 2.40123
12.0951 0.512695 -0.549185 -0.450815 0.565688 2.41243

12.0923 0.515953 -0.537914 -0.462086 0.520124 2.41352
12.0888 0.52002 -0.537914 -0.462086 0.452469 2.4217

12.085 0.524217 -0.527377 -0.472623 0.386985 2.41851
12.0887 0.52002 -0.527377 -0.472623 0.452859 2.42174

12.0923 0.515968 -0.541853 -0.458147 0.51978 2.4136
12.0951 0.512695 -0.541853 -0.458147 0.566257 2.4121

12.1069 0.497938 -0.571543 -0.428457 0.800384 2.38954
12.1069 0.498047 -0.571543 -0.428457 0.798334 2.38989

12.1143 0.487898 -0.585913 -0.414087 0.932713 2.34156
12.1123 0.490723 -0.585913 -0.414087 0.902521 2.36124

12.1069 0.497858 -0.573812 -0.426188 0.802382 2.38923
12.1122 0.490723 -0.573812 -0.426188 0.902768 2.36138

12.1216 0.477325 -0.594889 -0.405111 1.0412 2.29859
12.1174 0.483398 -0.594889 -0.405111 0.962937 2.31743

12.1272 0.46875 -0.605715 -0.394285 1.17997 2.28023
12.1224 0.476074 -0.605715 -0.394285 1.064 2.29881

12.1216 0.477325 -0.603408 -0.396592 1.04119 2.29859
12.1224 0.476074 -0.603408 -0.396592 1.06418 2.29868

12.1143 0.487856 -0.584286 -0.415714 0.933411 2.34141
12.1174 0.483398 -0.584286 -0.415714 0.963142 2.31741

12.1068 0.498047 -0.562066 -0.437934 0.798671 2.38985
12.1011 0.505371 -0.562066 -0.437934 0.674902 2.40168

12.0996 0.507194 -0.554986 -0.445014 0.649795 2.40118
12.1011 0.505371 -0.554986 -0.445014 0.675232 2.40148

12.0776 0.531974 -0.502504 -0.497496 0.245045 2.41512
12.075 0.534668 -0.502504 -0.497496 0.191924 2.41371

12.0703 0.539158 -0.493235 -0.506765 0.100791 2.40455
12.0749 0.534668 -0.493235 -0.506765 0.192179 2.41364

12.0776 0.531935 -0.510973 -0.489027 0.246023 2.41508
12.082 0.527344 -0.510973 -0.489027 0.330185 2.41778

12.24 0 -0.988201 -0.0117987 2.56761 0
12.2396 0.0292969 -0.988201 -0.0117987 2.5645 0.114525

12.2396 0.0292969 -0.965248 -0.0347517 2.56448 0.114525
12.2386 0.0585938 -0.965248 -0.0347517 2.55722 0.232062

12.2386 0.0585938 -0.943096 -0.0569041 2.55721 0.232062
12.2368 0.0878906 -0.943096 -0.0569041 2.54659 0.354214

12.2368 0.0878906 -0.927234 -0.0727656 2.54699 0.354215
12.2356 0.102539 -0.927234 -0.0727656 2.54192 0.418883

12.2356 0.102539 -0.919926 -0.080074 2.54197 0.418883
12.235 0.109863 -0.919926 -0.080074 2.53878 0.452348

12.235 0.109863 -0.913566 -0.0864339 2.53876 0.452351
12.2343 0.117188 -0.913566 -0.0864339 2.51203 0.479611

12.2314 0.142673 -0.892024 -0.107976 2.49767 0.58002
12.231 0.146484 -0.892024 -0.107976 2.49463 0.598242

12.2343 0.117188 -0.906996 -0.0930036 2.51204 0.479611
12.2335 0.124512 -0.906996 -0.0930036 2.48788 0.501208

12.2335 0.124512 -0.901492 -0.0985079 2.4879 0.501215
12.2327 0.131836 -0.901492 -0.0985079 2.48968 0.529579

12.2327 0.131836 -0.896843 -0.103157 2.48968 0.529581
12.2319 0.13916 -0.896843 -0.103157 2.4954 0.563979

12.2314 0.142668 -0.892024 -0.107976 2.49767 0.579998
12.2319 0.13916 -0.892024 -0.107976 2.49539 0.563975

12.231 0.146484 -0.886723 -0.113277 2.49463 0.59824
12.23 0.153809 -0.886723 -0.113277 2.48985 0.62874

12.23 0.153809 -0.881523 -0.118477 2.48986 0.62874
12.2291 0.161133 -0.881523 -0.118477 2.4896 0.658568

12.2291 0.161133 -0.876746 -0.123254 2.48961 0.658568
12.228 0.168457 -0.876746 -0.123254 2.48852 0.692854

12.228 0.168457 -0.871949 -0.128051 2.48851 0.692854
12.227 0.175781 -0.871949 -0.128051 2.47422 0.729923

12.2168 0.232794 -0.830741 -0.169259 2.37397 1.03359
12.2165 0.234375 -0.830741 -0.169259 2.3752 1.04415

12.227 0.175781 -0.866808 -0.133192 2.47422 0.729923
12.2258 0.183105 -0.866808 -0.133192 2.45522 0.765507

12.2258 0.183105 -0.861555 -0.138445 2.45522 0.765507
12.2247 0.19043 -0.861555 -0.138445 2.44524 0.802386

12.2247 0.19043 -0.853333 -0.146667 2.4451 0.802364
12.2222 0.205078 -0.853333 -0.146667 2.42389 0.880845

12.2222 0.205078 -0.842868 -0.157132 2.42392 0.880855
12.2194 0.219727 -0.842868 -0.157132 2.39454 0.958992

12.2194 0.219727 -0.835454 -0.164546 2.39465 0.959044
12.218 0.227051 -0.835454 -0.164546 2.37849 0.998403

12.2168 0.232776 -0.830741 -0.169259 2.37399 1.03349
12.218 0.227051 -0.830741 -0.169259 2.3785 0.998409

12.2165 0.234375 -0.825924 -0.174076 2.37522 1.04417
12.2149 0.241699 -0.825924 -0.174076 2.39467 1.09991

12.2149 0.241699 -0.820835 -0.179165 2.39466 1.0999
12.2133 0.249023 -0.820835 -0.179165 2.39533 1.16372

12.2133 0.249023 -0.813918 -0.186082 2.39518 1.16365
12.2117 0.256348 -0.813918 -0.186082 2.28936 1.2017

12.2117 0.256348 -0.80427 -0.19573 2.28932 1.2017
12.2099 0.263672 -0.80427 -0.19573 2.1627 1.22669

12.2095 0.265233 -0.797465 -0.202535 2.1404 1.2355
12.208 0.270996 -0.797465 -0.202535 2.18404 1.29841

12.208 0.270996 -0.795397 -0.204603 2.18408 1.29856
12.2061 0.27832 -0.795397 -0.204603 2.29098 1.40035

12.2095 0.265232 -0.797465 -0.202535 2.14041 1.2355
12.2099 0.263672 -0.797465 -0.202535 2.1628 1.22695

12.2061 0.27832 -0.78989 -0.21011 2.29064 1.39955
12.2042 0.285645 -0.78989 -0.21011 2.31142 1.41752

12.2042 0.285645 -0.785089 -0.214911 2.31115 1.41805
12.2022 0.292969 -0.785089 -0.214911 2.17782 1.41282

12.2021 0.293017 -0.785395 -0.214605 2.17601 1.41287
12.2002 0.300293 -0.785395 -0.214605 2.02982 1.38476

12.2002 0.300293 -0.779916 -0.220084 2.02993 1.3846
12.1981 0.307617 -0.779916 -0.220084 2.09232 1.36085

12.1948 0.318455 -0.761264 -0.238736 2.16733 1.4391
12.1936 0.322266 -0.761264 -0.238736 2.15413 1.465

12.1981 0.307617 -0.769456 -0.230544 2.09234 1.3609
12.1959 0.314941 -0.769456 -0.230544 2.16239 1.41053

12.1948 0.318426 -0.761264 -0.238736 2.16734 1.43898
12.1959 0.314941 -0.761264 -0.238736 2.16246 1.4107

12.1936 0.322266 -0.754822 -0.245178 2.15419 1.46505
12.1912 0.32959 -0.754822 -0.245178 2.12846 1.50928

12.1912 0.32959 -0.748883 -0.251117 2.12846 1.50928
12.1888 0.336914 -0.748883 -0.251117 2.08308 1.55186

12.1875 0.340622 -0.743218 -0.256782 2.05871 1.57401
12.1888 0.336914 -0.743218 -0.256782 2.08313 1.55189

