34.6593 0 -0.997774 -0.00222561 2.7593 0
34.6593 0.00732422 -0.997774 -0.00222561 2.75809 0.024035

34.6593 0.00732422 -0.993842 -0.00615784 2.7581 0.0240343
34.6592 0.0146484 -0.993842 -0.00615784 2.75222 0.0461695

34.6593 0.0146484 -0.986116 -0.0138839 2.75212 0.0461707
34.6591 0.0292969 -0.986116 -0.0138839 2.75581 0.103592

34.6591 0.0292969 -0.97424 -0.0257596 2.75574 0.103593
34.6583 0.0585938 -0.97424 -0.0257596 2.75466 0.215194

34.6582 0.060438 -0.962677 -0.0373226 2.75417 0.222404
34.6577 0.0732422 -0.962677 -0.0373226 2.75127 0.273239

34.6577 0.0732422 -0.953686 -0.0463137 2.75133 0.273238
34.657 0.0878906 -0.953686 -0.0463137 2.74529 0.333163

34.657 0.0878906 -0.945511 -0.0544889 2.74528 0.333162
34.6561 0.102539 -0.945511 -0.0544889 2.73547 0.39349

34.6561 0.102539 -0.937274 -0.0627264 2.73547 0.39349
34.6552 0.117188 -0.937274 -0.0627264 2.7278 0.45481

34.6582 0.0603688 -0.958112 -0.0418877 2.75421 0.222133
34.6583 0.0585938 -0.958112 -0.0418877 2.7547 0.215194

34.6552 0.117188 -0.929053 -0.0709475 2.72779 0.45481
34.654 0.131836 -0.929053 -0.0709475 2.72088 0.518652

34.654 0.131836 -0.922866 -0.077134 2.72095 0.518652
34.6534 0.13916 -0.922866 -0.077134 2.71684 0.551118

34.6534 0.13916 -0.918663 -0.0813372 2.71684 0.551118
34.6528 0.146484 -0.918663 -0.0813372 2.71107 0.585181

34.6528 0.146484 -0.914745 -0.0852549 2.71108 0.585183
34.6521 0.153809 -0.914745 -0.0852549 2.70205 0.618183

34.6521 0.153809 -0.910782 -0.0892181 2.70204 0.61818
34.6514 0.161133 -0.910782 -0.0892181 2.69501 0.649848

34.6509 0.165993 -0.906609 -0.0933911 2.69275 0.670831
34.6506 0.168457 -0.906609 -0.0933911 2.69069 0.680842

34.6506 0.168457 -0.90257 -0.0974299 2.6907 0.680843
34.6498 0.175781 -0.90257 -0.0974299 2.68355 0.711294

34.6509 0.165983 -0.906609 -0.0933911 2.69277 0.670791
34.6514 0.161133 -0.906609 -0.0933911 2.69501 0.649849

34.6498 0.175781 -0.898431 -0.101569 2.68355 0.711293
34.649 0.183105 -0.898431 -0.101569 2.67594 0.742531

34.649 0.183105 -0.894125 -0.105875 2.67594 0.742531
34.6481 0.19043 -0.894125 -0.105875 2.66705 0.774351

34.6481 0.19043 -0.889857 -0.110143 2.66705 0.774351
34.6472 0.197754 -0.889857 -0.110143 2.65787 0.805961

34.6472 0.197754 -0.885691 -0.114309 2.65786 0.805961
34.6463 0.205078 -0.885691 -0.114309 2.65351 0.838427

34.6436 0.224658 -0.872174 -0.127826 2.6355 0.925109
34.6432 0.227051 -0.872174 -0.127826 2.63773 0.936932

34.6432 0.227051 -0.867526 -0.132474 2.63776 0.936932
34.6421 0.234375 -0.867526 -0.132474 2.62866 0.977311

34.6463 0.205078 -0.881407 -0.118593 2.6535 0.838428
34.6453 0.212402 -0.881407 -0.118593 2.63538 0.868128

34.6453 0.212402 -0.876991 -0.123009 2.63538 0.868128
34.6443 0.219727 -0.876991 -0.123009 2.63563 0.901997

34.6436 0.22461 -0.869989 -0.130011 2.63556 0.924883
34.6443 0.219727 -0.869989 -0.130011 2.63554 0.901998

34.6289 0.305526 -0.824333 -0.175667 2.46881 1.33018
34.6285 0.307617 -0.824333 -0.175667 2.46559 1.34165

34.6284 0.307617 -0.816668 -0.183332 2.46583 1.34166
34.6268 0.314941 -0.816668 -0.183332 2.45585 1.3841

34.6268 0.314941 -0.811416 -0.188584 2.45584 1.3841
34.6251 0.322266 -0.811416 -0.188584 2.44282 1.42875

34.6216 0.336668 -0.801029 -0.198971 2.3899 1.51439
34.6215 0.336914 -0.801029 -0.198971 2.38886 1.5159

34.6251 0.322266 -0.806167 -0.193833 2.44282 1.42875
34.6233 0.32959 -0.806167 -0.193833 2.41796 1.47193

34.6216 0.33663 -0.801029 -0.198971 2.39015 1.51417
34.6233 0.32959 -0.801029 -0.198971 2.41796 1.47193

34.6215 0.336914 -0.795735 -0.204265 2.38893 1.51591
34.6196 0.344238 -0.795735 -0.204265 2.36542 1.55919

34.6196 0.344238 -0.790103 -0.209897 2.36541 1.55919
34.6177 0.351562 -0.790103 -0.209897 2.34806 1.60207

34.6421 0.234375 -0.863384 -0.136616 2.62865 0.977311
34.6409 0.241699 -0.863384 -0.136616 2.60956 1.01931

34.6409 0.241699 -0.859129 -0.140871 2.60956 1.01931
34.6397 0.249023 -0.859129 -0.140871 2.59461 1.05919

34.6397 0.249023 -0.854701 -0.145299 2.59461 1.05919
34.6385 0.256348 -0.854701 -0.145299 2.5802 1.09351

34.6385 0.256348 -0.850282 -0.149718 2.5802 1.09351
34.6372 0.263672 -0.850282 -0.149718 2.56495 1.12614

34.6362 0.268948 -0.845814 -0.154186 2.55595 1.1503
34.6359 0.270996 -0.845814 -0.154186 2.55343 1.16013

34.6359 0.270996 -0.841029 -0.158971 2.55344 1.16013
34.6345 0.27832 -0.841029 -0.158971 2.543 1.19587

34.6362 0.268932 -0.845814 -0.154186 2.556 1.15022
34.6372 0.263672 -0.845814 -0.154186 2.56495 1.12614

34.6345 0.27832 -0.836105 -0.163895 2.543 1.19587
34.633 0.285645 -0.836105 -0.163895 2.52763 1.23265

34.633 0.285645 -0.831482 -0.168518 2.52764 1.23265
34.6316 0.292969 -0.831482 -0.168518 2.50635 1.26921

34.6316 0.292969 -0.827176 -0.172824 2.50635 1.26921
34.63 0.300293 -0.827176 -0.172824 2.48248 1.30431

34.6289 0.305428 -0.822154 -0.177846 2.46919 1.32965
34.63 0.300293 -0.822154 -0.177846 2.48251 1.3043

34.5996 0.410116 -0.742496 -0.257504 2.08459 1.96916
34.5996 0.410156 -0.742496 -0.257504 2.08428 1.96944

34.6143 0.363903 -0.778947 -0.221053 2.30043 1.68167
34.6136 0.366211 -0.778947 -0.221053 2.28775 1.69616

34.6136 0.366211 -0.773491 -0.226509 2.28781 1.69618
34.6115 0.373535 -0.773491 -0.226509 2.25477 1.74249

34.6115 0.373535 -0.767634 -0.232366 2.25475 1.74248
34.6092 0.380859 -0.767634 -0.232366 2.22761 1.78321

34.6177 0.351562 -0.784402 -0.215598 2.34806 1.60207
34.6157 0.358887 -0.784402 -0.215598 2.3218 1.64773

34.6143 0.363867 -0.778947 -0.221053 2.30074 1.68148
34.6157 0.358887 -0.778947 -0.221053 2.32184 1.64774

34.6069 0.38822 -0.755273 -0.244727 2.19534 1.82459
34.6046 0.395508 -0.755273 -0.244727 2.16659 1.87023

34.6092 0.380859 -0.761545 -0.238455 2.22761 1.78321
34.6069 0.388184 -0.761545 -0.238455 2.19552 1.82438

34.6069 0.388215 -0.755273 -0.244727 2.19538 1.82457
34.6069 0.388184 -0.755273 -0.244727 2.19552 1.82438

34.6046 0.395508 -0.748819 -0.251181 2.16659 1.87022
34.6021 0.402832 -0.748819 -0.251181 2.13301 1.91937

34.5996 0.410057 -0.742496 -0.257504 2.08528 1.96879
34.6021 0.402832 -0.742496 -0.257504 2.13301 1.91938

34.5996 0.410156 -0.73609 -0.26391 2.08449 1.96948
34.597 0.41748 -0.73609 -0.26391 2.03853 2.0193

34.597 0.41748 -0.729328 -0.270672 2.03851 2.0193
34.5942 0.424805 -0.729328 -0.270672 1.99499 2.06023

34.5923 0.429905 -0.722517 -0.277483 1.96415 2.0896
34.5914 0.432129 -0.722517 -0.277483 1.94692 2.10307

34.5914 0.432129 -0.715448 -0.284552 1.947 2.10308
34.5885 0.439453 -0.715448 -0.284552 1.8954 2.15278

34.5923 0.429867 -0.722517 -0.277483 1.96462 2.08938
34.5942 0.424805 -0.722517 -0.277483 1.99504 2.06022

34.585 0.448016 -0.700093 -0.299907 1.83222 2.19656
34.5824 0.454102 -0.700093 -0.299907 1.7896 2.23757

34.5776 0.464595 -0.683635 -0.316365 1.71091 2.30345
34.5757 0.46875 -0.683635 -0.316365 1.6728 2.33207

34.5824 0.454102 -0.692017 -0.307983 1.78958 2.23757
34.5791 0.461426 -0.692017 -0.307983 1.73229 2.28241

34.5776 0.464565 -0.683635 -0.316365 1.71129 2.30322
34.5791 0.461426 -0.683635 -0.316365 1.73238 2.28239

34.5885 0.439453 -0.707858 -0.292142 1.89538 2.15279
34.5855 0.446777 -0.707858 -0.292142 1.84152 2.18907

34.585 0.448002 -0.700093 -0.299907 1.8324 2.19646
34.5855 0.446777 -0.700093 -0.299907 1.84157 2.18907

34.2188 0.547434 0.512166 -0.487834 1.1172 -1.76587
34.2205 0.549316 0.512166 -0.487834 1.08381 -1.77921

34.2205 0.549316 0.506529 -0.493471 1.08392 -1.77884
34.2261 0.555016 0.506529 -0.493471 0.967082 -1.80958

34.2261 0.554982 0.499391 -0.500609 0.96765 -1.80994
34.2277 0.556641 0.499391 -0.500609 0.927981 -1.81649

34.2277 0.556641 0.491289 -0.508711 0.92835 -1.81576
34.2334 0.562158 0.491289 -0.508711 0.800333 -1.85134

34.2334 0.562137 0.484137 -0.515863 0.800618 -1.85155
34.2353 0.563965 0.484137 -0.515863 0.76122 -1.86762

34.2353 0.563965 0.476324 -0.523676 0.761698 -1.86641
34.2407 0.568916 0.476324 -0.523676 0.654915 -1.91783

34.2407 0.568895 0.466627 -0.533373 0.655212 -1.91809
34.2435 0.571289 0.466627 -0.533373 0.599211 -1.94195

34.2434 0.571289 0.460126 -0.539874 0.59995 -1.94018
34.248 0.575278 0.460126 -0.539874 0.496199 -1.95785

34.248 0.575278 0.448062 -0.551938 0.496201 -1.95785
34.2522 0.578613 0.448062 -0.551938 0.400106 -1.96074

34.252 0.578613 0.443263 -0.556737 0.40156 -1.95969
34.2554 0.581285 0.443263 -0.556737 0.320035 -1.94897

34.2554 0.581272 0.435092 -0.564908 0.320273 -1.94916
34.2614 0.585938 0.435092 -0.564908 0.184981 -1.93131

34.2613 0.585938 0.427468 -0.572532 0.186185 -1.93029
34.2627 0.586984 0.427468 -0.572532 0.159556 -1.92709

34.2627 0.586932 0.418907 -0.581093 0.160254 -1.92777
34.27 0.592212 0.418907 -0.581093 0.0106604 -1.93607

34.27 0.592195 0.397926 -0.602074 0.0109795 -1.93628
34.2716 0.593262 0.397926 -0.602074 -0.0231256 -1.94105

34.2716 0.593262 0.401553 -0.598447 -0.0226614 -1.9404
34.2773 0.597131 0.401553 -0.598447 -0.163903 -1.91284

34.2773 0.597102 0.383438 -0.616562 -0.163231 -1.91329
34.2829 0.600586 0.383438 -0.616562 -0.296445 -1.86778

34.2828 0.600586 0.380375 -0.619625 -0.295102 -1.86728
34.2847 0.601738 0.380375 -0.619625 -0.335121 -1.85983

34.2847 0.601677 0.364527 -0.635473 -0.333873 -1.86054
34.292 0.605878 0.364527 -0.635473 -0.497951 -1.81928

34.292 0.605846 0.345271 -0.654729 -0.497123 -1.81975
34.2959 0.60791 0.345271 -0.654729 -0.588677 -1.78303

34.2958 0.60791 0.345271 -0.654729 -0.587615 -1.78362
34.2993 0.609764 0.345271 -0.654729 -0.672673 -1.74123

34.2993 0.609742 0.32466 -0.67534 -0.672082 -1.7415
34.3066 0.613263 0.32466 -0.67534 -0.843896 -1.64197

34.3066 0.613242 0.302305 -0.697695 -0.843315 -1.64224
34.3112 0.615234 0.302305 -0.697695 -0.939394 -1.57916

34.3111 0.615234 0.302305 -0.697695 -0.938431 -1.57973
34.314 0.616461 0.302305 -0.697695 -0.998311 -1.55316

34.314 0.616436 0.278556 -0.721444 -0.997612 -1.55339
34.3213 0.619263 0.278556 -0.721444 -1.15322 -1.44722

34.3213 0.619261 0.253005 -0.746995 -1.15315 -1.44726
34.3286 0.621742 0.253005 -0.746995 -1.30748 -1.31285

34.3286 0.621727 0.226804 -0.773196 -1.30697 -1.31302
34.3314 0.622559 0.226804 -0.773196 -1.36451 -1.27289

34.3314 0.622559 0.226804 -0.773196 -1.36398 -1.27345
34.3359 0.623891 0.226804 -0.773196 -1.4633 -1.18551

34.3359 0.623888 0.199081 -0.800919 -1.46318 -1.18554
34.3433 0.625709 0.199081 -0.800919 -1.61443 -1.01452

34.3433 0.625708 0.168794 -0.831206 -1.61441 -1.01452
34.3506 0.627196 0.168794 -0.831206 -1.7327 -0.815481

34.3506 0.627197 0.135948 -0.864052 -1.73273 -0.815464
34.3579 0.628349 0.135948 -0.864052 -1.83354 -0.624311

34.3579 0.62835 0.099938 -0.900062 -1.83357 -0.624298
34.3652 0.629163 0.099938 -0.900062 -1.92822 -0.433582

34.3652 0.629163 0.0606873 -0.939313 -1.92821 -0.433589
34.3726 0.629636 0.0606873 -0.939313 -2.01725 -0.234773

34.3726 0.629635 0.018239 -0.981761 -2.01722 -0.234788
34.3799 0.629771 0.018239 -0.981761 -2.08662 -0.0179048

34.3799 0.629771 -0.0264771 -0.973523 -2.08663 -0.0179039
34.3872 0.629572 -0.0264771 -0.973523 -2.1151 0.21896

34.3872 0.629573 -0.068331 -0.931669 -2.11513 0.218961
34.3945 0.629036 -0.068331 -0.931669 -2.10435 0.462319

34.3945 0.629038 -0.107495 -0.892505 -2.1044 0.462311
34.4019 0.628156 -0.107495 -0.892505 -2.07266 0.700348

34.4019 0.62816 -0.144617 -0.855383 -2.07274 0.700328
34.4092 0.626921 -0.144617 -0.855383 -2.03287 0.938441

34.4092 0.626925 -0.180011 -0.819989 -2.03295 0.938414
34.4165 0.625317 -0.180011 -0.819989 -1.95344 1.1702

34.4165 0.625316 -0.212957 -0.787043 -1.95337 1.17019
34.4238 0.623334 -0.212957 -0.787043 -1.85869 1.3462

34.4458 0.615148 -0.298917 -0.701083 -1.47405 1.94576
34.4456 0.615234 -0.298917 -0.701083 -1.478 1.94307

34.4458 0.615137 -0.325 -0.675 -1.47354 1.94577
34.4531 0.611611 -0.325 -0.675 -1.34195 2.12483

34.4312 0.620983 -0.243121 -0.756879 -1.77572 1.53935
34.4262 0.622559 -0.243121 -0.756879 -1.83547 1.39712

34.4238 0.623329 -0.243121 -0.756879 -1.8585 1.34619
34.4262 0.622559 -0.243121 -0.756879 -1.83539 1.39671

34.4312 0.620988 -0.272082 -0.727918 -1.77589 1.53932
34.4385 0.618251 -0.272082 -0.727918 -1.65143 1.78861

34.4385 0.618242 -0.298917 -0.701083 -1.65091 1.78857
34.4455 0.615234 -0.298917 -0.701083 -1.47796 1.94223

34.4971 0.580869 -0.465098 -0.534902 -0.238311 2.71381
34.4912 0.585938 -0.465098 -0.534902 -0.385669 2.67002

34.5117 0.5664 -0.511501 -0.488499 0.165091 2.77201
34.507 0.571289 -0.511501 -0.488499 0.036061 2.76299

34.5044 0.573955 -0.486598 -0.513402 -0.0422282 2.75478
34.4995 0.578613 -0.486598 -0.513402 -0.171602 2.72859

34.4971 0.580798 -0.478485 -0.521515 -0.235268 2.7132
34.4995 0.578613 -0.478485 -0.521515 -0.171254 2.72819

34.5044 0.573892 -0.49949 -0.50051 -0.0395511 2.75417
34.507 0.571289 -0.49949 -0.50051 0.0366781 2.76239

34.5703 0.479811 -0.665563 -0.334437 1.57042 2.40213
34.5685 0.483398 -0.665563 -0.334437 1.5316 2.42569

34.563 0.493814 -0.64669 -0.35331 1.42848 2.49831
34.5607 0.498047 -0.64669 -0.35331 1.37185 2.53241

34.5685 0.483398 -0.656269 -0.343731 1.53166 2.42569
34.5647 0.490723 -0.656269 -0.343731 1.4537 2.47533

34.563 0.49378 -0.64669 -0.35331 1.42903 2.49801
34.5647 0.490723 -0.64669 -0.35331 1.45385 2.4753

34.5557 0.506745 -0.625269 -0.374731 1.234 2.56982
34.5521 0.512695 -0.625269 -0.374731 1.16101 2.61596

34.5483 0.518746 -0.61669 -0.38331 1.09811 2.66121
34.5475 0.52002 -0.61669 -0.38331 1.07292 2.67083

34.5475 0.52002 -0.602529 -0.397471 1.07321 2.67086
34.5427 0.527344 -0.602529 -0.397471 0.929018 2.69793

34.5483 0.518683 -0.614735 -0.385265 1.09987 2.66079
34.5521 0.512695 -0.614735 -0.385265 1.16107 2.61598

34.5607 0.498047 -0.63616 -0.36384 1.37182 2.53241
34.5565 0.505371 -0.63616 -0.36384 1.25547 2.56441

34.5557 0.506736 -0.627111 -0.372889 1.2342 2.56976
34.5565 0.505371 -0.627111 -0.372889 1.25563 2.56434

34.5264 0.54953 -0.546984 -0.453016 0.541719 2.77446
34.5205 0.556641 -0.546984 -0.453016 0.381268 2.77709

34.5337 0.540017 -0.578166 -0.421834 0.734848 2.74559
34.5323 0.541992 -0.578166 -0.421834 0.699834 2.75759

34.541 0.529763 -0.589383 -0.410617 0.887098 2.6993
34.5376 0.534668 -0.589383 -0.410617 0.805369 2.72387

34.5337 0.539965 -0.576376 -0.423624 0.736229 2.74526
34.5376 0.534668 -0.576376 -0.423624 0.805477 2.72388

34.5322 0.541992 -0.562476 -0.437524 0.700158 2.75758
34.5265 0.549316 -0.562476 -0.437524 0.546877 2.77424

34.5264 0.549495 -0.554516 -0.445484 0.542895 2.77421
34.5265 0.549316 -0.554516 -0.445484 0.54707 2.7741

34.519 0.558279 -0.530219 -0.469781 0.348225 2.77414
34.514 0.563965 -0.530219 -0.469781 0.219549 2.77462

34.5117 0.566383 -0.519089 -0.480911 0.165728 2.77184
34.514 0.563965 -0.519089 -0.480911 0.220241 2.77408

34.519 0.558268 -0.537035 -0.462965 0.348595 2.77405
34.5204 0.556641 -0.537035 -0.462965 0.381732 2.77672

34.541 0.529751 -0.594028 -0.405972 0.887396 2.69921
34.5427 0.527344 -0.594028 -0.405972 0.929437 2.6976

34.4604 0.607722 -0.350643 -0.649357 -1.15596 2.24433
34.4601 0.60791 -0.350643 -0.649357 -1.16257 2.242

34.4531 0.611602 -0.350643 -0.649357 -1.34166 2.12493
34.46 0.60791 -0.350643 -0.649357 -1.16199 2.24093

34.4604 0.607667 -0.375584 -0.624416 -1.15359 2.24423
34.4678 0.603261 -0.375584 -0.624416 -1.01679 2.35571

34.4751 0.598422 -0.39968 -0.60032 -0.817396 2.49373
34.4718 0.600586 -0.39968 -0.60032 -0.902507 2.43913

34.4824 0.59313 -0.427078 -0.572922 -0.619847 2.59078
34.4822 0.593262 -0.427078 -0.572922 -0.624531 2.58858

34.4751 0.598377 -0.421563 -0.578437 -0.815579 2.49392
34.4821 0.593262 -0.421563 -0.578437 -0.623723 2.58684

34.4678 0.603221 -0.399641 -0.600359 -1.01464 2.35548
34.4717 0.600586 -0.399641 -0.600359 -0.902396 2.43753

34.4824 0.593058 -0.443301 -0.556699 -0.616719 2.59066
34.4897 0.587226 -0.443301 -0.556699 -0.426938 2.66238

34.4897 0.587183 -0.456711 -0.543289 -0.425074 2.66207
34.4912 0.585938 -0.456711 -0.543289 -0.385538 2.66986

34.5757 0.46875 -0.674736 -0.325264 1.67281 2.33208
34.5722 0.476074 -0.674736 -0.325264 1.60051 2.37862

34.5703 0.479776 -0.665563 -0.334437 1.57102 2.40192
34.5722 0.476074 -0.665563 -0.334437 1.60063 2.37859

