7.05241 0 0.994401 -0.00559891 2.29521 0
7.05245 0.00732422 0.994401 -0.00559891 2.29933 -0.0183935

7.05245 0.00732422 0.983946 -0.0160535 2.29934 -0.0183959
7.05257 0.0146484 0.983946 -0.0160535 2.3137 -0.0316772

7.05257 0.0146484 0.97467 -0.0253297 2.31371 -0.0316804
7.05276 0.0219727 0.97467 -0.0253297 2.33028 -0.0452476

7.05276 0.0219727 0.966286 -0.0337136 2.33029 -0.0452497
7.05302 0.0292969 0.966286 -0.0337136 2.33275 -0.0660526

7.053 0.0292969 0.954553 -0.0454469 2.33268 -0.0660386
7.0537 0.0439453 0.954553 -0.0454469 2.33286 -0.108424

7.05372 0.0439453 0.943029 -0.0569711 2.33294 -0.108457
7.05416 0.0512695 0.943029 -0.0569711 2.33263 -0.134577

7.05416 0.0512695 0.934871 -0.065129 2.33263 -0.134573
7.05467 0.0585938 0.934871 -0.065129 2.33839 -0.160821

7.05467 0.0585938 0.926566 -0.0734337 2.33839 -0.160818
7.05525 0.065918 0.926566 -0.0734337 2.34087 -0.178844

7.05525 0.065918 0.918343 -0.0816575 2.34088 -0.178845
7.0559 0.0732422 0.918343 -0.0816575 2.33812 -0.190089

7.0559 0.0732422 0.910409 -0.0895906 2.33812 -0.19009
7.05662 0.0805664 0.910409 -0.0895906 2.33011 -0.203181

7.05662 0.0805664 0.902689 -0.0973107 2.33011 -0.203181
7.05741 0.0878906 0.902689 -0.0973107 2.32327 -0.213694

7.05741 0.0878906 0.894935 -0.105065 2.32327 -0.213694
7.05827 0.0952148 0.894935 -0.105065 2.31895 -0.21918

7.05827 0.0952148 0.887489 -0.112511 2.31896 -0.219183
7.0592 0.102539 0.887489 -0.112511 2.32596 -0.223855

7.05918 0.102539 0.875734 -0.124266 2.32586 -0.223789
7.06055 0.112198 0.875734 -0.124266 2.33027 -0.249795

7.06055 0.112239 0.87146 -0.12854 2.33028 -0.249876
7.06128 0.117188 0.87146 -0.12854 2.3361 -0.267692

7.06128 0.117188 0.864773 -0.135227 2.33615 -0.267738
7.06243 0.124512 0.864773 -0.135227 2.32572 -0.285292

7.06242 0.124512 0.857301 -0.142699 2.3257 -0.285247
7.06364 0.131836 0.857301 -0.142699 2.29092 -0.283092

7.06365 0.131836 0.849517 -0.150483 2.29092 -0.28311
7.06494 0.13916 0.849517 -0.150483 2.28881 -0.282986

7.06494 0.13916 0.842679 -0.157321 2.28881 -0.28298
7.06631 0.146484 0.842679 -0.157321 2.29848 -0.299035

7.06631 0.146484 0.83542 -0.16458 2.29848 -0.299025
7.06775 0.153809 0.83542 -0.16458 2.29513 -0.314659

7.06775 0.153809 0.828437 -0.171563 2.29513 -0.314659
7.06787 0.154388 0.828437 -0.171563 2.29438 -0.315804

7.06787 0.154376 0.828437 -0.171563 2.2944 -0.315792
7.06927 0.161133 0.828437 -0.171563 2.28362 -0.321129

7.06925 0.161133 0.817717 -0.182283 2.28355 -0.321097
7.07251 0.175781 0.817717 -0.182283 2.2654 -0.337101

7.07253 0.175781 0.807015 -0.192985 2.26544 -0.337132
7.07428 0.183105 0.807015 -0.192985 2.25762 -0.347671

7.07429 0.183105 0.799731 -0.200269 2.25764 -0.347692
7.0752 0.186722 0.799731 -0.200269 2.25264 -0.353927

7.0752 0.186742 0.803452 -0.196548 2.2526 -0.353949
7.0761 0.19043 0.803452 -0.196548 2.24334 -0.355939

7.07612 0.19043 0.793099 -0.206901 2.24338 -0.355976
7.07803 0.197754 0.793099 -0.206901 2.23605 -0.364405

7.07803 0.197754 0.786391 -0.213609 2.23604 -0.364401
7.08001 0.205078 0.786391 -0.213609 2.23937 -0.385347

7.08001 0.205078 0.779288 -0.220712 2.23937 -0.385345
7.08209 0.212402 0.779288 -0.220712 2.23022 -0.403131

7.08209 0.212402 0.772481 -0.227519 2.23021 -0.40312
7.08252 0.213877 0.772481 -0.227519 2.22779 -0.406034

7.08252 0.213855 0.772481 -0.227519 2.22785 -0.406011
7.08425 0.219727 0.772481 -0.227519 2.21649 -0.418433

7.08425 0.219727 0.765825 -0.234175 2.21648 -0.418424
7.08649 0.227051 0.765825 -0.234175 2.2076 -0.434759

7.08649 0.227051 0.759079 -0.240921 2.2076 -0.43476
7.08881 0.234375 0.759079 -0.240921 2.19731 -0.453493

7.0888 0.234375 0.752079 -0.247921 2.19729 -0.453477
7.08984 0.237528 0.752079 -0.247921 1e+30 1e+30

