25.1587 0.585938 0.423906 -0.576094 0.0660491 -1.95249
25.1587 0.585946 0.423906 -0.576094 0.0657906 -1.95251

25.1591 0.585938 0.41546 -0.58454 0.0621157 -1.95724
25.166 0.590838 0.41546 -0.58454 -0.0979731 -1.93923

25.166 0.590796 0.397991 -0.602009 -0.097154 -1.9399
25.1697 0.593262 0.397991 -0.602009 -0.180873 -1.91074

25.1696 0.593262 0.397751 -0.602249 -0.17989 -1.91053
25.1733 0.595702 0.397751 -0.602249 -0.260153 -1.88673

25.1733 0.595674 0.380089 -0.619911 -0.259633 -1.88708
25.1807 0.600164 0.380089 -0.619911 -0.418249 -1.86484

25.1807 0.600154 0.36026 -0.63974 -0.418025 -1.86496
25.1814 0.600586 0.36026 -0.63974 -0.434507 -1.86553

25.1814 0.600586 0.360425 -0.639575 -0.434276 -1.86533
25.188 0.604296 0.360425 -0.639575 -0.599661 -1.81046

25.188 0.604281 0.340399 -0.659601 -0.599315 -1.81071
25.195 0.60791 0.340399 -0.659601 -0.755816 -1.72556

25.1949 0.60791 0.339728 -0.660272 -0.75476 -1.72538
25.1953 0.608121 0.339728 -0.660272 -0.763365 -1.72387

25.1953 0.608068 0.319934 -0.680066 -0.762114 -1.72441
25.2026 0.611513 0.319934 -0.680066 -0.923434 -1.63846

25.2026 0.611512 0.297796 -0.702204 -0.923403 -1.63847
25.21 0.614618 0.297796 -0.702204 -1.07777 -1.51957

25.21 0.614607 0.274468 -0.725532 -1.07745 -1.51968
25.2116 0.615234 0.274468 -0.725532 -1.10945 -1.508

25.2116 0.615234 0.274468 -0.725532 -1.10916 -1.50811
25.2173 0.617391 0.274468 -0.725532 -1.23399 -1.42736

25.2173 0.617393 0.248953 -0.751047 -1.23405 -1.42735
25.2246 0.619821 0.248953 -0.751047 -1.3885 -1.27015

25.2246 0.619817 0.221424 -0.778576 -1.38839 -1.27021
25.2319 0.6219 0.221424 -0.778576 -1.5174 -1.12382

25.2319 0.621889 0.193355 -0.806645 -1.51705 -1.12393
25.2347 0.622559 0.193355 -0.806645 -1.5672 -1.08004

25.2347 0.622559 0.193355 -0.806645 -1.56684 -1.08052
25.2393 0.623654 0.193355 -0.806645 -1.65669 -0.987461

25.2393 0.623653 0.163647 -0.836353 -1.65666 -0.987469
25.2466 0.625086 0.163647 -0.836353 -1.7958 -0.808618

25.2466 0.625086 0.131268 -0.868732 -1.79577 -0.808622
25.2539 0.626192 0.131268 -0.868732 -1.91519 -0.598653

25.2539 0.626193 0.0962211 -0.903779 -1.91523 -0.598648
25.2612 0.626973 0.0962211 -0.903779 -1.977 -0.384868

25.2612 0.626975 0.0575745 -0.942426 -1.97703 -0.384851
25.2686 0.627422 0.0575745 -0.942426 -2.02396 -0.178014

25.2686 0.627423 0.0146807 -0.985319 -2.02398 -0.178006
25.2759 0.627532 0.0146807 -0.985319 -2.05881 0.0310837

25.2759 0.627532 -0.0306388 -0.969361 -2.05881 0.0310839
25.2832 0.627301 -0.0306388 -0.969361 -2.07935 0.251268

25.2832 0.627301 -0.0723629 -0.927637 -2.07934 0.251267
25.2905 0.626729 -0.0723629 -0.927637 -2.08345 0.487976

25.2905 0.626729 -0.110608 -0.889392 -2.08346 0.487976
25.2979 0.625819 -0.110608 -0.889392 -2.05269 0.738287

25.2979 0.62582 -0.14615 -0.85385 -2.05277 0.738292
25.3052 0.624566 -0.14615 -0.85385 -1.97291 0.97207

25.3052 0.624566 -0.179216 -0.820784 -1.97291 0.972071
25.3125 0.622967 -0.179216 -0.820784 -1.89913 1.14764

25.5469 0.217444 -0.870495 -0.129505 2.61106 0.905481
25.5465 0.219727 -0.870495 -0.129505 2.6061 0.916571

25.5465 0.219727 -0.863324 -0.136676 2.60605 0.91657
25.5442 0.234375 -0.863324 -0.136676 2.58321 0.989947

25.5442 0.234375 -0.856122 -0.143878 2.58333 0.989961
25.543 0.241699 -0.856122 -0.143878 2.57759 1.02788

25.543 0.241699 -0.851336 -0.148664 2.57759 1.02788
25.5417 0.249023 -0.851336 -0.148664 2.56571 1.06495

25.5396 0.26074 -0.841842 -0.158158 2.53806 1.125
25.539 0.263672 -0.841842 -0.158158 2.53031 1.13946

25.5417 0.249023 -0.846602 -0.153398 2.56572 1.06495
25.5404 0.256348 -0.846602 -0.153398 2.54862 1.10244

25.5396 0.260721 -0.841842 -0.158158 2.53814 1.12491
25.5404 0.256348 -0.841842 -0.158158 2.54862 1.10244

25.539 0.263672 -0.836867 -0.163133 2.53032 1.13946
25.5376 0.270996 -0.836867 -0.163133 2.51647 1.1769

25.5376 0.270996 -0.83211 -0.16789 2.51649 1.1769
25.5361 0.27832 -0.83211 -0.16789 2.50842 1.21619

25.5361 0.27832 -0.827778 -0.172222 2.50842 1.21619
25.5346 0.285645 -0.827778 -0.172222 2.49118 1.25469

25.5346 0.285645 -0.823356 -0.176644 2.49117 1.25469
25.533 0.292969 -0.823356 -0.176644 2.45896 1.28895

25.5322 0.296459 -0.818552 -0.181448 2.441 1.30473
25.5314 0.300293 -0.818552 -0.181448 2.43283 1.32145

25.5314 0.300293 -0.813211 -0.186789 2.43283 1.32145
25.5297 0.307617 -0.813211 -0.186789 2.42621 1.35919

25.5297 0.307617 -0.807615 -0.192385 2.42621 1.3592
25.5279 0.314941 -0.807615 -0.192385 2.41412 1.40238

25.5279 0.314941 -0.802237 -0.197763 2.41413 1.40238
25.5261 0.322266 -0.802237 -0.197763 2.38637 1.44336

25.5322 0.296439 -0.818552 -0.181448 2.44114 1.30464
25.533 0.292969 -0.818552 -0.181448 2.45897 1.28895

25.5249 0.327157 -0.797015 -0.202985 2.36759 1.47134
25.5243 0.32959 -0.797015 -0.202985 2.35785 1.4844

25.5243 0.32959 -0.791596 -0.208404 2.35789 1.48441
25.5224 0.336914 -0.791596 -0.208404 2.33506 1.52517

25.5249 0.32713 -0.797015 -0.202985 2.36777 1.4712
25.5261 0.322266 -0.797015 -0.202985 2.38639 1.44336

25.5224 0.336914 -0.7859 -0.2141 2.33506 1.52517
25.5204 0.344238 -0.7859 -0.2141 2.31518 1.56736

25.5204 0.344238 -0.780263 -0.219737 2.31519 1.56736
25.5183 0.351562 -0.780263 -0.219737 2.28352 1.61037

25.4883 0.437487 -0.704161 -0.295839 1.8435 2.12371
25.4875 0.439453 -0.704161 -0.295839 1.82644 2.13558

25.4874 0.439453 -0.696633 -0.303367 1.82657 2.13558
25.4843 0.446777 -0.696633 -0.303367 1.77207 2.18559

25.481 0.454079 -0.688841 -0.311159 1.71565 2.22697
25.4843 0.446777 -0.688841 -0.311159 1.77207 2.18559

25.4809 0.454102 -0.680792 -0.319208 1.71541 2.22712
25.4775 0.461426 -0.680792 -0.319208 1.66124 2.2831

25.4775 0.461426 -0.672387 -0.327613 1.66123 2.28309
25.4739 0.46875 -0.672387 -0.327613 1.59114 2.32253

25.5176 0.35403 -0.774812 -0.225188 2.27226 1.62594
25.5162 0.358887 -0.774812 -0.225188 2.25057 1.65407

25.5162 0.358887 -0.769148 -0.230852 2.25058 1.65407
25.514 0.366211 -0.769148 -0.230852 2.22301 1.69722

25.5103 0.378049 -0.757111 -0.242889 2.17695 1.76523
25.5094 0.380859 -0.757111 -0.242889 2.16325 1.78244

25.514 0.366211 -0.763142 -0.236858 2.223 1.69722
25.5117 0.373535 -0.763142 -0.236858 2.19502 1.73691

25.5103 0.378018 -0.757111 -0.242889 2.17721 1.76506
25.5117 0.373535 -0.757111 -0.242889 2.19505 1.73692

25.5029 0.39969 -0.738328 -0.261672 2.07447 1.90038
25.5018 0.402832 -0.738328 -0.261672 2.05373 1.91888

25.5018 0.402832 -0.731977 -0.268023 2.05378 1.91889
25.4991 0.410156 -0.731977 -0.268023 2.01061 1.96523

25.5093 0.380859 -0.750923 -0.249077 2.1633 1.78245
25.5069 0.388184 -0.750923 -0.249077 2.13254 1.83026

25.5069 0.388184 -0.744558 -0.255442 2.13254 1.83025
25.5044 0.395508 -0.744558 -0.255442 2.09637 1.87338

25.5029 0.399658 -0.738328 -0.261672 2.0748 1.90021
25.5044 0.395508 -0.738328 -0.261672 2.09642 1.87339

25.5176 0.354009 -0.774812 -0.225188 2.27242 1.62582
25.5183 0.351562 -0.774812 -0.225188 2.28356 1.61037

25.4956 0.419402 -0.718474 -0.281526 1.95642 2.01306
25.4935 0.424805 -0.718474 -0.281526 1.92554 2.04678

25.4991 0.410156 -0.725269 -0.274731 2.0106 1.96524
25.4964 0.41748 -0.725269 -0.274731 1.96752 2.00155

25.4956 0.419387 -0.718474 -0.281526 1.95657 2.01296
25.4964 0.41748 -0.718474 -0.281526 1.96756 2.00155

25.4935 0.424805 -0.711429 -0.288571 1.92553 2.04678
25.4905 0.432129 -0.711429 -0.288571 1.87852 2.09181

25.4883 0.437442 -0.704161 -0.295839 1.8441 2.12346
25.4905 0.432129 -0.704161 -0.295839 1.87858 2.09181

25.5625 0 -0.99526 -0.00474039 2.74865 0
25.5625 0.0146484 -0.99526 -0.00474039 2.74904 0.0557609

25.5625 0.0146484 -0.985675 -0.0143248 2.74902 0.055761
25.5623 0.0292969 -0.985675 -0.0143248 2.74397 0.112573

25.5623 0.0292969 -0.97208 -0.0279204 2.74374 0.112571
25.5615 0.0585938 -0.97208 -0.0279204 2.73541 0.224644

25.5615 0.0585938 -0.954854 -0.0451455 2.73544 0.224643
25.5601 0.0878906 -0.954854 -0.0451455 2.72202 0.33622

25.56 0.0878906 -0.942519 -0.0574814 2.7223 0.336215
25.5591 0.102539 -0.942519 -0.0574814 2.71832 0.393875

25.5591 0.102539 -0.934126 -0.0658738 2.71828 0.393876
25.5581 0.117188 -0.934126 -0.0658738 2.71514 0.453426

25.5581 0.117188 -0.925383 -0.0746175 2.71515 0.453426
25.5569 0.131836 -0.925383 -0.0746175 2.70672 0.518112

25.5569 0.131836 -0.916738 -0.0832624 2.70671 0.518112
25.5556 0.146484 -0.916738 -0.0832624 2.69544 0.584176

25.5556 0.146484 -0.908027 -0.0919727 2.69543 0.584176
25.5541 0.161133 -0.908027 -0.0919727 2.6836 0.64953

25.5541 0.161133 -0.899053 -0.100947 2.68358 0.649533
25.5525 0.175781 -0.899053 -0.100947 2.66608 0.713336

25.5525 0.175781 -0.889858 -0.110142 2.66608 0.713336
25.5507 0.19043 -0.889858 -0.110142 2.64835 0.777542

25.5507 0.19043 -0.880847 -0.119153 2.64836 0.777542
25.5487 0.205078 -0.880847 -0.119153 2.63053 0.845628

25.5469 0.217385 -0.872305 -0.127695 2.61127 0.905197
25.5487 0.205078 -0.872305 -0.127695 2.63056 0.845628

25.3857 0.585734 -0.443332 -0.556668 -0.467007 2.60052
25.3855 0.585938 -0.443332 -0.556668 -0.473447 2.59786

25.3857 0.585639 -0.456857 -0.543143 -0.463184 2.60031
25.3931 0.579478 -0.456857 -0.543143 -0.278166 2.66178

25.4004 0.572808 -0.477001 -0.522999 -0.0929736 2.70153
25.394 0.578613 -0.477001 -0.522999 -0.252284 2.66675

25.3931 0.579454 -0.468537 -0.531463 -0.277203 2.66165
25.394 0.578613 -0.468537 -0.531463 -0.252235 2.66669

25.4297 0.540324 -0.564612 -0.435388 0.646318 2.7043
25.4284 0.541992 -0.564612 -0.435388 0.615246 2.7121

25.4224 0.549388 -0.535242 -0.464758 0.460996 2.72493
25.4161 0.556641 -0.535242 -0.464758 0.30073 2.72628

25.4284 0.541992 -0.55101 -0.44899 0.615528 2.71206
25.4224 0.549316 -0.55101 -0.44899 0.462744 2.7248

25.4224 0.54937 -0.543 -0.457 0.461553 2.72482
25.4224 0.549316 -0.543 -0.457 0.462747 2.7248

25.4077 0.565578 -0.497942 -0.502058 0.0919523 2.72189
25.402 0.571289 -0.497942 -0.502058 -0.0519464 2.70824

25.415 0.557761 -0.518323 -0.481677 0.277066 2.72509
25.4093 0.563965 -0.518323 -0.481677 0.132312 2.72205

25.4077 0.565534 -0.507958 -0.492042 0.0935435 2.72155
25.4092 0.563965 -0.507958 -0.492042 0.132784 2.72173

25.4004 0.572761 -0.488808 -0.511192 -0.0911906 2.70122
25.4019 0.571289 -0.488808 -0.511192 -0.0516681 2.70796

25.415 0.557749 -0.525575 -0.474425 0.27748 2.725
25.416 0.556641 -0.525575 -0.474425 0.301052 2.72605

25.3418 0.612894 -0.296665 -0.703335 -1.48615 1.89704
25.3362 0.615234 -0.296665 -0.703335 -1.57736 1.73575

25.3198 0.621018 -0.210479 -0.789521 -1.83357 1.32986
25.314 0.622559 -0.210479 -0.789521 -1.88682 1.17853

25.3125 0.622972 -0.210479 -0.789521 -1.8993 1.14764
25.314 0.622559 -0.210479 -0.789521 -1.88683 1.17859

25.3198 0.621026 -0.241278 -0.758722 -1.83381 1.3298
25.3271 0.618697 -0.241278 -0.758722 -1.74089 1.56645

25.3271 0.618693 -0.270285 -0.729715 -1.74064 1.56642
25.3345 0.61598 -0.270285 -0.729715 -1.60298 1.71104

25.3345 0.615972 -0.296665 -0.703335 -1.60261 1.71103
25.3362 0.615234 -0.296665 -0.703335 -1.57723 1.73536

25.3418 0.612897 -0.32196 -0.67804 -1.48625 1.89702
25.3491 0.609419 -0.32196 -0.67804 -1.31892 2.07361

25.3564 0.605558 -0.346073 -0.653927 -1.14601 2.23043
25.352 0.60791 -0.346073 -0.653927 -1.25416 2.11579

25.3491 0.609393 -0.346073 -0.653927 -1.31755 2.07353
25.3519 0.60791 -0.346073 -0.653927 -1.25372 2.11454

25.3711 0.596524 -0.393147 -0.606853 -0.859075 2.41545
25.3648 0.600586 -0.393147 -0.606853 -0.969723 2.32112

25.3564 0.605552 -0.369515 -0.630485 -1.14576 2.23049
25.3638 0.601259 -0.369515 -0.630485 -0.987752 2.32081

25.3638 0.601245 -0.38438 -0.61562 -0.987201 2.32072
25.3648 0.600586 -0.38438 -0.61562 -0.969733 2.32112

25.3784 0.591373 -0.414741 -0.585259 -0.648804 2.5321
25.3758 0.593262 -0.414741 -0.585259 -0.715397 2.50179

25.3711 0.596487 -0.415767 -0.584233 -0.857067 2.41525
25.3756 0.593262 -0.415767 -0.584233 -0.715022 2.50059

25.3784 0.591301 -0.436715 -0.563285 -0.64598 2.53231
25.3853 0.585938 -0.436715 -0.563285 -0.472422 2.59603

25.459 0.496674 -0.635937 -0.364063 1.30108 2.50115
25.4582 0.498047 -0.635937 -0.364063 1.27565 2.50906

25.4443 0.52011 -0.591399 -0.408601 0.974046 2.62993
25.4393 0.527344 -0.591399 -0.408601 0.844902 2.65651

25.4517 0.508756 -0.614306 -0.385694 1.13206 2.56387
25.4492 0.512695 -0.614306 -0.385694 1.08912 2.59753

25.4582 0.498047 -0.625108 -0.374892 1.27592 2.50906
25.4538 0.505371 -0.625108 -0.374892 1.164 2.54573

25.4517 0.508723 -0.614306 -0.385694 1.13264 2.56362
25.4538 0.505371 -0.614306 -0.385694 1.16424 2.54566

25.4492 0.512695 -0.603898 -0.396102 1.08915 2.59754
25.4444 0.52002 -0.603898 -0.396102 0.976149 2.62955

25.4443 0.520094 -0.599367 -0.400633 0.97452 2.62983
25.4444 0.52002 -0.599367 -0.400633 0.976091 2.62957

25.4736 0.469381 -0.663587 -0.336413 1.58328 2.32608
25.4702 0.476074 -0.663587 -0.336413 1.51726 2.37229

25.4702 0.476074 -0.654588 -0.345412 1.51726 2.3723
25.4664 0.483398 -0.654588 -0.345412 1.44346 2.409

25.4663 0.483523 -0.645492 -0.354508 1.44194 2.40971
25.4624 0.490723 -0.645492 -0.354508 1.36583 2.46491

25.459 0.496602 -0.635924 -0.364076 1.3029 2.50073
25.4624 0.490723 -0.635924 -0.364076 1.3659 2.4649

25.4663 0.483512 -0.647596 -0.352404 1.44215 2.40964
25.4664 0.483398 -0.647596 -0.352404 1.44351 2.40899

25.4736 0.469364 -0.663587 -0.336413 1.58359 2.32597
25.4739 0.46875 -0.663587 -0.336413 1.59118 2.32252

25.437 0.530544 -0.578187 -0.421813 0.803767 2.66319
25.434 0.534668 -0.578187 -0.421813 0.73498 2.68441

25.4297 0.540257 -0.565202 -0.434798 0.648164 2.70391
25.434 0.534668 -0.565202 -0.434798 0.735124 2.68442

25.437 0.530524 -0.581544 -0.418456 0.804243 2.66303
25.4393 0.527344 -0.581544 -0.418456 0.845442 2.65621

