16.7978 0.322266 0.719336 -0.280664 2.53632 -0.426814
16.8006 0.32959 0.719336 -0.280664 2.51886 -0.454692

16.8006 0.32959 0.713774 -0.286226 2.51885 -0.454675
16.8018 0.332363 0.713774 -0.286226 2.50697 -0.463231

16.8018 0.332339 0.713774 -0.286226 2.50709 -0.463202
16.8036 0.336914 0.713774 -0.286226 2.49312 -0.475102

16.8036 0.336914 0.708368 -0.291632 2.49311 -0.475083
16.8066 0.344238 0.708368 -0.291632 2.47873 -0.500247

16.8066 0.344238 0.702828 -0.297172 2.47873 -0.500244
16.8091 0.350104 0.702828 -0.297172 2.46322 -0.521443

16.8091 0.350097 0.702828 -0.297172 2.46325 -0.521438
16.8097 0.351562 0.702828 -0.297172 2.45895 -0.525551

16.8097 0.351562 0.697207 -0.302793 2.45894 -0.525532
16.8129 0.358887 0.697207 -0.302793 2.45242 -0.55018

16.8129 0.358887 0.69131 -0.30869 2.45241 -0.550167
16.8161 0.366211 0.69131 -0.30869 2.42927 -0.591022

16.8161 0.366211 0.68555 -0.31445 2.42924 -0.590897
16.8164 0.366813 0.68555 -0.31445 2.42584 -0.59373

16.8164 0.366767 0.68555 -0.31445 2.42614 -0.593665
16.8195 0.373535 0.68555 -0.31445 2.40633 -0.621981

16.8195 0.373535 0.679821 -0.320179 2.40631 -0.621961
16.823 0.380859 0.679821 -0.320179 2.37824 -0.654111

16.8229 0.380859 0.674025 -0.325975 2.37823 -0.654038
16.8237 0.382485 0.674025 -0.325975 2.36875 -0.65933

16.8237 0.382451 0.674025 -0.325975 2.36897 -0.659318
16.8265 0.388184 0.674025 -0.325975 2.35442 -0.679724

16.8265 0.388184 0.668042 -0.331958 2.35439 -0.679696
16.8301 0.395508 0.668042 -0.331958 2.32996 -0.727124

16.8301 0.395508 0.662093 -0.337907 2.32993 -0.726995
16.8311 0.397337 0.662093 -0.337907 2.31866 -0.73797

16.8311 0.397292 0.662093 -0.337907 2.31898 -0.737905
16.8339 0.402832 0.662093 -0.337907 2.30643 -0.768082

16.8339 0.402832 0.656168 -0.343832 2.30638 -0.768026
16.8377 0.410156 0.656168 -0.343832 2.26876 -0.817144

16.8377 0.410156 0.650255 -0.349745 2.26872 -0.816928
16.8384 0.411444 0.650255 -0.349745 2.25734 -0.823645

16.8384 0.411383 0.650255 -0.349745 2.25793 -0.823617
16.8417 0.41748 0.650255 -0.349745 2.2343 -0.855918

16.8416 0.41748 0.644125 -0.355875 2.23424 -0.85585
16.8457 0.424805 0.644125 -0.355875 2.18683 -0.908293

16.8457 0.424805 0.641632 -0.358368 2.18678 -0.907948
16.8457 0.424889 0.641632 -0.358368 2.18594 -0.908377

16.8457 0.424821 0.637491 -0.362509 2.18667 -0.908376
16.8499 0.432129 0.637491 -0.362509 2.15108 -0.950654

16.8499 0.432129 0.630823 -0.369177 2.15107 -0.950572
16.853 0.437552 0.630823 -0.369177 2.12577 -1.00256

16.853 0.437526 0.630831 -0.369169 2.12607 -1.00253
16.8542 0.439453 0.630831 -0.369169 2.10762 -1.01693

16.8541 0.439453 0.623755 -0.376245 2.10756 -1.01677
16.8586 0.446777 0.623755 -0.376245 2.04584 -1.06654

16.8585 0.446777 0.617288 -0.382712 2.04582 -1.06634
16.8604 0.449697 0.617288 -0.382712 2.01966 -1.08738

16.8604 0.449632 0.617261 -0.382739 2.0203 -1.08739
16.8631 0.454102 0.617261 -0.382739 1.99821 -1.12165

16.8631 0.454102 0.610586 -0.389414 1.99806 -1.1214
16.8677 0.461282 0.610586 -0.389414 1.92873 -1.18119

16.8677 0.461271 0.614783 -0.385217 1.92889 -1.1812
16.8678 0.461426 0.614783 -0.385217 1.92663 -1.18217

16.8678 0.461426 0.602931 -0.397069 1.92663 -1.1821
16.8726 0.46875 0.602931 -0.397069 1.85892 -1.2369

16.8726 0.46875 0.596109 -0.403891 1.85888 -1.23656
16.875 0.472334 0.596109 -0.403891 1.84025 -1.27985

17.3438 0.353414 -0.759683 -0.240317 1e+30 1e+30
17.342 0.358887 -0.759683 -0.240317 2.14666 1.67091

17.342 0.358887 -0.753659 -0.246341 2.14666 1.67091
17.3396 0.366211 -0.753659 -0.246341 2.11514 1.71191

17.3364 0.375613 -0.740981 -0.259019 2.06788 1.75924
17.3346 0.380859 -0.740981 -0.259019 2.04315 1.78901

17.3396 0.366211 -0.747362 -0.252638 2.11513 1.71191
17.3371 0.373535 -0.747362 -0.252638 2.07814 1.74734

17.3364 0.375593 -0.740981 -0.259019 2.06804 1.75913
17.3371 0.373535 -0.740981 -0.259019 2.07818 1.74734

17.3291 0.395768 -0.720897 -0.279103 1.97 1.87339
17.3264 0.402832 -0.720897 -0.279103 1.93237 1.91731

17.3264 0.402832 -0.713835 -0.286165 1.93236 1.91731
17.3234 0.410156 -0.713835 -0.286165 1.88932 1.95743

17.3346 0.380859 -0.734364 -0.265636 2.04315 1.78901
17.3319 0.388184 -0.734364 -0.265636 2.01097 1.8319

17.3319 0.388184 -0.727649 -0.272351 2.01097 1.8319
17.3292 0.395508 -0.727649 -0.272351 1.97166 1.87186

17.3291 0.395761 -0.720897 -0.279103 1.97008 1.87336
17.3292 0.395508 -0.720897 -0.279103 1.97167 1.87186

17.3145 0.43113 -0.692063 -0.307937 1.75112 2.0785
17.314 0.432129 -0.692063 -0.307937 1.74232 2.08424

17.314 0.432129 -0.684484 -0.315516 1.74251 2.08426
17.3106 0.439453 -0.684484 -0.315516 1.68607 2.13239

17.2998 0.461317 -0.660164 -0.339836 1.50657 2.25012
17.2997 0.461426 -0.660164 -0.339836 1.50536 2.25076

17.2997 0.461426 -0.651574 -0.348426 1.50568 2.25077
17.2958 0.46875 -0.651574 -0.348426 1e+30 1e+30

17.3071 0.446777 -0.668419 -0.331581 1.6226 2.16386
17.3035 0.454102 -0.668419 -0.331581 1.56515 2.21024

17.3071 0.446749 -0.676587 -0.323413 1.62293 2.16373
17.3106 0.439453 -0.676587 -0.323413 1.68606 2.13239

17.2998 0.461248 -0.660164 -0.339836 1.50771 2.24973
17.3035 0.454102 -0.660164 -0.339836 1.56516 2.21024

17.3218 0.414161 -0.706723 -0.293277 1.86607 1.98013
17.3204 0.41748 -0.706723 -0.293277 1.84184 1.99831

17.3204 0.41748 -0.699456 -0.300544 1.8419 1.99832
17.3172 0.424805 -0.699456 -0.300544 1.79333 2.04316

17.3218 0.414128 -0.706723 -0.293277 1.86646 1.97997
17.3234 0.410156 -0.706723 -0.293277 1.88939 1.95742

17.3145 0.431078 -0.692063 -0.307937 1.75184 2.07823
17.3172 0.424805 -0.692063 -0.307937 1.79336 2.04316

16.875 0.472262 0.595777 -0.404223 1.84071 -1.27985
16.8776 0.476074 0.595777 -0.404223 1.81595 -1.32461

16.8775 0.476074 0.587727 -0.412273 1.81576 -1.32402
16.8823 0.482884 0.587727 -0.412273 1.72113 -1.38366

16.8823 0.482863 0.588843 -0.411157 1.72159 -1.38372
16.8827 0.483398 0.588843 -0.411157 1.70959 -1.38706

16.8827 0.483398 0.579217 -0.420783 1.70959 -1.38701
16.888 0.490723 0.579217 -0.420783 1.60239 -1.4372

16.888 0.490723 0.577918 -0.422082 1.6024 -1.43673
16.8896 0.492999 0.577918 -0.422082 1.58344 -1.45901

16.8896 0.492875 0.571531 -0.428469 1.58444 -1.4593
16.8935 0.498047 0.571531 -0.428469 1.54246 -1.51349

16.8935 0.498047 0.564111 -0.435889 1.5425 -1.51249
16.897 0.502566 0.564111 -0.435889 1.49684 -1.57507

16.897 0.502471 0.565646 -0.434354 1.49831 -1.57553
16.8992 0.505371 0.565646 -0.434354 1.4476 -1.607

16.8992 0.505371 0.552397 -0.447603 1.44769 -1.6063
16.9043 0.511705 0.552397 -0.447603 1.34101 -1.64713

16.9043 0.511673 0.550109 -0.449891 1.34144 -1.64736
16.9051 0.512695 0.550109 -0.449891 1.32389 -1.65357

16.9051 0.512695 0.542168 -0.457832 1.32398 -1.65324
16.9113 0.52002 0.542168 -0.457832 1.22354 -1.69843

16.9112 0.52002 0.537542 -0.462458 1.22396 -1.69668
16.9116 0.520514 0.537542 -0.462458 1.21904 -1.70039

16.9116 0.520383 0.532905 -0.467095 1.21988 -1.70134
16.9177 0.527344 0.532905 -0.467095 1.13056 -1.74751

16.9176 0.527344 0.527153 -0.472847 1.13108 -1.74621
16.9189 0.528797 0.527153 -0.472847 1.10875 -1.75261

16.9189 0.528697 0.522008 -0.477992 1.1097 -1.75362
16.9244 0.534668 0.522008 -0.477992 1.01458 -1.78175

16.9244 0.534668 0.513969 -0.486031 1.01481 -1.78122
16.9263 0.53667 0.513969 -0.486031 0.983207 -1.78911

16.9263 0.536594 0.508444 -0.491556 0.983959 -1.78984
16.9315 0.541992 0.508444 -0.491556 0.889852 -1.82183

16.9314 0.541992 0.500163 -0.499837 0.890255 -1.82077
16.9336 0.544162 0.500163 -0.499837 1e+30 1e+30

