32.4991 0.46875 0.606908 -0.393092 2.09124 -1.07067
32.5039 0.476074 0.606908 -0.393092 2.0038 -1.11976

32.5039 0.476074 0.606348 -0.393652 2.00381 -1.11948
32.5049 0.477656 0.606348 -0.393652 1.98282 -1.12757

32.5049 0.477555 0.600008 -0.399992 1.98413 -1.12779
32.5088 0.483398 0.600008 -0.399992 1.95135 -1.16917

32.5088 0.483398 0.592954 -0.407046 1.95132 -1.16857
32.5122 0.488433 0.592954 -0.407046 1.92618 -1.24391

32.5122 0.488376 0.595627 -0.404373 1.92697 -1.24391
32.5138 0.490723 0.595627 -0.404373 1.89832 -1.27053

32.5138 0.490723 0.584401 -0.415599 1.89826 -1.27014
32.519 0.498047 0.584401 -0.415599 1.79558 -1.33451

32.5189 0.498047 0.581687 -0.418313 1.79562 -1.33365
32.5195 0.498884 0.581687 -0.418313 1.78193 -1.34064

32.5195 0.498758 0.576318 -0.423682 1.78392 -1.34095
32.5244 0.505371 0.576318 -0.423682 1.70935 -1.40548

32.5244 0.505371 0.573652 -0.426348 1.70938 -1.40491
32.5269 0.508721 0.573652 -0.426348 1.67713 -1.44859

32.5269 0.508597 0.570071 -0.429929 1.67822 -1.4489
32.5299 0.512695 0.570071 -0.429929 1.62416 -1.49352

32.5299 0.512695 0.56053 -0.43947 1.6242 -1.49253
32.5342 0.518164 0.56053 -0.43947 1.54248 -1.54775

32.5342 0.518111 0.560866 -0.439134 1.54325 -1.54809
32.5357 0.52002 0.560866 -0.439134 1.50914 -1.56483

32.5356 0.52002 0.549743 -0.450257 1.50931 -1.56412
32.5415 0.527182 0.549743 -0.450257 1.41228 -1.62272

32.5415 0.527175 0.54596 -0.45404 1.41234 -1.62277
32.5416 0.527344 0.54596 -0.45404 1.41056 -1.62434

32.5417 0.527344 0.540209 -0.459791 1.41053 -1.62454
32.5479 0.534668 0.540209 -0.459791 1.32731 -1.69196

32.5478 0.534668 0.535739 -0.464261 1.3278 -1.69014
32.5488 0.535858 0.535739 -0.464261 1.31455 -1.70105

32.5488 0.535737 0.530896 -0.469104 1.31533 -1.70204
32.5544 0.541992 0.530896 -0.469104 1.20417 -1.73798

32.5543 0.541992 0.524204 -0.475796 1.20476 -1.73706
32.5562 0.544046 0.524204 -0.475796 1.15703 -1.73759

32.5562 0.543927 0.520894 -0.479106 1.15884 -1.73905
32.5611 0.549316 0.520894 -0.479106 1.07364 -1.76148

32.5611 0.549316 0.511597 -0.488403 1.07377 -1.76109
32.5635 0.551819 0.511597 -0.488403 1.04369 -1.78065

32.5635 0.551759 0.505145 -0.494855 1.04405 -1.78122
32.5683 0.556641 0.505145 -0.494855 0.957609 -1.82383

32.5682 0.556641 0.497218 -0.502782 0.958131 -1.82229
32.5708 0.559226 0.497218 -0.502782 0.907319 -1.85348

32.5708 0.55915 0.488119 -0.511881 0.908258 -1.85421
32.5759 0.563965 0.488119 -0.511881 0.785582 -1.8955

32.5757 0.563965 0.482942 -0.517058 0.786952 -1.89323
32.5781 0.566216 0.482942 -0.517058 0.718914 -1.90673

32.5781 0.566145 0.473965 -0.526035 0.72029 -1.90757
32.5838 0.571289 0.473965 -0.526035 0.58397 -1.92567

32.5837 0.571289 0.468484 -0.531516 0.585208 -1.92424
32.5854 0.572821 0.468484 -0.531516 0.544952 -1.92452

32.5854 0.572766 0.460043 -0.539957 0.545765 -1.92524
32.5923 0.578613 0.460043 -0.539957 0.401521 -1.93078

32.5922 0.578613 0.45298 -0.54702 0.402538 -1.92929
32.5928 0.579094 0.45298 -0.54702 0.392577 -1.93033

32.5928 0.579018 0.444327 -0.555673 0.393371 -1.93131
32.6001 0.584875 0.444327 -0.555673 0.252129 -1.96456

32.6001 0.584845 0.428394 -0.571606 0.252638 -1.96495
32.6016 0.585938 0.428394 -0.571606 0.220952 -1.97287

32.6015 0.585938 0.427537 -0.572463 0.221279 -1.97229
32.6074 0.590347 0.427537 -0.572463 0.0762253 -1.96436

32.6074 0.5903 0.410813 -0.589187 0.0771851 -1.9651
32.6117 0.593262 0.410813 -0.589187 -0.0253372 -1.93838

32.6115 0.593262 0.408227 -0.591773 -0.0240845 -1.93809
32.6147 0.595473 0.408227 -0.591773 -0.0959544 -1.91656

32.6147 0.595441 0.393748 -0.606252 -0.0953767 -1.91697
32.6221 0.600198 0.393748 -0.606252 -0.260979 -1.89276

32.6221 0.600192 0.373005 -0.626995 -0.260828 -1.89284
32.6227 0.600586 0.373005 -0.626995 -0.275107 -1.89288

32.6227 0.600586 0.375045 -0.624955 -0.274884 -1.89268
32.6294 0.604599 0.375045 -0.624955 -0.43719 -1.84364

32.6294 0.604577 0.355315 -0.644685 -0.436645 -1.84397
32.6354 0.60791 0.355315 -0.644685 -0.575566 -1.77856

32.6353 0.60791 0.354809 -0.645191 -0.574387 -1.77824
32.6367 0.608694 0.354809 -0.645191 -0.603906 -1.77321

32.6367 0.608633 0.334505 -0.665495 -0.602498 -1.77385
32.644 0.612315 0.334505 -0.665495 -0.764012 -1.70749

32.644 0.6123 0.312692 -0.687308 -0.763566 -1.70772
32.6505 0.615234 0.312692 -0.687308 -0.913901 -1.62113

32.6504 0.615234 0.312692 -0.687308 -0.912642 -1.62158
32.6514 0.615693 0.312692 -0.687308 -0.936172 -1.61374

32.6514 0.615645 0.289664 -0.710336 -0.934702 -1.6142
32.6587 0.618632 0.289664 -0.710336 -1.10258 -1.49988

32.6587 0.618626 0.26503 -0.73497 -1.1024 -1.49993
32.666 0.621268 0.26503 -0.73497 -1.25524 -1.33994

32.666 0.621254 0.239843 -0.760157 -1.25479 -1.34007
32.6701 0.622559 0.239843 -0.760157 -1.33053 -1.27389

32.6701 0.622559 0.239843 -0.760157 -1.32988 -1.27488
32.6733 0.62359 0.239843 -0.760157 -1.39353 -1.22585

32.6733 0.623582 0.21228 -0.78772 -1.39326 -1.2259
32.6807 0.625556 0.21228 -0.78772 -1.52848 -1.08658

32.6807 0.625556 0.181472 -0.818528 -1.52849 -1.08657
32.688 0.62718 0.181472 -0.818528 -1.65303 -0.897632

32.688 0.627178 0.148552 -0.851448 -1.65293 -0.897664
32.6953 0.628455 0.148552 -0.851448 -1.76418 -0.698319

32.6953 0.628453 0.113948 -0.886052 -1.76406 -0.69835
32.7026 0.629395 0.113948 -0.886052 -1.86837 -0.495315

32.7026 0.629397 0.0773407 -0.922659 -1.86848 -0.495285
32.7084 0.629883 0.0773407 -0.922659 -1.94648 -0.335154

32.7087 0.629883 0.0773407 -0.922659 -1.94895 -0.328797
32.71 0.629991 0.0773407 -0.922659 -1.96744 -0.292941

32.71 0.63001 0.0372561 -0.962744 -1.96831 -0.292731
32.7173 0.630293 0.0372561 -0.962744 -2.04867 -0.0767255

32.7173 0.630295 -0.00757159 -0.992428 -2.04874 -0.0767095
32.7246 0.630239 -0.00757159 -0.992428 -2.1014 0.151494

32.7319 0.629813 -0.0519545 -0.948046 -2.12435 0.372674
32.7307 0.629883 -0.0519545 -0.948046 -2.12276 0.334935

32.7319 0.629842 -0.093398 -0.906602 -2.12504 0.372675
32.7393 0.629087 -0.093398 -0.906602 -2.11254 0.598369

32.7246 0.630245 -0.0519545 -0.948046 -2.10158 0.151529
32.7312 0.629883 -0.0519545 -0.948046 -2.12417 0.3511

32.7393 0.629088 -0.132005 -0.867995 -2.11255 0.598366
32.7466 0.627974 -0.132005 -0.867995 -2.07457 0.835179

32.7466 0.627975 -0.167758 -0.832242 -2.0746 0.835173
32.7539 0.626498 -0.167758 -0.832242 -2.02881 1.09517

32.7539 0.626499 -0.20097 -0.79903 -2.02883 1.09516
32.7612 0.624657 -0.20097 -0.79903 -1.90459 1.3348

32.7686 0.62247 -0.231242 -0.768758 -1.78413 1.50669
32.7683 0.622559 -0.231242 -0.768758 -1.78799 1.50142

32.7612 0.624653 -0.231242 -0.768758 -1.90436 1.3348
32.7682 0.622559 -0.231242 -0.768758 -1.78799 1.50028

32.7686 0.622464 -0.260767 -0.739233 -1.78385 1.50671
32.7759 0.61988 -0.260767 -0.739233 -1.6834 1.71387

32.7759 0.61988 -0.289953 -0.710047 -1.68342 1.71386
32.7832 0.61689 -0.289953 -0.710047 -1.53963 1.88891

32.7905 0.613514 -0.31687 -0.68313 -1.3971 2.03768
32.7868 0.615234 -0.31687 -0.68313 -1.474 1.94382

32.7905 0.6135 -0.342758 -0.657242 -1.39657 2.03778
32.7979 0.60968 -0.342758 -0.657242 -1.24116 2.19147

32.8052 0.605445 -0.367154 -0.632846 -1.05734 2.36186
32.8009 0.60791 -0.367154 -0.632846 -1.16916 2.24283

32.7979 0.609649 -0.367154 -0.632846 -1.23943 2.1913
32.8008 0.60791 -0.367154 -0.632846 -1.16853 2.24129

32.8052 0.605427 -0.38937 -0.61063 -1.05658 2.36202
32.8125 0.600757 -0.38937 -0.61063 -0.861632 2.47639

32.7832 0.616865 -0.31687 -0.68313 -1.53836 1.88883
32.7867 0.615234 -0.31687 -0.68313 -1.47346 1.94216

33.0016 0 -0.99146 -0.00853983 2.7466 0
33.0013 0.0292969 -0.99146 -0.00853983 2.74899 0.106103

33.0013 0.0292969 -0.97882 -0.0211797 2.7492 0.1061
33.001 0.0439453 -0.97882 -0.0211797 2.75019 0.164189

33.001 0.0439453 -0.970082 -0.0299177 2.75019 0.164189
33.0005 0.0585938 -0.970082 -0.0299177 2.74557 0.221022

33.0005 0.0585938 -0.95705 -0.0429496 2.7453 0.221033
32.9992 0.0878906 -0.95705 -0.0429496 2.7388 0.336892

32.9992 0.0878906 -0.94433 -0.0556704 2.73908 0.336889
32.9983 0.102539 -0.94433 -0.0556704 2.73547 0.39847

32.9983 0.102539 -0.935948 -0.0640515 2.73546 0.39847
32.9973 0.117188 -0.935948 -0.0640515 2.72581 0.458435

32.9883 0.205104 -0.87722 -0.12278 2.62681 0.830536
32.9862 0.219727 -0.87722 -0.12278 2.61387 0.897523

32.9862 0.219727 -0.868156 -0.131844 2.61385 0.897522
32.984 0.234375 -0.868156 -0.131844 2.59762 0.965596

32.9973 0.117188 -0.927625 -0.0723754 2.7258 0.458435
32.9962 0.131836 -0.927625 -0.0723754 2.7134 0.516402

32.9962 0.131836 -0.919199 -0.0808014 2.71338 0.516402
32.9949 0.146484 -0.919199 -0.0808014 2.70012 0.575795

32.9949 0.146484 -0.910901 -0.0890989 2.70014 0.575792
32.9935 0.161133 -0.910901 -0.0890989 2.68599 0.63785

32.9935 0.161133 -0.902775 -0.0972254 2.68598 0.637852
32.9919 0.175781 -0.902775 -0.0972254 2.66706 0.701432

32.9919 0.175781 -0.894535 -0.105465 2.66705 0.701433
32.9902 0.19043 -0.894535 -0.105465 2.64436 0.76504

32.9902 0.19043 -0.886047 -0.113953 2.64433 0.765042
32.9883 0.205078 -0.886047 -0.113953 2.62684 0.830418

32.9297 0.439321 -0.712548 -0.287452 1.88134 2.12883
32.9296 0.439453 -0.712548 -0.287452 1.88032 2.12966

32.9296 0.439453 -0.705158 -0.294842 1.88053 2.12967
32.9266 0.446777 -0.705158 -0.294842 1.8339 2.18119

32.9266 0.446777 -0.697365 -0.302635 1.83387 2.18118
32.9234 0.454102 -0.697365 -0.302635 1.77833 2.22371

32.9224 0.456358 -0.689386 -0.310614 1.76004 2.2382
32.9201 0.461426 -0.689386 -0.310614 1.71908 2.2726

32.9201 0.461426 -0.681092 -0.318908 1.71908 2.2726
32.9167 0.46875 -0.681092 -0.318908 1.65616 2.3201

32.9224 0.456335 -0.689386 -0.310614 1.76034 2.23804
32.9234 0.454102 -0.689386 -0.310614 1.77841 2.2237

32.984 0.234375 -0.858953 -0.141047 2.59761 0.965596
32.9816 0.249023 -0.858953 -0.141047 2.57386 1.03696

32.981 0.2527 -0.852165 -0.147835 2.56776 1.05676
32.9803 0.256348 -0.852165 -0.147835 2.56336 1.07472

32.9803 0.256348 -0.847764 -0.152236 2.56335 1.07472
32.979 0.263672 -0.847764 -0.152236 2.54811 1.11025

32.981 0.2527 -0.852165 -0.147835 2.56776 1.05677
32.9816 0.249023 -0.852165 -0.147835 2.57398 1.03696

32.9736 0.291184 -0.829037 -0.170963 2.49301 1.25442
32.9733 0.292969 -0.829037 -0.170963 2.48695 1.26856

32.979 0.263672 -0.842968 -0.157032 2.5481 1.11025
32.9776 0.270996 -0.842968 -0.157032 2.53074 1.14629

32.9776 0.270996 -0.837977 -0.162023 2.53074 1.14629
32.9762 0.27832 -0.837977 -0.162023 2.51826 1.18344

32.9736 0.291151 -0.831054 -0.168946 2.49316 1.25425
32.9762 0.27832 -0.831054 -0.168946 2.51816 1.18343

32.9733 0.292969 -0.824025 -0.175975 2.48702 1.26857
32.9717 0.300293 -0.824025 -0.175975 2.47252 1.30923

32.9717 0.300293 -0.818595 -0.181405 2.47254 1.30923
32.9701 0.307617 -0.818595 -0.181405 2.46456 1.35361

32.9701 0.307617 -0.813623 -0.186377 2.46456 1.35362
32.9684 0.314941 -0.813623 -0.186377 2.43996 1.39522

32.9684 0.314941 -0.808856 -0.191144 2.43996 1.39522
32.9667 0.322266 -0.808856 -0.191144 2.41095 1.43413

32.9663 0.323714 -0.803981 -0.196019 2.40493 1.44203
32.9649 0.32959 -0.803981 -0.196019 2.38694 1.47278

32.9649 0.32959 -0.798658 -0.201342 2.38694 1.47277
32.963 0.336914 -0.798658 -0.201342 2.37284 1.51256

32.9663 0.323701 -0.803981 -0.196019 2.40501 1.44196
32.9667 0.322266 -0.803981 -0.196019 2.41096 1.43413

32.963 0.336914 -0.793122 -0.206878 2.37283 1.51256
32.9611 0.344238 -0.793122 -0.206878 2.35337 1.55578

32.9611 0.344238 -0.787834 -0.212166 2.35338 1.55578
32.9591 0.351562 -0.787834 -0.212166 2.31996 1.60001

32.959 0.352151 -0.782662 -0.217338 2.31689 1.60361
32.9571 0.358887 -0.782662 -0.217338 2.2878 1.64315

32.9571 0.358887 -0.777163 -0.222837 2.28778 1.64315
32.955 0.366211 -0.777163 -0.222837 2.26247 1.68507

32.9517 0.377414 -0.765433 -0.234567 2.21845 1.74943
32.9506 0.380859 -0.765433 -0.234567 2.20271 1.77036

32.955 0.366211 -0.771321 -0.228679 2.26246 1.68507
32.9528 0.373535 -0.771321 -0.228679 2.23364 1.72455

32.9517 0.377386 -0.765433 -0.234567 2.21867 1.74928
32.9528 0.373535 -0.765433 -0.234567 2.23368 1.72455

32.9443 0.400078 -0.746699 -0.253301 2.1159 1.89523
32.9434 0.402832 -0.746699 -0.253301 2.09834 1.91258

32.9434 0.402832 -0.740317 -0.259683 2.09841 1.9126
32.9408 0.410156 -0.740317 -0.259683 2.06 1.96408

32.9506 0.380859 -0.759365 -0.240635 2.20274 1.77037
32.9483 0.388184 -0.759365 -0.240635 2.17353 1.81866

32.9483 0.388184 -0.75299 -0.24701 2.17352 1.81866
32.9459 0.395508 -0.75299 -0.24701 2.1395 1.86373

32.9443 0.40004 -0.746699 -0.253301 2.11628 1.89504
32.9459 0.395508 -0.746699 -0.253301 2.13956 1.86374

32.959 0.352135 -0.782662 -0.217338 2.31702 1.60352
32.9591 0.351562 -0.782662 -0.217338 2.31999 1.60001

32.937 0.420568 -0.726856 -0.273144 2.00092 2.0225
32.9354 0.424805 -0.726856 -0.273144 1.97394 2.04641

32.9408 0.410156 -0.733613 -0.266387 2.05999 1.96407
32.9382 0.41748 -0.733613 -0.266387 2.01971 2.00342

32.937 0.420543 -0.726856 -0.273144 2.00117 2.02234
32.9382 0.41748 -0.726856 -0.273144 2.01977 2.00342

32.9354 0.424805 -0.719824 -0.280176 1.97395 2.04641
32.9326 0.432129 -0.719824 -0.280176 1.92886 2.08887

32.9297 0.439267 -0.712548 -0.287452 1.882 2.12851
32.9326 0.432129 -0.712548 -0.287452 1.92886 2.08887

32.8345 0.5839 -0.459409 -0.540591 -0.306439 2.69211
32.8321 0.585938 -0.459409 -0.540591 -0.367218 2.67003

32.8418 0.577218 -0.484158 -0.515842 -0.110013 2.7377
32.8403 0.578613 -0.484158 -0.515842 -0.150216 2.72983

32.8345 0.5838 -0.475053 -0.524947 -0.302724 2.69209
32.8402 0.578613 -0.475053 -0.524947 -0.149412 2.72899

32.8638 0.553566 -0.546834 -0.453166 0.462528 2.76134
32.8612 0.556641 -0.546834 -0.453166 0.397253 2.76781

32.8711 0.544428 -0.561343 -0.438657 0.632668 2.74234
32.8673 0.549316 -0.561343 -0.438657 0.536613 2.76054

32.8638 0.553561 -0.551038 -0.448962 0.462674 2.76132
32.8672 0.549316 -0.551038 -0.448962 0.537351 2.76002

32.8491 0.569956 -0.505537 -0.494463 0.0892783 2.75941
32.8478 0.571289 -0.505537 -0.494463 0.0540676 2.7588

32.8564 0.562083 -0.525769 -0.474231 0.28068 2.7643
32.8547 0.563965 -0.525769 -0.474231 0.235263 2.76329

32.8491 0.569886 -0.514824 -0.485176 0.0917949 2.75909
32.8547 0.563965 -0.514824 -0.485176 0.235709 2.76302

32.8418 0.577116 -0.49426 -0.50574 -0.10623 2.73741
32.8478 0.571289 -0.49426 -0.50574 0.054641 2.75849

32.8564 0.562038 -0.532513 -0.467487 0.282164 2.7641
32.8612 0.556641 -0.532513 -0.467487 0.397603 2.76773

32.8857 0.523906 -0.601252 -0.398748 0.99288 2.66241
32.8835 0.527344 -0.601252 -0.398748 0.946679 2.69048

32.8931 0.512536 -0.629147 -0.370853 1.15707 2.60677
32.893 0.512695 -0.629147 -0.370853 1.15349 2.60759

32.9004 0.499989 -0.635345 -0.364655 1.32027 2.51577
32.8973 0.505371 -0.635345 -0.364655 1.26439 2.56548

32.8931 0.512444 -0.62526 -0.37474 1.15973 2.60617
32.8973 0.505371 -0.62526 -0.37474 1.26435 2.56546

32.8929 0.512695 -0.613322 -0.386678 1.15396 2.60749
32.8883 0.52002 -0.613322 -0.386678 1.02867 2.64428

32.8857 0.523864 -0.601252 -0.398748 0.99375 2.66216
32.8883 0.52002 -0.601252 -0.398748 1.02897 2.64416

32.915 0.472075 -0.672702 -0.327298 1.63279 2.34401
32.9131 0.476074 -0.672702 -0.327298 1.59304 2.37309

32.9131 0.476074 -0.664046 -0.335954 1.59307 2.3731
32.9094 0.483398 -0.664046 -0.335954 1.51318 2.41796

32.9077 0.486587 -0.6549 -0.3451 1.48348 2.43682
32.9055 0.490723 -0.6549 -0.3451 1.43422 2.46445

32.9055 0.490723 -0.64516 -0.35484 1.43425 2.46445
32.9015 0.498047 -0.64516 -0.35484 1.34157 2.50453

32.9077 0.486551 -0.6549 -0.3451 1.48405 2.43654
32.9094 0.483398 -0.6549 -0.3451 1.51331 2.41793

32.915 0.472043 -0.672702 -0.327298 1.63321 2.34376
32.9166 0.46875 -0.672702 -0.327298 1.65628 2.32009

32.9004 0.499969 -0.635373 -0.364627 1.32063 2.51562
32.9015 0.498047 -0.635373 -0.364627 1.34172 2.50449

32.8784 0.534668 -0.576064 -0.423936 0.820961 2.72493
32.873 0.541992 -0.576064 -0.423936 0.670874 2.74325

32.8784 0.534581 -0.589677 -0.410323 0.823198 2.7245
32.8835 0.527344 -0.589677 -0.410323 0.946773 2.69051

32.8711 0.544427 -0.568516 -0.431484 0.632692 2.74233
32.8729 0.541992 -0.568516 -0.431484 0.671521 2.74276

32.8198 0.595639 -0.412511 -0.587489 -0.69938 2.55231
32.8128 0.600586 -0.412511 -0.587489 -0.855982 2.47773

32.8271 0.590009 -0.435266 -0.564734 -0.503294 2.63756
32.8229 0.593262 -0.435266 -0.564734 -0.609581 2.58896

32.8198 0.595559 -0.427983 -0.572017 -0.695414 2.55177
32.8229 0.593262 -0.427983 -0.572017 -0.60928 2.5884

32.8125 0.600763 -0.401154 -0.598846 -0.861884 2.47641
32.8128 0.600586 -0.401154 -0.598846 -0.855889 2.47762

32.8271 0.589933 -0.453659 -0.546341 -0.500554 2.63784
32.832 0.585938 -0.453659 -0.546341 -0.366507 2.66895

