23.8982 0.234375 -0.855339 -0.144661 2.59647 1.00491
23.897 0.241699 -0.855339 -0.144661 2.58034 1.0416

23.897 0.241699 -0.850603 -0.149397 2.58034 1.04159
23.8957 0.249023 -0.850603 -0.149397 2.56616 1.07593

23.8957 0.249023 -0.844065 -0.155935 2.56607 1.07593
23.893 0.263672 -0.844065 -0.155935 2.52801 1.14956

23.8916 0.270928 -0.837661 -0.162339 2.50453 1.18437
23.8916 0.270996 -0.837661 -0.162339 2.5043 1.18469

23.8916 0.270996 -0.832685 -0.167315 2.50435 1.1847
23.8901 0.27832 -0.832685 -0.167315 2.493 1.22009

23.8901 0.27832 -0.82727 -0.17273 2.493 1.22009
23.8886 0.285645 -0.82727 -0.17273 2.48793 1.25803

23.8886 0.285645 -0.822225 -0.177775 2.48794 1.25803
23.887 0.292969 -0.822225 -0.177775 2.46641 1.29531

23.8916 0.270879 -0.837661 -0.162339 2.50477 1.18416
23.893 0.263672 -0.837661 -0.162339 2.52809 1.14958

23.877 0.334495 -0.791267 -0.208733 2.33908 1.51215
23.8763 0.336914 -0.791267 -0.208733 2.32846 1.52569

23.8763 0.336914 -0.785816 -0.214184 2.32849 1.5257
23.8743 0.344238 -0.785816 -0.214184 2.30457 1.56838

23.8743 0.344238 -0.779874 -0.220126 2.30456 1.56838
23.8722 0.351562 -0.779874 -0.220126 2.28695 1.60988

23.8843 0.305004 -0.812503 -0.187497 2.42823 1.34998
23.8837 0.307617 -0.812503 -0.187497 2.42121 1.36285

23.887 0.292969 -0.817441 -0.182559 2.46641 1.29531
23.8854 0.300293 -0.817441 -0.182559 2.44103 1.3284

23.8843 0.304983 -0.812503 -0.187497 2.42833 1.34987
23.8854 0.300293 -0.812503 -0.187497 2.44104 1.3284

23.8837 0.307617 -0.807254 -0.192746 2.42123 1.36286
23.8819 0.314941 -0.807254 -0.192746 2.40369 1.40065

23.8819 0.314941 -0.801841 -0.198159 2.40368 1.40065
23.8801 0.322266 -0.801841 -0.198159 2.38538 1.4414

23.8801 0.322266 -0.796482 -0.203518 2.38539 1.4414
23.8782 0.32959 -0.796482 -0.203518 2.35854 1.48307

23.877 0.334465 -0.791267 -0.208733 2.33929 1.512
23.8782 0.32959 -0.791267 -0.208733 2.35857 1.48307

23.8477 0.423845 -0.716836 -0.283164 1.92927 2.039
23.8473 0.424805 -0.716836 -0.283164 1.92214 2.04495

23.8473 0.424805 -0.709625 -0.290375 1.9223 2.04496
23.8443 0.432129 -0.709625 -0.290375 1.87577 2.09516

23.8443 0.432129 -0.701969 -0.298031 1.87576 2.09515
23.8412 0.439453 -0.701969 -0.298031 1.82345 2.1351

23.833 0.457461 -0.678511 -0.321489 1.6902 2.25058
23.8311 0.461426 -0.678511 -0.321489 1.65148 2.27686

23.8311 0.461426 -0.670071 -0.329929 1.6515 2.27687
23.8275 0.46875 -0.670071 -0.329929 1.57722 2.31967

23.8403 0.441334 -0.694317 -0.305683 1.80943 2.14684
23.8379 0.446777 -0.694317 -0.305683 1.77055 2.18311

23.8379 0.446777 -0.686523 -0.313477 1.77054 2.18311
23.8346 0.454102 -0.686523 -0.313477 1.71295 2.22799

23.8403 0.441317 -0.694317 -0.305683 1.80965 2.14673
23.8412 0.439453 -0.694317 -0.305683 1.82352 2.13509

23.833 0.457428 -0.678511 -0.321489 1.6906 2.25035
23.8346 0.454102 -0.678511 -0.321489 1.71305 2.22799

23.8696 0.360479 -0.767949 -0.232051 2.25229 1.66098
23.8679 0.366211 -0.767949 -0.232051 2.23212 1.69578

23.8722 0.351562 -0.773855 -0.226145 2.28695 1.60988
23.8701 0.358887 -0.773855 -0.226145 2.25893 1.6513

23.8696 0.360463 -0.767949 -0.232051 2.25239 1.6609
23.8701 0.358887 -0.767949 -0.232051 2.25897 1.6513

23.8679 0.366211 -0.761885 -0.238115 2.23212 1.69578
23.8656 0.373535 -0.761885 -0.238115 2.20657 1.74135

23.8656 0.373535 -0.755665 -0.244335 2.20656 1.74135
23.8632 0.380859 -0.755665 -0.244335 2.16911 1.78319

23.8623 0.383667 -0.749564 -0.250436 2.15494 1.80094
23.8608 0.388184 -0.749564 -0.250436 2.13344 1.82908

23.8608 0.388184 -0.743369 -0.256631 2.13345 1.82909
23.8583 0.395508 -0.743369 -0.256631 2.09632 1.87593

23.855 0.404653 -0.730376 -0.269624 2.04168 1.92486
23.8529 0.410156 -0.730376 -0.269624 2.0104 1.95789

23.8583 0.395508 -0.73688 -0.26312 2.09631 1.87593
23.8557 0.402832 -0.73688 -0.26312 2.05222 1.91394

23.855 0.404638 -0.730376 -0.269624 2.04182 1.92477
23.8556 0.402832 -0.730376 -0.269624 2.05227 1.91394

23.8623 0.383644 -0.749564 -0.250436 2.15513 1.80081
23.8632 0.380859 -0.749564 -0.250436 2.16916 1.78319

23.8529 0.410156 -0.723724 -0.276276 2.01039 1.95789
23.8502 0.41748 -0.723724 -0.276276 1.96757 2.0016

23.8477 0.423798 -0.716836 -0.283164 1.92984 2.03873
23.8502 0.41748 -0.716836 -0.283164 1.96759 2.0016

23.4375 0.51071 0.564427 -0.435573 1.52484 -1.57589
23.439 0.512695 0.564427 -0.435573 1.48931 -1.59338

23.439 0.512695 0.552803 -0.447197 1.48945 -1.59269
23.4448 0.519899 0.552803 -0.447197 1.38247 -1.64625

23.4448 0.519891 0.549094 -0.450906 1.38256 -1.64631
23.4449 0.52002 0.549094 -0.450906 1.38082 -1.64736

23.4449 0.52002 0.543213 -0.456787 1.38078 -1.64754
23.4511 0.527344 0.543213 -0.456787 1.29297 -1.71082

23.451 0.527344 0.538736 -0.461264 1.29338 -1.70902
23.4521 0.528674 0.538736 -0.461264 1.28037 -1.72222

23.4521 0.528546 0.534068 -0.465932 1.28111 -1.72316
23.4575 0.534668 0.534068 -0.465932 1.18467 -1.76401

23.4574 0.534668 0.527592 -0.472408 1.18516 -1.76315
23.4595 0.53695 0.527592 -0.472408 1.13783 -1.76604

23.4595 0.536835 0.524636 -0.475364 1.13939 -1.76737
23.4641 0.541992 0.524636 -0.475364 1.05636 -1.78747

23.4641 0.541992 0.514899 -0.485101 1.05645 -1.78723
23.4668 0.544822 0.514899 -0.485101 1.01709 -1.80413

23.4668 0.544754 0.508936 -0.491064 1.01762 -1.8048
23.4712 0.549316 0.508936 -0.491064 0.938636 -1.83995

23.4711 0.549316 0.500824 -0.499176 0.939042 -1.83863
23.4741 0.55231 0.500824 -0.499176 0.885249 -1.87599

23.4741 0.55223 0.492813 -0.507187 0.88616 -1.87671
23.4787 0.556641 0.492813 -0.507187 0.78132 -1.91624

23.4786 0.556641 0.486707 -0.513293 0.782352 -1.91442
23.4814 0.559385 0.486707 -0.513293 0.705392 -1.93096

23.4814 0.559346 0.475999 -0.524001 0.706109 -1.93141
23.4865 0.563965 0.475999 -0.524001 0.590732 -1.95043

23.4864 0.563965 0.472245 -0.527755 0.59191 -1.94905
23.4888 0.566078 0.472245 -0.527755 0.537957 -1.94917

23.4888 0.566039 0.463516 -0.536484 0.538534 -1.94966
23.4948 0.571289 0.463516 -0.536484 0.409358 -1.95213

23.4947 0.571289 0.457135 -0.542865 0.410418 -1.95069
23.4961 0.572438 0.457135 -0.542865 0.384446 -1.95317

23.4961 0.572383 0.448266 -0.551734 0.38509 -1.95385
23.5034 0.578334 0.448266 -0.551734 0.238598 -1.972

23.5034 0.578321 0.435983 -0.564017 0.238777 -1.97216
23.5038 0.578613 0.435983 -0.564017 0.231181 -1.97329

23.5038 0.578613 0.431954 -0.568046 0.231298 -1.97312
23.5107 0.583905 0.431954 -0.568046 0.0766799 -1.97631

23.5107 0.583864 0.4143 -0.5857 0.0774368 -1.97698
23.5137 0.585938 0.4143 -0.5857 0.0101371 -1.96583

23.5136 0.585938 0.4156 -0.5844 0.0110268 -1.96515
23.5181 0.589124 0.4156 -0.5844 -0.100912 -1.93468

23.5181 0.5891 0.399112 -0.600888 -0.100416 -1.935
23.5243 0.593262 0.399112 -0.600888 -0.236057 -1.89598

23.5242 0.593262 0.388705 -0.611295 -0.23486 -1.89537
23.5254 0.594029 0.388705 -0.611295 -0.257146 -1.89108

23.5254 0.593977 0.38053 -0.61947 -0.256306 -1.8917
23.5327 0.598477 0.38053 -0.61947 -0.407873 -1.86289

23.5327 0.59844 0.36152 -0.63848 -0.407063 -1.86343
23.5365 0.600586 0.36152 -0.63848 -0.492313 -1.83761

23.5364 0.600586 0.36152 -0.63848 -0.491247 -1.83774
23.54 0.602647 0.36152 -0.63848 -0.577529 -1.80822

23.54 0.602622 0.341557 -0.658443 -0.576914 -1.80853
23.5474 0.606421 0.341557 -0.658443 -0.746055 -1.73617

23.5474 0.606392 0.320702 -0.679298 -0.745321 -1.73658
23.5506 0.60791 0.320702 -0.679298 -0.816224 -1.70006

23.5505 0.60791 0.320702 -0.679298 -0.815446 -1.70042
23.5547 0.609886 0.320702 -0.679298 -0.913638 -1.63847

23.5547 0.609875 0.298998 -0.701002 -0.913302 -1.63859
23.562 0.612999 0.298998 -0.701002 -1.07646 -1.51028

23.562 0.612987 0.275757 -0.724243 -1.07616 -1.51044
23.5679 0.615234 0.275757 -0.724243 -1.1863 -1.42024

23.5678 0.615234 0.275757 -0.724243 -1.18544 -1.42088
23.5693 0.615815 0.275757 -0.724243 -1.21444 -1.40679

23.5693 0.615787 0.250989 -0.749011 -1.21365 -1.40702
23.5767 0.618241 0.250989 -0.749011 -1.35941 -1.30432

23.5767 0.61824 0.224117 -0.775883 -1.35937 -1.30432
23.584 0.620356 0.224117 -0.775883 -1.4954 -1.1276

23.584 0.620353 0.195873 -0.804127 -1.49533 -1.12763
23.5913 0.622138 0.195873 -0.804127 -1.61651 -0.968549

23.5913 0.622135 0.166622 -0.833378 -1.6164 -0.968579
23.5934 0.622559 0.166622 -0.833378 -1.65152 -0.930887

23.5934 0.622559 0.166622 -0.833378 -1.65155 -0.930834
23.5986 0.623598 0.166622 -0.833378 -1.74204 -0.813357

23.5986 0.623601 0.13526 -0.86474 -1.74218 -0.813333
23.606 0.624747 0.13526 -0.86474 -1.85692 -0.621458

23.606 0.624748 0.100645 -0.899355 -1.85695 -0.621454
23.6133 0.625567 0.100645 -0.899355 -1.94764 -0.419266

23.6133 0.625569 0.0626316 -0.937368 -1.94772 -0.419259
23.6206 0.626058 0.0626316 -0.937368 -2.01522 -0.221389

23.6206 0.626059 0.0206619 -0.979338 -2.01526 -0.221387
23.6279 0.626214 0.0206619 -0.979338 -2.05931 -0.0176258

23.6279 0.626213 -0.0241111 -0.975889 -2.05928 -0.017627
23.6353 0.626032 -0.0241111 -0.975889 -2.07611 0.202983

23.6353 0.626031 -0.0655685 -0.934432 -2.07606 0.202982
23.6426 0.625517 -0.0655685 -0.934432 -2.0634 0.441752

23.6426 0.625518 -0.103555 -0.896445 -2.06342 0.441754
23.6499 0.624672 -0.103555 -0.896445 -2.02343 0.682305

23.6499 0.624672 -0.138794 -0.861206 -2.02347 0.682308
23.6572 0.623492 -0.138794 -0.861206 -1.97101 0.894613

23.6646 0.621972 -0.171714 -0.828286 -1.91155 1.08372
23.6617 0.622559 -0.171714 -0.828286 -1.93975 1.01557

23.6572 0.623495 -0.171714 -0.828286 -1.97113 0.894613
23.6617 0.622559 -0.171714 -0.828286 -1.93968 1.01608

23.6646 0.621982 -0.203579 -0.796421 -1.91186 1.08366
23.6719 0.620109 -0.203579 -0.796421 -1.84421 1.2879

23.7378 0.585818 -0.436346 -0.563654 -0.504503 2.56728
23.7376 0.585938 -0.436346 -0.563654 -0.508429 2.56564

23.7378 0.585741 -0.450285 -0.549715 -0.501337 2.56713
23.7451 0.579742 -0.450285 -0.549715 -0.317503 2.62989

23.7598 0.566202 -0.491089 -0.508911 0.0433558 2.69458
23.7545 0.571289 -0.491089 -0.508911 -0.0854552 2.67675

23.7524 0.573243 -0.470598 -0.529402 -0.13684 2.66918
23.7464 0.578613 -0.470598 -0.529402 -0.283124 2.63604

23.7451 0.579706 -0.462472 -0.537528 -0.316032 2.62967
23.7464 0.578613 -0.462472 -0.537528 -0.283007 2.63591

23.7524 0.573183 -0.483001 -0.516999 -0.134536 2.66873
23.7545 0.571289 -0.483001 -0.516999 -0.0851658 2.67648

23.7744 0.550368 -0.531057 -0.468943 0.401587 2.70478
23.7689 0.556641 -0.531057 -0.468943 0.270734 2.7043

23.7817 0.541597 -0.557956 -0.442044 0.589682 2.70386
23.7814 0.541992 -0.557956 -0.442044 0.581111 2.70483

23.7891 0.532 -0.578345 -0.421655 0.759517 2.66751
23.7871 0.534668 -0.578345 -0.421655 0.716464 2.6825

23.7817 0.541522 -0.561809 -0.438191 0.591981 2.70342
23.7871 0.534668 -0.561809 -0.438191 0.71682 2.68252

23.7814 0.541992 -0.547117 -0.452883 0.581487 2.70469
23.7753 0.549316 -0.547117 -0.452883 0.422611 2.70703

23.7744 0.550358 -0.538006 -0.461994 0.401878 2.70472
23.7753 0.549316 -0.538006 -0.461994 0.422856 2.70683

23.7671 0.558543 -0.514791 -0.485209 0.233012 2.70343
23.762 0.563965 -0.514791 -0.485209 0.103384 2.69875

23.7598 0.566142 -0.502615 -0.497385 0.0456657 2.6941
23.7619 0.563965 -0.502615 -0.497385 0.104084 2.69816

23.7671 0.558544 -0.520802 -0.479198 0.232978 2.70344
23.7688 0.556641 -0.520802 -0.479198 0.271193 2.70399

23.6938 0.61226 -0.289904 -0.710096 -1.51472 1.85964
23.6866 0.615234 -0.289904 -0.710096 -1.62204 1.64544

23.6938 0.612257 -0.315296 -0.684704 -1.51465 1.85967
23.7012 0.608885 -0.315296 -0.684704 -1.33998 2.01708

23.6719 0.620113 -0.234773 -0.765227 -1.84431 1.28787
23.6792 0.617866 -0.234773 -0.765227 -1.7457 1.49846

23.6792 0.61786 -0.263277 -0.736723 -1.74537 1.49843
23.6865 0.615243 -0.263277 -0.736723 -1.62229 1.64483

23.6865 0.615244 -0.289904 -0.710096 -1.62234 1.64483
23.6865 0.615234 -0.289904 -0.710096 -1.62201 1.6452

23.7085 0.605134 -0.339353 -0.660647 -1.18861 2.16953
23.7031 0.60791 -0.339353 -0.660647 -1.30124 2.03367

23.7012 0.608873 -0.339353 -0.660647 -1.33941 2.01705
23.703 0.60791 -0.339353 -0.660647 -1.30102 2.0332

23.7085 0.605135 -0.363189 -0.636811 -1.18864 2.16952
23.7158 0.600958 -0.363189 -0.636811 -1.0193 2.27042

23.7231 0.596344 -0.386956 -0.613044 -0.89133 2.36561
23.7164 0.600586 -0.386956 -0.613044 -1.00852 2.27116

23.7305 0.591314 -0.409256 -0.590744 -0.689887 2.48846
23.7277 0.593262 -0.409256 -0.590744 -0.760111 2.45067

23.7231 0.596307 -0.409578 -0.590422 -0.889345 2.36541
23.7275 0.593262 -0.409578 -0.590422 -0.759833 2.44929

23.7158 0.600948 -0.377214 -0.622786 -1.01891 2.27037
23.7164 0.600586 -0.377214 -0.622786 -1.00848 2.27113

23.7305 0.591254 -0.430179 -0.569821 -0.687518 2.48866
23.7375 0.585938 -0.430179 -0.569821 -0.507609 2.56409

23.8184 0.486137 -0.64319 -0.35681 1.41167 2.42765
23.8158 0.490723 -0.64319 -0.35681 1.35841 2.46529

23.8158 0.490723 -0.633039 -0.366961 1.35836 2.46528
23.8116 0.498047 -0.633039 -0.366961 1.24688 2.49453

23.8037 0.5108 -0.612745 -0.387255 1.1117 2.58689
23.8025 0.512695 -0.612745 -0.387255 1.08042 2.6041

23.7964 0.521792 -0.58775 -0.41225 0.907786 2.63131
23.7925 0.527344 -0.58775 -0.41225 0.813492 2.65342

23.8025 0.512695 -0.600426 -0.399574 1.08062 2.60417
23.7976 0.52002 -0.600426 -0.399574 0.942671 2.63079

23.7964 0.52179 -0.596224 -0.403776 0.907856 2.63129
23.7976 0.52002 -0.596224 -0.403776 0.943071 2.63047

23.811 0.498935 -0.622249 -0.377751 1.23231 2.49749
23.8071 0.505371 -0.622249 -0.377751 1.15434 2.5404

23.8037 0.510741 -0.611947 -0.388053 1.11315 2.58651
23.8071 0.505371 -0.611947 -0.388053 1.15454 2.54039

23.811 0.498922 -0.626373 -0.373627 1.23259 2.49741
23.8116 0.498047 -0.626373 -0.373627 1.24705 2.49446

23.8257 0.472353 -0.661356 -0.338644 1.54762 2.34072
23.8238 0.476074 -0.661356 -0.338644 1.50814 2.36356

23.8238 0.476074 -0.652426 -0.347574 1.50819 2.36357
23.8199 0.483398 -0.652426 -0.347574 1.43306 2.4087

23.8257 0.472318 -0.661356 -0.338644 1.54813 2.34046
23.8275 0.46875 -0.661356 -0.338644 1.57734 2.31964

23.8184 0.486106 -0.64319 -0.35681 1.41214 2.4274
23.8199 0.483398 -0.64319 -0.35681 1.43319 2.40868

23.7891 0.531968 -0.575248 -0.424752 0.760297 2.66734
23.7925 0.527344 -0.575248 -0.424752 0.81375 2.65329

23.9165 0 -0.997581 -0.00241917 2.74714 0
23.9165 0.00732422 -0.997581 -0.00241917 2.74355 0.0270591

23.9165 0.00732422 -0.992949 -0.00705094 2.74355 0.0270591
23.9164 0.0146484 -0.992949 -0.00705094 2.7331 0.0551662

23.9164 0.0146484 -0.98785 -0.0121498 2.73308 0.0551658
23.9163 0.0219727 -0.98785 -0.0121498 2.71695 0.078571

23.9163 0.0219727 -0.981706 -0.0182944 2.71694 0.0785683
23.9162 0.0292969 -0.981706 -0.0182944 2.70267 0.0936831

23.9162 0.0292969 -0.977438 -0.0225621 2.70273 0.0937249
23.916 0.0366211 -0.977438 -0.0225621 2.71092 0.108388

23.916 0.0366211 -0.976019 -0.0239805 2.71094 0.108406
23.9158 0.0439453 -0.976019 -0.0239805 2.76015 0.134521

23.9158 0.0439453 -0.975055 -0.0249448 2.76014 0.134517
23.9156 0.0512695 -0.975055 -0.0249448 2.81376 0.174184

23.9157 0.0512695 -0.971981 -0.0280193 2.81373 0.174172
23.9154 0.0585938 -0.971981 -0.0280193 2.81399 0.215112

23.9154 0.0585938 -0.966397 -0.033603 2.81397 0.21512
23.9152 0.065918 -0.966397 -0.033603 2.78741 0.249655

23.9152 0.065918 -0.960743 -0.0392569 2.78742 0.249646
23.9149 0.0732422 -0.960743 -0.0392569 2.7676 0.277383

23.9149 0.0732422 -0.955057 -0.0449434 2.76759 0.277394
23.9145 0.0805664 -0.955057 -0.0449434 2.74278 0.305185

23.9145 0.0805664 -0.949398 -0.0506019 2.7428 0.305177
23.9142 0.0878906 -0.949398 -0.0506019 2.72526 0.337025

23.9136 0.0975228 -0.940061 -0.0599386 2.71177 0.381327
23.9133 0.102539 -0.940061 -0.0599386 2.71269 0.400802

23.9142 0.0878906 -0.944568 -0.0554317 2.72526 0.337023
23.9137 0.0952148 -0.944568 -0.0554317 2.71572 0.370311

23.9136 0.09751 -0.940061 -0.0599386 2.7118 0.381266
23.9137 0.0952148 -0.940061 -0.0599386 2.71572 0.370311

23.9133 0.102539 -0.935834 -0.0641656 2.7127 0.400805
23.9128 0.109863 -0.935834 -0.0641656 2.70593 0.430269

23.9128 0.109863 -0.931742 -0.0682583 2.70592 0.430267
23.9122 0.117188 -0.931742 -0.0682583 2.70116 0.454989

23.9122 0.117188 -0.925621 -0.0743794 2.7011 0.454963
23.9116 0.124512 -0.925621 -0.0743794 2.74127 0.478616

23.9116 0.124512 -0.918757 -0.0812426 2.74132 0.478621
23.911 0.131836 -0.918757 -0.0812426 2.78493 0.521157

23.911 0.131836 -0.91509 -0.0849102 2.78506 0.521146
23.9103 0.13916 -0.91509 -0.0849102 2.76236 0.576071

23.9103 0.13916 -0.913342 -0.0866577 2.76235 0.576072
23.9096 0.146484 -0.913342 -0.0866577 2.69525 0.617619

23.9096 0.146484 -0.910394 -0.0896057 2.69521 0.617654
23.9089 0.153809 -0.910394 -0.0896057 2.65346 0.637405

23.9089 0.153809 -0.906352 -0.093648 2.65346 0.637406
23.9081 0.161133 -0.906352 -0.093648 2.66549 0.658074

23.9081 0.161133 -0.899558 -0.100442 2.66539 0.658089
23.9065 0.175781 -0.899558 -0.100442 2.66261 0.72048

23.9062 0.177837 -0.890376 -0.109624 2.66159 0.730008
23.9065 0.175781 -0.890376 -0.109624 2.66261 0.72048

