3.63281 0.466698 0.31642 -0.68358 -0.0782324 -0.505353
3.63724 0.46875 0.31642 -0.68358 -0.086927 -0.494246

3.63717 0.46875 0.31642 -0.68358 -0.0870131 -0.494343
3.64014 0.470125 0.31642 -0.68358 -0.0941176 -0.491672

3.64014 0.470103 0.306519 -0.693481 -0.0939494 -0.491656
3.64746 0.47334 0.306519 -0.693481 -0.11553 -0.47383

3.64746 0.473334 0.296539 -0.703461 -0.115499 -0.473839
3.65396 0.476074 0.296539 -0.703461 -0.12673 -0.459391

3.65387 0.476074 0.296539 -0.703461 -0.126832 -0.459399
3.65479 0.476461 0.296539 -0.703461 -0.128314 -0.459543

3.65479 0.476426 0.286457 -0.713543 -0.128091 -0.459523
3.66211 0.479367 0.286457 -0.713543 -0.146858 -0.448288

3.66211 0.479366 0.276176 -0.723824 -0.146854 -0.448287
3.66943 0.482161 0.276176 -0.723824 -0.161832 -0.422666

3.66943 0.482149 0.265769 -0.734231 -0.161749 -0.42267
3.67289 0.483398 0.265769 -0.734231 -0.167273 -0.415614

3.67283 0.483398 0.265769 -0.734231 -0.167326 -0.415726
3.67676 0.484821 0.265769 -0.734231 -0.17627 -0.40901

3.67676 0.484811 0.255199 -0.744801 -0.176179 -0.409001
3.68408 0.487321 0.255199 -0.744801 -0.198237 -0.387764

3.68408 0.48732 0.244476 -0.755524 -0.198233 -0.387765
3.69141 0.48969 0.244476 -0.755524 -0.208912 -0.362564

3.69141 0.489678 0.233694 -0.766306 -0.20883 -0.36256
3.69483 0.490723 0.233694 -0.766306 -0.21307 -0.356052

3.69477 0.490723 0.233694 -0.766306 -0.213131 -0.356183
3.69873 0.491932 0.233694 -0.766306 -0.220634 -0.350196

3.69873 0.491922 0.222796 -0.777204 -0.220546 -0.350184
3.70605 0.494022 0.222796 -0.777204 -0.239322 -0.333855

3.70605 0.494021 0.211711 -0.788289 -0.239318 -0.333854
3.71338 0.495988 0.211711 -0.788289 -0.25127 -0.305018

3.71338 0.495988 0.200423 -0.799577 -0.251268 -0.305019
3.7207 0.497824 0.200423 -0.799577 -0.260545 -0.287965

3.7207 0.49782 0.188926 -0.811074 -0.260515 -0.287964
3.72168 0.498047 0.188926 -0.811074 -0.261719 -0.287114

3.72166 0.498047 0.188926 -0.811074 -0.261729 -0.28713
3.72803 0.49953 0.188926 -0.811074 -0.274535 -0.275798

3.72803 0.49953 0.177169 -0.822831 -0.27453 -0.275798
3.73535 0.501107 0.177169 -0.822831 -0.29502 -0.254613

3.73535 0.501106 0.165124 -0.834876 -0.295017 -0.254613
3.74268 0.502555 0.165124 -0.834876 -0.308257 -0.228452

3.74268 0.502555 0.152856 -0.847144 -0.308255 -0.228453
3.75 0.503876 0.152856 -0.847144 1e+30 1e+30

