3.52854 0 0.993808 -0.0061922 1.26438 0
3.52858 0.00732422 0.993808 -0.0061922 1.26551 -0.0222169

3.52858 0.00732422 0.982039 -0.0179606 1.26552 -0.0222164
3.52872 0.0146484 0.982039 -0.0179606 1.26027 -0.0406595

3.52869 0.0146484 0.964036 -0.0359638 1.26013 -0.0406545
3.52924 0.0292969 0.964036 -0.0359638 1.26625 -0.0811448

3.52926 0.0292969 0.946671 -0.0533291 1.26636 -0.0811621
3.52968 0.0366211 0.946671 -0.0533291 1.27026 -0.100655

3.52968 0.0366211 0.935706 -0.0642938 1.27025 -0.100652
3.53018 0.0439453 0.935706 -0.0642938 1.27088 -0.121159

3.53017 0.0439453 0.918297 -0.0817027 1.27085 -0.121155
3.53027 0.045074 0.918297 -0.0817027 1.27682 -0.12324

3.53027 0.0451096 0.924333 -0.0756673 1.27686 -0.123336
3.53078 0.0512695 0.924333 -0.0756673 1.27671 -0.143663

3.53078 0.0512695 0.912724 -0.0872763 1.2767 -0.143661
3.53148 0.0585938 0.912724 -0.0872763 1.26661 -0.166806

3.53148 0.0585938 0.90115 -0.09885 1.26661 -0.166807
3.53228 0.065918 0.90115 -0.09885 1.25948 -0.183153

3.53228 0.065918 0.890354 -0.109646 1.25949 -0.183155
3.53318 0.0732422 0.890354 -0.109646 1.25614 -0.19989

3.53318 0.0732422 0.880239 -0.119761 1.25615 -0.19989
3.53418 0.0805664 0.880239 -0.119761 1.24905 -0.217643

3.53418 0.0805664 0.870241 -0.129759 1.24905 -0.217642
3.53527 0.0878906 0.870241 -0.129759 1.24023 -0.234466

3.53527 0.0878906 0.860185 -0.139815 1.24023 -0.234465
3.53646 0.0952148 0.860185 -0.139815 1.23712 -0.254079

3.53646 0.0952148 0.850304 -0.149696 1.23712 -0.254079
3.5376 0.101666 0.850304 -0.149696 1.234 -0.274751

3.5376 0.101662 0.850304 -0.149696 1.23401 -0.274739
3.53775 0.102539 0.850304 -0.149696 1.23287 -0.277953

3.53775 0.102539 0.840818 -0.159182 1.23287 -0.277953
3.53914 0.109863 0.840818 -0.159182 1.23003 -0.30021

3.53914 0.109863 0.831319 -0.168681 1.23002 -0.3002
3.54062 0.117188 0.831319 -0.168681 1.22864 -0.316402

3.54062 0.117188 0.821442 -0.178558 1.22863 -0.316397
3.54221 0.124512 0.821442 -0.178558 1.22127 -0.328724

3.54221 0.124512 0.811352 -0.188648 1.22127 -0.328726
3.54392 0.131836 0.811352 -0.188648 1.20554 -0.334982

3.54391 0.131836 0.801987 -0.198013 1.20552 -0.334992
3.54492 0.135939 0.801987 -0.198013 1.19355 -0.335226

3.54492 0.135887 0.797695 -0.202305 1.1937 -0.335143
3.54761 0.146484 0.797695 -0.202305 1.18535 -0.354071

3.54763 0.146484 0.784527 -0.215473 1.18548 -0.35407
3.54964 0.153809 0.784527 -0.215473 1.17878 -0.376472

3.54964 0.153809 0.775174 -0.224826 1.17877 -0.376471
3.55177 0.161133 0.775174 -0.224826 1.15755 -0.393631

3.55176 0.161133 0.765701 -0.234299 1.15752 -0.39363
3.55225 0.162724 0.765701 -0.234299 1.15377 -0.395123

3.55225 0.162697 0.765701 -0.234299 1.15387 -0.395098
3.55401 0.168457 0.765701 -0.234299 1.14189 -0.410397

3.55401 0.168457 0.756465 -0.243535 1.14189 -0.410395
3.55637 0.175781 0.756465 -0.243535 1.13498 -0.430326

3.55637 0.175781 0.747727 -0.252273 1.13499 -0.430326
3.55884 0.183105 0.747727 -0.252273 1.13017 -0.447426

3.55883 0.183105 0.739414 -0.260586 1.13013 -0.447413
3.55957 0.18521 0.739414 -0.260586 1.12789 -0.454552

3.55957 0.185173 0.739414 -0.260586 1.12798 -0.454443
3.56142 0.19043 0.739414 -0.260586 1.11907 -0.465608

3.56142 0.19043 0.730923 -0.269077 1.11904 -0.465595
3.56411 0.197754 0.730923 -0.269077 1.10116 -0.477242

3.56411 0.197754 0.722241 -0.277759 1.10116 -0.477242
3.56689 0.204987 0.722241 -0.277759 1.07806 -0.483549

3.56689 0.204983 0.722241 -0.277759 1.07808 -0.483544
3.56693 0.205078 0.722241 -0.277759 1.07779 -0.483632

3.56693 0.205078 0.713743 -0.286257 1.07779 -0.483633
3.56987 0.212402 0.713743 -0.286257 1.06364 -0.494204

3.56987 0.212402 0.705406 -0.294594 1.06364 -0.494204
3.57293 0.219727 0.705406 -0.294594 1.05173 -0.512821

3.57292 0.219727 0.697078 -0.302922 1.0517 -0.512806
3.57422 0.222725 0.697078 -0.302922 1.04616 -0.520201

3.57422 0.222692 0.697078 -0.302922 1.04627 -0.520144
3.57611 0.227051 0.697078 -0.302922 1.03782 -0.531015

3.57611 0.227051 0.688592 -0.311408 1.03779 -0.531004
3.57942 0.234375 0.688592 -0.311408 1.02078 -0.550491

3.57941 0.234375 0.679959 -0.320041 1.02077 -0.550475
3.58154 0.238902 0.679959 -0.320041 1.00632 -0.562146

3.58154 0.238879 0.679959 -0.320041 1.00642 -0.562129
3.58287 0.241699 0.679959 -0.320041 0.99726 -0.567824

3.58286 0.241699 0.671194 -0.328806 0.997238 -0.567802
3.58645 0.249023 0.671194 -0.328806 0.977914 -0.578023

3.58645 0.249023 0.662475 -0.337525 0.977903 -0.578023
3.58887 0.253773 0.662475 -0.337525 0.966961 -0.583135

3.58887 0.253756 0.662475 -0.337525 0.967036 -0.583112
3.59019 0.256348 0.662475 -0.337525 0.96028 -0.587899

3.59018 0.256348 0.653922 -0.346078 0.960257 -0.587894
3.59406 0.263672 0.653922 -0.346078 0.940049 -0.601548

3.59405 0.263672 0.645476 -0.354524 0.940022 -0.601542
3.59619 0.267571 0.645476 -0.354524 0.927359 -0.608108

3.59619 0.267541 0.645476 -0.354524 0.927502 -0.608071
3.59809 0.270996 0.645476 -0.354524 0.917536 -0.615189

3.59808 0.270996 0.637024 -0.362976 0.917501 -0.615174
3.60225 0.27832 0.637024 -0.362976 0.894255 -0.627823

3.60223 0.27832 0.628578 -0.371422 0.894188 -0.627805
3.60352 0.280494 0.628578 -0.371422 0.885742 -0.631766

3.60352 0.280447 0.628408 -0.371592 0.886015 -0.631704
3.60659 0.285645 0.628408 -0.371592 0.872464 -0.64167

3.60658 0.285645 0.61963 -0.38037 0.87243 -0.641652
3.61084 0.292586 0.61963 -0.38037 0.84889 -0.655791

3.61084 0.292577 0.624668 -0.375332 0.848945 -0.655784
3.61108 0.292969 0.624668 -0.375332 0.847115 -0.656612

3.61107 0.292969 0.610813 -0.389187 0.847112 -0.65661
3.61574 0.300293 0.610813 -0.389187 0.821734 -0.668834

3.61573 0.300293 0.601979 -0.398021 0.821695 -0.668824
3.61816 0.303976 0.601979 -0.398021 0.810842 -0.674368

3.61816 0.303945 0.601942 -0.398058 0.810987 -0.674349
3.62059 0.307617 0.601942 -0.398058 0.801158 -0.680851

3.62058 0.307617 0.592918 -0.407082 0.801122 -0.680826
3.62549 0.314766 0.592918 -0.407082 0.778262 -0.690132

3.62549 0.314763 0.59371 -0.40629 0.778281 -0.69013
3.62561 0.314941 0.59371 -0.40629 0.777584 -0.690367

3.62561 0.314941 0.583936 -0.416064 0.777579 -0.690365
3.63083 0.322266 0.583936 -0.416064 0.754375 -0.700831

3.63083 0.322266 0.581113 -0.418887 0.754392 -0.700832
3.63281 0.325014 0.581113 -0.418887 0.749433 -0.704845

3.63281 0.32494 0.575055 -0.424945 0.74979 -0.70475
3.63625 0.32959 0.575055 -0.424945 0.731659 -0.716559

3.63623 0.32959 0.566116 -0.433884 0.731587 -0.716533
3.64014 0.334688 0.566116 -0.433884 0.706812 -0.728843

3.64014 0.334653 0.567819 -0.432181 0.707048 -0.728809
3.64186 0.336914 0.567819 -0.432181 0.697653 -0.733754

3.64185 0.336914 0.556732 -0.443268 0.697616 -0.733737
3.64746 0.343965 0.556732 -0.443268 0.656794 -0.742141

3.64746 0.343962 0.554073 -0.445927 0.656828 -0.74214
3.64768 0.344238 0.554073 -0.445927 0.65476 -0.742289

3.64767 0.344238 0.547182 -0.452818 0.654742 -0.742286
3.65374 0.351562 0.547182 -0.452818 0.610677 -0.745514

3.6537 0.351562 0.542014 -0.457986 0.610593 -0.74551
3.65479 0.352844 0.542014 -0.457986 0.604221 -0.745803

3.65479 0.352775 0.537484 -0.462516 0.604711 -0.745793
3.66004 0.358887 0.537484 -0.462516 0.579708 -0.752318

3.66002 0.358887 0.531938 -0.468062 0.579642 -0.752271
3.66211 0.361263 0.531938 -0.468062 0.570995 -0.75717

3.66211 0.361171 0.529534 -0.470466 0.571531 -0.757123
3.66659 0.366211 0.529534 -0.470466 0.551864 -0.766665

3.66658 0.366211 0.521717 -0.478283 0.551851 -0.766654
3.66943 0.369322 0.521717 -0.478283 0.539036 -0.773237

3.66943 0.369251 0.517937 -0.482063 0.539475 -0.773209
3.67342 0.373535 0.517937 -0.482063 0.515426 -0.780854

3.6734 0.373535 0.510911 -0.489089 0.515388 -0.780847
3.67676 0.377038 0.510911 -0.489089 0.494155 -0.78402

3.67676 0.37699 0.505705 -0.494295 0.494549 -0.783996
3.68054 0.380859 0.505705 -0.494295 0.472946 -0.787642

3.68051 0.380859 0.499681 -0.500319 0.472869 -0.787626
3.68408 0.384428 0.499681 -0.500319 0.452988 -0.791195

3.68408 0.384398 0.493671 -0.506329 0.453233 -0.791181
3.68797 0.388184 0.493671 -0.506329 0.430486 -0.793231

3.68792 0.388184 0.488459 -0.511541 0.430399 -0.793239
3.69141 0.391515 0.488459 -0.511541 0.408377 -0.792976

3.69141 0.391505 0.481264 -0.518736 0.408468 -0.792975
3.69572 0.395508 0.481264 -0.518736 0.385107 -0.790767

3.69566 0.395508 0.477424 -0.522576 0.385011 -0.790842
3.69873 0.398316 0.477424 -0.522576 0.367562 -0.786735

3.69873 0.398318 0.469699 -0.530301 0.367549 -0.786734
3.70383 0.402832 0.469699 -0.530301 0.343996 -0.779396

3.70375 0.402832 0.466802 -0.533198 0.343877 -0.779457
3.70605 0.404849 0.466802 -0.533198 0.333589 -0.776927

3.70605 0.404831 0.461012 -0.538988 0.333719 -0.776934
3.71228 0.410156 0.461012 -0.538988 0.308434 -0.770127

3.71221 0.410156 0.456351 -0.543649 0.308354 -0.77011
3.71338 0.411136 0.456351 -0.543649 0.304091 -0.769516

3.71338 0.411101 0.450851 -0.549149 0.30429 -0.769548
3.7207 0.417114 0.450851 -0.549149 0.276631 -0.770352

3.7207 0.417105 0.443043 -0.556957 0.276685 -0.770362
3.72118 0.41748 0.443043 -0.556957 0.274834 -0.770777

3.72117 0.41748 0.440673 -0.559327 0.274832 -0.770769
3.72803 0.422882 0.440673 -0.559327 0.242988 -0.768287

3.72803 0.42287 0.427788 -0.572212 0.243069 -0.768317
3.73061 0.424805 0.427788 -0.572212 0.229676 -0.763407

3.73056 0.424805 0.430324 -0.569676 0.229683 -0.763409
3.73535 0.428427 0.430324 -0.569676 0.201191 -0.75565

3.73535 0.428402 0.4206 -0.5794 0.20143 -0.755644
3.74049 0.432129 0.4206 -0.5794 0.183387 -0.742548

3.74039 0.432129 0.412834 -0.587166 0.183266 -0.742671
3.74268 0.433739 0.412834 -0.587166 0.174584 -0.739351

3.74268 0.433732 0.41058 -0.58942 0.174635 -0.739354
3.75 0.438833 0.41058 -0.58942 1e+30 1e+30

