17.5781 0.235418 0.783441 -0.216559 2.64739 -0.21184
17.5799 0.241699 0.783441 -0.216559 2.64323 -0.226095

17.5799 0.241699 0.77786 -0.22214 2.64322 -0.226092
17.582 0.249023 0.77786 -0.22214 2.64037 -0.242393

17.582 0.249023 0.772242 -0.227758 2.64037 -0.242394
17.5841 0.256348 0.772242 -0.227758 2.63405 -0.259873

17.5841 0.256348 0.766628 -0.233372 2.63404 -0.259867
17.5854 0.260746 0.766628 -0.233372 2.62842 -0.268588

17.5854 0.260739 0.766628 -0.233372 2.62843 -0.268583
17.5863 0.263672 0.766628 -0.233372 2.62406 -0.272905

17.5863 0.263672 0.760977 -0.239023 2.62406 -0.272901
17.5886 0.270996 0.760977 -0.239023 2.62095 -0.285461

17.5886 0.270996 0.755219 -0.244781 2.62095 -0.285459
17.591 0.27832 0.755219 -0.244781 2.61505 -0.302795

17.591 0.27832 0.74967 -0.25033 2.61505 -0.302799
17.5928 0.283586 0.74967 -0.25033 2.603 -0.313025

17.5928 0.283578 0.74967 -0.25033 2.60303 -0.313017
17.5935 0.285645 0.74967 -0.25033 2.59794 -0.316681

17.5935 0.285645 0.744432 -0.255568 2.59793 -0.316676
17.596 0.292969 0.744432 -0.255568 2.58914 -0.331555

17.596 0.292969 0.738957 -0.261043 2.58913 -0.331552
17.5986 0.300293 0.738957 -0.261043 2.58182 -0.357429

17.5986 0.300293 0.733296 -0.266704 2.58181 -0.35742
17.6001 0.304522 0.733296 -0.266704 2.57584 -0.370094

17.6001 0.304511 0.733296 -0.266704 2.57587 -0.370081
17.6012 0.307617 0.733296 -0.266704 2.56972 -0.378289

17.6012 0.307617 0.727674 -0.272326 2.56971 -0.378278
17.604 0.314941 0.727674 -0.272326 2.56223 -0.396849

17.604 0.314941 0.722144 -0.277856 2.56223 -0.39685
17.6068 0.322266 0.722144 -0.277856 2.54437 -0.416904

17.6068 0.322266 0.716863 -0.283137 2.54435 -0.416881
17.6074 0.323898 0.716863 -0.283137 2.53835 -0.420828

17.6074 0.323872 0.716863 -0.283137 2.53847 -0.420798
17.6097 0.32959 0.716863 -0.283137 2.52325 -0.434919

17.6097 0.32959 0.711473 -0.288527 2.52324 -0.434907
17.6126 0.336914 0.711473 -0.288527 2.50834 -0.458926

17.6126 0.336914 0.70586 -0.29414 2.50834 -0.45892
17.6147 0.341957 0.70586 -0.29414 2.49639 -0.474643

17.6147 0.341947 0.70586 -0.29414 2.49643 -0.474631
17.6157 0.344238 0.70586 -0.29414 2.49102 -0.480995

17.6157 0.344238 0.700244 -0.299756 2.49101 -0.480982
17.6188 0.351562 0.700244 -0.299756 2.48302 -0.505634

17.6188 0.351562 0.69467 -0.30533 2.48302 -0.505636
17.6221 0.358887 0.69467 -0.30533 2.45926 -0.537409

17.622 0.358887 0.68934 -0.31066 2.45923 -0.537312
17.6221 0.358968 0.68934 -0.31066 2.45882 -0.537601

17.6221 0.358925 0.68934 -0.31066 2.45907 -0.537549
17.6254 0.366211 0.68934 -0.31066 2.44191 -0.562985

17.6254 0.366211 0.683836 -0.316164 2.44189 -0.562972
17.6287 0.373535 0.683836 -0.316164 2.42069 -0.601194

17.6287 0.373535 0.678065 -0.321935 2.42068 -0.601095
17.6294 0.374948 0.678065 -0.321935 2.41395 -0.606893

17.6294 0.374913 0.678065 -0.321935 2.41414 -0.606872
17.6322 0.380859 0.678065 -0.321935 2.40284 -0.630527

17.6322 0.380859 0.672029 -0.327971 2.40281 -0.630496
17.6358 0.388184 0.672029 -0.327971 2.37943 -0.674743

17.6358 0.388184 0.666108 -0.333892 2.3794 -0.674625
17.6367 0.390071 0.666108 -0.333892 2.3678 -0.685686

17.6367 0.390027 0.666108 -0.333892 2.36812 -0.685617
17.6395 0.395508 0.666108 -0.333892 2.34961 -0.712664

17.6395 0.395508 0.660342 -0.339658 2.34957 -0.712613
17.6432 0.402832 0.660342 -0.339658 2.31307 -0.744469

17.6432 0.402832 0.654651 -0.345349 2.31303 -0.74438
17.644 0.404415 0.654651 -0.345349 2.30208 -0.74978

17.644 0.404367 0.654651 -0.345349 2.30247 -0.749747
17.6471 0.410156 0.654651 -0.345349 2.28514 -0.776039

17.6471 0.410156 0.64867 -0.35133 2.28507 -0.775992
17.6511 0.41748 0.64867 -0.35133 2.24598 -0.82954

17.651 0.41748 0.643652 -0.356348 2.24593 -0.829311
17.6514 0.418097 0.643652 -0.356348 2.24059 -0.832654

17.6514 0.418039 0.642274 -0.357726 2.24116 -0.832612
17.6551 0.424805 0.642274 -0.357726 2.21721 -0.869837

17.6551 0.424805 0.635972 -0.364028 2.2172 -0.869766
17.6587 0.431026 0.635972 -0.364028 2.1844 -0.923983

17.6587 0.43101 0.636369 -0.363631 2.18459 -0.923963
17.6593 0.432129 0.636369 -0.363631 2.17295 -0.931533

17.6593 0.432129 0.629444 -0.370556 2.17293 -0.931452
17.6636 0.439453 0.629444 -0.370556 2.1214 -0.978742

17.6636 0.439453 0.623194 -0.376806 2.12139 -0.978632
17.666 0.443407 0.623194 -0.376806 2.09693 -1.00898

17.666 0.443363 0.623194 -0.376806 2.09733 -1.0089
17.6681 0.446777 0.623194 -0.376806 2.07552 -1.03381

17.6681 0.446777 0.616359 -0.383641 2.07541 -1.03359
17.6726 0.454102 0.616359 -0.383641 2.01217 -1.08793

17.6726 0.454102 0.61505 -0.38495 2.01215 -1.08763
17.6733 0.455303 0.61505 -0.38495 1.99792 -1.09538

17.6733 0.455215 0.608972 -0.391028 1.99902 -1.09544
17.6773 0.461426 0.608972 -0.391028 1.9645 -1.14169

17.6773 0.461426 0.601993 -0.398007 1.96447 -1.14138
17.6807 0.466497 0.601993 -0.398007 1.93477 -1.20525

17.6807 0.466448 0.603524 -0.396476 1.93553 -1.20522
17.6822 0.46875 0.603524 -0.396476 1.90454 -1.22721

17.6822 0.46875 0.594384 -0.405616 1.90447 -1.22692
17.6872 0.476074 0.594384 -0.405616 1.80491 -1.27585

17.6871 0.476074 0.593578 -0.406422 1.80492 -1.27542
17.688 0.477349 0.593578 -0.406422 1.78665 -1.28246

17.688 0.477236 0.586833 -0.413167 1.78824 -1.28272
17.6923 0.483398 0.586833 -0.413167 1.73741 -1.32974

17.6923 0.483398 0.580093 -0.419907 1.73739 -1.32908
17.6953 0.487568 0.580093 -0.419907 1.7117 -1.38639

17.6953 0.487489 0.581305 -0.418695 1.71263 -1.38643
17.6976 0.490723 0.581305 -0.418695 1.67973 -1.42544

17.6976 0.490723 0.570385 -0.429615 1.67964 -1.42479
17.7026 0.497405 0.570385 -0.429615 1.58254 -1.4907

17.7026 0.497375 0.569306 -0.430694 1.58315 -1.49082
17.7031 0.498047 0.569306 -0.430694 1.56819 -1.49633

17.7031 0.498047 0.560875 -0.439125 1.56823 -1.49614
17.7089 0.505371 0.560875 -0.439125 1.45646 -1.55107

17.7088 0.505371 0.557301 -0.442699 1.45656 -1.54987
17.71 0.506834 0.557301 -0.442699 1.44381 -1.56429

17.71 0.506695 0.552873 -0.447127 1.44486 -1.56484
17.7148 0.512695 0.552873 -0.447127 1.38093 -1.6232

17.7148 0.512695 0.549064 -0.450936 1.38113 -1.62224
17.7173 0.515767 0.549064 -0.450936 1.34051 -1.65015

17.7173 0.515635 0.546123 -0.453877 1.34183 -1.65099
17.7209 0.52002 0.546123 -0.453877 1.27417 -1.68197

17.7209 0.52002 0.538139 -0.461861 1.27414 -1.68209
17.7246 0.524299 0.538139 -0.461861 1.20422 -1.69588

17.7246 0.524217 0.532148 -0.467852 1.20494 -1.69658
17.7274 0.527344 0.532148 -0.467852 1.16445 -1.71144

17.7274 0.527344 0.525648 -0.474352 1.16438 -1.71167
17.7319 0.532397 0.525648 -0.474352 1.09865 -1.74388

17.7319 0.532325 0.518441 -0.481559 1.09939 -1.74447
17.7341 0.534668 0.518441 -0.481559 1.06578 -1.75968

17.7341 0.534668 0.513214 -0.486786 1.06583 -1.7595
17.7393 0.540107 0.513214 -0.486786 0.97134 -1.78951

17.7393 0.540063 0.505936 -0.494064 0.971997 -1.78992
17.7411 0.541992 0.505936 -0.494064 0.932563 -1.80032

17.7411 0.541992 0.498745 -0.501255 0.932773 -1.79977
17.7466 0.547442 0.498745 -0.501255 0.819198 -1.82663

17.7466 0.547413 0.491383 -0.508617 0.819645 -1.82691
17.7486 0.549316 0.491383 -0.508617 0.778207 -1.83635

17.7485 0.549316 0.482745 -0.517255 0.778607 -1.83545
17.7539 0.554372 0.482745 -0.517255 0.672792 -1.8762

17.7539 0.554361 0.475411 -0.524589 0.672946 -1.87633
17.7564 0.556641 0.475411 -0.524589 0.625897 -1.8954

17.7563 0.556641 0.467758 -0.532242 0.626469 -1.89392
17.7612 0.560942 0.467758 -0.532242 0.528173 -1.92128

17.7612 0.560941 0.457063 -0.542937 0.52819 -1.9213
17.7648 0.563965 0.457063 -0.542937 0.451532 -1.93568

17.7647 0.563965 0.451499 -0.548501 0.452565 -1.93382
17.7686 0.567141 0.451499 -0.548501 0.365734 -1.93451

17.7686 0.567131 0.443264 -0.556736 0.365899 -1.93462
17.7738 0.571289 0.443264 -0.556736 0.251773 -1.92695

17.7736 0.571289 0.436233 -0.563767 0.252916 -1.92607
17.7759 0.573014 0.436233 -0.563767 0.206538 -1.92048

17.7759 0.572982 0.428087 -0.571913 0.207037 -1.92087
17.7832 0.578464 0.428087 -0.571913 0.0573671 -1.91662

17.7832 0.578613 0.419829 -0.580171 0.0552394 -1.91455
17.7832 0.578634 0.419829 -0.580171 0.0546783 -1.91458

17.7832 0.578457 0.413921 -0.586079 0.0574789 -1.9167
17.7834 0.578613 0.413921 -0.586079 0.0531755 -1.91704

17.7834 0.578613 0.411883 -0.588117 0.0533081 -1.91688
17.7905 0.583599 0.411883 -0.588117 -0.100834 -1.9017

17.7905 0.583559 0.395114 -0.604886 -0.1001 -1.90231
17.7942 0.585938 0.395114 -0.604886 -0.176855 -1.8762

17.7941 0.585938 0.395055 -0.604945 -0.175986 -1.87595
17.7979 0.588404 0.395055 -0.604945 -0.253644 -1.85033

17.7979 0.588378 0.377894 -0.622106 -0.253185 -1.85064
17.8052 0.592827 0.377894 -0.622106 -0.402683 -1.82712

17.8052 0.592818 0.358807 -0.641193 -0.402487 -1.82722
17.806 0.593262 0.358807 -0.641193 -0.41859 -1.82787

17.8059 0.593262 0.358886 -0.641114 -0.418389 -1.82769
17.8125 0.596931 0.358886 -0.641114 1e+30 1e+30

