24.9249 0 0.992176 -0.0078238 2.74869 0
24.925 0.0146484 0.992176 -0.0078238 2.74643 -0.00753568

24.925 0.0146484 0.977279 -0.0227211 2.74644 -0.00753661
24.9254 0.0292969 0.977279 -0.0227211 2.74976 -0.0143839

24.9254 0.0292969 0.966646 -0.0333539 2.74977 -0.0143959
24.9256 0.0366211 0.966646 -0.0333539 2.75111 -0.0198896

24.9256 0.0366211 0.959516 -0.0404836 2.75111 -0.0198897
24.9259 0.0439453 0.959516 -0.0404836 2.75393 -0.0272406

24.9259 0.0439453 0.952568 -0.047432 2.75393 -0.0272412
24.9263 0.0512695 0.952568 -0.047432 2.762 -0.032301

24.9263 0.0512695 0.945823 -0.0541769 2.762 -0.0323013
24.9267 0.0585938 0.945823 -0.0541769 2.76749 -0.0398685

24.9267 0.0585938 0.93896 -0.0610396 2.76749 -0.039868
24.9272 0.065918 0.93896 -0.0610396 2.76184 -0.0509954

24.9272 0.065918 0.931681 -0.0683191 2.76184 -0.0509954
24.9277 0.0732422 0.931681 -0.0683191 2.74201 -0.0573795

24.9277 0.0732422 0.924116 -0.0758843 2.74201 -0.0573794
24.9283 0.0805664 0.924116 -0.0758843 2.72957 -0.0580409

24.9283 0.0805664 0.91755 -0.0824498 2.72958 -0.0580361
24.929 0.0878906 0.91755 -0.0824498 2.73097 -0.059322

24.929 0.0878906 0.908277 -0.0917234 2.73094 -0.0593202
24.9304 0.102539 0.908277 -0.0917234 2.73093 -0.0684269

24.9304 0.102539 0.89588 -0.10412 2.73093 -0.0684259
24.9316 0.112805 0.89588 -0.10412 2.73548 -0.0760857

24.9316 0.112811 0.89588 -0.10412 2.73549 -0.0760894
24.9321 0.117188 0.89588 -0.10412 2.74079 -0.0791925

24.9322 0.117188 0.886552 -0.113448 2.74081 -0.0792079
24.9331 0.124512 0.886552 -0.113448 2.74709 -0.0854153

24.9331 0.124512 0.879706 -0.120294 2.74709 -0.0854149
24.9341 0.131836 0.879706 -0.120294 2.745 -0.0935659

24.9341 0.131836 0.870989 -0.129011 2.74498 -0.0935551
24.9363 0.146484 0.870989 -0.129011 2.73972 -0.105155

24.9363 0.146484 0.858932 -0.141068 2.73971 -0.105146
24.9387 0.161133 0.858932 -0.141068 2.74165 -0.113533

24.9387 0.161133 0.849486 -0.150514 2.74167 -0.11355
24.939 0.162774 0.849486 -0.150514 2.74336 -0.113981

24.939 0.162775 0.849486 -0.150514 2.74336 -0.113981
24.94 0.168457 0.849486 -0.150514 2.74312 -0.118124

24.94 0.168457 0.843302 -0.156698 2.74312 -0.118124
24.9413 0.175781 0.843302 -0.156698 2.734 -0.125299

24.9413 0.175781 0.833435 -0.166565 2.73398 -0.125274
24.9442 0.19043 0.833435 -0.166565 2.72178 -0.135209

24.9443 0.19043 0.823846 -0.176154 2.72181 -0.135225
24.9458 0.197754 0.823846 -0.176154 2.7215 -0.14124

24.9458 0.197754 0.818498 -0.181502 2.7215 -0.141239
24.9463 0.199845 0.818498 -0.181502 2.72193 -0.143346

24.9463 0.199825 0.818498 -0.181502 2.72193 -0.143333
24.9475 0.205078 0.818498 -0.181502 2.72516 -0.153837

24.9474 0.205078 0.810627 -0.189373 2.72513 -0.153801
24.9509 0.219727 0.810627 -0.189373 2.72477 -0.173872

24.9509 0.219727 0.799693 -0.200307 2.72475 -0.17386
24.9545 0.234375 0.799693 -0.200307 2.71354 -0.193665

24.9545 0.234375 0.791256 -0.208744 2.71357 -0.19369
24.9565 0.241699 0.791256 -0.208744 2.70515 -0.20084

24.9565 0.241699 0.785571 -0.214429 2.70515 -0.20084
24.9585 0.249023 0.785571 -0.214429 2.69356 -0.206239

24.9585 0.249023 0.779999 -0.220001 2.69356 -0.20624
24.9605 0.256348 0.779999 -0.220001 2.68337 -0.209204

24.9605 0.256348 0.774569 -0.225431 2.68337 -0.209202
24.9609 0.257742 0.774569 -0.225431 2.6816 -0.209734

24.9609 0.257735 0.774569 -0.225431 2.68161 -0.209733
24.9627 0.263672 0.774569 -0.225431 2.67825 -0.212912

24.9627 0.263672 0.769052 -0.230948 2.67825 -0.212911
24.9649 0.270996 0.769052 -0.230948 2.68087 -0.221847

24.9649 0.270996 0.763471 -0.236529 2.68087 -0.221848
24.9671 0.27832 0.763471 -0.236529 2.68007 -0.240943

24.9671 0.27832 0.758149 -0.241851 2.68007 -0.240941
24.9683 0.281862 0.758149 -0.241851 2.67796 -0.248763

24.9683 0.281851 0.758149 -0.241851 2.67797 -0.248754
24.9695 0.285645 0.758149 -0.241851 2.67243 -0.257507

24.9695 0.285645 0.753016 -0.246984 2.67243 -0.2575
24.9719 0.292969 0.753016 -0.246984 2.67041 -0.273956

24.9719 0.292969 0.747703 -0.252297 2.67041 -0.273952
24.9743 0.300293 0.747703 -0.252297 2.66519 -0.298257

24.9743 0.300293 0.74215 -0.25785 2.66519 -0.298242
24.9756 0.303882 0.74215 -0.25785 2.65883 -0.309212

24.9756 0.303869 0.74215 -0.25785 2.65886 -0.309195
24.9769 0.307617 0.74215 -0.25785 2.65144 -0.317322

24.9769 0.307617 0.736334 -0.263666 2.65144 -0.317309
24.9795 0.314941 0.736334 -0.263666 2.64351 -0.333447

24.9795 0.314941 0.730441 -0.269559 2.64351 -0.333449
24.9822 0.322266 0.730441 -0.269559 2.62823 -0.354617

24.9822 0.322266 0.724933 -0.275067 2.62822 -0.354599
24.9829 0.324122 0.724933 -0.275067 2.62246 -0.359116

24.9829 0.3241 0.724933 -0.275067 2.62254 -0.359096
24.985 0.32959 0.724933 -0.275067 2.61191 -0.373044

24.985 0.32959 0.719528 -0.280472 2.6119 -0.373032
24.9878 0.336914 0.719528 -0.280472 2.60348 -0.398408

24.9878 0.336914 0.71409 -0.28591 2.60348 -0.39841
24.9902 0.342882 0.71409 -0.28591 2.58891 -0.418815

24.9902 0.342877 0.71409 -0.28591 2.58893 -0.41881
24.9908 0.344238 0.71409 -0.28591 2.58449 -0.422633

24.9908 0.344238 0.708718 -0.291282 2.58448 -0.422621
24.9938 0.351562 0.708718 -0.291282 2.57459 -0.443935

24.9938 0.351562 0.70311 -0.29689 2.57458 -0.443929
24.9969 0.358887 0.70311 -0.29689 2.55634 -0.479151

24.9969 0.358887 0.69761 -0.30239 2.55633 -0.479084
24.9976 0.360479 0.69761 -0.30239 2.54948 -0.485593

24.9976 0.360445 0.69761 -0.30239 2.54965 -0.485552
25.0001 0.366211 0.69761 -0.30239 2.53394 -0.505747

25.0001 0.366211 0.692085 -0.307915 2.53392 -0.505719
25.0033 0.373535 0.692085 -0.307915 2.51232 -0.536204

25.0033 0.373535 0.686484 -0.313516 2.51232 -0.536173
25.0049 0.376987 0.686484 -0.313516 2.49736 -0.549136

25.0049 0.376963 0.686484 -0.313516 2.49747 -0.549121
25.0067 0.380859 0.686484 -0.313516 2.4859 -0.561996

25.0067 0.380859 0.680693 -0.319307 2.48588 -0.561954
25.0101 0.388184 0.680693 -0.319307 2.46998 -0.597521

25.0101 0.388184 0.674817 -0.325183 2.46997 -0.5975
25.0122 0.392582 0.674817 -0.325183 2.45524 -0.62344

25.0122 0.392561 0.674817 -0.325183 2.45536 -0.623413
25.0136 0.395508 0.674817 -0.325183 2.44298 -0.637124

25.0136 0.395508 0.66897 -0.33103 2.44295 -0.637062
25.0172 0.402832 0.66897 -0.33103 2.42133 -0.674888

25.0172 0.402832 0.663254 -0.336746 2.42132 -0.674868
25.0195 0.407344 0.663254 -0.336746 2.40369 -0.701761

25.0195 0.407319 0.663254 -0.336746 2.40387 -0.701726
25.021 0.410156 0.663254 -0.336746 2.38775 -0.716121

25.021 0.410156 0.657443 -0.342557 2.38772 -0.716034
25.0248 0.41748 0.657443 -0.342557 2.35712 -0.757895

25.0248 0.41748 0.651437 -0.348563 2.35711 -0.757827
25.0269 0.421378 0.651437 -0.348563 2.33911 -0.783658

25.0269 0.421346 0.651437 -0.348563 2.33932 -0.783597
25.0287 0.424805 0.651437 -0.348563 2.32471 -0.804752

25.0287 0.424805 0.645137 -0.354863 2.32465 -0.804637
25.0327 0.432129 0.645137 -0.354863 2.28541 -0.854174

25.0327 0.432129 0.638944 -0.361056 2.28538 -0.854019
25.0342 0.434737 0.638944 -0.361056 2.26428 -0.87201

25.0342 0.434684 0.638944 -0.361056 2.26476 -0.871972
25.0369 0.439453 0.638944 -0.361056 2.24445 -0.903564

25.0369 0.439453 0.632803 -0.367197 2.24436 -0.903434
25.0411 0.446777 0.632803 -0.367197 2.18493 -0.955027

25.0411 0.446777 0.630299 -0.369701 2.18491 -0.954698
25.0415 0.447511 0.630299 -0.369701 2.17596 -0.958473

25.0415 0.447431 0.626295 -0.373705 2.17696 -0.958507
25.0455 0.454102 0.626295 -0.373705 2.14092 -0.99835

25.0455 0.454102 0.619729 -0.380271 2.1409 -0.998149
25.0488 0.45957 0.619729 -0.380271 2.11232 -1.05917

25.0488 0.45954 0.620294 -0.379706 2.11271 -1.05915
25.05 0.461426 0.620294 -0.379706 2.09209 -1.07469

25.05 0.461426 0.61234 -0.38766 2.09203 -1.07448
25.0546 0.46875 0.61234 -0.38766 2.01765 -1.12927

25.0546 0.46875 0.607113 -0.392887 2.01763 -1.12899
25.0562 0.471179 0.607113 -0.392887 1.99134 -1.1487

25.0562 0.47109 0.605364 -0.394636 1.99236 -1.14876
25.0594 0.476074 0.605364 -0.394636 1.96605 -1.19202

25.0594 0.476074 0.598425 -0.401575 1.96589 -1.1917
25.0635 0.48219 0.598425 -0.401575 1.90454 -1.25669

25.0635 0.482152 0.603326 -0.396674 1.90521 -1.25673
25.0643 0.483398 0.603326 -0.396674 1.88374 -1.26627

25.0643 0.483398 0.590249 -0.409751 1.88374 -1.26613
25.0694 0.490723 0.590249 -0.409751 1.78994 -1.32362

25.0694 0.490723 0.589682 -0.410318 1.78994 -1.32332
25.0708 0.492806 0.589682 -0.410318 1.76921 -1.34304

25.0708 0.492686 0.582408 -0.417592 1.77041 -1.34328
25.0746 0.498047 0.582408 -0.417592 1.73501 -1.4003

25.0746 0.498047 0.574812 -0.425188 1.735 -1.39937
25.0781 0.502806 0.574812 -0.425188 1.69409 -1.4724

25.0781 0.50272 0.578802 -0.421198 1.69556 -1.47262
25.0801 0.505371 0.578802 -0.421198 1.65006 -1.50415

25.08 0.505371 0.565078 -0.434922 1.65008 -1.50351
25.0854 0.512422 0.565078 -0.434922 1.51767 -1.55078

25.0854 0.512409 0.562717 -0.437283 1.5179 -1.55086
25.0857 0.512695 0.562717 -0.437283 1.51169 -1.55234

25.0857 0.512695 0.555742 -0.444258 1.51166 -1.55243
25.0915 0.52002 0.555742 -0.444258 1.41758 -1.61348

25.0915 0.52002 0.551953 -0.448047 1.41773 -1.61188
25.0928 0.521638 0.551953 -0.448047 1.41096 -1.634

25.0928 0.52151 0.547152 -0.452848 1.41128 -1.63455
25.0976 0.527344 0.547152 -0.452848 1.34742 -1.69912

25.0976 0.527344 0.541643 -0.458357 1.3477 -1.6982
25.1001 0.530352 0.541643 -0.458357 1.30011 -1.72031

25.1001 0.530221 0.539263 -0.460737 1.30157 -1.72142
25.1039 0.534668 0.539263 -0.460737 1.21984 -1.74912

25.1039 0.534668 0.529402 -0.470598 1.21978 -1.74923
25.1074 0.538624 0.529402 -0.470598 1.1418 -1.75699

25.1074 0.538539 0.524019 -0.475981 1.14268 -1.75778
25.1106 0.541992 0.524019 -0.475981 1.08995 -1.76961

25.1105 0.541992 0.517097 -0.482903 1.09002 -1.76944
25.1147 0.546489 0.517097 -0.482903 1.01718 -1.79166

25.1147 0.54643 0.510517 -0.489483 1.01786 -1.79214
25.1175 0.549316 0.510517 -0.489483 0.971734 -1.80964

25.1175 0.549316 0.503571 -0.496429 0.971914 -1.80905
25.1221 0.553979 0.503571 -0.496429 0.8912 -1.84846

25.1221 0.553932 0.496153 -0.503847 0.892034 -1.84891
25.1248 0.556641 0.496153 -0.503847 0.827473 -1.86835

25.1248 0.556641 0.488401 -0.511599 0.827866 -1.86727
25.1294 0.561069 0.488401 -0.511599 0.719882 -1.89933

25.1294 0.561043 0.479991 -0.520009 0.720247 -1.89962
25.1326 0.563965 0.479991 -0.520009 0.656099 -1.92173

25.1325 0.563965 0.472587 -0.527413 0.656731 -1.92024
25.1367 0.567769 0.472587 -0.527413 0.568627 -1.94581

25.1367 0.567766 0.461603 -0.538397 0.568665 -1.94584
25.1408 0.571289 0.461603 -0.538397 0.477551 -1.96216

25.1407 0.571289 0.457163 -0.542837 0.478784 -1.96067
25.144 0.574105 0.457163 -0.542837 0.400875 -1.96472

25.144 0.574083 0.448118 -0.551882 0.401229 -1.96499
25.1496 0.578613 0.448118 -0.551882 0.271406 -1.96249

25.1495 0.578613 0.441189 -0.558811 0.272696 -1.96141
25.1514 0.580094 0.441189 -0.558811 0.23093 -1.95771

25.1514 0.580049 0.432358 -0.567642 0.231637 -1.9583
25.1587 0.585627 0.432358 -0.567642 0.071118 -1.95663

25.1587 0.585618 0.417567 -0.582433 0.0712699 -1.95675
25.1591 0.585938 0.417567 -0.582433 1e+30 1e+30

