19.993 0 0.995567 -0.00443295 2.71115 0
19.993 0.00732422 0.995567 -0.00443295 2.71828 -0.00836726

19.993 0.00732422 0.987099 -0.0129014 2.71828 -0.0083685
19.9931 0.0146484 0.987099 -0.0129014 2.72488 -0.0149958

19.9931 0.0146484 0.975614 -0.0243857 2.72485 -0.0149888
19.9935 0.0292969 0.975614 -0.0243857 2.7223 -0.028582

19.9934 0.0292969 0.953743 -0.0462572 2.72221 -0.0285631
19.9948 0.0585938 0.953743 -0.0462572 2.72159 -0.0533711

19.9949 0.0585938 0.93282 -0.0671804 2.72168 -0.0533946
19.9951 0.0619317 0.93282 -0.0671804 2.72237 -0.0563562

19.9951 0.0619284 0.93282 -0.0671804 2.72237 -0.0563533
19.9959 0.0732422 0.93282 -0.0671804 2.71806 -0.065833

19.9959 0.0732422 0.919048 -0.0809523 2.71806 -0.0658323
19.9972 0.0878906 0.919048 -0.0809523 2.71194 -0.0793674

19.9972 0.0878906 0.905327 -0.0946733 2.71193 -0.0793661
19.9988 0.102539 0.905327 -0.0946733 2.71416 -0.0980163

19.9988 0.102539 0.895439 -0.104561 2.71421 -0.0980424
19.9996 0.109863 0.895439 -0.104561 2.71511 -0.11002

19.9996 0.109863 0.890096 -0.109904 2.7151 -0.110016
20.0005 0.117188 0.890096 -0.109904 2.71148 -0.121886

20.0005 0.117188 0.883945 -0.116055 2.71147 -0.121875
20.0015 0.124512 0.883945 -0.116055 2.7058 -0.130321

20.0015 0.124512 0.877015 -0.122985 2.7058 -0.130312
20.0024 0.13131 0.877015 -0.122985 2.70332 -0.137154

20.0024 0.131308 0.877015 -0.122985 2.70332 -0.137153
20.0025 0.131836 0.877015 -0.122985 2.70342 -0.137747

20.0025 0.131836 0.869988 -0.130012 2.70342 -0.13775
20.0036 0.13916 0.869988 -0.130012 2.70327 -0.143504

20.0036 0.13916 0.863864 -0.136136 2.70327 -0.143519
20.0048 0.146484 0.863864 -0.136136 2.69663 -0.14092

20.0048 0.146484 0.858193 -0.141807 2.69663 -0.140917
20.006 0.153809 0.858193 -0.141807 2.68903 -0.136941

20.006 0.153809 0.852607 -0.147393 2.68904 -0.136943
20.0072 0.161133 0.852607 -0.147393 2.6894 -0.138159

20.0072 0.161133 0.843119 -0.156881 2.68938 -0.138124
20.0098 0.1748 0.843119 -0.156881 2.69036 -0.145893

20.0098 0.1748 0.843119 -0.156881 2.69036 -0.145893
20.0099 0.175781 0.843119 -0.156881 2.69049 -0.146626

20.0099 0.175781 0.830534 -0.169466 2.69049 -0.146626
20.0129 0.19043 0.830534 -0.169466 2.69099 -0.157742

20.0129 0.19043 0.81854 -0.18146 2.69099 -0.157747
20.0162 0.205078 0.81854 -0.18146 2.68572 -0.167987

20.0162 0.205078 0.806631 -0.193369 2.68571 -0.167978
20.0197 0.219727 0.806631 -0.193369 2.67935 -0.177935

20.0197 0.219727 0.797601 -0.202399 2.67936 -0.177968
20.0216 0.227051 0.797601 -0.202399 2.67724 -0.181485

20.0216 0.227051 0.791946 -0.208054 2.67724 -0.181488
20.0235 0.234375 0.791946 -0.208054 2.67383 -0.187516

20.0235 0.234375 0.786464 -0.213536 2.67383 -0.187513
20.0244 0.237766 0.786464 -0.213536 2.67254 -0.190436

20.0244 0.23776 0.786464 -0.213536 2.67254 -0.190434
20.0255 0.241699 0.786464 -0.213536 2.67034 -0.194196

20.0255 0.241699 0.780685 -0.219315 2.67033 -0.194192
20.0275 0.249023 0.780685 -0.219315 2.66633 -0.203085

20.0275 0.249023 0.774608 -0.225392 2.66633 -0.203084
20.0297 0.256348 0.774608 -0.225392 2.65799 -0.21665

20.0297 0.256348 0.768714 -0.231286 2.65799 -0.216652
20.0317 0.263221 0.768714 -0.231286 2.64515 -0.227439

20.0317 0.263217 0.768714 -0.231286 2.64516 -0.227435
20.0319 0.263672 0.768714 -0.231286 2.64412 -0.228066

20.0319 0.263672 0.763262 -0.236738 2.64412 -0.228066
20.0341 0.270996 0.763262 -0.236738 2.63403 -0.23886

20.0341 0.270996 0.757857 -0.242143 2.63402 -0.238858
20.0365 0.27832 0.757857 -0.242143 2.62971 -0.255438

20.0365 0.27832 0.752269 -0.247731 2.62971 -0.255437
20.0389 0.285645 0.752269 -0.247731 2.62191 -0.272488

20.0389 0.285645 0.74673 -0.25327 2.6219 -0.272472
20.0391 0.286146 0.74673 -0.25327 2.62134 -0.273535

20.0391 0.28613 0.74673 -0.25327 2.62136 -0.27352
20.0414 0.292969 0.74673 -0.25327 2.61713 -0.287131

20.0414 0.292969 0.741156 -0.258844 2.61712 -0.287127
20.0439 0.300293 0.741156 -0.258844 2.61275 -0.302654

20.0439 0.300293 0.735625 -0.264375 2.61275 -0.302657
20.0464 0.307103 0.735625 -0.264375 2.59832 -0.31635

20.0464 0.307101 0.735625 -0.264375 2.59832 -0.316348
20.0466 0.307617 0.735625 -0.264375 2.59691 -0.317171

20.0466 0.307617 0.730188 -0.269812 2.59691 -0.317167
20.0493 0.314941 0.730188 -0.269812 2.58656 -0.329756

20.0493 0.314941 0.724439 -0.275561 2.58655 -0.329752
20.0521 0.322266 0.724439 -0.275561 2.57953 -0.356694

20.0521 0.322266 0.718604 -0.281396 2.57953 -0.356688
20.0537 0.326481 0.718604 -0.281396 2.57132 -0.371836

20.0537 0.326469 0.718604 -0.281396 2.57136 -0.371824
20.0549 0.32959 0.718604 -0.281396 2.56565 -0.380347

20.0549 0.32959 0.712908 -0.287092 2.56564 -0.380332
20.0579 0.336914 0.712908 -0.287092 2.56171 -0.40195

20.0579 0.336914 0.707311 -0.292689 2.56172 -0.401955
20.0609 0.344238 0.707311 -0.292689 2.5438 -0.428854

20.0609 0.344238 0.70195 -0.29805 2.54378 -0.428786
20.061 0.344565 0.70195 -0.29805 2.54237 -0.429844

20.061 0.344529 0.70195 -0.29805 2.54255 -0.4298
20.064 0.351562 0.70195 -0.29805 2.52786 -0.45284

20.064 0.351562 0.696346 -0.303654 2.52785 -0.452827
20.0672 0.358887 0.696346 -0.303654 2.51192 -0.489223

20.0672 0.358887 0.6906 -0.3094 2.51191 -0.489178
20.0684 0.361463 0.6906 -0.3094 2.50154 -0.500488

20.0684 0.361436 0.6906 -0.3094 2.50167 -0.500454
20.0705 0.366211 0.6906 -0.3094 2.49002 -0.518213

20.0705 0.366211 0.684829 -0.315171 2.49 -0.518181
20.0739 0.373535 0.684829 -0.315171 2.47176 -0.551606

20.0739 0.373535 0.679187 -0.320813 2.47175 -0.551582
20.0757 0.377396 0.679187 -0.320813 2.45584 -0.569911

20.0757 0.377372 0.679187 -0.320813 2.45598 -0.569884
20.0773 0.380859 0.679187 -0.320813 2.44138 -0.582514

20.0773 0.380859 0.673598 -0.326402 2.44136 -0.582468
20.0809 0.388184 0.673598 -0.326402 2.41753 -0.613766

20.0809 0.388184 0.667983 -0.332017 2.41753 -0.613744
20.083 0.392487 0.667983 -0.332017 2.40028 -0.63474

20.083 0.392466 0.667983 -0.332017 2.40039 -0.634715
20.0845 0.395508 0.667983 -0.332017 2.39006 -0.6469

20.0845 0.395508 0.662196 -0.337804 2.39003 -0.646843
20.0882 0.402832 0.662196 -0.337804 2.3715 -0.688482

20.0882 0.402832 0.656364 -0.343636 2.37149 -0.688428
20.0903 0.406826 0.656364 -0.343636 2.35684 -0.717244

20.0903 0.406795 0.656364 -0.343636 2.35705 -0.717187
20.0921 0.410156 0.656364 -0.343636 2.34173 -0.737102

20.0921 0.410156 0.650429 -0.349571 2.34167 -0.736998
20.096 0.41748 0.650429 -0.349571 2.30428 -0.780733

20.096 0.41748 0.644524 -0.355476 2.30427 -0.780629
20.0977 0.420476 0.644524 -0.355476 2.28325 -0.798482

20.0977 0.420432 0.644524 -0.355476 2.2836 -0.798454
20.1001 0.424805 0.644524 -0.355476 2.2646 -0.823746

20.1001 0.424805 0.638438 -0.361562 2.26453 -0.823634
20.1042 0.432129 0.638438 -0.361562 2.21803 -0.870355

20.1042 0.432129 0.632945 -0.367055 2.21799 -0.870128
20.105 0.433518 0.632945 -0.367055 2.20513 -0.877715

20.105 0.433455 0.632003 -0.367997 2.20577 -0.877702
20.1085 0.439453 0.632003 -0.367997 2.18247 -0.913297

20.1085 0.439453 0.625499 -0.374501 2.1824 -0.913223
20.1123 0.445872 0.625499 -0.374501 2.14324 -0.968991

20.1123 0.445855 0.627546 -0.372454 2.14347 -0.968961
20.1129 0.446777 0.627546 -0.372454 2.13258 -0.975792

20.1128 0.446777 0.618573 -0.381427 2.13256 -0.975739
20.1174 0.454102 0.618573 -0.381427 2.07026 -1.02947

20.1173 0.454102 0.612206 -0.387794 2.07024 -1.0293
20.1196 0.457699 0.612206 -0.387794 2.04497 -1.05968

20.1196 0.457643 0.612206 -0.387794 2.04542 -1.05967
20.122 0.461426 0.612206 -0.387794 2.02326 -1.0921

20.122 0.461426 0.605379 -0.394621 2.02312 -1.0918
20.1268 0.46875 0.605379 -0.394621 1.95171 -1.15373

20.1267 0.46875 0.604828 -0.395172 1.95169 -1.15313
20.127 0.469105 0.604828 -0.395172 1.94675 -1.1556

20.127 0.469016 0.597724 -0.402276 1.94802 -1.15569
20.1317 0.476074 0.597724 -0.402276 1.88575 -1.21268

20.1317 0.476074 0.591092 -0.408908 1.88571 -1.21228
20.1343 0.479825 0.591092 -0.408908 1.86493 -1.26087

20.1343 0.47975 0.59082 -0.40918 1.86578 -1.26078
20.1368 0.483398 0.59082 -0.40918 1.83584 -1.30513

20.1368 0.483398 0.582694 -0.417306 1.83566 -1.30449
20.1416 0.490154 0.582694 -0.417306 1.73729 -1.36359

20.1416 0.490131 0.583312 -0.416688 1.73777 -1.36366
20.142 0.490723 0.583312 -0.416688 1.72469 -1.36742

20.142 0.490723 0.574169 -0.425831 1.72471 -1.36733
20.1474 0.498047 0.574169 -0.425831 1.61937 -1.42273

20.1474 0.498047 0.57214 -0.42786 1.61939 -1.42198
20.1489 0.500077 0.57214 -0.42786 1.60318 -1.44486

20.1489 0.499949 0.56651 -0.43349 1.60416 -1.44516
20.1531 0.505371 0.56651 -0.43349 1.55903 -1.50598

20.153 0.505371 0.560913 -0.439087 1.5591 -1.50512
20.1562 0.509478 0.560913 -0.439087 1e+30 1e+30

20.625 0.200888 -0.878711 -0.121289 1e+30 1e+30
20.6244 0.205078 -0.878711 -0.121289 2.59416 0.854863

20.6244 0.205078 -0.869477 -0.130523 2.59422 0.854867
20.6222 0.219727 -0.869477 -0.130523 2.5711 0.928967

20.6222 0.219727 -0.862737 -0.137263 2.57121 0.928985
20.621 0.227051 -0.862737 -0.137263 2.56222 0.96719

20.621 0.227051 -0.858044 -0.141956 2.56221 0.967189
20.6198 0.234375 -0.858044 -0.141956 1e+30 1e+30

