8.87391 0 0.995675 -0.00432519 2.48388 0
8.87394 0.00732422 0.995675 -0.00432519 2.48475 -0.0144985

8.87394 0.00732422 0.987061 -0.012939 2.48475 -0.0144984
8.87404 0.0146484 0.987061 -0.012939 2.48917 -0.0311204

8.87404 0.0146484 0.978429 -0.0215708 2.48917 -0.0311204
8.8742 0.0219727 0.978429 -0.0215708 2.49749 -0.0486357

8.8742 0.0219727 0.970069 -0.0299307 2.49749 -0.0486354
8.87442 0.0292969 0.970069 -0.0299307 2.49799 -0.0631984

8.87442 0.0292969 0.962105 -0.0378949 2.49799 -0.0631984
8.87471 0.0366211 0.962105 -0.0378949 2.48725 -0.076062

8.87471 0.0366211 0.954467 -0.0455327 2.48725 -0.0760619
8.87506 0.0439453 0.954467 -0.0455327 2.47741 -0.086891

8.87506 0.0439453 0.946817 -0.0531828 2.4774 -0.08689
8.87547 0.0512695 0.946817 -0.0531828 2.47808 -0.0960425

8.87547 0.0512695 0.938709 -0.061291 2.47808 -0.0960394
8.87595 0.0585938 0.938709 -0.061291 2.49106 -0.110338

8.87595 0.0585938 0.930443 -0.069557 2.49106 -0.110338
8.8765 0.065918 0.930443 -0.069557 2.50135 -0.128641

8.8765 0.065918 0.921938 -0.0780625 2.50135 -0.128637
8.87695 0.0713281 0.921938 -0.0780625 2.49726 -0.141071

8.87695 0.0712157 0.926311 -0.0736889 2.49737 -0.14084
8.87711 0.0732422 0.926311 -0.0736889 2.49608 -0.145117

8.87711 0.0732422 0.911488 -0.0885124 2.49605 -0.145113
8.87853 0.0878906 0.911488 -0.0885124 2.48076 -0.174242

8.87852 0.0878906 0.89718 -0.10282 2.48072 -0.174241
8.8802 0.102539 0.89718 -0.10282 2.46476 -0.204184

8.88022 0.102539 0.885957 -0.114043 2.46483 -0.204185
8.88116 0.109863 0.885957 -0.114043 2.46648 -0.21866

8.88116 0.109863 0.878825 -0.121175 2.46648 -0.218661
8.88217 0.117188 0.878825 -0.121175 2.46782 -0.228371

8.88217 0.117188 0.871696 -0.128304 2.46782 -0.22837
8.88325 0.124512 0.871696 -0.128304 2.45181 -0.233332

8.88325 0.124512 0.864971 -0.135029 2.45182 -0.233329
8.88428 0.131095 0.864971 -0.135029 2.43982 -0.23733

8.88428 0.131087 0.864971 -0.135029 2.43983 -0.237322
8.88439 0.131836 0.864971 -0.135029 2.43962 -0.238077

8.88439 0.131836 0.858569 -0.141431 2.43962 -0.238078
8.8856 0.13916 0.858569 -0.141431 2.43303 -0.245453

8.8856 0.13916 0.852169 -0.147831 2.43303 -0.245453
8.88687 0.146484 0.852169 -0.147831 2.43304 -0.256047

8.88685 0.146484 0.841708 -0.158292 2.43298 -0.255996
8.8896 0.161133 0.841708 -0.158292 2.4341 -0.27973

8.88962 0.161133 0.831278 -0.168722 2.43415 -0.279773
8.89111 0.168457 0.831278 -0.168722 2.43377 -0.291511

8.89112 0.168457 0.824111 -0.175889 2.4338 -0.291539
8.8916 0.170725 0.824111 -0.175889 2.4328 -0.295312

8.8916 0.170802 0.824111 -0.175889 2.43272 -0.295403
8.89266 0.175781 0.824111 -0.175889 2.42655 -0.303773

8.89266 0.175781 0.814875 -0.185125 2.42653 -0.303758
8.89598 0.19043 0.814875 -0.185125 2.41153 -0.326814

8.896 0.19043 0.805768 -0.194232 2.41156 -0.326828
8.89776 0.197754 0.805768 -0.194232 2.40147 -0.338645

8.89776 0.197754 0.798962 -0.201038 2.40148 -0.338645
8.89893 0.202382 0.798962 -0.201038 2.39338 -0.345118

8.89893 0.202375 0.798962 -0.201038 2.3934 -0.345113
8.89961 0.205078 0.798962 -0.201038 2.38948 -0.347354

8.8996 0.205078 0.792493 -0.207507 2.38948 -0.347353
8.90152 0.212402 0.792493 -0.207507 2.38448 -0.357888

8.90152 0.212402 0.78633 -0.21367 2.38448 -0.35789
8.90351 0.219727 0.78633 -0.21367 2.38153 -0.372877

8.90351 0.219727 0.780165 -0.219835 2.38153 -0.372872
8.90558 0.227051 0.780165 -0.219835 2.37051 -0.386839

8.90557 0.227051 0.773606 -0.226394 2.3705 -0.386829
8.90625 0.229368 0.773606 -0.226394 2.36544 -0.391427

8.90625 0.229353 0.773606 -0.226394 2.36548 -0.391409
8.90772 0.234375 0.773606 -0.226394 2.3573 -0.398252

8.90772 0.234375 0.767015 -0.232985 2.3573 -0.39825
8.90994 0.241699 0.767015 -0.232985 2.35691 -0.40867

8.90994 0.241699 0.760726 -0.239274 2.35692 -0.408674
8.91225 0.249023 0.760726 -0.239274 2.35542 -0.432524

8.91225 0.249023 0.754613 -0.245387 2.35542 -0.432512
8.91357 0.253109 0.754613 -0.245387 2.34886 -0.445077

8.91357 0.253095 0.754613 -0.245387 2.34892 -0.445064
8.91463 0.256348 0.754613 -0.245387 2.33754 -0.451629

8.91463 0.256348 0.748349 -0.251651 2.33753 -0.451614
8.91709 0.263672 0.748349 -0.251651 2.32246 -0.467665

8.91709 0.263672 0.741937 -0.258063 2.32246 -0.467664
8.91964 0.270996 0.741937 -0.258063 2.31289 -0.489581

8.91964 0.270996 0.735679 -0.264321 2.31288 -0.489573
8.9209 0.274509 0.735679 -0.264321 2.30613 -0.499199

8.9209 0.274495 0.735679 -0.264321 2.30617 -0.499181
8.92227 0.27832 0.735679 -0.264321 2.30049 -0.508355

8.92227 0.27832 0.729397 -0.270603 2.30048 -0.50834
8.92499 0.285645 0.729397 -0.270603 2.29496 -0.528599

8.92499 0.285645 0.72306 -0.27694 2.29496 -0.528601
8.92779 0.292969 0.72306 -0.27694 2.27517 -0.553005

8.92778 0.292969 0.717068 -0.282932 2.27515 -0.552967
8.92822 0.294086 0.717068 -0.282932 2.27077 -0.556166

8.92822 0.294053 0.717068 -0.282932 2.27094 -0.556122
8.93068 0.300293 0.717068 -0.282932 2.25639 -0.574325

8.93068 0.300293 0.711116 -0.288884 2.25638 -0.574312
8.93366 0.307617 0.711116 -0.288884 2.24222 -0.602766

8.93365 0.307617 0.705044 -0.294956 2.24222 -0.602753
8.93555 0.312141 0.705044 -0.294956 2.22809 -0.618513

8.93555 0.312126 0.705044 -0.294956 2.22816 -0.618493
8.93672 0.314941 0.705044 -0.294956 2.21848 -0.627021

8.93672 0.314941 0.698809 -0.301191 2.21846 -0.626996
8.93988 0.322266 0.698809 -0.301191 2.20484 -0.65423

8.93987 0.322266 0.692273 -0.307727 2.20484 -0.654221
8.94287 0.329007 0.692273 -0.307727 2.17964 -0.685538

8.94287 0.329003 0.692273 -0.307727 2.17967 -0.685534
8.94313 0.32959 0.692273 -0.307727 2.17648 -0.687648

8.94313 0.32959 0.685869 -0.314131 2.17648 -0.687645
8.94649 0.336914 0.685869 -0.314131 2.15542 -0.712838

8.94648 0.336914 0.67954 -0.32046 2.15541 -0.712832
8.94994 0.344238 0.67954 -0.32046 2.12439 -0.743092

8.94992 0.344238 0.673203 -0.326797 2.12434 -0.742989
8.9502 0.344811 0.673203 -0.326797 2.12097 -0.745036

8.9502 0.344763 0.673203 -0.326797 2.1213 -0.744977
8.9535 0.351562 0.673203 -0.326797 2.10182 -0.769844

8.95349 0.351562 0.666691 -0.333309 2.1018 -0.769826
8.95715 0.358887 0.666691 -0.333309 2.07218 -0.80989

8.95713 0.358887 0.659973 -0.340027 2.07214 -0.809731
8.95752 0.359642 0.659973 -0.340027 2.06773 -0.812845

8.95752 0.359593 0.659973 -0.340027 2.06806 -0.812821
8.96093 0.366211 0.659973 -0.340027 2.05208 -0.840612

8.96092 0.366211 0.653083 -0.346917 2.05205 -0.840588
8.96481 0.373535 0.653083 -0.346917 2.01469 -0.88364

8.96478 0.373535 0.648405 -0.351595 2.01461 -0.883422
8.96484 0.37365 0.648405 -0.351595 2.01368 -0.884

8.96484 0.373584 0.64624 -0.35376 2.0143 -0.883904
8.96883 0.380859 0.64624 -0.35376 1.98105 -0.91841

8.96882 0.380859 0.639602 -0.360398 1.98105 -0.918381
8.97217 0.386796 0.639602 -0.360398 1.94599 -0.951045

8.97217 0.386781 0.639616 -0.360384 1.94614 -0.951033
8.97296 0.388184 0.639616 -0.360384 1.93507 -0.956478

8.97295 0.388184 0.632658 -0.367342 1.93504 -0.956426
8.9772 0.395508 0.632658 -0.367342 1.89362 -0.991551

8.97719 0.395508 0.625791 -0.374209 1.8936 -0.991469
8.97949 0.399353 0.625791 -0.374209 1.86986 -1.01703

8.97949 0.399316 0.625791 -0.374209 1.87012 -1.01695
8.98159 0.402832 0.625791 -0.374209 1.85723 -1.03918

8.98158 0.402832 0.618621 -0.381379 1.85714 -1.03906
8.98609 0.410156 0.618621 -0.381379 1.80966 -1.0896

8.98606 0.410156 0.616705 -0.383295 1.8096 -1.08935
8.98682 0.411367 0.616705 -0.383295 1.79693 -1.09691

8.98682 0.411278 0.611282 -0.388718 1.79799 -1.09684
8.99076 0.41748 0.611282 -0.388718 1.76344 -1.13564

8.99075 0.41748 0.604365 -0.395635 1.76341 -1.13546
8.99414 0.422666 0.604365 -0.395635 1.72944 -1.18088

8.99414 0.422626 0.60592 -0.39408 1.72996 -1.18084
8.99556 0.424805 0.60592 -0.39408 1.70651 -1.19624

8.99554 0.424805 0.596742 -0.403258 1.70644 -1.19607
9.00049 0.432129 0.596742 -0.403258 1.62847 -1.23945

9.00046 0.432129 0.595976 -0.404024 1.62844 -1.23919
9.00146 0.433609 0.595976 -0.404024 1.61093 -1.24729

9.00146 0.433512 0.588444 -0.411556 1.61215 -1.24737
9.00562 0.439453 0.588444 -0.411556 1.56406 -1.28382

9.0056 0.439453 0.580433 -0.419567 1.56401 -1.28349
9.00879 0.443871 0.580433 -0.419567 1.53309 -1.32702

9.00879 0.443803 0.582593 -0.417407 1.53384 -1.32701
9.01092 0.446777 0.582593 -0.417407 1.50784 -1.3543

9.01089 0.446777 0.571035 -0.428965 1.50775 -1.35397
9.01611 0.453726 0.571035 -0.428965 1.41783 -1.39664

9.01611 0.453711 0.569555 -0.430445 1.41811 -1.39668
9.01641 0.454102 0.569555 -0.430445 1.41076 -1.39844

9.01641 0.454102 0.561713 -0.438287 1.41077 -1.3984
9.02212 0.461426 0.561713 -0.438287 1.31317 -1.43565

9.02207 0.461426 0.558113 -0.441887 1.31316 -1.43499
9.02344 0.463158 0.558113 -0.441887 1.29802 -1.44835

9.02344 0.463034 0.553526 -0.446474 1.29914 -1.44859
9.02805 0.46875 0.553526 -0.446474 1e+30 1e+30

