7.79541 0.205078 0.782612 -0.217388 2.30773 -0.398473
7.79948 0.219727 0.782612 -0.217388 2.29215 -0.426629

7.7995 0.219727 0.772685 -0.227315 2.29221 -0.426683
7.80029 0.222411 0.772685 -0.227315 2.29082 -0.431397

7.80029 0.222399 0.772685 -0.227315 2.29084 -0.431385
7.80166 0.227051 0.772685 -0.227315 2.28431 -0.442015

7.80166 0.227051 0.766506 -0.233494 2.2843 -0.442009
7.80389 0.234375 0.766506 -0.233494 2.27517 -0.458485

7.80389 0.234375 0.759573 -0.240427 2.27516 -0.458473
7.8062 0.241699 0.759573 -0.240427 2.25854 -0.476828

7.8062 0.241699 0.752853 -0.247147 2.25854 -0.476828
7.80762 0.246003 0.752853 -0.247147 2.2512 -0.488561

7.80762 0.245937 0.756361 -0.243639 2.25136 -0.48847
7.80861 0.249023 0.756361 -0.243639 2.24282 -0.493742

7.80861 0.249023 0.746798 -0.253202 2.24282 -0.493746
7.8111 0.256348 0.746798 -0.253202 2.23785 -0.51001

7.8111 0.256348 0.740762 -0.259238 2.23786 -0.510014
7.81366 0.263672 0.740762 -0.259238 2.23724 -0.532716

7.81366 0.263672 0.734796 -0.265204 2.23723 -0.532691
7.81494 0.267236 0.734796 -0.265204 2.23331 -0.545671

7.81494 0.267217 0.734796 -0.265204 2.23335 -0.545639
7.81631 0.270996 0.734796 -0.265204 2.22055 -0.555514

7.8163 0.270996 0.728281 -0.271719 2.22053 -0.555487
7.81903 0.27832 0.728281 -0.271719 2.20253 -0.576024

7.81903 0.27832 0.721448 -0.278552 2.20254 -0.576025
7.82186 0.285645 0.721448 -0.278552 2.18158 -0.600625

7.82185 0.285645 0.714874 -0.285126 2.18155 -0.600586
7.82227 0.286687 0.714874 -0.285126 2.17768 -0.603774

7.82227 0.286657 0.714874 -0.285126 2.17783 -0.603728
7.82478 0.292969 0.714874 -0.285126 2.16446 -0.623078

7.82478 0.292969 0.708377 -0.291623 2.16445 -0.623068
7.8278 0.300293 0.708377 -0.291623 2.15169 -0.651418

7.82779 0.300293 0.702052 -0.297948 2.15169 -0.651405
7.82959 0.304526 0.702052 -0.297948 2.13674 -0.668045

7.82959 0.304505 0.702052 -0.297948 2.13687 -0.668018
7.83091 0.307617 0.702052 -0.297948 2.12287 -0.677646

7.8309 0.307617 0.695735 -0.304265 2.12285 -0.677615
7.83411 0.314941 0.695735 -0.304265 2.10035 -0.702074

7.8341 0.314941 0.689121 -0.310879 2.10035 -0.702067
7.83691 0.321168 0.689121 -0.310879 2.07552 -0.724452

7.83691 0.321161 0.689121 -0.310879 2.07556 -0.724445
7.83741 0.322266 0.689121 -0.310879 2.07017 -0.727548

7.83741 0.322266 0.68237 -0.31763 2.07016 -0.727533
7.84082 0.32959 0.68237 -0.31763 2.04935 -0.750937

7.84082 0.32959 0.675486 -0.324514 2.04935 -0.750929
7.84424 0.336712 0.675486 -0.324514 2.01853 -0.782448

7.84424 0.336708 0.675486 -0.324514 2.01856 -0.782445
7.84434 0.336914 0.675486 -0.324514 2.01735 -0.783132

7.84434 0.336914 0.668833 -0.331167 2.01735 -0.78313
7.84796 0.344238 0.668833 -0.331167 1.99601 -0.808735

7.84796 0.344238 0.662336 -0.337664 1.996 -0.808724
7.85156 0.351301 0.662336 -0.337664 1.96325 -0.840455

7.85156 0.351296 0.662336 -0.337664 1.96329 -0.84045
7.8517 0.351562 0.662336 -0.337664 1.96138 -0.841373

7.8517 0.351562 0.655814 -0.344186 1.96137 -0.841362
7.85554 0.358887 0.655814 -0.344186 1.93501 -0.868876

7.85554 0.358887 0.649165 -0.350835 1.93501 -0.868848
7.85889 0.365085 0.649165 -0.350835 1.91024 -0.904775

7.85889 0.365075 0.649165 -0.350835 1.91032 -0.904764
7.8595 0.366211 0.649165 -0.350835 1.90341 -0.9099

7.85949 0.366211 0.642009 -0.357991 1.90338 -0.909849
7.86358 0.373535 0.642009 -0.357991 1.87418 -0.947431

7.86357 0.373535 0.634884 -0.365116 1.87417 -0.947393
7.86621 0.378123 0.634884 -0.365116 1.85232 -0.978415

7.86621 0.378093 0.634884 -0.365116 1.8526 -0.978368
7.8678 0.380859 0.634884 -0.365116 1.83392 -0.993191

7.86779 0.380859 0.627586 -0.372414 1.83384 -0.993085
7.87213 0.388184 0.627586 -0.372414 1.782 -1.02465

7.87211 0.388184 0.620847 -0.379153 1.78194 -1.02457
7.87354 0.39051 0.620847 -0.379153 1.76341 -1.03318

7.87354 0.390451 0.620446 -0.379554 1.764 -1.03312
7.87663 0.395508 0.620446 -0.379554 1.74446 -1.05768

7.87661 0.395508 0.613247 -0.386753 1.74435 -1.05761
7.88086 0.402245 0.613247 -0.386753 1.7016 -1.10274

7.88086 0.402229 0.619093 -0.380907 1.7018 -1.10272
7.88123 0.402832 0.619093 -0.380907 1.69559 -1.10607

7.88123 0.402832 0.605284 -0.394716 1.69558 -1.10605
7.886 0.410156 0.605284 -0.394716 1.63467 -1.14531

7.88599 0.410156 0.598174 -0.401826 1.63463 -1.14516
7.88818 0.413426 0.598174 -0.401826 1.61011 -1.16582

7.88818 0.413364 0.59748 -0.40252 1.61068 -1.1658
7.89096 0.41748 0.59748 -0.40252 1.5917 -1.19496

7.89093 0.41748 0.589345 -0.410655 1.59157 -1.19475
7.89551 0.424048 0.589345 -0.410655 1.53478 -1.24127

7.89551 0.424028 0.591311 -0.408689 1.53509 -1.24128
7.89604 0.424805 0.591311 -0.408689 1.52384 -1.24578

7.89604 0.424805 0.580764 -0.419236 1.52382 -1.24571
7.90132 0.432129 0.580764 -0.419236 1.44234 -1.2816

7.9013 0.432129 0.578848 -0.421152 1.44231 -1.28142
7.90283 0.43423 0.578848 -0.421152 1.42374 -1.29259

7.90283 0.434128 0.572474 -0.427526 1.42475 -1.29271
7.90681 0.439453 0.572474 -0.427526 1.38468 -1.32576

7.90678 0.439453 0.565417 -0.434583 1.38465 -1.32543
7.91016 0.443842 0.565417 -0.434583 1.34865 -1.36331

7.91016 0.44376 0.567433 -0.432567 1.34958 -1.3634
7.91246 0.446777 0.567433 -0.432567 1.31878 -1.38768

7.91244 0.446777 0.554555 -0.445445 1.31875 -1.38744
7.91748 0.453058 0.554555 -0.445445 1.24193 -1.42647

7.91748 0.453035 0.55277 -0.44723 1.24229 -1.42655
7.91834 0.454102 0.55277 -0.44723 1.22422 -1.43217

7.91832 0.454102 0.544331 -0.455669 1.22425 -1.43192
7.92445 0.461426 0.544331 -0.455669 1.13193 -1.46238

7.92437 0.461426 0.539269 -0.460731 1.13196 -1.46161
7.9248 0.46193 0.539269 -0.460731 1.12744 -1.46416

7.9248 0.461817 0.53491 -0.46509 1.12842 -1.46454
7.93083 0.46875 0.53491 -0.46509 1.06361 -1.50214

7.93077 0.46875 0.529727 -0.470273 1.06371 -1.50141
7.93213 0.470285 0.529727 -0.470273 1.04846 -1.50953

7.93213 0.470188 0.525482 -0.474518 1.0493 -1.50996
7.93744 0.476074 0.525482 -0.474518 0.980159 -1.52921

7.93741 0.476074 0.518496 -0.481504 0.980265 -1.52897
7.93945 0.478277 0.518496 -0.481504 0.951355 -1.52791

7.93945 0.478203 0.514394 -0.485606 0.952127 -1.52839
7.94436 0.483398 0.514394 -0.485606 0.876526 -1.53482

7.94434 0.483398 0.505899 -0.494101 0.876578 -1.53463
7.94678 0.485897 0.505899 -0.494101 0.840099 -1.54328

7.94678 0.485836 0.49961 -0.50039 0.840837 -1.5436
7.95167 0.490723 0.49961 -0.50039 0.783899 -1.56901

7.95159 0.490723 0.493574 -0.506426 0.784042 -1.56784
7.9541 0.493171 0.493574 -0.506426 0.756319 -1.59342

7.9541 0.49312 0.484976 -0.515024 0.756811 -1.59364
7.95933 0.498047 0.484976 -0.515024 0.680238 -1.62412

7.95923 0.498047 0.481138 -0.518862 0.680702 -1.62341
7.96143 0.500081 0.481138 -0.518862 0.641426 -1.62448

7.96143 0.50004 0.473634 -0.526366 0.642017 -1.62477
7.96735 0.505371 0.473634 -0.526366 0.544306 -1.6195

7.96725 0.505371 0.468488 -0.531512 0.544732 -1.61907
7.96875 0.506689 0.468488 -0.531512 1e+30 1e+30

