13.2422 0.427722 0.625783 -0.374217 2.07794 -0.90572
13.2448 0.432129 0.625783 -0.374217 2.06844 -0.926463

13.2448 0.432129 0.618706 -0.381294 2.06831 -0.926461
13.2493 0.439453 0.618706 -0.381294 2.01321 -1.00514

13.2493 0.439453 0.620005 -0.379995 2.01296 -1.00467
13.2495 0.439843 0.620005 -0.379995 2.00782 -1.00855

13.2495 0.439744 0.611262 -0.388738 2.00942 -1.00813
13.254 0.446777 0.611262 -0.388738 1.95357 -1.0736

13.254 0.446777 0.604414 -0.395586 1.95352 -1.07339
13.2568 0.451156 0.604414 -0.395586 1.91523 -1.12941

13.2568 0.4511 0.604572 -0.395428 1.91612 -1.12916
13.2588 0.454102 0.604572 -0.395428 1.88277 -1.15814

13.2588 0.454102 0.596783 -0.403217 1.88252 -1.15787
13.2637 0.461426 0.596783 -0.403217 1.78543 -1.2174

13.2637 0.461426 0.595093 -0.404907 1.78533 -1.21699
13.2642 0.462147 0.595093 -0.404907 1.7741 -1.2217

13.2642 0.462051 0.588392 -0.411608 1.77573 -1.22166
13.2688 0.46875 0.588392 -0.411608 1.71202 -1.27452

13.2688 0.46875 0.582068 -0.417932 1.71196 -1.27415
13.2715 0.472453 0.582068 -0.417932 1.68976 -1.32487

13.2715 0.472368 0.581265 -0.418735 1.69064 -1.32473
13.2742 0.476074 0.581265 -0.418735 1.65921 -1.36899

13.2741 0.476074 0.572222 -0.427778 1.65898 -1.36845
13.2788 0.482353 0.572222 -0.427778 1.57153 -1.42607

13.2788 0.482324 0.572484 -0.427516 1.57213 -1.42613
13.2796 0.483398 0.572484 -0.427516 1.54988 -1.43339

13.2796 0.483398 0.562687 -0.437313 1.54989 -1.43316
13.2853 0.490723 0.562687 -0.437313 1.43376 -1.47863

13.2852 0.490723 0.558682 -0.441318 1.43379 -1.47777
13.2861 0.491878 0.558682 -0.441318 1.41969 -1.48668

13.2861 0.491746 0.554265 -0.445735 1.42125 -1.48705
13.2912 0.498047 0.554265 -0.445735 1.36223 -1.54604

13.2911 0.498047 0.550757 -0.449243 1.36231 -1.54499
13.2935 0.500879 0.550757 -0.449243 1.33715 -1.58162

13.2935 0.500749 0.54695 -0.45305 1.33813 -1.58207
13.2973 0.505371 0.54695 -0.45305 1.26927 -1.62622

13.2973 0.505371 0.540244 -0.459756 1.26932 -1.62603
13.3008 0.509494 0.540244 -0.459756 1.19575 -1.65195

13.3008 0.509381 0.535014 -0.464986 1.19706 -1.65293
13.3037 0.512695 0.535014 -0.464986 1.14325 -1.67012

13.3037 0.512695 0.528375 -0.471625 1.14324 -1.67014
13.3081 0.517672 0.528375 -0.471625 1.06756 -1.69513

13.3081 0.517599 0.522081 -0.477919 1.06796 -1.69575
13.3103 0.52002 0.522081 -0.477919 1.04454 -1.71061

13.3103 0.52002 0.517456 -0.482544 1.04453 -1.71065
13.3154 0.525495 0.517456 -0.482544 0.976695 -1.73975

13.3154 0.52546 0.510677 -0.489323 0.976958 -1.74
13.3172 0.527344 0.510677 -0.489323 0.955938 -1.75342

13.3172 0.527344 0.504199 -0.495801 0.956018 -1.7531
13.3228 0.532978 0.504199 -0.495801 0.875258 -1.81473

13.3228 0.532944 0.496428 -0.503572 0.876097 -1.81506
13.3245 0.534668 0.496428 -0.503572 0.823198 -1.82884

13.3244 0.534668 0.487079 -0.512921 0.823614 -1.82769
13.3301 0.540025 0.487079 -0.512921 0.664748 -1.82316

13.3301 0.540013 0.478907 -0.521093 0.664929 -1.82329
13.3322 0.541992 0.478907 -0.521093 0.62066 -1.82234

13.3322 0.541992 0.471295 -0.528705 0.621067 -1.82182
13.3374 0.54665 0.471295 -0.528705 0.518545 -1.82247

13.3374 0.546636 0.460804 -0.539196 0.518698 -1.82263
13.3405 0.549316 0.460804 -0.539196 0.46914 -1.8191

13.3404 0.549316 0.454918 -0.545082 0.469775 -1.81825
13.3447 0.552893 0.454918 -0.545082 0.397089 -1.82392

13.3447 0.552894 0.446816 -0.553184 0.397079 -1.82391
13.3494 0.556641 0.446816 -0.553184 0.3256 -1.8259

13.3492 0.556641 0.441013 -0.558987 0.326458 -1.82448
13.3521 0.558856 0.441013 -0.558987 0.283512 -1.83481

13.3521 0.558839 0.433514 -0.566486 0.283694 -1.83499
13.3587 0.563965 0.433514 -0.566486 0.168127 -1.84763

13.3586 0.563965 0.426087 -0.573913 0.169093 -1.84646
13.3594 0.564521 0.426087 -0.573913 0.156247 -1.84729

13.3594 0.564457 0.418183 -0.581817 0.157055 -1.84802
13.3667 0.569721 0.418183 -0.581817 0.0199686 -1.85094

13.3667 0.569688 0.401046 -0.598954 0.0205718 -1.85138
13.3691 0.571289 0.401046 -0.598954 -0.0280725 -1.84706

13.369 0.571289 0.402385 -0.597615 -0.0275209 -1.84658
13.374 0.574657 0.402385 -0.597615 -0.142624 -1.81001

13.374 0.574636 0.38626 -0.61374 -0.142173 -1.81025
13.3803 0.578613 0.38626 -0.61374 -0.265541 -1.75844

13.3802 0.578613 0.37947 -0.62053 -0.26465 -1.75824
13.3813 0.579314 0.37947 -0.62053 -0.283956 -1.7529

13.3813 0.579257 0.368887 -0.631113 -0.282971 -1.75347
13.3887 0.583538 0.368887 -0.631113 -0.415937 -1.71322

13.3887 0.583509 0.351168 -0.648832 -0.415385 -1.71357
13.3932 0.585938 0.351168 -0.648832 -0.497519 -1.67756

13.3931 0.585938 0.351168 -0.648832 -0.496739 -1.67765
13.396 0.587532 0.351168 -0.648832 -0.551038 -1.66077

13.396 0.5875 0.332672 -0.667328 -0.550375 -1.66106
13.4033 0.591151 0.332672 -0.667328 -0.689508 -1.59767

13.4033 0.591129 0.313238 -0.686762 -0.689006 -1.59794
13.408 0.593262 0.313238 -0.686762 -0.776204 -1.54391

13.4079 0.593262 0.313238 -0.686762 -0.775425 -1.54454
13.4106 0.594517 0.313238 -0.686762 -0.82913 -1.51755

13.4106 0.594488 0.293061 -0.706939 -0.828397 -1.51777
13.418 0.597525 0.293061 -0.706939 -0.96924 -1.40674

13.418 0.597521 0.271986 -0.728014 -0.969152 -1.40678
13.4253 0.600257 0.271986 -0.728014 -1.08543 -1.30311

13.4253 0.600254 0.250055 -0.749945 -1.08534 -1.30313
13.4263 0.600586 0.250055 -0.749945 -1.10048 -1.29697

13.4263 0.600586 0.250055 -0.749945 -1.10039 -1.29702
13.4326 0.602701 0.250055 -0.749945 -1.20846 -1.21528

13.4326 0.602703 0.226269 -0.773731 -1.2085 -1.21527
13.4399 0.604844 0.226269 -0.773731 -1.33013 -1.07088

13.4399 0.604843 0.200739 -0.799261 -1.3301 -1.07089
13.4473 0.606683 0.200739 -0.799261 -1.4256 -0.926649

13.4473 0.606678 0.174292 -0.825708 -1.42545 -0.926699
13.4531 0.60791 0.174292 -0.825708 -1.50264 -0.829675

13.4531 0.60791 0.174292 -0.825708 -1.5023 -0.830252
13.4546 0.608233 0.174292 -0.825708 -1.52478 -0.808367

13.4546 0.608227 0.146383 -0.853617 -1.52459 -0.808408
13.4619 0.609483 0.146383 -0.853617 -1.6268 -0.675436

13.4619 0.609482 0.116397 -0.883603 -1.62677 -0.67544
13.4692 0.610447 0.116397 -0.883603 -1.71784 -0.502289

13.4692 0.610447 0.0844351 -0.915565 -1.71784 -0.502289
13.4766 0.611122 0.0844351 -0.915565 1e+30 1e+30

