17.1426 0 0.998481 -0.0015192 2.66984 0
17.1426 0.00732422 0.998481 -0.0015192 2.64934 0.0148899

17.1426 0.00732422 0.993231 -0.00676925 2.64934 0.0149389
17.1426 0.0146484 0.993231 -0.00676925 2.6412 0.011851

17.1426 0.0146484 0.983955 -0.0160446 2.64119 0.0118967
17.1427 0.0219727 0.983955 -0.0160446 2.66801 0.00422478

17.1427 0.0219727 0.973041 -0.0269593 2.66801 0.00422413
17.143 0.0292969 0.973041 -0.0269593 2.67973 -0.00923792

17.143 0.0292969 0.964292 -0.0357075 2.67974 -0.00925739
17.1432 0.0366211 0.964292 -0.0357075 2.68681 -0.0200278

17.1432 0.0366211 0.958485 -0.0415146 2.68682 -0.0200391
17.1436 0.0439453 0.958485 -0.0415146 2.70521 -0.0339704

17.1435 0.0439453 0.951859 -0.0481409 2.70519 -0.0339434
17.1439 0.0512695 0.951859 -0.0481409 2.71437 -0.0524095

17.1439 0.0512695 0.943919 -0.0560812 2.71437 -0.0524129
17.1444 0.0585938 0.943919 -0.0560812 2.70569 -0.061404

17.1443 0.0585938 0.932635 -0.0673652 2.70565 -0.0613852
17.1454 0.0732422 0.932635 -0.0673652 2.69649 -0.0741647

17.1454 0.0732422 0.917875 -0.0821251 2.69649 -0.0741638
17.1467 0.0878906 0.917875 -0.0821251 2.69551 -0.0848813

17.1466 0.0878906 0.897474 -0.102526 2.69542 -0.0848404
17.15 0.117188 0.897474 -0.102526 2.6837 -0.106052

17.1501 0.117188 0.8781 -0.1219 2.68378 -0.106086
17.1521 0.131836 0.8781 -0.1219 2.67615 -0.111835

17.1521 0.131836 0.868732 -0.131268 2.67616 -0.111844
17.1532 0.13916 0.868732 -0.131268 2.67601 -0.113851

17.1532 0.13916 0.862166 -0.137834 2.67603 -0.113863
17.1533 0.139767 0.862166 -0.137834 2.67537 -0.114343

17.1533 0.139774 0.865537 -0.134463 2.67537 -0.114346
17.1544 0.146484 0.865537 -0.134463 2.68086 -0.117081

17.1544 0.146484 0.856446 -0.143554 2.6809 -0.117092
17.1556 0.153809 0.856446 -0.143554 2.68269 -0.122606

17.1556 0.153809 0.850829 -0.149171 2.68268 -0.122603
17.1569 0.161133 0.850829 -0.149171 2.67353 -0.127639

17.1569 0.161133 0.844373 -0.155627 2.67353 -0.127638
17.1582 0.168457 0.844373 -0.155627 2.6684 -0.12787

17.1582 0.168457 0.838238 -0.161762 2.66841 -0.12787
17.1597 0.175781 0.838238 -0.161762 2.66817 -0.130832

17.1597 0.175781 0.832369 -0.167631 2.66817 -0.130831
17.1606 0.180695 0.832369 -0.167631 2.66735 -0.133346

17.1606 0.180693 0.832369 -0.167631 2.66736 -0.133345
17.1611 0.183105 0.832369 -0.167631 2.6649 -0.134037

17.1611 0.183105 0.826293 -0.173707 2.6649 -0.134037
17.1627 0.19043 0.826293 -0.173707 2.6582 -0.138307

17.1627 0.19043 0.820109 -0.179891 2.6582 -0.138307
17.1643 0.197754 0.820109 -0.179891 2.65754 -0.145338

17.1643 0.197754 0.81401 -0.18599 2.65754 -0.145338
17.1659 0.205078 0.81401 -0.18599 2.6597 -0.15996

17.1659 0.205078 0.808049 -0.191951 2.6597 -0.159961
17.1677 0.212402 0.808049 -0.191951 2.65564 -0.17453

17.1677 0.212402 0.802215 -0.197785 2.65564 -0.174522
17.168 0.213548 0.802215 -0.197785 2.65477 -0.176543

17.168 0.213535 0.802215 -0.197785 2.65478 -0.176528
17.1695 0.219727 0.802215 -0.197785 2.64968 -0.187524

17.1695 0.219727 0.796237 -0.203763 2.64968 -0.187521
17.1714 0.227051 0.796237 -0.203763 2.64425 -0.201856

17.1714 0.227051 0.790123 -0.209877 2.64425 -0.201856
17.1733 0.234375 0.790123 -0.209877 1e+30 1e+30

