9.24907 0 0.996045 -0.00395463 2.47684 0
9.2491 0.00732422 0.996045 -0.00395463 2.47213 -0.0155822

9.2491 0.00732422 0.988589 -0.0114109 2.47214 -0.0155839
9.24918 0.0146484 0.988589 -0.0114109 2.47126 -0.0265965

9.24918 0.0146484 0.980416 -0.019584 2.47124 -0.0265862
9.24933 0.0219727 0.980416 -0.019584 2.47958 -0.0372032

9.24933 0.0219727 0.97141 -0.0285901 2.47958 -0.0372049
9.24954 0.0292969 0.97141 -0.0285901 2.4873 -0.0531958

9.24953 0.0292969 0.959413 -0.0405868 2.48726 -0.0531848
9.25015 0.0439453 0.959413 -0.0405868 2.49714 -0.0857048

9.25014 0.0439453 0.943504 -0.0564963 2.49712 -0.0857002
9.25102 0.0585938 0.943504 -0.0564963 2.49865 -0.122659

9.25104 0.0585938 0.931487 -0.0685131 2.49872 -0.122696
9.25158 0.065918 0.931487 -0.0685131 2.49968 -0.143376

9.25158 0.065918 0.92349 -0.0765101 2.49968 -0.143378
9.25218 0.0732422 0.92349 -0.0765101 2.50633 -0.166643

9.25218 0.0732422 0.91561 -0.0843901 2.50632 -0.16664
9.25286 0.0805664 0.91561 -0.0843901 2.50712 -0.191675

9.25286 0.0805664 0.907717 -0.0922825 2.50712 -0.191675
9.2536 0.0878906 0.907717 -0.0922825 2.49989 -0.209987

9.2536 0.0878906 0.900168 -0.0998322 2.49989 -0.209993
9.25442 0.0952148 0.900168 -0.0998322 2.49436 -0.221925

9.25442 0.0952148 0.893089 -0.106911 2.49436 -0.221924
9.25529 0.102539 0.893089 -0.106911 2.48577 -0.229929

9.25529 0.102539 0.88618 -0.11382 2.48577 -0.22993
9.25623 0.109863 0.88618 -0.11382 2.4739 -0.234018

9.25623 0.109863 0.879136 -0.120864 2.4739 -0.234018
9.25724 0.117188 0.879136 -0.120864 2.47256 -0.241666

9.25724 0.117188 0.871755 -0.128245 2.47256 -0.241663
9.25781 0.121089 0.871755 -0.128245 2.47616 -0.248146

9.25781 0.121089 0.871755 -0.128245 2.47616 -0.248146
9.25832 0.124512 0.871755 -0.128245 2.47624 -0.253548

9.25832 0.124512 0.864601 -0.135399 2.47625 -0.253556
9.25946 0.131836 0.864601 -0.135399 2.46992 -0.263035

9.25947 0.131836 0.858316 -0.141684 2.46993 -0.263045
9.26068 0.13916 0.858316 -0.141684 2.45893 -0.267208

9.26067 0.13916 0.851896 -0.148104 2.45892 -0.267195
9.26195 0.146484 0.851896 -0.148104 2.4591 -0.270171

9.26195 0.146484 0.844973 -0.155027 2.4591 -0.270171
9.26329 0.153809 0.844973 -0.155027 2.45803 -0.272589

9.26329 0.153809 0.838566 -0.161434 2.45804 -0.272589
9.2647 0.161133 0.838566 -0.161434 2.45061 -0.276129

9.26468 0.161133 0.828779 -0.171221 2.45057 -0.276087
9.26771 0.175781 0.828779 -0.171221 2.44082 -0.287621

9.2677 0.175781 0.815619 -0.184381 2.44081 -0.287616
9.27102 0.19043 0.815619 -0.184381 2.43263 -0.301063

9.27104 0.19043 0.805909 -0.194091 2.43267 -0.301077
9.27246 0.196342 0.805909 -0.194091 2.42622 -0.306459

9.27246 0.196338 0.805909 -0.194091 2.42623 -0.306457
9.2728 0.197754 0.805909 -0.194091 2.42299 -0.307325

9.2728 0.197754 0.800108 -0.199892 2.42299 -0.307324
9.27463 0.205078 0.800108 -0.199892 2.42013 -0.313664

9.27463 0.205078 0.793828 -0.206172 2.42013 -0.313659
9.27653 0.212402 0.793828 -0.206172 2.42732 -0.330035

9.27653 0.212402 0.787013 -0.212987 2.42732 -0.330031
9.27851 0.219727 0.787013 -0.212987 2.42028 -0.345747

9.27851 0.219727 0.780677 -0.219323 2.42029 -0.345751
9.27979 0.224253 0.780677 -0.219323 2.41308 -0.35111

9.27979 0.224246 0.780677 -0.219323 2.41309 -0.351095
9.28057 0.227051 0.780677 -0.219323 2.40994 -0.357835

9.28057 0.227051 0.77518 -0.22482 2.40994 -0.357835
9.2827 0.234375 0.77518 -0.22482 2.40816 -0.37845

9.28269 0.234375 0.76955 -0.23045 2.40815 -0.378442
9.28489 0.241699 0.76955 -0.23045 2.39858 -0.402657

9.28489 0.241699 0.763145 -0.236855 2.39857 -0.402649
9.28711 0.248865 0.763145 -0.236855 2.3796 -0.42138

9.28711 0.248861 0.763145 -0.236855 2.37962 -0.421375
9.28716 0.249023 0.763145 -0.236855 2.37912 -0.421731

9.28716 0.249023 0.756549 -0.243451 2.37911 -0.42173
9.28952 0.256348 0.756549 -0.243451 2.36386 -0.437723

9.28952 0.256348 0.750302 -0.249698 2.36386 -0.437726
9.29195 0.263672 0.750302 -0.249698 2.35699 -0.449697

9.29196 0.263672 0.744426 -0.255574 2.35699 -0.449698
9.29443 0.27089 0.744426 -0.255574 2.34219 -0.460738

9.29443 0.270888 0.744426 -0.255574 2.3422 -0.460736
9.29447 0.270996 0.744426 -0.255574 2.34192 -0.460904

9.29447 0.270996 0.738703 -0.261297 2.34192 -0.460903
9.29706 0.27832 0.738703 -0.261297 2.32758 -0.475599

9.29706 0.27832 0.73269 -0.26731 2.32758 -0.475598
9.29973 0.285645 0.73269 -0.26731 2.31385 -0.503846

9.29973 0.285645 0.72648 -0.27352 2.31385 -0.503841
9.30176 0.291032 0.72648 -0.27352 2.30011 -0.52321

9.30176 0.291023 0.72648 -0.27352 2.30014 -0.523201
9.30249 0.292969 0.72648 -0.27352 2.29613 -0.528338

9.30249 0.292969 0.720367 -0.279633 2.29612 -0.528328
9.30533 0.300293 0.720367 -0.279633 2.29415 -0.549891

9.30533 0.300293 0.714303 -0.285697 2.29415 -0.54989
9.30826 0.307617 0.714303 -0.285697 2.27955 -0.584097

9.30825 0.307617 0.708484 -0.291516 2.27952 -0.584041
9.30908 0.309639 0.708484 -0.291516 2.27108 -0.592279

9.30908 0.309601 0.708484 -0.291516 2.27128 -0.592214
9.31128 0.314941 0.708484 -0.291516 2.25443 -0.613129

9.31127 0.314941 0.702477 -0.297523 2.25439 -0.613095
9.31437 0.322266 0.702477 -0.297523 2.23129 -0.643492

9.31437 0.322266 0.696019 -0.303981 2.23129 -0.643473
9.31641 0.326927 0.696019 -0.303981 2.21246 -0.659422

9.31641 0.326911 0.696019 -0.303981 2.21253 -0.659406
9.31758 0.32959 0.696019 -0.303981 2.20329 -0.667383

9.31757 0.32959 0.689354 -0.310646 2.20327 -0.667355
9.32087 0.336914 0.689354 -0.310646 2.19023 -0.697232

9.32087 0.336914 0.682712 -0.317288 2.19023 -0.697235
9.32373 0.343067 0.682712 -0.317288 2.16737 -0.730714

9.32373 0.343057 0.682712 -0.317288 2.16744 -0.730704
9.32428 0.344238 0.682712 -0.317288 2.1607 -0.735576

9.32428 0.344238 0.676489 -0.323511 2.16069 -0.73556
9.32778 0.351562 0.676489 -0.323511 2.13901 -0.764831

9.32778 0.351562 0.670371 -0.329629 2.13901 -0.764818
9.33105 0.358227 0.670371 -0.329629 2.10619 -0.794201

9.33105 0.358221 0.670371 -0.329629 2.10623 -0.794195
9.33138 0.358887 0.670371 -0.329629 2.10141 -0.79653

9.33138 0.358887 0.664143 -0.335857 2.1014 -0.796516
9.33508 0.366211 0.664143 -0.335857 2.07607 -0.826496

9.33508 0.366211 0.657583 -0.342417 2.07606 -0.826454
9.33838 0.372548 0.657583 -0.342417 2.05042 -0.87014

9.33838 0.37254 0.657583 -0.342417 2.05049 -0.87013
9.3389 0.373535 0.657583 -0.342417 2.04395 -0.875316

9.33889 0.373535 0.650534 -0.349466 2.04393 -0.87527
9.34283 0.380859 0.650534 -0.349466 2.01474 -0.913918

9.34282 0.380859 0.643562 -0.356438 2.01473 -0.913894
9.3457 0.386059 0.643562 -0.356438 1.98791 -0.947749

9.3457 0.386034 0.643562 -0.356438 1.98818 -0.947712
9.34689 0.388184 0.643562 -0.356438 1.96897 -0.958969

9.34688 0.388184 0.636651 -0.363349 1.96893 -0.958889
9.35106 0.395508 0.636651 -0.363349 1.91488 -0.989353

9.35105 0.395508 0.630014 -0.369986 1.91487 -0.989293
9.35303 0.398872 0.630014 -0.369986 1.89066 -1.00119

9.35303 0.398831 0.630014 -0.369986 1.891 -1.00119
9.35538 0.402832 0.630014 -0.369986 1.87417 -1.02033

9.35536 0.402832 0.623006 -0.376994 1.87408 -1.02024
9.35979 0.410156 0.623006 -0.376994 1.82858 -1.07075

9.35976 0.410156 0.620996 -0.379004 1.82854 -1.07047
9.36035 0.411123 0.620996 -0.379004 1.81896 -1.07656

9.36035 0.411046 0.615312 -0.384688 1.8198 -1.07653
9.36437 0.41748 0.615312 -0.384688 1.78761 -1.11658

9.36436 0.41748 0.607766 -0.392234 1.78758 -1.11642
9.36768 0.422615 0.607766 -0.392234 1.76431 -1.16583

9.36768 0.422576 0.60875 -0.39125 1.7648 -1.16579
9.36911 0.424805 0.60875 -0.39125 1.74162 -1.18391

9.36909 0.424805 0.599951 -0.400049 1.74156 -1.18373
9.37398 0.432129 0.599951 -0.400049 1.66088 -1.22216

9.37395 0.432129 0.600022 -0.399978 1.66085 -1.22196
9.375 0.433702 0.600022 -0.399978 1.64124 -1.2282

9.375 0.433596 0.592185 -0.407815 1.64262 -1.22834
9.37903 0.439453 0.592185 -0.407815 1.59819 -1.25888

9.37901 0.439453 0.58466 -0.41534 1.59816 -1.25856
9.38232 0.44412 0.58466 -0.41534 1.56661 -1.2995

9.38232 0.444064 0.587301 -0.412699 1.56717 -1.29951
9.38423 0.446777 0.587301 -0.412699 1.54497 -1.32057

9.38421 0.446777 0.575563 -0.424437 1.5449 -1.32028
9.38961 0.454102 0.575563 -0.424437 1.46428 -1.37214

9.38954 0.454102 0.571293 -0.428707 1.46429 -1.37142
9.38965 0.454244 0.571293 -0.428707 1.46214 -1.37235

9.38965 0.454142 0.566125 -0.433875 1.46368 -1.37254
9.39523 0.461426 0.566125 -0.433875 1.38445 -1.4274

9.3952 0.461426 0.563016 -0.436984 1.38441 -1.42684
9.39697 0.463716 0.563016 -0.436984 1.36603 -1.45168

9.39697 0.463594 0.557899 -0.442101 1.3671 -1.45182
9.40106 0.46875 0.557899 -0.442101 1e+30 1e+30

