26.1611 0 0.995776 -0.00422444 2.73414 0
26.1611 0.00732422 0.995776 -0.00422444 2.74497 -0.0032776

26.1611 0.00732422 0.987506 -0.0124937 2.74497 -0.00327795
26.1612 0.0146484 0.987506 -0.0124937 2.76325 -0.010471

26.1612 0.0146484 0.979788 -0.0202123 2.76325 -0.0104729
26.1613 0.0219727 0.979788 -0.0202123 2.77572 -0.0195997

26.1613 0.0219727 0.972777 -0.0272233 2.77572 -0.0196006
26.1615 0.0292969 0.972777 -0.0272233 2.78339 -0.0307752

26.1615 0.0292969 0.965682 -0.034318 2.78339 -0.0307749
26.1618 0.0366211 0.965682 -0.034318 2.78632 -0.0396192

26.1618 0.0366211 0.958775 -0.0412248 2.78632 -0.0396188
26.1621 0.043666 0.958775 -0.0412248 2.78346 -0.0418382

26.1621 0.0439453 0.948492 -0.0515077 2.78334 -0.0420315
26.1621 0.0440368 0.948492 -0.0515077 2.78331 -0.0420987

26.1621 0.043629 0.962256 -0.0377441 2.78348 -0.0418121
26.1621 0.0439453 0.962256 -0.0377441 2.78337 -0.0420419

26.1621 0.0440201 0.948492 -0.0515077 2.78332 -0.042087
26.1629 0.0585938 0.948492 -0.0515077 2.7773 -0.0503208

26.1628 0.0585938 0.927308 -0.0726917 2.77719 -0.0503001
26.1651 0.0878906 0.927308 -0.0726917 2.76623 -0.0736092

26.1651 0.0878906 0.900479 -0.0995212 2.76623 -0.0736102
26.1684 0.117188 0.900479 -0.0995212 2.75218 -0.0947158

26.1684 0.117188 0.881419 -0.118581 2.75225 -0.0947433
26.1704 0.131836 0.881419 -0.118581 2.74393 -0.102745

26.1704 0.131836 0.869128 -0.130872 2.74393 -0.102746
26.1726 0.146484 0.869128 -0.130872 2.73749 -0.109761

26.1726 0.146484 0.856988 -0.143012 2.73748 -0.109756
26.175 0.161133 0.856988 -0.143012 2.7394 -0.118398

26.1751 0.161133 0.8476 -0.1524 2.73941 -0.118415
26.1764 0.168457 0.8476 -0.1524 2.74285 -0.123324

26.1764 0.168457 0.841197 -0.158803 2.74285 -0.123322
26.1768 0.170491 0.841197 -0.158803 2.74346 -0.125245

26.1768 0.170446 0.841197 -0.158803 2.74345 -0.125216
26.1778 0.175781 0.841197 -0.158803 2.75093 -0.131329

26.1778 0.175781 0.836006 -0.163994 2.75092 -0.131328
26.1792 0.183105 0.836006 -0.163994 2.75829 -0.149246

26.1792 0.183105 0.830507 -0.169493 2.75828 -0.149238
26.1807 0.19043 0.830507 -0.169493 2.7345 -0.158203

26.1807 0.19043 0.824332 -0.175668 2.7345 -0.158206
26.1823 0.197754 0.824332 -0.175668 2.72043 -0.151151

26.1823 0.197754 0.818435 -0.181565 2.72043 -0.15115
26.1839 0.205078 0.818435 -0.181565 2.72391 -0.155429

26.1839 0.205078 0.812867 -0.187133 2.7239 -0.155429
26.1841 0.205967 0.812867 -0.187133 2.7245 -0.155982

26.1841 0.205962 0.812867 -0.187133 2.7245 -0.155979
26.1856 0.212402 0.812867 -0.187133 2.72432 -0.161461

26.1856 0.212402 0.807072 -0.192928 2.72431 -0.161461
26.1873 0.219727 0.807072 -0.192928 2.7178 -0.166461

26.1873 0.219727 0.801034 -0.198966 2.7178 -0.16646
26.1891 0.227051 0.801034 -0.198966 2.71632 -0.176235

26.1891 0.227051 0.795035 -0.204965 2.71632 -0.176236
26.191 0.234375 0.795035 -0.204965 2.71371 -0.185807

26.191 0.234375 0.789499 -0.210501 2.71371 -0.185795
26.1914 0.235842 0.789499 -0.210501 2.71186 -0.187276

26.1914 0.235804 0.789499 -0.210501 2.71192 -0.187258
26.193 0.241699 0.789499 -0.210501 2.70455 -0.192424

26.193 0.241699 0.784356 -0.215644 2.70455 -0.192419
26.195 0.249023 0.784356 -0.215644 2.71519 -0.197977

26.195 0.249023 0.77918 -0.22082 2.71518 -0.197976
26.1971 0.256348 0.77918 -0.22082 2.72334 -0.218124

26.1971 0.256348 0.77354 -0.22646 2.72334 -0.218107
26.1987 0.262048 0.77354 -0.22646 2.71204 -0.23083

26.1987 0.262042 0.77354 -0.22646 2.71205 -0.230832
26.1992 0.263672 0.77354 -0.22646 2.70822 -0.231751

26.1992 0.263672 0.767503 -0.232497 2.70822 -0.231747
26.2014 0.270996 0.767503 -0.232497 2.69739 -0.237842

26.2014 0.270996 0.76152 -0.23848 2.69739 -0.237842
26.2037 0.27832 0.76152 -0.23848 2.69141 -0.252801

26.2037 0.27832 0.755753 -0.244247 2.69141 -0.252803
26.2061 0.285547 0.755753 -0.244247 2.67925 -0.267805

26.2061 0.285545 0.755753 -0.244247 2.67926 -0.267803
26.2061 0.285645 0.755753 -0.244247 2.67905 -0.26799

26.2061 0.285645 0.750298 -0.249702 2.67905 -0.267991
26.2085 0.292969 0.750298 -0.249702 2.66901 -0.282476

26.2085 0.292969 0.744888 -0.255112 2.66901 -0.282474
26.211 0.300293 0.744888 -0.255112 2.66188 -0.299811

26.211 0.300293 0.739428 -0.260572 2.66188 -0.299811
26.2134 0.306953 0.739428 -0.260572 2.65005 -0.314157

26.2134 0.306951 0.739428 -0.260572 2.65005 -0.314155
26.2136 0.307617 0.739428 -0.260572 2.64875 -0.315411

26.2136 0.307617 0.734037 -0.265963 2.64875 -0.315408
26.2163 0.314941 0.734037 -0.265963 2.64191 -0.330082

26.2163 0.314941 0.728556 -0.271444 2.6419 -0.33008
26.219 0.322266 0.728556 -0.271444 2.63375 -0.352496

26.219 0.322266 0.723255 -0.276745 2.63375 -0.352494
26.2207 0.326731 0.723255 -0.276745 2.62226 -0.364902

26.2207 0.326719 0.723255 -0.276745 2.62231 -0.364888
26.2218 0.32959 0.723255 -0.276745 2.61346 -0.371702

26.2218 0.32959 0.718124 -0.281876 2.61346 -0.371689
26.2247 0.336914 0.718124 -0.281876 2.60333 -0.391606

26.2247 0.336914 0.712829 -0.287171 2.60333 -0.391601
26.2276 0.344238 0.712829 -0.287171 2.58796 -0.419156

26.2276 0.344238 0.707483 -0.292517 2.58795 -0.419106
26.228 0.345241 0.707483 -0.292517 2.58475 -0.42205

26.228 0.345214 0.707483 -0.292517 2.58485 -0.422028
26.2307 0.351562 0.707483 -0.292517 2.57353 -0.438662

26.2306 0.351562 0.701901 -0.298099 2.57352 -0.438649
26.2338 0.358887 0.701901 -0.298099 2.55871 -0.468467

26.2338 0.358887 0.696253 -0.303747 2.55871 -0.468441
26.2354 0.362546 0.696253 -0.303747 2.54639 -0.483726

26.2354 0.362524 0.696253 -0.303747 2.54648 -0.4837
26.237 0.366211 0.696253 -0.303747 2.53384 -0.496841

26.237 0.366211 0.690563 -0.309437 2.53382 -0.496808
26.2402 0.373535 0.690563 -0.309437 2.51548 -0.52545

26.2402 0.373535 0.684881 -0.315119 2.51548 -0.525447
26.2427 0.37884 0.684881 -0.315119 2.49698 -0.548039

26.2427 0.378827 0.684881 -0.315119 2.49704 -0.54803
26.2436 0.380859 0.684881 -0.315119 2.48842 -0.554666

26.2436 0.380859 0.679278 -0.320722 2.48841 -0.554633
26.2471 0.388184 0.679278 -0.320722 2.4756 -0.585167

26.2471 0.388184 0.673656 -0.326344 2.4756 -0.585164
26.25 0.394246 0.673656 -0.326344 2.45667 -0.622069

26.25 0.394236 0.673656 -0.326344 2.45673 -0.622059
26.2506 0.395508 0.673656 -0.326344 2.44923 -0.628046

26.2506 0.395508 0.668127 -0.331873 2.44922 -0.628012
26.2542 0.402832 0.668127 -0.331873 2.4296 -0.663902

26.2542 0.402832 0.662532 -0.337468 2.4296 -0.66388
26.2573 0.408872 0.662532 -0.337468 2.40305 -0.703608

26.2573 0.40886 0.662532 -0.337468 2.40315 -0.703601
26.258 0.410156 0.662532 -0.337468 2.39356 -0.709539

26.258 0.410156 0.656725 -0.343275 2.39355 -0.709483
26.2618 0.41748 0.656725 -0.343275 2.3648 -0.746185

26.2618 0.41748 0.650785 -0.349215 2.3648 -0.746145
26.2646 0.422784 0.650785 -0.349215 2.34129 -0.784274

26.2646 0.422762 0.650785 -0.349215 2.34148 -0.784251
26.2657 0.424805 0.650785 -0.349215 2.32641 -0.795326

26.2657 0.424805 0.644505 -0.355495 2.32637 -0.795228
26.2698 0.432129 0.644505 -0.355495 2.28706 -0.83904

26.2698 0.432129 0.638329 -0.361671 2.28705 -0.838959
26.272 0.436025 0.638329 -0.361671 2.26632 -0.868091

26.272 0.435985 0.638329 -0.361671 2.26664 -0.868008
26.2739 0.439453 0.638329 -0.361671 2.2468 -0.891944

26.2739 0.439453 0.63196 -0.36804 2.24672 -0.891789
26.2782 0.446777 0.63196 -0.36804 2.19126 -0.942148

26.2782 0.446777 0.626237 -0.373763 2.19123 -0.941907
26.2793 0.448679 0.626237 -0.373763 2.17108 -0.953753

26.2793 0.44861 0.625623 -0.374377 2.17186 -0.953759
26.2826 0.454102 0.625623 -0.374377 2.15022 -0.990738

26.2826 0.454102 0.619242 -0.380758 2.1501 -0.990596
26.2866 0.460698 0.619242 -0.380758 2.10108 -1.05523

26.2866 0.46068 0.623123 -0.376877 2.10134 -1.05523
26.2871 0.461426 0.623123 -0.376877 2.09126 -1.06049

26.2871 0.461426 0.6121 -0.3879 2.09126 -1.06044
26.2917 0.46875 0.6121 -0.3879 1e+30 1e+30

