15.3855 0 -0.994787 -0.00521254 2.68028 0
15.3854 0.0146484 -0.994787 -0.00521254 2.6801 0.0570177

15.3854 0.0146484 -0.985126 -0.0148741 2.68014 0.0570173
15.3852 0.0292969 -0.985126 -0.0148741 2.68247 0.113571

15.3852 0.0292969 -0.977954 -0.0220459 2.68246 0.113572
15.385 0.0366211 -0.977954 -0.0220459 2.68093 0.141881

15.385 0.0366211 -0.970937 -0.029063 2.68094 0.14188
15.3848 0.0439453 -0.970937 -0.029063 2.67001 0.172927

15.3848 0.0439453 -0.964215 -0.0357851 2.67 0.172927
15.3843 0.0585938 -0.964215 -0.0357851 2.66135 0.232082

15.3809 0.112817 -0.930287 -0.0697129 2.62148 0.452135
15.3805 0.117188 -0.930287 -0.0697129 2.61821 0.470052

15.3843 0.0585938 -0.949434 -0.0505661 2.66092 0.232088
15.3828 0.0878906 -0.949434 -0.0505661 2.63981 0.351036

15.3809 0.113218 -0.930287 -0.0697129 2.62093 0.453775
15.3828 0.0878906 -0.930287 -0.0697129 2.63981 0.351036

15.3806 0.117188 -0.911773 -0.0882273 2.61795 0.470046
15.3777 0.146484 -0.911773 -0.0882273 2.58997 0.595736

15.3777 0.146484 -0.898079 -0.101921 2.59032 0.595755
15.376 0.161133 -0.898079 -0.101921 2.57789 0.663427

15.376 0.161133 -0.888572 -0.111428 2.57785 0.663423
15.3742 0.175781 -0.888572 -0.111428 2.56509 0.730704

15.3735 0.180572 -0.881153 -0.118847 2.55939 0.754313
15.3732 0.183105 -0.881153 -0.118847 2.55804 0.76596

15.3732 0.183105 -0.876135 -0.123865 2.55801 0.765957
15.3722 0.19043 -0.876135 -0.123865 2.54897 0.800509

15.3735 0.180604 -0.881153 -0.118847 2.55933 0.754456
15.3742 0.175781 -0.881153 -0.118847 2.56516 0.730712

15.3722 0.19043 -0.871206 -0.128794 2.54897 0.800509
15.3711 0.197754 -0.871206 -0.128794 2.54026 0.834325

15.3711 0.197754 -0.866264 -0.133736 2.54026 0.834325
15.3699 0.205078 -0.866264 -0.133736 2.52986 0.86745

15.3662 0.227232 -0.848156 -0.151844 2.4907 0.964709
15.3649 0.234375 -0.848156 -0.151844 2.48029 1.00009

15.3699 0.205078 -0.860899 -0.139101 2.52984 0.867448
15.3688 0.212402 -0.860899 -0.139101 2.50922 0.897438

15.3688 0.212402 -0.855849 -0.144151 2.50925 0.897435
15.3675 0.219727 -0.855849 -0.144151 2.49977 0.929814

15.3662 0.227185 -0.848156 -0.151844 2.49085 0.964482
15.3675 0.219727 -0.848156 -0.151844 2.49961 0.929809

15.3516 0.295836 -0.799245 -0.200755 2.32826 1.31699
15.3504 0.300293 -0.799245 -0.200755 2.31354 1.33918

15.3504 0.300293 -0.793774 -0.206226 2.31354 1.33918
15.3485 0.307617 -0.793774 -0.206226 2.29984 1.37857

15.3485 0.307617 -0.787869 -0.212131 2.29983 1.37857
15.3466 0.314941 -0.787869 -0.212131 2.28728 1.42002

15.3466 0.314941 -0.782121 -0.217879 2.28729 1.42002
15.3445 0.322266 -0.782121 -0.217879 2.25934 1.46243

15.3369 0.347649 -0.759184 -0.240816 2.16179 1.60777
15.3357 0.351562 -0.759184 -0.240816 2.14215 1.63038

15.3442 0.323276 -0.776515 -0.223485 2.25464 1.46848
15.3424 0.32959 -0.776515 -0.223485 2.23166 1.50397

15.3424 0.32959 -0.770759 -0.229241 2.23166 1.50397
15.3402 0.336914 -0.770759 -0.229241 2.21014 1.54467

15.3442 0.323262 -0.776515 -0.223485 2.25474 1.46841
15.3445 0.322266 -0.776515 -0.223485 2.25937 1.46244

15.3402 0.336914 -0.764929 -0.235071 2.21014 1.54467
15.338 0.344238 -0.764929 -0.235071 2.17831 1.58598

15.3369 0.347621 -0.759184 -0.240816 2.16201 1.60762
15.338 0.344238 -0.759184 -0.240816 2.17835 1.58599

15.2856 0.468647 -0.644241 -0.355759 1.36282 2.2913
15.2856 0.46875 -0.644241 -0.355759 1.36147 2.29173

15.293 0.455109 -0.652488 -0.347512 1.5045 2.22151
15.2896 0.461426 -0.652488 -0.347512 1.44321 2.26267

15.2856 0.468566 -0.643237 -0.356763 1.36431 2.29088
15.2896 0.461426 -0.643237 -0.356763 1.44321 2.26267

15.3223 0.389688 -0.721094 -0.278906 1.95945 1.83277
15.32 0.395508 -0.721094 -0.278906 1.92991 1.86923

15.3149 0.408037 -0.707286 -0.292714 1.85999 1.94319
15.3141 0.410156 -0.707286 -0.292714 1.8448 1.95545

15.32 0.395508 -0.714176 -0.285824 1.92989 1.86923
15.3171 0.402832 -0.714176 -0.285824 1.88919 1.91241

15.3149 0.407995 -0.707286 -0.292714 1.86047 1.94299
15.3171 0.402832 -0.707286 -0.292714 1.88926 1.91241

15.3357 0.351562 -0.753333 -0.246667 2.14218 1.63039
15.3333 0.358887 -0.753333 -0.246667 2.10894 1.67602

15.3333 0.358887 -0.747134 -0.252866 2.10893 1.67601
15.3308 0.366211 -0.747134 -0.252866 2.07338 1.7081

15.3296 0.369665 -0.740862 -0.259138 2.05642 1.72587
15.3282 0.373535 -0.740862 -0.259138 2.0372 1.74434

15.3282 0.373535 -0.734416 -0.265584 2.03722 1.74435
15.3256 0.380859 -0.734416 -0.265584 2.00429 1.78411

15.3296 0.369642 -0.740862 -0.259138 2.05661 1.72574
15.3308 0.366211 -0.740862 -0.259138 2.07342 1.7081

15.3256 0.380859 -0.727754 -0.272246 2.00429 1.78411
15.3228 0.388184 -0.727754 -0.272246 1.96777 1.82345

15.3223 0.389676 -0.721094 -0.278906 1.95956 1.8327
15.3228 0.388184 -0.721094 -0.278906 1.96781 1.82346

15.3076 0.424957 -0.685909 -0.314091 1.74955 2.04537
15.3043 0.432129 -0.685909 -0.314091 1.69639 2.09307

15.3043 0.432129 -0.677922 -0.322078 1.69637 2.09306
15.3009 0.439453 -0.677922 -0.322078 1.63984 2.12952

15.3141 0.410156 -0.700434 -0.299566 1.84491 1.95548
15.3109 0.41748 -0.700434 -0.299566 1.80167 2.00374

15.3109 0.41748 -0.693368 -0.306632 1.80167 2.00374
15.3077 0.424805 -0.693368 -0.306632 1.75096 2.04446

15.3076 0.424948 -0.685909 -0.314091 1.74968 2.04532
15.3077 0.424805 -0.685909 -0.314091 1.75097 2.04446

15.3003 0.440596 -0.669882 -0.330118 1.63022 2.13622
15.2972 0.446777 -0.669882 -0.330118 1.58474 2.18022

15.2973 0.446777 -0.66146 -0.33854 1.5847 2.18021
15.2935 0.454102 -0.66146 -0.33854 1.51532 2.21643

15.3003 0.440582 -0.669882 -0.330118 1.63042 2.13613
15.3008 0.439453 -0.669882 -0.330118 1.6399 2.12952

15.293 0.455089 -0.6525 -0.3475 1.50482 2.22139
15.2935 0.454102 -0.6525 -0.3475 1.5154 2.21641

15.3649 0.234375 -0.83807 -0.16193 2.48038 1.0001
15.3621 0.249023 -0.83807 -0.16193 2.45499 1.07341

15.3621 0.249023 -0.828208 -0.171792 2.45493 1.0734
15.3591 0.263672 -0.828208 -0.171792 2.41903 1.14612

15.3589 0.264409 -0.820445 -0.179555 2.417 1.15006
15.3574 0.270996 -0.820445 -0.179555 2.40272 1.18315

15.3574 0.270996 -0.815012 -0.184988 2.40273 1.18315
15.3558 0.27832 -0.815012 -0.184988 2.38957 1.22084

15.3589 0.264408 -0.820445 -0.179555 2.41701 1.15005
15.359 0.263672 -0.820445 -0.179555 2.41913 1.14613

15.3558 0.27832 -0.809743 -0.190257 2.38957 1.22084
15.3541 0.285645 -0.809743 -0.190257 2.37007 1.26003

15.3541 0.285645 -0.804447 -0.195553 2.37007 1.26003
15.3523 0.292969 -0.804447 -0.195553 2.34106 1.30011

15.3516 0.295816 -0.799245 -0.200755 2.3284 1.31688
15.3523 0.292969 -0.799245 -0.200755 2.34109 1.30012

15 0.596951 0.307608 -0.692392 -0.724153 -1.56136
15.0073 0.600205 0.307608 -0.692392 -0.853397 -1.49411

15.0073 0.6002 0.286731 -0.713269 -0.853266 -1.49415
15.0083 0.600586 0.286731 -0.713269 -0.868902 -1.49346

15.0083 0.600586 0.286731 -0.713269 -0.86877 -1.49341
15.0146 0.603153 0.286731 -0.713269 -0.986851 -1.4281

15.0146 0.603151 0.264326 -0.735674 -0.986801 -1.42812
15.022 0.605783 0.264326 -0.735674 -1.12617 -1.28776

15.022 0.605775 0.241421 -0.758579 -1.12592 -1.28785
15.0287 0.60791 0.241421 -0.758579 -1.24262 -1.18569

15.0286 0.60791 0.241421 -0.758579 -1.24183 -1.18646
15.0293 0.608136 0.241421 -0.758579 -1.25512 -1.17931

15.0293 0.608114 0.217055 -0.782945 -1.25437 -1.17947
15.0366 0.610144 0.217055 -0.782945 -1.38244 -1.05889

15.0366 0.610145 0.189884 -0.810116 -1.38249 -1.05889
15.0439 0.611862 0.189884 -0.810116 -1.49657 -0.877686

15.0439 0.611862 0.160621 -0.839379 -1.49656 -0.877692
15.0513 0.613263 0.160621 -0.839379 -1.58172 -0.699533

15.0513 0.613261 0.129621 -0.870379 -1.58166 -0.699546
15.0586 0.614352 0.129621 -0.870379 -1.6584 -0.535926

15.0586 0.61435 0.09706 -0.90294 -1.65832 -0.535942
15.0659 0.615138 0.09706 -0.90294 -1.73763 -0.384073

15.0659 0.615146 0.062647 -0.937353 -1.73797 -0.384009
15.0672 0.615234 0.062647 -0.937353 -1.75224 -0.358159

15.0674 0.615234 0.062647 -0.937353 -1.75361 -0.354918
15.0732 0.615624 0.062647 -0.937353 -1.8117 -0.217939

15.0732 0.615627 0.025521 -0.974479 -1.81183 -0.217919
15.0806 0.615819 0.025521 -0.974479 -1.86414 -0.0232478

15.0806 0.615819 -0.0145132 -0.985487 -1.86414 -0.0232466
15.0879 0.615711 -0.0145132 -0.985487 -1.89407 0.171357

15.1025 0.614582 -0.0895927 -0.910407 -1.90136 0.543002
15.0959 0.615234 -0.0895927 -0.910407 -1.9123 0.374839

15.1025 0.614585 -0.1243 -0.8757 -1.90144 0.542984
15.1099 0.613546 -0.1243 -0.8757 -1.86421 0.729352

15.1099 0.613546 -0.15709 -0.84291 -1.86422 0.72935
15.1172 0.612181 -0.15709 -0.84291 -1.83063 0.928027

15.0879 0.615713 -0.0531354 -0.946865 -1.89412 0.171365
15.0952 0.615302 -0.0531354 -0.946865 -1.91102 0.357261

15.0952 0.615313 -0.0895927 -0.910407 -1.91128 0.357265
15.096 0.615234 -0.0895927 -0.910407 -1.91273 0.377447

15.1831 0.58471 -0.381572 -0.618428 -0.776482 2.26934
15.1811 0.585938 -0.381572 -0.618428 -0.825498 2.23768

15.1831 0.584658 -0.401486 -0.598514 -0.774361 2.26959
15.1904 0.579745 -0.401486 -0.598514 -0.636665 2.3233

15.2051 0.568679 -0.439164 -0.560836 -0.333282 2.4603
15.2017 0.571289 -0.439164 -0.560836 -0.405554 2.43349

15.1978 0.574414 -0.421767 -0.578233 -0.512303 2.3816
15.192 0.578613 -0.421767 -0.578233 -0.611096 2.32103

15.1904 0.579712 -0.412361 -0.587639 -0.63553 2.32308
15.192 0.578613 -0.412361 -0.587639 -0.611089 2.32103

15.1978 0.57435 -0.437593 -0.562407 -0.509541 2.38127
15.2017 0.571289 -0.437593 -0.562407 -0.40535 2.43314

15.2197 0.555743 -0.485333 -0.514667 -0.0103942 2.53504
15.2188 0.556641 -0.485333 -0.514667 -0.0317181 2.53015

15.2344 0.540744 -0.522043 -0.477957 0.31791 2.56213
15.2332 0.541992 -0.522043 -0.477957 0.293298 2.56049

15.2271 0.548518 -0.504064 -0.495936 0.159409 2.5577
15.2263 0.549316 -0.504064 -0.495936 0.141148 2.55745

15.2197 0.555648 -0.49456 -0.50544 -0.00740372 2.53478
15.2262 0.549316 -0.49456 -0.50544 0.141757 2.55714

15.2271 0.548437 -0.512029 -0.487971 0.161976 2.55736
15.2332 0.541992 -0.512029 -0.487971 0.293651 2.56025

15.2124 0.562445 -0.464527 -0.535473 -0.170919 2.49941
15.2107 0.563965 -0.464527 -0.535473 -0.208855 2.48908

15.2051 0.568586 -0.459056 -0.540944 -0.330281 2.46051
15.2105 0.563965 -0.459056 -0.540944 -0.208051 2.48817

15.2124 0.562362 -0.477504 -0.522496 -0.168257 2.49929
15.2187 0.556641 -0.477504 -0.522496 -0.0308898 2.52929

15.1172 0.612182 -0.187642 -0.812358 -1.83064 0.928026
15.1245 0.61049 -0.187642 -0.812358 -1.749 1.13385

15.1245 0.610488 -0.215721 -0.784279 -1.74889 1.13385
15.1318 0.608473 -0.215721 -0.784279 -1.65478 1.28914

15.1392 0.606139 -0.241778 -0.758222 -1.57286 1.45764
15.1336 0.60791 -0.241778 -0.758222 -1.63688 1.32018

15.1318 0.608473 -0.241778 -0.758222 -1.65476 1.28914
15.1336 0.60791 -0.241778 -0.758222 -1.63686 1.32005

15.1392 0.606147 -0.267535 -0.732465 -1.57309 1.45758
15.1465 0.603472 -0.267535 -0.732465 -1.45962 1.65338

15.1538 0.600472 -0.292179 -0.707821 -1.33131 1.75261
15.1535 0.600586 -0.292179 -0.707821 -1.33497 1.75068

15.1538 0.600456 -0.316258 -0.683742 -1.33072 1.75261
15.1611 0.597069 -0.316258 -0.683742 -1.23725 1.89373

15.1465 0.603467 -0.292179 -0.707821 -1.45936 1.65336
15.1535 0.600586 -0.292179 -0.707821 -1.33483 1.75019

15.1611 0.597061 -0.339295 -0.660705 -1.23705 1.8938
15.1685 0.5933 -0.339295 -0.660705 -1.0871 2.00641

15.1758 0.589172 -0.360966 -0.639034 -0.976228 2.13075
15.1685 0.593262 -0.360966 -0.639034 -1.08601 2.00701

15.1685 0.5933 -0.356286 -0.643714 -1.08708 2.00641
15.1685 0.593262 -0.356286 -0.643714 -1.08595 2.00688

15.1758 0.589141 -0.381577 -0.618423 -0.974597 2.13065
15.181 0.585938 -0.381577 -0.618423 -0.825414 2.23582

15.249 0.523455 -0.557955 -0.442045 0.63455 2.5526
15.2459 0.527344 -0.557955 -0.442045 0.568729 2.56661

15.2637 0.503716 -0.598154 -0.401846 0.961859 2.49774
15.2626 0.505371 -0.598154 -0.401846 0.938558 2.51074

15.2625 0.505371 -0.582393 -0.417607 0.93889 2.51084
15.2573 0.512695 -0.582393 -0.417607 0.809392 2.53102

15.2563 0.513942 -0.56962 -0.43038 0.784387 2.53031
15.2518 0.52002 -0.56962 -0.43038 0.680182 2.54428

15.249 0.523471 -0.562725 -0.437275 0.634168 2.55273
15.2517 0.52002 -0.562725 -0.437275 0.680878 2.5439

15.2563 0.51393 -0.576477 -0.423523 0.784713 2.53025
15.2573 0.512695 -0.576477 -0.423523 0.809633 2.53083

15.2783 0.481097 -0.62477 -0.37523 1.25832 2.38282
15.2769 0.483398 -0.62477 -0.37523 1.22197 2.40128

15.271 0.492764 -0.603884 -0.396116 1.07075 2.42953
15.2675 0.498047 -0.603884 -0.396116 1.00821 2.45893

15.2769 0.483398 -0.614607 -0.385393 1.22208 2.40133
15.2723 0.490723 -0.614607 -0.385393 1.10196 2.42631

15.271 0.492749 -0.607027 -0.392973 1.07107 2.42945
15.2723 0.490723 -0.607027 -0.392973 1.10221 2.42617

15.2855 0.46875 -0.633861 -0.366139 1.3619 2.29167
15.2813 0.476074 -0.633861 -0.366139 1.29159 2.33965

15.2783 0.481038 -0.62477 -0.37523 1.25965 2.38252
15.2813 0.476074 -0.62477 -0.37523 1.29177 2.33967

15.2637 0.503669 -0.593754 -0.406246 0.962892 2.49748
15.2675 0.498047 -0.593754 -0.406246 1.0083 2.45897

15.2417 0.532398 -0.540643 -0.459357 0.486313 2.56842
15.2398 0.534668 -0.540643 -0.459357 0.44014 2.57069

15.2344 0.540683 -0.52821 -0.47179 0.319598 2.56187
15.2397 0.534668 -0.52821 -0.47179 0.440328 2.57062

15.2417 0.532359 -0.544458 -0.455542 0.487366 2.56829
15.2459 0.527344 -0.544458 -0.455542 0.56908 2.56665

