21.0473 0 -0.995334 -0.00466608 2.73983 0
21.0473 0.0146484 -0.995334 -0.00466608 2.73999 0.0537819

21.0473 0.0146484 -0.986301 -0.0136991 2.74 0.0537817
21.0471 0.0292969 -0.986301 -0.0136991 2.73665 0.108142

21.0471 0.0292969 -0.972243 -0.0277571 2.73635 0.108149
21.0463 0.0585938 -0.972243 -0.0277571 2.73335 0.219104

21.0462 0.0585938 -0.958523 -0.0414766 2.73366 0.2191
21.0456 0.0732422 -0.958523 -0.0414766 2.7314 0.275862

21.0456 0.0732422 -0.950059 -0.0499412 2.73141 0.275862
21.0448 0.0878906 -0.950059 -0.0499412 2.72396 0.333281

21.0448 0.0878906 -0.941628 -0.0583723 2.72394 0.333281
21.0439 0.102539 -0.941628 -0.0583723 2.7175 0.394207

21.0439 0.102539 -0.932788 -0.0672123 2.71748 0.394207
21.0429 0.117188 -0.932788 -0.0672123 2.70872 0.457398

21.0352 0.191141 -0.882411 -0.117589 2.6327 0.797715
21.0343 0.197754 -0.882411 -0.117589 2.62553 0.82772

21.0343 0.197754 -0.877391 -0.122609 2.62555 0.827722
21.0332 0.205078 -0.877391 -0.122609 2.62211 0.864423

21.0332 0.205078 -0.872812 -0.127188 2.62211 0.864423
21.0322 0.212402 -0.872812 -0.127188 2.61254 0.899919

21.0322 0.212402 -0.868149 -0.131851 2.61253 0.899918
21.0311 0.219727 -0.868149 -0.131851 2.59994 0.933583

21.0311 0.219727 -0.863444 -0.136556 2.59994 0.933583
21.0299 0.227051 -0.863444 -0.136556 2.58222 0.966125

21.0299 0.227051 -0.858814 -0.141186 2.58222 0.966125
21.0287 0.234375 -0.858814 -0.141186 2.56713 0.998475

21.0429 0.117188 -0.923758 -0.0762422 2.70872 0.457398
21.0416 0.131836 -0.923758 -0.0762422 2.69901 0.521625

21.0416 0.131836 -0.914831 -0.0851694 2.69901 0.521625
21.0403 0.146484 -0.914831 -0.0851694 2.68885 0.587833

21.0403 0.146484 -0.906169 -0.093831 2.68886 0.587832
21.0388 0.161133 -0.906169 -0.093831 2.6718 0.654392

21.0388 0.161133 -0.897308 -0.102692 2.67176 0.654393
21.0371 0.175781 -0.897308 -0.102692 2.65256 0.722242

21.0371 0.175781 -0.888648 -0.111352 2.6526 0.722243
21.0353 0.19043 -0.888648 -0.111352 2.6336 0.794087

21.0352 0.191119 -0.879846 -0.120154 2.63276 0.797604
21.0353 0.19043 -0.879846 -0.120154 2.63363 0.794092

20.9766 0.425573 -0.70536 -0.29464 1.87683 2.05146
20.9738 0.432129 -0.70536 -0.29464 1.83657 2.09556

20.9738 0.432129 -0.69759 -0.30241 1.83655 2.09555
20.9707 0.439453 -0.69759 -0.30241 1.78546 2.14052

20.9619 0.458319 -0.673919 -0.326081 1.63933 2.26423
20.9604 0.461426 -0.673919 -0.326081 1.60469 2.2838

20.9604 0.461426 -0.665423 -0.334577 1.60475 2.28381
20.9567 0.46875 -0.665423 -0.334577 1.52623 2.32539

20.9692 0.442604 -0.689845 -0.310155 1.7637 2.16107
20.9674 0.446777 -0.689845 -0.310155 1.73046 2.18873

20.9674 0.446777 -0.681958 -0.318042 1.73049 2.18874
20.9639 0.454102 -0.681958 -0.318042 1.66972 2.23665

20.9692 0.442575 -0.689845 -0.310155 1.76406 2.16088
20.9706 0.439453 -0.689845 -0.310155 1.78556 2.14052

20.9619 0.458278 -0.673919 -0.326081 1.64002 2.264
20.9639 0.454102 -0.673919 -0.326081 1.66983 2.23663

21.0278 0.239519 -0.854202 -0.145798 2.55961 1.02237
21.0275 0.241699 -0.854202 -0.145798 2.5563 1.03256

21.0275 0.241699 -0.849572 -0.150428 2.55631 1.03256
21.0262 0.249023 -0.849572 -0.150428 2.54444 1.06724

21.0278 0.239503 -0.854202 -0.145798 2.55966 1.0223
21.0287 0.234375 -0.854202 -0.145798 2.56714 0.998476

21.0262 0.249023 -0.844808 -0.155192 2.54443 1.06724
21.0248 0.256348 -0.844808 -0.155192 2.53384 1.10316

21.0248 0.256348 -0.839947 -0.160053 2.53384 1.10316
21.0234 0.263672 -0.839947 -0.160053 2.52368 1.14052

21.0205 0.278203 -0.830397 -0.169603 2.48299 1.21473
21.0205 0.27832 -0.830397 -0.169603 2.4827 1.21533

21.0205 0.27832 -0.825341 -0.174659 2.48272 1.21533
21.0189 0.285645 -0.825341 -0.174659 2.47073 1.25337

21.0189 0.285645 -0.819754 -0.180246 2.47073 1.25337
21.0173 0.292969 -0.819754 -0.180246 2.46442 1.29444

21.0234 0.263672 -0.835079 -0.164921 2.52367 1.14052
21.022 0.270996 -0.835079 -0.164921 2.50392 1.17813

21.0205 0.278173 -0.830397 -0.169603 2.48312 1.21458
21.022 0.270996 -0.830397 -0.169603 2.50393 1.17813

21.0059 0.338975 -0.782866 -0.217134 2.30934 1.55132
21.0044 0.344238 -0.782866 -0.217134 2.28551 1.58155

21.0044 0.344238 -0.77736 -0.22264 2.28551 1.58155
21.0023 0.351562 -0.77736 -0.22264 2.25554 1.62326

21.0173 0.292969 -0.814421 -0.185579 2.46443 1.29444
21.0157 0.300293 -0.814421 -0.185579 2.44477 1.33696

21.0157 0.300293 -0.809362 -0.190638 2.44477 1.33696
21.0139 0.307617 -0.809362 -0.190638 2.4166 1.37656

21.0132 0.310677 -0.804345 -0.195655 2.4056 1.39367
21.0121 0.314941 -0.804345 -0.195655 2.39069 1.41561

21.0121 0.314941 -0.799063 -0.200937 2.3907 1.41561
21.0103 0.322266 -0.799063 -0.200937 2.37052 1.45456

21.0132 0.310657 -0.804345 -0.195655 2.40571 1.39357
21.0139 0.307617 -0.804345 -0.195655 2.41662 1.37656

21.0103 0.322266 -0.793549 -0.206451 2.37052 1.45456
21.0084 0.32959 -0.793549 -0.206451 2.35007 1.49569

21.0084 0.32959 -0.788143 -0.211857 2.35007 1.49569
21.0064 0.336914 -0.788143 -0.211857 2.3184 1.5385

21.0059 0.338957 -0.782866 -0.217134 2.30947 1.55121
21.0064 0.336914 -0.782866 -0.217134 2.31843 1.5385

20.9985 0.364129 -0.765485 -0.234515 2.2073 1.69203
20.9979 0.366211 -0.765485 -0.234515 2.19714 1.70431

21.0023 0.351562 -0.771472 -0.228528 2.25553 1.62326
21.0001 0.358887 -0.771472 -0.228528 2.22791 1.66091

20.9985 0.364095 -0.765485 -0.234515 2.20757 1.69185
21.0001 0.358887 -0.765485 -0.234515 2.22793 1.66091

20.9979 0.366211 -0.759295 -0.240705 2.1972 1.70432
20.9956 0.373535 -0.759295 -0.240705 2.16757 1.74962

20.9956 0.373535 -0.752776 -0.247224 2.16756 1.74962
20.9932 0.380859 -0.752776 -0.247224 2.13707 1.79287

20.9912 0.386641 -0.746392 -0.253608 2.10774 1.82835
20.9907 0.388184 -0.746392 -0.253608 2.09769 1.83756

20.9907 0.388184 -0.740015 -0.259985 2.09779 1.83758
20.9881 0.395508 -0.740015 -0.259985 2.05654 1.88378

20.9839 0.406979 -0.726536 -0.273464 1.99319 1.94436
20.9827 0.410156 -0.726536 -0.273464 1.97223 1.96158

20.9881 0.395508 -0.733291 -0.266709 2.05653 1.88378
20.9854 0.402832 -0.733291 -0.266709 2.01552 1.92135

20.9839 0.40695 -0.726536 -0.273464 1.99351 1.94421
20.9854 0.402832 -0.726536 -0.273464 2.01558 1.92134

20.9912 0.386599 -0.746392 -0.253608 2.10817 1.82813
20.9932 0.380859 -0.746392 -0.253608 2.13712 1.79288

20.9827 0.410156 -0.719649 -0.280351 1.97228 1.96158
20.9798 0.41748 -0.719649 -0.280351 1.93025 2.00675

20.9798 0.41748 -0.712636 -0.287364 1.93025 2.00675
20.9769 0.424805 -0.712636 -0.287364 1.88266 2.04674

20.9766 0.425564 -0.70536 -0.29464 1.87694 2.05141
20.9769 0.424805 -0.70536 -0.29464 1.88266 2.04674

20.625 0.571365 0.442229 -0.557771 0.359591 -1.91502
20.6323 0.577172 0.442229 -0.557771 0.221642 -1.93979

20.6323 0.577139 0.425165 -0.574835 0.222217 -1.94023
20.6343 0.578613 0.425165 -0.574835 0.179683 -1.94596

20.6343 0.578613 0.426058 -0.573942 0.180151 -1.94524
20.6396 0.582612 0.426058 -0.573942 0.0493863 -1.92662

20.6396 0.582572 0.409788 -0.590212 0.0501447 -1.92722
20.6445 0.585938 0.409788 -0.590212 -0.0584988 -1.89447

20.6444 0.585938 0.404982 -0.595018 -0.057289 -1.89412
20.647 0.587721 0.404982 -0.595018 -0.109754 -1.87944

20.647 0.587685 0.392786 -0.607214 -0.10915 -1.87986
20.6543 0.592423 0.392786 -0.607214 -0.259138 -1.86651

20.6543 0.592405 0.37433 -0.62567 -0.258762 -1.86672
20.6557 0.593262 0.37433 -0.62567 -0.28864 -1.86848

20.6557 0.593262 0.3747 -0.6253 -0.288314 -1.86813
20.6616 0.596817 0.3747 -0.6253 -0.433574 -1.81659

20.6616 0.596804 0.355765 -0.644235 -0.433241 -1.81674
20.6685 0.600586 0.355765 -0.644235 -0.579009 -1.74497

20.6683 0.600586 0.353386 -0.646614 -0.578074 -1.74467
20.6689 0.600919 0.353386 -0.646614 -0.589605 -1.7429

20.6689 0.600856 0.335807 -0.664193 -0.588249 -1.7435
20.6763 0.604559 0.335807 -0.664193 -0.737884 -1.67516

20.6763 0.604552 0.315215 -0.684785 -0.737701 -1.67526
20.6836 0.60791 0.315215 -0.684785 -0.88823 -1.58759

20.6835 0.60791 0.315215 -0.684785 -0.888014 -1.58759
20.6836 0.607936 0.315215 -0.684785 -0.889177 -1.58736

20.6836 0.607929 0.293509 -0.706491 -0.888982 -1.58742
20.6909 0.610972 0.293509 -0.706491 -1.0438 -1.49471

20.6909 0.610968 0.270115 -0.729885 -1.04368 -1.49473
20.6982 0.613679 0.270115 -0.729885 -1.19028 -1.34478

20.6982 0.613665 0.246203 -0.753797 -1.18985 -1.34492
20.703 0.615234 0.246203 -0.753797 -1.27396 -1.27359

20.703 0.615234 0.246203 -0.753797 -1.2732 -1.2745
20.7056 0.616088 0.246203 -0.753797 -1.32206 -1.24342

20.7056 0.616072 0.220482 -0.779518 -1.32156 -1.24353
20.7129 0.618144 0.220482 -0.779518 -1.45687 -1.12345

20.7129 0.618144 0.192109 -0.807891 -1.45688 -1.12345
20.7202 0.619886 0.192109 -0.807891 -1.58149 -0.941829

20.7202 0.619884 0.161872 -0.838128 -1.58144 -0.941852
20.7275 0.621299 0.161872 -0.838128 -1.68451 -0.748969

20.7275 0.621296 0.130206 -0.869794 -1.6844 -0.748998
20.7349 0.622392 0.130206 -0.869794 -1.78313 -0.578978

20.7349 0.622399 0.0968408 -0.903159 -1.78342 -0.578924
20.7364 0.622559 0.0968408 -0.903159 -1.80309 -0.548929

20.7364 0.622559 0.0968408 -0.903159 -1.80386 -0.547203
20.7422 0.623175 0.0968408 -0.903159 -1.87631 -0.405031

20.7422 0.62318 0.0603171 -0.939683 -1.87653 -0.405
20.7495 0.62365 0.0603171 -0.939683 -1.94667 -0.198553

20.7495 0.623651 0.0197037 -0.980296 -1.94672 -0.198546
20.7568 0.623798 0.0197037 -0.980296 -1.99173 0.0126786

20.7568 0.623799 -0.0239752 -0.976025 -1.99177 0.0126848
20.7642 0.623619 -0.0239752 -0.976025 -2.01725 0.217794

20.7642 0.62362 -0.0650996 -0.9349 -2.01727 0.217797
20.7715 0.62311 -0.0650996 -0.9349 -2.03214 0.422734

20.7788 0.622255 -0.102797 -0.897203 -2.01762 0.631184
20.7762 0.622559 -0.102797 -0.897203 -2.03339 0.557368

20.7715 0.623116 -0.102797 -0.897203 -2.03235 0.422749
20.7764 0.622559 -0.102797 -0.897203 -2.03278 0.562712

20.7788 0.622271 -0.137784 -0.862216 -2.01804 0.63112
20.7861 0.621101 -0.137784 -0.862216 -1.97166 0.85009

20.7861 0.621102 -0.17079 -0.82921 -1.9717 0.850079
20.7935 0.619594 -0.17079 -0.82921 -1.91836 1.08891

20.7935 0.619597 -0.202228 -0.797772 -1.91844 1.08887
20.8008 0.617741 -0.202228 -0.797772 -1.8112 1.31183

20.8154 0.612964 -0.259966 -0.740034 -1.62219 1.62854
20.809 0.615234 -0.259966 -0.740034 -1.69774 1.46337

20.8154 0.612967 -0.287574 -0.712426 -1.62229 1.62851
20.8228 0.610011 -0.287574 -0.712426 -1.48932 1.81353

20.8301 0.606702 -0.313299 -0.686701 -1.34619 1.95535
20.8274 0.60791 -0.313299 -0.686701 -1.39805 1.89873

20.8228 0.609987 -0.313299 -0.686701 -1.4881 1.81345
20.8273 0.60791 -0.313299 -0.686701 -1.3983 1.89638

20.8008 0.61774 -0.231756 -0.768244 -1.81115 1.31182
20.8081 0.61553 -0.231756 -0.768244 -1.70707 1.45164

20.8081 0.615534 -0.259966 -0.740034 -1.70723 1.45164
20.809 0.615234 -0.259966 -0.740034 -1.69773 1.46328

20.8447 0.59885 -0.360419 -0.639581 -1.01382 2.26049
20.8416 0.600586 -0.360419 -0.639581 -1.09412 2.19305

20.8301 0.606671 -0.337487 -0.662513 -1.34501 1.95551
20.8374 0.60294 -0.337487 -0.662513 -1.20292 2.11143

20.8374 0.60291 -0.360419 -0.639581 -1.20123 2.11132
20.8415 0.600586 -0.360419 -0.639581 -1.09436 2.1909

20.8447 0.598823 -0.382823 -0.617177 -1.01266 2.26068
20.8521 0.59428 -0.382823 -0.617177 -0.861815 2.34143

20.8594 0.589299 -0.405112 -0.594888 -0.728009 2.42704
20.8536 0.593262 -0.405112 -0.594888 -0.834911 2.34251

20.8521 0.594248 -0.395869 -0.604131 -0.860549 2.3412
20.8536 0.593262 -0.395869 -0.604131 -0.834902 2.34251

20.8667 0.583921 -0.424228 -0.575772 -0.523154 2.52743
20.864 0.585938 -0.424228 -0.575772 -0.588999 2.50066

20.874 0.578041 -0.452941 -0.547059 -0.35071 2.57876
20.8733 0.578613 -0.452941 -0.547059 -0.366805 2.57364

20.8667 0.583839 -0.446768 -0.553232 -0.520035 2.5276
20.8732 0.578613 -0.446768 -0.553232 -0.365582 2.57203

20.8887 0.564631 -0.485782 -0.514218 0.0066999 2.66394
20.8816 0.571289 -0.485782 -0.514218 -0.167473 2.62811

20.874 0.577948 -0.466428 -0.533572 -0.347231 2.57847
20.8813 0.571545 -0.466428 -0.533572 -0.174493 2.62655

20.8813 0.571529 -0.476783 -0.523217 -0.173902 2.62648
20.8816 0.571289 -0.476783 -0.523217 -0.167359 2.62798

20.9033 0.549189 -0.533221 -0.466779 0.366162 2.68684
20.9032 0.549316 -0.533221 -0.466779 0.363421 2.6868

20.9032 0.549316 -0.523346 -0.476654 0.363938 2.68646
20.8965 0.556641 -0.523346 -0.476654 0.200096 2.6825

20.9106 0.540467 -0.552279 -0.447721 0.552572 2.67921
20.9094 0.541992 -0.552279 -0.447721 0.521064 2.68321

20.918 0.531107 -0.569389 -0.430611 0.715063 2.65066
20.9153 0.534668 -0.569389 -0.430611 0.652807 2.66728

20.9106 0.5404 -0.554564 -0.445436 0.554548 2.67886
20.9152 0.534668 -0.554564 -0.445436 0.653045 2.6673

20.9033 0.549109 -0.539727 -0.460273 0.368637 2.68638
20.9094 0.541992 -0.539727 -0.460273 0.52127 2.68315

20.896 0.557167 -0.505516 -0.494484 0.187968 2.68228
20.8893 0.563965 -0.505516 -0.494484 0.0240937 2.66676

20.8887 0.564606 -0.495868 -0.504132 0.00757967 2.66381
20.8893 0.563965 -0.495868 -0.504132 0.0243176 2.66654

20.896 0.557136 -0.51422 -0.48578 0.189002 2.68208
20.8965 0.556641 -0.51422 -0.48578 0.200379 2.68231

20.9473 0.486283 -0.637684 -0.362316 1.35705 2.43
20.9447 0.490723 -0.637684 -0.362316 1.30689 2.46917

20.9447 0.490723 -0.627489 -0.372511 1.30684 2.46915
20.9404 0.498047 -0.627489 -0.372511 1.18923 2.4947

20.9326 0.510352 -0.606157 -0.393843 1.05504 2.57036
20.9311 0.512695 -0.606157 -0.393843 1.02212 2.59155

20.9253 0.521131 -0.581388 -0.418612 0.867937 2.61873
20.9208 0.527344 -0.581388 -0.418612 0.761426 2.63973

20.9311 0.512695 -0.594262 -0.405738 1.02227 2.5916
20.9261 0.52002 -0.594262 -0.405738 0.890935 2.61769

20.9253 0.521118 -0.589117 -0.410883 0.868307 2.61865
20.9261 0.52002 -0.589117 -0.410883 0.89117 2.61752

20.9399 0.498788 -0.616325 -0.383675 1.1753 2.49632
20.9358 0.505371 -0.616325 -0.383675 1.08876 2.53124

20.9326 0.510302 -0.605611 -0.394389 1.05614 2.57005
20.9358 0.505371 -0.605611 -0.394389 1.089 2.53121

20.9399 0.498772 -0.622707 -0.377293 1.17569 2.49624
20.9404 0.498047 -0.622707 -0.377293 1.18941 2.4946

20.9546 0.472848 -0.656413 -0.343587 1.49162 2.34536
20.9529 0.476074 -0.656413 -0.343587 1.4542 2.36309

20.9529 0.476074 -0.647102 -0.352898 1.45429 2.36309
20.9489 0.483398 -0.647102 -0.352898 1.37773 2.40872

20.9546 0.472807 -0.656413 -0.343587 1.49235 2.34513
20.9567 0.46875 -0.656413 -0.343587 1.52635 2.32535

20.9473 0.486254 -0.637684 -0.362316 1.35748 2.42977
20.9489 0.483398 -0.637684 -0.362316 1.37788 2.40871

20.918 0.531093 -0.57097 -0.42903 0.715397 2.6506
20.9208 0.527344 -0.57097 -0.42903 0.761927 2.63947

20.8594 0.589259 -0.425904 -0.574096 -0.725936 2.42681
20.8639 0.585938 -0.425904 -0.574096 -0.588556 2.49974

