34.2188 0.290715 -0.826662 -0.173338 2.4823 1.24972
34.2183 0.292969 -0.826662 -0.173338 2.47749 1.26062

34.2183 0.292969 -0.821562 -0.178438 2.47751 1.26062
34.2167 0.300293 -0.821562 -0.178438 2.46849 1.29846

34.2167 0.300293 -0.816236 -0.183764 2.46849 1.29846
34.215 0.307617 -0.816236 -0.183764 2.46166 1.34057

34.215 0.307617 -0.811091 -0.188909 2.46167 1.34057
34.2133 0.314941 -0.811091 -0.188909 2.43872 1.38305

34.2133 0.314941 -0.806188 -0.193812 2.43873 1.38305
34.2116 0.322266 -0.806188 -0.193812 2.40924 1.42457

34.2041 0.35096 -0.785189 -0.214811 2.313 1.5908
34.2039 0.351562 -0.785189 -0.214811 2.3093 1.59435

34.2114 0.322848 -0.801152 -0.198848 2.40681 1.42795
34.2098 0.32959 -0.801152 -0.198848 2.38485 1.46493

34.2098 0.32959 -0.795755 -0.204245 2.38485 1.46493
34.2079 0.336914 -0.795755 -0.204245 2.36925 1.50588

34.2114 0.322835 -0.801152 -0.198848 2.40689 1.42787
34.2116 0.322266 -0.801152 -0.198848 2.40926 1.42457

34.2079 0.336914 -0.790324 -0.209676 2.36926 1.50588
34.2059 0.344238 -0.790324 -0.209676 2.34662 1.54986

34.2041 0.350914 -0.785189 -0.214811 2.3134 1.59057
34.2059 0.344238 -0.785189 -0.214811 2.34664 1.54986

34.1895 0.398393 -0.744109 -0.255891 2.11936 1.86151
34.1879 0.402832 -0.744109 -0.255891 2.0957 1.88788

34.1879 0.402832 -0.737878 -0.262122 2.09571 1.88788
34.1853 0.410156 -0.737878 -0.262122 2.05823 1.93332

34.2039 0.351562 -0.780045 -0.219955 2.3094 1.59438
34.2019 0.358887 -0.780045 -0.219955 2.2756 1.63645

34.2019 0.358887 -0.774415 -0.225585 2.27558 1.63644
34.1997 0.366211 -0.774415 -0.225585 2.25531 1.67654

34.1968 0.375934 -0.762397 -0.237603 2.22177 1.72988
34.1952 0.380859 -0.762397 -0.237603 2.20373 1.75839

34.1997 0.366211 -0.768414 -0.231586 2.2553 1.67654
34.1975 0.373535 -0.768414 -0.231586 2.23027 1.71551

34.1968 0.375916 -0.762397 -0.237603 2.22188 1.72978
34.1975 0.373535 -0.762397 -0.237603 2.23031 1.71552

34.1952 0.380859 -0.756309 -0.243691 2.20374 1.75839
34.1929 0.388184 -0.756309 -0.243691 2.17581 1.80225

34.1929 0.388184 -0.750153 -0.249847 2.17581 1.80225
34.1904 0.395508 -0.750153 -0.249847 2.13603 1.84357

34.1895 0.398369 -0.744109 -0.255891 2.11958 1.86137
34.1904 0.395508 -0.744109 -0.255891 2.13608 1.84357

34.1748 0.437484 -0.710521 -0.289479 1.90066 2.09901
34.174 0.439453 -0.710521 -0.289479 1.88547 2.11128

34.1821 0.418814 -0.724718 -0.275282 2.00974 1.9822
34.1799 0.424805 -0.724718 -0.275282 1.97767 2.02135

34.1853 0.410156 -0.731342 -0.268658 2.05822 1.93332
34.1826 0.41748 -0.731342 -0.268658 2.01718 1.97371

34.1821 0.418801 -0.724718 -0.275282 2.00986 1.98212
34.1826 0.41748 -0.724718 -0.275282 2.01722 1.97371

34.1799 0.424805 -0.717721 -0.282279 1.97764 2.02134
34.177 0.432129 -0.717721 -0.282279 1.93323 2.06645

34.1748 0.437443 -0.710521 -0.289479 1.90118 2.09877
34.177 0.432129 -0.710521 -0.289479 1.93329 2.06645

34.174 0.439453 -0.703136 -0.296864 1.88558 2.1113
34.1709 0.446777 -0.703136 -0.296864 1.84023 2.16473

34.1709 0.446777 -0.69553 -0.30447 1.84023 2.16473
34.1677 0.454102 -0.69553 -0.30447 1.78702 2.21177

34.1675 0.454581 -0.68764 -0.31236 1.78255 2.21508
34.1644 0.461426 -0.68764 -0.31236 1.72983 2.26692

34.1644 0.461426 -0.679258 -0.320742 1.72981 2.26691
34.1609 0.46875 -0.679258 -0.320742 1.66371 2.31065

34.1675 0.454571 -0.68764 -0.31236 1.7827 2.21502
34.1677 0.454102 -0.68764 -0.31236 1.78702 2.21177

33.75 0.478415 0.60136 -0.39864 1.98726 -1.15915
33.7533 0.483398 0.60136 -0.39864 1.95838 -1.1998

33.7533 0.483398 0.594398 -0.405602 1.95821 -1.19943
33.7573 0.489341 0.594398 -0.405602 1.90362 -1.27136

33.7573 0.489299 0.598998 -0.401002 1.90434 -1.27143
33.7583 0.490723 0.598998 -0.401002 1.8808 -1.28397

33.7583 0.490723 0.585765 -0.414235 1.8808 -1.28376
33.7634 0.498047 0.585765 -0.414235 1.78702 -1.3487

33.7634 0.498047 0.584045 -0.415955 1.78701 -1.34813
33.7646 0.499784 0.584045 -0.415955 1.76927 -1.36679

33.7646 0.499658 0.577738 -0.422262 1.77058 -1.36703
33.7688 0.505371 0.577738 -0.422262 1.72142 -1.43214

33.7688 0.505371 0.571532 -0.428468 1.72146 -1.43127
33.772 0.509624 0.571532 -0.428468 1.67541 -1.48906

33.772 0.509515 0.57373 -0.42627 1.67721 -1.48954
33.7743 0.512695 0.57373 -0.42627 1.61924 -1.52168

33.7743 0.512695 0.561534 -0.438466 1.61932 -1.52095
33.7793 0.519097 0.561534 -0.438466 1.50586 -1.55936

33.7793 0.519068 0.560358 -0.439642 1.50624 -1.55958
33.78 0.52002 0.560358 -0.439642 1.48991 -1.56453

33.78 0.52002 0.551657 -0.448343 1.49002 -1.56418
33.786 0.527344 0.551657 -0.448343 1.41037 -1.62722

33.7859 0.527344 0.546943 -0.453057 1.4106 -1.62545
33.7866 0.52822 0.546943 -0.453057 1.40642 -1.63654

33.7866 0.528097 0.542241 -0.457759 1.40672 -1.63726
33.7922 0.534668 0.542241 -0.457759 1.3403 -1.71044

33.7921 0.534668 0.536699 -0.463301 1.3407 -1.7091
33.7939 0.536803 0.536699 -0.463301 1.30898 -1.72758

33.7939 0.536684 0.532645 -0.467355 1.31012 -1.72864
33.7986 0.541992 0.532645 -0.467355 1.20312 -1.7573

33.7986 0.541992 0.52468 -0.47532 1.2034 -1.75687
33.8013 0.544972 0.52468 -0.47532 1.13186 -1.75626

33.8013 0.544869 0.520943 -0.479057 1.13355 -1.75749
33.8054 0.549316 0.520943 -0.479057 1.0679 -1.77022

33.8053 0.549316 0.51274 -0.48726 1.06808 -1.76981
33.8086 0.552745 0.51274 -0.48726 1.02249 -1.78858

33.8086 0.552697 0.506145 -0.493855 1.02279 -1.78909
33.8124 0.556641 0.506145 -0.493855 0.95587 -1.81601

33.8124 0.556641 0.498177 -0.501823 0.956248 -1.81467
33.8159 0.560146 0.498177 -0.501823 0.901257 -1.86771

33.8159 0.560082 0.489388 -0.510612 0.90182 -1.86832
33.82 0.563965 0.489388 -0.510612 0.801436 -1.91311

33.8199 0.563965 0.482846 -0.517154 0.802528 -1.91118
33.8232 0.567121 0.482846 -0.517154 0.707008 -1.93399

33.8232 0.567083 0.471764 -0.528236 0.707738 -1.93444
33.828 0.571289 0.471764 -0.528236 0.594971 -1.95826

33.8278 0.571289 0.467752 -0.532248 0.596288 -1.95666
33.8306 0.573703 0.467752 -0.532248 0.528832 -1.95946

33.8306 0.573662 0.45899 -0.54101 0.529504 -1.95997
33.8364 0.578613 0.45899 -0.54101 0.396021 -1.9596

33.8363 0.578613 0.452592 -0.547408 0.397199 -1.95835
33.8379 0.579943 0.452592 -0.547408 0.363722 -1.95742

33.8379 0.579899 0.443493 -0.556507 0.364301 -1.95801
33.8452 0.585736 0.443493 -0.556507 0.2101 -1.967

33.8452 0.585726 0.43037 -0.56963 0.210251 -1.96713
33.8455 0.585938 0.43037 -0.56963 0.204713 -1.96788

33.8455 0.585938 0.426404 -0.573596 0.204824 -1.96772
33.8525 0.591183 0.426404 -0.573596 0.0506003 -1.97619

33.8525 0.591138 0.40864 -0.59136 0.0515484 -1.97688
33.8556 0.593262 0.40864 -0.59136 -0.0208667 -1.9693

33.8555 0.593262 0.409075 -0.590925 -0.0200394 -1.96857
33.8599 0.596267 0.409075 -0.590925 -0.131075 -1.93965

33.8599 0.596239 0.391697 -0.608303 -0.130469 -1.94002
33.8666 0.600586 0.391697 -0.608303 -0.292627 -1.89623

33.8665 0.600586 0.380228 -0.619772 -0.291305 -1.89575
33.8672 0.601033 0.380228 -0.619772 -0.306874 -1.89257

33.8672 0.600964 0.372664 -0.627336 -0.305412 -1.89341
33.8745 0.605315 0.372664 -0.627336 -0.4741 -1.84243

33.8745 0.605283 0.353084 -0.646916 -0.473317 -1.84288
33.8793 0.60791 0.353084 -0.646916 -0.58487 -1.78999

33.8792 0.60791 0.353084 -0.646916 -0.583747 -1.79012
33.8818 0.609351 0.353084 -0.646916 -0.641966 -1.77128

33.8818 0.609312 0.332243 -0.667757 -0.641016 -1.77172
33.8892 0.612956 0.332243 -0.667757 -0.806572 -1.69559

33.8892 0.612935 0.30978 -0.69022 -0.805924 -1.69588
33.8943 0.615234 0.30978 -0.69022 -0.922595 -1.6259

33.8942 0.615234 0.30978 -0.69022 -0.921468 -1.62676
33.8965 0.616277 0.30978 -0.69022 -0.975986 -1.60094

33.8965 0.616241 0.286064 -0.713936 -0.974861 -1.60127
33.9038 0.619176 0.286064 -0.713936 -1.14011 -1.47477

33.9038 0.619172 0.260937 -0.739063 -1.13997 -1.47483
33.9111 0.621758 0.260937 -0.739063 -1.29071 -1.33005

33.9111 0.621745 0.235218 -0.764782 -1.29024 -1.33016
33.9138 0.622559 0.235218 -0.764782 -1.34098 -1.29434

33.9137 0.622559 0.235218 -0.764782 -1.34059 -1.29486
33.9185 0.624012 0.235218 -0.764782 -1.43701 -1.20403

33.9185 0.624013 0.207241 -0.792759 -1.43703 -1.20403
33.9258 0.625927 0.207241 -0.792759 -1.57367 -1.03202

33.9258 0.625927 0.176088 -0.823912 -1.57366 -1.03202
33.9331 0.627493 0.176088 -0.823912 -1.68623 -0.835713

33.9331 0.627492 0.142549 -0.857451 -1.6862 -0.83572
33.9404 0.62871 0.142549 -0.857451 -1.78926 -0.646767

33.9404 0.628708 0.106699 -0.893301 -1.78917 -0.646787
33.9478 0.629583 0.106699 -0.893301 -1.89199 -0.454387

33.9478 0.62959 0.0686294 -0.931371 -1.89238 -0.454294
33.9517 0.629883 0.0686294 -0.931371 -1.94536 -0.348698

33.952 0.629883 0.0686294 -0.931371 -1.94844 -0.339958
33.9551 0.630108 0.0686294 -0.931371 -1.98995 -0.250285

33.9551 0.630121 0.0273665 -0.972634 -1.99062 -0.25013
33.9624 0.630328 0.0273665 -0.972634 -2.06556 -0.0254563

33.9624 0.630328 -0.0176556 -0.982344 -2.06559 -0.0254491
33.9697 0.630197 -0.0176556 -0.982344 -2.11512 0.213109

33.9771 0.629703 -0.0607064 -0.939294 -2.12209 0.440921
33.9743 0.629883 -0.0607064 -0.939294 -2.13151 0.360106

33.9771 0.629728 -0.101128 -0.898872 -2.12269 0.440846
33.9844 0.628904 -0.101128 -0.898872 -2.09337 0.658658

33.9697 0.630209 -0.0607064 -0.939294 -2.11552 0.213162
33.9748 0.629883 -0.0607064 -0.939294 -2.13061 0.374615

34.0796 0.582766 -0.458525 -0.541475 -0.286522 2.70849
34.0758 0.585938 -0.458525 -0.541475 -0.382876 2.67649

34.0869 0.576001 -0.484114 -0.515886 -0.0884316 2.74482
34.0841 0.578613 -0.484114 -0.515886 -0.163247 2.73124

34.0796 0.582639 -0.473423 -0.526577 -0.282051 2.70877
34.0841 0.578613 -0.473423 -0.526577 -0.162891 2.7309

34.0942 0.568663 -0.506635 -0.493365 0.109024 2.76403
34.0917 0.571289 -0.506635 -0.493365 0.0412037 2.76025

34.1016 0.560714 -0.527789 -0.472211 0.30832 2.77214
34.0987 0.563965 -0.527789 -0.472211 0.225991 2.77185

34.0942 0.568622 -0.51671 -0.48329 0.110399 2.76393
34.0986 0.563965 -0.51671 -0.48329 0.22645 2.77166

34.0869 0.575918 -0.495414 -0.504586 -0.0855533 2.74477
34.0916 0.571289 -0.495414 -0.504586 0.0416227 2.76004

33.9844 0.628905 -0.139203 -0.860797 -2.09341 0.658649
33.9917 0.627721 -0.139203 -0.860797 -2.05779 0.88502

33.9917 0.627723 -0.174858 -0.825142 -2.05784 0.885008
33.999 0.626171 -0.174858 -0.825142 -2.0124 1.13545

33.999 0.62617 -0.207907 -0.792093 -2.01235 1.13544
34.0063 0.624248 -0.207907 -0.792093 -1.89088 1.35018

34.0137 0.621976 -0.237754 -0.762246 -1.77698 1.54074
34.0118 0.622559 -0.237754 -0.762246 -1.80611 1.49481

34.0063 0.624238 -0.237754 -0.762246 -1.89038 1.35018
34.0117 0.622559 -0.237754 -0.762246 -1.80631 1.49318

34.0356 0.612807 -0.320885 -0.679115 -1.37163 2.07757
34.0305 0.615234 -0.320885 -0.679115 -1.46984 1.93785

34.0356 0.612807 -0.346722 -0.653278 -1.37163 2.07757
34.043 0.60892 -0.346722 -0.653278 -1.20375 2.21315

34.0137 0.621969 -0.266319 -0.733681 -1.77668 1.54078
34.021 0.619311 -0.266319 -0.733681 -1.66285 1.77739

34.021 0.619312 -0.294341 -0.705659 -1.6629 1.77737
34.0283 0.616257 -0.294341 -0.705659 -1.50789 1.91717

34.0283 0.616242 -0.320885 -0.679115 -1.50718 1.91713
34.0305 0.615234 -0.320885 -0.679115 -1.46959 1.93727

34.0576 0.599937 -0.390886 -0.609114 -0.834231 2.50247
34.0566 0.600586 -0.390886 -0.609114 -0.861824 2.48563

34.0503 0.604598 -0.371265 -0.628735 -1.06419 2.35169
34.0447 0.60791 -0.371265 -0.628735 -1.17024 2.22565

34.043 0.608898 -0.370052 -0.629948 -1.20273 2.21301
34.0447 0.60791 -0.370052 -0.629948 -1.16996 2.22528

34.0503 0.604575 -0.393744 -0.606256 -1.06339 2.35186
34.0564 0.600586 -0.393744 -0.606256 -0.86131 2.48308

34.0576 0.599848 -0.415758 -0.584242 -0.830037 2.50271
34.0649 0.594636 -0.415758 -0.584242 -0.65516 2.57359

34.0723 0.588944 -0.437852 -0.562148 -0.490075 2.63569
34.0667 0.593262 -0.437852 -0.562148 -0.61409 2.57573

34.0649 0.594594 -0.428913 -0.571087 -0.653383 2.57327
34.0667 0.593262 -0.428913 -0.571087 -0.614013 2.57568

34.0723 0.588855 -0.451557 -0.548443 -0.485781 2.63499
34.0758 0.585938 -0.451557 -0.548443 -0.382511 2.67585

34.1309 0.522305 -0.599922 -0.400078 1.00248 2.64112
34.1275 0.527344 -0.599922 -0.400078 0.929654 2.67025

34.1602 0.470298 -0.670951 -0.329049 1.64847 2.32095
34.1573 0.476074 -0.670951 -0.329049 1.59736 2.36527

34.1573 0.476074 -0.662394 -0.337606 1.59733 2.36526
34.1536 0.483398 -0.662394 -0.337606 1.52136 2.40755

34.1528 0.48484 -0.653313 -0.346687 1.50597 2.41663
34.1497 0.490723 -0.653313 -0.346687 1.44303 2.46345

34.1497 0.490723 -0.64371 -0.35629 1.443 2.46344
34.1457 0.498047 -0.64371 -0.35629 1.34296 2.49503

34.1528 0.484819 -0.653313 -0.346687 1.50633 2.41647
34.1536 0.483398 -0.653313 -0.346687 1.52144 2.40753

34.1382 0.510785 -0.62358 -0.37642 1.21209 2.59245
34.137 0.512695 -0.62358 -0.37642 1.17739 2.60851

34.1455 0.498314 -0.633561 -0.366439 1.33872 2.49619
34.1414 0.505371 -0.633561 -0.366439 1.25572 2.54657

34.1382 0.510723 -0.623512 -0.376488 1.21371 2.59204
34.1414 0.505371 -0.623512 -0.376488 1.2559 2.54655

34.137 0.512695 -0.612181 -0.387819 1.17755 2.60854
34.1324 0.52002 -0.612181 -0.387819 1.04092 2.63792

34.1309 0.522286 -0.603032 -0.396968 1.00294 2.64099
34.1324 0.52002 -0.603032 -0.396968 1.04124 2.6377

34.1455 0.498303 -0.637707 -0.362293 1.33895 2.49613
34.1457 0.498047 -0.637707 -0.362293 1.34303 2.49501

34.1089 0.552151 -0.546391 -0.453609 0.485113 2.75983
34.1052 0.556641 -0.546391 -0.453609 0.388382 2.77471

34.1162 0.542972 -0.56059 -0.43941 0.669408 2.74494
34.1112 0.549316 -0.56059 -0.43941 0.536399 2.75927

34.1089 0.552156 -0.552006 -0.447994 0.484957 2.75988
34.1112 0.549316 -0.552006 -0.447994 0.537099 2.75878

34.1235 0.533035 -0.591152 -0.408848 0.865278 2.70593
34.1224 0.534668 -0.591152 -0.408848 0.837934 2.71838

34.1224 0.534668 -0.575053 -0.424947 0.838278 2.71841
34.117 0.541992 -0.575053 -0.424947 0.691121 2.74397

34.1235 0.532983 -0.588066 -0.411934 0.866608 2.70559
34.1275 0.527344 -0.588066 -0.411934 0.929767 2.67027

34.1162 0.542952 -0.567536 -0.432464 0.670049 2.74479
34.1169 0.541992 -0.567536 -0.432464 0.691407 2.74378

34.1016 0.560708 -0.535553 -0.464447 0.308519 2.77213
34.1051 0.556641 -0.535553 -0.464447 0.389494 2.77387

34.1602 0.470281 -0.670951 -0.329049 1.64874 2.32083
34.1609 0.46875 -0.670951 -0.329049 1.66379 2.31065

34.2473 0 -0.997219 -0.00278145 2.69865 0
34.2473 0.00732422 -0.997219 -0.00278145 2.70671 0.0193998

34.2473 0.00732422 -0.991802 -0.00819784 2.70672 0.0193999
34.2472 0.0146484 -0.991802 -0.00819784 2.72761 0.0466212

34.2472 0.0146484 -0.986954 -0.0130457 2.72762 0.0466211
34.2471 0.0219727 -0.986954 -0.0130457 2.74531 0.0781658

34.2471 0.0219727 -0.982573 -0.0174274 2.74531 0.0781658
34.247 0.0292969 -0.982573 -0.0174274 2.75183 0.107815

34.247 0.0292969 -0.978275 -0.0217246 2.75183 0.107815
34.2469 0.0366211 -0.978275 -0.0217246 2.75252 0.136359

34.2469 0.0366211 -0.974245 -0.0257554 2.75253 0.136359
34.2467 0.0439453 -0.974245 -0.0257554 2.74763 0.165006

34.2467 0.0439453 -0.967906 -0.0320938 2.74755 0.165003
34.2462 0.0585938 -0.967906 -0.0320938 2.74298 0.220786

34.2462 0.0585938 -0.959309 -0.0406913 2.74297 0.220786
34.2456 0.0732422 -0.959309 -0.0406913 2.73759 0.277986

34.2456 0.0732422 -0.950797 -0.049203 2.73759 0.277986
34.2448 0.0878906 -0.950797 -0.049203 2.734 0.337103

34.2448 0.0878906 -0.942489 -0.0575108 2.73399 0.337102
34.2439 0.102539 -0.942489 -0.0575108 2.7301 0.398151

34.2439 0.102539 -0.934187 -0.0658125 2.73009 0.398151
34.2429 0.117188 -0.934187 -0.0658125 2.71958 0.460167

34.2429 0.117188 -0.925918 -0.0740816 2.71958 0.460167
34.2417 0.131836 -0.925918 -0.0740816 2.70373 0.520957

34.2407 0.142895 -0.915718 -0.0842816 2.69279 0.568317
34.2404 0.146484 -0.915718 -0.0842816 2.68718 0.584813

34.2417 0.131836 -0.919783 -0.0802166 2.7038 0.520953
34.2411 0.13916 -0.919783 -0.0802166 2.69663 0.552505

34.2407 0.1428 -0.915718 -0.0842816 2.693 0.567886
34.2411 0.13916 -0.915718 -0.0842816 2.69666 0.552504

34.2404 0.146484 -0.911581 -0.0884192 2.68721 0.584812
34.2397 0.153809 -0.911581 -0.0884192 2.68189 0.616843

34.2397 0.153809 -0.907311 -0.0926894 2.68189 0.616843
34.2389 0.161133 -0.907311 -0.0926894 2.67847 0.647373

34.2389 0.161133 -0.903046 -0.0969536 2.67847 0.647373
34.2381 0.168457 -0.903046 -0.0969536 2.66992 0.678083

34.2381 0.168457 -0.898914 -0.101086 2.66992 0.678083
34.2373 0.175781 -0.898914 -0.101086 2.66177 0.707909

34.2373 0.175781 -0.892381 -0.107619 2.66167 0.707916
34.2356 0.19043 -0.892381 -0.107619 2.64564 0.770276

34.2356 0.19043 -0.883334 -0.116666 2.64561 0.770277
34.2336 0.205078 -0.883334 -0.116666 2.63194 0.834857

34.2334 0.206714 -0.874077 -0.125923 2.63096 0.842363
34.2315 0.219727 -0.874077 -0.125923 2.6211 0.902682

34.2315 0.219727 -0.864986 -0.135014 2.62111 0.902682
34.2292 0.234375 -0.864986 -0.135014 2.60487 0.972217

34.2334 0.206696 -0.874077 -0.125923 2.631 0.842281
34.2336 0.205078 -0.874077 -0.125923 2.63196 0.834858

34.2292 0.234375 -0.856078 -0.143922 2.60488 0.972218
34.2268 0.249023 -0.856078 -0.143922 2.57883 1.04445

34.2261 0.252917 -0.849515 -0.150485 2.57176 1.06503
34.2255 0.256348 -0.849515 -0.150485 2.56685 1.08273

34.2255 0.256348 -0.844982 -0.155018 2.56685 1.08273
34.2241 0.263672 -0.844982 -0.155018 2.55404 1.12077

34.2261 0.252914 -0.849515 -0.150485 2.57177 1.06502
34.2268 0.249023 -0.849515 -0.150485 2.57894 1.04445

34.2241 0.263672 -0.840386 -0.159614 2.55404 1.12077
34.2227 0.270996 -0.840386 -0.159614 2.53574 1.15734

34.2227 0.270996 -0.835913 -0.164087 2.53574 1.15734
34.2213 0.27832 -0.835913 -0.164087 2.51538 1.19139

34.2213 0.27832 -0.831397 -0.168603 2.51537 1.19139
34.2198 0.285645 -0.831397 -0.168603 2.49466 1.22511

34.2188 0.290695 -0.826662 -0.173338 2.48238 1.24963
34.2198 0.285645 -0.826662 -0.173338 2.49466 1.22511

