6.45304 0.358887 0.626726 -0.373274 1.73634 -0.905287
6.45741 0.366211 0.626726 -0.373274 1.68403 -0.937625

6.4574 0.366211 0.619065 -0.380935 1.684 -0.937597
6.45996 0.370377 0.619065 -0.380935 1.65515 -0.954049

6.45996 0.370347 0.619065 -0.380935 1.65538 -0.953996
6.46192 0.373535 0.619065 -0.380935 1.64019 -0.965276

6.46191 0.373535 0.611271 -0.388729 1.64012 -0.965237
6.46657 0.380859 0.611271 -0.388729 1.59687 -0.999931

6.46654 0.380859 0.611125 -0.388875 1.59679 -0.999823
6.46729 0.382023 0.611125 -0.388875 1.58819 -1.005

6.46729 0.381945 0.603208 -0.396792 1.58894 -1.0049
6.47139 0.388184 0.603208 -0.396792 1.55617 -1.03596

6.47138 0.388184 0.595392 -0.404608 1.55612 -1.03584
6.47461 0.392942 0.595392 -0.404608 1.52748 -1.07397

6.47461 0.392896 0.596818 -0.403182 1.52806 -1.07384
6.47637 0.395508 0.596818 -0.403182 1.50532 -1.09247

6.47635 0.395508 0.587118 -0.412882 1.50521 -1.09234
6.4815 0.402832 0.587118 -0.412882 1.42877 -1.12973

6.48146 0.402832 0.58435 -0.41565 1.42863 -1.12951
6.48193 0.403502 0.58435 -0.41565 1.42027 -1.13214

6.48193 0.403411 0.578531 -0.421469 1.4216 -1.13208
6.48685 0.410156 0.578531 -0.421469 1.36018 -1.16197

6.48684 0.410156 0.574701 -0.425299 1.36016 -1.1619
6.48926 0.413425 0.574701 -0.425299 1.33468 -1.18279

6.48926 0.413335 0.570722 -0.429278 1.33555 -1.18276
6.49238 0.41748 0.570722 -0.429278 1.31212 -1.2115

6.49235 0.41748 0.56164 -0.43836 1.31198 -1.21132
6.49658 0.422903 0.56164 -0.43836 1.27162 -1.26189

6.49658 0.422867 0.562367 -0.437633 1.27212 -1.26187
6.49809 0.424805 0.562367 -0.437633 1.25044 -1.27834

6.49806 0.424805 0.551695 -0.448305 1.25035 -1.27801
6.50391 0.432001 0.551695 -0.448305 1.15964 -1.3151

6.50391 0.431992 0.548025 -0.451975 1.15978 -1.31512
6.50402 0.432129 0.548025 -0.451975 1.15759 -1.31563

6.50402 0.432129 0.541908 -0.458092 1.15759 -1.31565
6.51021 0.439453 0.541908 -0.458092 1.07886 -1.35283

6.51014 0.439453 0.537311 -0.462689 1.07876 -1.35207
6.51123 0.440719 0.537311 -0.462689 1.07102 -1.36262

6.51123 0.440599 0.533204 -0.466796 1.0719 -1.3627
6.51664 0.446777 0.533204 -0.466796 1.01717 -1.40417

6.51657 0.446777 0.527568 -0.472432 1.01719 -1.40357
6.51855 0.44899 0.527568 -0.472432 0.991992 -1.41492

6.51855 0.448877 0.52492 -0.47508 0.993257 -1.41526
6.52328 0.454102 0.52492 -0.47508 0.927804 -1.4311

6.52328 0.454102 0.515759 -0.484241 0.927812 -1.43108
6.52588 0.456873 0.515759 -0.484241 0.890075 -1.42427

6.52588 0.456832 0.510302 -0.489698 0.890595 -1.42445
6.53029 0.461426 0.510302 -0.489698 0.819192 -1.41722

6.53027 0.461426 0.502216 -0.497784 0.8192 -1.41717
6.5332 0.464382 0.502216 -0.497784 0.774033 -1.41805

6.5332 0.464337 0.495221 -0.504779 0.774699 -1.41819
6.5377 0.46875 0.495221 -0.504779 0.73234 -1.42884

6.53763 0.46875 0.489881 -0.510119 0.732321 -1.42824
6.54053 0.471532 0.489881 -0.510119 0.706058 -1.44742

6.54053 0.471493 0.481893 -0.518107 0.706436 -1.44749
6.54545 0.476074 0.481893 -0.518107 0.652658 -1.46562

6.54536 0.476074 0.478754 -0.521246 0.652852 -1.46503
6.54785 0.478367 0.478754 -0.521246 0.621322 -1.46948

6.54785 0.478339 0.471714 -0.528286 0.621647 -1.46961
6.55352 0.483398 0.471714 -0.528286 0.549912 -1.46972

6.55343 0.483398 0.467261 -0.532739 0.550153 -1.46948
6.55518 0.484927 0.467261 -0.532739 0.527852 -1.4653

6.55518 0.484892 0.460567 -0.539433 0.528256 -1.4655
6.56201 0.490723 0.460567 -0.539433 0.455523 -1.45863

6.56192 0.490723 0.454997 -0.545003 0.455709 -1.45817
6.5625 0.491208 0.454997 -0.545003 1e+30 1e+30

