6.19331 0 -0.995228 -0.00477213 1.99983 0
6.19328 0.00732422 -0.995228 -0.00477213 2.00874 0.0354314

6.19328 0.00732422 -0.985752 -0.0142481 2.00874 0.0354312
6.19317 0.0146484 -0.985752 -0.0142481 2.02455 0.0732613

6.19317 0.0146484 -0.976505 -0.0234947 2.02455 0.073262
6.19299 0.0219727 -0.976505 -0.0234947 2.03007 0.108972

6.19299 0.0219727 -0.967662 -0.0323377 2.03008 0.108973
6.19275 0.0292969 -0.967662 -0.0323377 2.02462 0.142582

6.19275 0.0292969 -0.959023 -0.0409767 2.02462 0.142581
6.19244 0.0366211 -0.959023 -0.0409767 2.01796 0.172962

6.19244 0.0366211 -0.95031 -0.0496904 2.01796 0.172964
6.19205 0.0439453 -0.95031 -0.0496904 2.01516 0.203047

6.19205 0.0439453 -0.941483 -0.0585171 2.01516 0.203048
6.1916 0.0512695 -0.941483 -0.0585171 2.0147 0.236402

6.1916 0.0512695 -0.932739 -0.0672609 2.0147 0.236402
6.19107 0.0585938 -0.932739 -0.0672609 2.01023 0.269799

6.19107 0.0585938 -0.92407 -0.0759303 2.01022 0.269799
6.19047 0.065918 -0.92407 -0.0759303 1.99602 0.301009

6.19047 0.065918 -0.915348 -0.0846522 1.99602 0.301009
6.18979 0.0732422 -0.915348 -0.0846522 1.97939 0.329591

6.18896 0.0812136 -0.898342 -0.101658 1.9731 0.360875
6.18821 0.0878906 -0.898342 -0.101658 1.97425 0.38986

6.18979 0.0732422 -0.90666 -0.0933398 1.97939 0.329591
6.18904 0.0805664 -0.90666 -0.0933398 1.97298 0.358263

6.18896 0.0812081 -0.898342 -0.101658 1.9731 0.360854
6.18904 0.0805664 -0.898342 -0.101658 1.97299 0.358266

6.18821 0.0878906 -0.8903 -0.1097 1.97424 0.389858
6.18731 0.0952148 -0.8903 -0.1097 1.9738 0.425571

6.18731 0.0952148 -0.882144 -0.117856 1.97379 0.425569
6.18633 0.102539 -0.882144 -0.117856 1.96783 0.461114

6.18633 0.102539 -0.874107 -0.125893 1.96783 0.461116
6.18527 0.109863 -0.874107 -0.125893 1.94958 0.489399

6.18527 0.109863 -0.866205 -0.133795 1.94958 0.489398
6.18414 0.117188 -0.866205 -0.133795 1.92972 0.515842

6.18164 0.131981 -0.844512 -0.155488 1.89939 0.574529
6.18032 0.13916 -0.844512 -0.155488 1.88591 0.601584

6.18032 0.13916 -0.836443 -0.163557 1.88592 0.601586
6.17889 0.146484 -0.836443 -0.163557 1.88741 0.630963

6.17889 0.146484 -0.828788 -0.171212 1.88742 0.630964
6.17737 0.153809 -0.828788 -0.171212 1.87997 0.663996

6.17737 0.153809 -0.821363 -0.178637 1.87997 0.663996
6.17578 0.161133 -0.821363 -0.178637 1.85276 0.691704

6.17432 0.167568 -0.814043 -0.185957 1.83195 0.713907
6.17411 0.168457 -0.814043 -0.185957 1.82993 0.717207

6.17411 0.168457 -0.806618 -0.193382 1.82998 0.71721
6.17235 0.175781 -0.806618 -0.193382 1.81755 0.745071

6.17432 0.167533 -0.814043 -0.185957 1.83209 0.713784
6.17578 0.161133 -0.814043 -0.185957 1.85276 0.691704

6.18414 0.117188 -0.858719 -0.141281 1.92973 0.515847
6.18294 0.124512 -0.858719 -0.141281 1.91466 0.544373

6.18294 0.124512 -0.851942 -0.148058 1.91467 0.544376
6.18166 0.131836 -0.851942 -0.148058 1.89973 0.573948

6.18164 0.131968 -0.840332 -0.159668 1.89944 0.574482
6.18167 0.131836 -0.840332 -0.159668 1.8997 0.57394

6.16699 0.196278 -0.784636 -0.215364 1.77854 0.837795
6.16659 0.197754 -0.784636 -0.215364 1.77077 0.843565

6.16657 0.197754 -0.77757 -0.22243 1.77087 0.843629
6.16448 0.205078 -0.77757 -0.22243 1.74372 0.869246

6.17237 0.175781 -0.795382 -0.204618 1.81738 0.745035
6.1686 0.19043 -0.795382 -0.204618 1.79144 0.808604

6.16699 0.196188 -0.784636 -0.215364 1.7792 0.837562
6.16857 0.19043 -0.784636 -0.215364 1.79173 0.808749

6.16448 0.205078 -0.769733 -0.230267 1.74372 0.869249
6.16229 0.212402 -0.769733 -0.230267 1.73755 0.895956

6.16229 0.212402 -0.762355 -0.237645 1.73756 0.895961
6.16 0.219727 -0.762355 -0.237645 1.71954 0.92877

6.15967 0.220762 -0.75519 -0.24481 1.71631 0.933728
6.15763 0.227051 -0.75519 -0.24481 1.70323 0.961928

6.15763 0.227051 -0.74788 -0.25212 1.70323 0.961924
6.15516 0.234375 -0.74788 -0.25212 1.69243 0.994821

6.15967 0.220752 -0.75519 -0.24481 1.71636 0.933694
6.16 0.219727 -0.75519 -0.24481 1.71955 0.928778

6.15234 0.242396 -0.733216 -0.266784 1.65788 1.02894
6.14993 0.249023 -0.733216 -0.266784 1.62778 1.05652

6.14502 0.261845 -0.718355 -0.281645 1.58207 1.0999
6.1443 0.263672 -0.718355 -0.281645 1.57475 1.10626

6.14993 0.249023 -0.725669 -0.274331 1.62778 1.05652
6.14716 0.256348 -0.725669 -0.274331 1.60124 1.08134

6.14502 0.261804 -0.718355 -0.281645 1.58235 1.0998
6.14716 0.256348 -0.718355 -0.281645 1.60128 1.08134

6.1377 0.279587 -0.696992 -0.303008 1.51766 1.16973
6.13506 0.285645 -0.696992 -0.303008 1.49055 1.19769

6.13506 0.285645 -0.689293 -0.310707 1.49054 1.19768
6.13176 0.292969 -0.689293 -0.310707 1.45744 1.21868

6.14429 0.263672 -0.71129 -0.28871 1.57483 1.1063
6.14132 0.270996 -0.71129 -0.28871 1.5529 1.13612

6.14132 0.270996 -0.704243 -0.295757 1.55289 1.13612
6.13824 0.27832 -0.704243 -0.295757 1.5247 1.164

6.1377 0.279572 -0.696992 -0.303008 1.51779 1.16969
6.13824 0.27832 -0.696992 -0.303008 1.52473 1.16401

6.12305 0.31113 -0.666682 -0.333318 1.38774 1.27894
6.12114 0.314941 -0.666682 -0.333318 1.37354 1.29767

6.12114 0.314941 -0.659284 -0.340716 1.37358 1.29769
6.11735 0.322266 -0.659284 -0.340716 1.3381 1.32681

6.10107 0.351154 -0.629824 -0.370176 1.17398 1.41748
6.10083 0.351562 -0.629824 -0.370176 1.17233 1.41883

6.1084 0.338616 -0.634714 -0.365286 1.23256 1.38021
6.10516 0.344238 -0.634714 -0.365286 1.20238 1.39973

6.10107 0.351099 -0.62682 -0.37318 1.17443 1.41734
6.10516 0.344238 -0.62682 -0.37318 1.2024 1.39974

6.11572 0.32533 -0.651567 -0.348433 1.32322 1.33968
6.11344 0.32959 -0.651567 -0.348433 1.29605 1.35806

6.11344 0.32959 -0.643175 -0.356825 1.29606 1.35807
6.10938 0.336914 -0.643175 -0.356825 1.24366 1.376

6.11572 0.325295 -0.651567 -0.348433 1.32352 1.33956
6.11734 0.322266 -0.651567 -0.348433 1.33817 1.32682

6.1084 0.338599 -0.634899 -0.365101 1.23273 1.38017
6.10937 0.336914 -0.634899 -0.365101 1.24373 1.37601

6.13037 0.295954 -0.681537 -0.318463 1.44327 1.22765
6.12834 0.300293 -0.681537 -0.318463 1.42291 1.23857

6.12834 0.300293 -0.674014 -0.325986 1.42294 1.23857
6.1248 0.307617 -0.674014 -0.325986 1.39471 1.26212

6.13037 0.295928 -0.681537 -0.318463 1.44346 1.22757
6.13175 0.292969 -0.681537 -0.318463 1.4575 1.21868

6.12305 0.311101 -0.666682 -0.333318 1.38791 1.27885
6.12479 0.307617 -0.666682 -0.333318 1.39477 1.26214

6.15516 0.234375 -0.740596 -0.259404 1.69243 0.994822
6.1526 0.241699 -0.740596 -0.259404 1.6621 1.02593

6.15234 0.24239 -0.733216 -0.266784 1.65794 1.02892
6.15259 0.241699 -0.733216 -0.266784 1.6621 1.02593

6.1008 0.351562 -0.618949 -0.381051 1.17256 1.41886
6.09629 0.358887 -0.618949 -0.381051 1.13905 1.44992

6.09375 0.362857 -0.610888 -0.389112 1.12213 1.47281
6.09628 0.358887 -0.610888 -0.389112 1.13917 1.44996

