16.4062 0.354933 0.693951 -0.306049 2.44904 -0.556563
16.408 0.358887 0.693951 -0.306049 2.43909 -0.571523

16.408 0.358887 0.687967 -0.312033 2.43907 -0.571491
16.4113 0.366211 0.687967 -0.312033 2.42283 -0.603463

16.4113 0.366211 0.682255 -0.317745 2.42283 -0.603462
16.4136 0.371074 0.682255 -0.317745 2.40429 -0.625224

16.4136 0.371055 0.682255 -0.317745 2.40443 -0.625194
16.4147 0.373535 0.682255 -0.317745 2.3895 -0.634922

16.4147 0.373535 0.676707 -0.323293 2.38948 -0.63488
16.4182 0.380859 0.676707 -0.323293 2.3632 -0.664242

16.4182 0.380859 0.670935 -0.329065 2.36319 -0.664227
16.4209 0.386324 0.670935 -0.329065 2.34501 -0.689879

16.4209 0.38631 0.670935 -0.329065 2.34508 -0.689861
16.4218 0.388184 0.670935 -0.329065 2.33706 -0.697757

16.4218 0.388184 0.664816 -0.335184 2.33704 -0.697708
16.4255 0.395508 0.664816 -0.335184 2.32029 -0.736329

16.4255 0.395508 0.658591 -0.341409 2.32028 -0.736312
16.4282 0.40076 0.658591 -0.341409 2.30016 -0.774316

16.4282 0.400739 0.658591 -0.341409 2.30036 -0.774278
16.4293 0.402832 0.658591 -0.341409 2.28482 -0.786227

16.4293 0.402832 0.652488 -0.347512 2.28479 -0.786156
16.4332 0.410156 0.652488 -0.347512 2.24511 -0.824803

16.4332 0.410156 0.646627 -0.353373 2.24511 -0.824765
16.4355 0.41446 0.646627 -0.353373 2.22187 -0.848782

16.4355 0.414429 0.646627 -0.353373 2.22211 -0.848727
16.4372 0.41748 0.646627 -0.353373 2.2052 -0.865068

16.4372 0.41748 0.640463 -0.359537 2.20514 -0.864964
16.4413 0.424805 0.640463 -0.359537 2.16539 -0.911667

16.4413 0.424805 0.634041 -0.365959 2.16536 -0.911507
16.4429 0.427535 0.634041 -0.365959 2.14591 -0.93006

16.4429 0.427487 0.634041 -0.365959 2.1463 -0.930034
16.4456 0.432129 0.634041 -0.365959 2.13227 -0.962284

16.4455 0.432129 0.627325 -0.372675 2.13217 -0.96215
16.4499 0.439453 0.627325 -0.372675 2.07705 -1.01905

16.4498 0.439453 0.626609 -0.373391 2.07699 -1.01868
16.4502 0.440038 0.626609 -0.373391 2.06954 -1.02241

16.4502 0.43995 0.620371 -0.379629 2.07074 -1.02237
16.4544 0.446777 0.620371 -0.379629 2.02152 -1.06623

16.4544 0.446777 0.613871 -0.386129 2.02151 -1.06607
16.4575 0.451796 0.613871 -0.386129 1.98768 -1.11242

16.4575 0.45176 0.614229 -0.385771 1.98813 -1.11238
16.459 0.454102 0.614229 -0.385771 1.964 -1.12989

16.459 0.454102 0.606655 -0.393345 1.96393 -1.12966
16.4637 0.461426 0.606655 -0.393345 1.88952 -1.18014

16.4637 0.461426 0.604793 -0.395207 1.88951 -1.17989
16.4648 0.463182 0.604793 -0.395207 1.86939 -1.19119

16.4648 0.463088 0.599094 -0.400906 1.8705 -1.19132
16.4686 0.46875 0.599094 -0.400906 1.84107 -1.23528

16.4686 0.46875 0.591722 -0.408278 1.84103 -1.23481
16.4722 0.473908 0.591722 -0.408278 1.80854 -1.30582

16.4722 0.473847 0.595029 -0.404971 1.80953 -1.30584
16.4737 0.476074 0.595029 -0.404971 1.7768 -1.32904

16.4737 0.476074 0.583447 -0.416553 1.77676 -1.32873
16.4789 0.483398 0.583447 -0.416553 1.66683 -1.38001

16.4788 0.483398 0.580906 -0.419094 1.66687 -1.3793
16.4795 0.484309 0.580906 -0.419094 1.65232 -1.38483

16.4795 0.484185 0.575526 -0.424474 1.65422 -1.38519
16.4843 0.490723 0.575526 -0.424474 1.58743 -1.43918

16.4843 0.490723 0.572494 -0.427506 1.58744 -1.43867
16.4868 0.494108 0.572494 -0.427506 1.56283 -1.48064

16.4868 0.493994 0.568918 -0.431082 1.56363 -1.48089
16.4899 0.498047 0.568918 -0.431082 1.51727 -1.52526

16.4898 0.498047 0.558819 -0.441181 1.51727 -1.52444
16.4941 0.503493 0.558819 -0.441181 1.44396 -1.58243

16.4941 0.503437 0.558836 -0.441164 1.44485 -1.58275
16.4957 0.505371 0.558836 -0.441164 1.40846 -1.60041

16.4956 0.505371 0.548094 -0.451906 1.4086 -1.59971
16.5015 0.512447 0.548094 -0.451906 1.29523 -1.64224

16.5015 0.512437 0.544472 -0.455528 1.29534 -1.64231
16.5017 0.512695 0.544472 -0.455528 1.2917 -1.64392

16.5017 0.512695 0.538827 -0.461173 1.29167 -1.64403
16.508 0.52002 0.538827 -0.461173 1.20211 -1.69477

16.5079 0.52002 0.534381 -0.465619 1.20258 -1.69303
16.5088 0.521087 0.534381 -0.465619 1.19228 -1.70138

16.5088 0.520968 0.529457 -0.470543 1.19292 -1.7023
16.5145 0.527344 0.529457 -0.470543 1.10489 -1.7404

16.5144 0.527344 0.522678 -0.477322 1.1053 -1.73957
16.5161 0.529223 0.522678 -0.477322 1.07363 -1.74404

16.5161 0.529125 0.518587 -0.481413 1.07466 -1.74507
16.5213 0.534668 0.518587 -0.481413 0.985063 -1.77132

16.5212 0.534668 0.509291 -0.490709 0.985215 -1.77088
16.5234 0.536957 0.509291 -0.490709 0.949847 -1.7873

16.5234 0.536885 0.502742 -0.497258 0.950566 -1.78792
16.5285 0.541992 0.502742 -0.497258 0.857062 -1.82496

16.5284 0.541992 0.495492 -0.504508 0.857667 -1.8235
16.5308 0.544311 0.495492 -0.504508 0.809133 -1.84151

16.5308 0.544237 0.486499 -0.513501 0.810167 -1.84219
16.5361 0.549316 0.486499 -0.513501 0.692466 -1.86746

16.536 0.549316 0.482135 -0.517865 0.693602 -1.86578
16.5381 0.551262 0.482135 -0.517865 0.64354 -1.87133

16.5381 0.551203 0.473921 -0.526079 0.64449 -1.872
16.5441 0.556641 0.473921 -0.526079 0.524096 -1.88471

16.544 0.556641 0.468003 -0.531997 0.524952 -1.88345
16.5454 0.557865 0.468003 -0.531997 0.499937 -1.88615

16.5454 0.557815 0.45974 -0.54026 0.500493 -1.88673
16.5526 0.563965 0.45974 -0.54026 0.370139 -1.90149

16.5525 0.563965 0.452509 -0.547491 0.371023 -1.90011
16.5527 0.564138 0.452509 -0.547491 0.367585 -1.90062

16.5527 0.56405 0.444647 -0.555353 0.368499 -1.90168
16.5601 0.569914 0.444647 -0.555353 0.234649 -1.92957

16.5601 0.569879 0.429067 -0.570933 0.235224 -1.93004
16.5619 0.571289 0.429067 -0.570933 0.195062 -1.93562

16.5619 0.571289 0.429367 -0.570633 0.195502 -1.93495
16.5674 0.575426 0.429367 -0.570633 0.0594303 -1.90899

16.5674 0.575388 0.414057 -0.585943 0.0600283 -1.90958
16.5719 0.578613 0.414057 -0.585943 -0.0340935 -1.87341

16.5718 0.578613 0.409796 -0.590204 -0.0330323 -1.87292
16.5747 0.580619 0.409796 -0.590204 -0.0843969 -1.86066

16.5747 0.580594 0.397815 -0.602185 -0.0840499 -1.86095
16.582 0.585432 0.397815 -0.602185 -0.219771 -1.85455

16.582 0.585427 0.377557 -0.622443 -0.219682 -1.85461
16.5829 0.585938 0.377557 -0.622443 1e+30 1e+30

