3.98438 0.463882 0.361595 -0.638405 0.0460135 -0.772169
3.9917 0.468031 0.361595 -0.638405 0.016692 -0.759512

3.9917 0.468016 0.35117 -0.64883 0.0168156 -0.759528
3.99306 0.46875 0.35117 -0.64883 0.0117051 -0.759526

3.99303 0.46875 0.35117 -0.64883 0.0116825 -0.75951
3.99902 0.471995 0.35117 -0.64883 -0.0229413 -0.743124

3.99902 0.471992 0.340744 -0.659256 -0.0229071 -0.743123
4.00635 0.475777 0.340744 -0.659256 -0.0510774 -0.718358

4.00635 0.475771 0.330158 -0.669842 -0.0510216 -0.71836
4.00696 0.476074 0.330158 -0.669842 -0.052873 -0.718403

4.00695 0.476074 0.330158 -0.669842 -0.0528872 -0.7184
4.01367 0.479387 0.330158 -0.669842 -0.0862359 -0.701614

4.01367 0.479385 0.319524 -0.680476 -0.0862168 -0.701612
4.021 0.482824 0.319524 -0.680476 -0.111797 -0.672487

4.021 0.482814 0.308962 -0.691038 -0.111708 -0.672489
4.0223 0.483398 0.308962 -0.691038 -0.114867 -0.671596

4.02228 0.483398 0.308962 -0.691038 -0.114898 -0.67161
4.02832 0.486099 0.308962 -0.691038 -0.138615 -0.657181

4.02832 0.486097 0.29833 -0.70167 -0.138596 -0.65718
4.03564 0.489211 0.29833 -0.70167 -0.165885 -0.627269

4.03564 0.489195 0.287531 -0.712469 -0.165743 -0.627283
4.03943 0.490723 0.287531 -0.712469 -0.176431 -0.61722

4.03936 0.490723 0.287531 -0.712469 -0.176489 -0.617377
4.04297 0.492181 0.287531 -0.712469 -0.190485 -0.611074

4.04297 0.492166 0.276544 -0.723456 -0.190312 -0.61106
4.05029 0.494965 0.276544 -0.723456 -0.224142 -0.583707

4.05029 0.494965 0.265256 -0.734744 -0.224137 -0.583708
4.05762 0.497609 0.265256 -0.734744 -0.245645 -0.557376

4.05762 0.497601 0.253867 -0.746133 -0.24556 -0.557377
4.05893 0.498047 0.253867 -0.746133 -0.249303 -0.556438

4.0589 0.498047 0.253867 -0.746133 -0.249318 -0.556455
4.06494 0.500102 0.253867 -0.746133 -0.273961 -0.542819

4.06494 0.5001 0.242281 -0.757719 -0.273942 -0.542818
4.07227 0.502442 0.242281 -0.757719 -0.307089 -0.50684

4.07227 0.502441 0.230452 -0.769548 -0.307082 -0.506843
4.07959 0.504634 0.230452 -0.769548 -0.326005 -0.47392

4.07959 0.504626 0.218567 -0.781433 -0.325932 -0.473925
4.08225 0.505371 0.218567 -0.781433 -0.332673 -0.466678

4.08221 0.505371 0.218567 -0.781433 -0.332671 -0.466779
4.08691 0.506686 0.218567 -0.781433 -0.347398 -0.452444

4.08691 0.506682 0.206524 -0.793476 -0.347353 -0.452444
4.09424 0.508588 0.206524 -0.793476 -0.374465 -0.423531

4.09424 0.508588 0.19416 -0.80584 -0.374463 -0.423531
4.10156 0.510353 0.19416 -0.80584 -0.39294 -0.382356

4.10156 0.510353 0.181443 -0.818557 -0.392939 -0.382356
4.10889 0.511976 0.181443 -0.818557 -0.405319 -0.346976

4.10889 0.511974 0.168401 -0.831599 -0.405296 -0.346977
4.11245 0.512695 0.168401 -0.831599 -0.410588 -0.33319

4.11243 0.512695 0.168401 -0.831599 -0.410595 -0.333271
4.11621 0.513461 0.168401 -0.831599 -0.418272 -0.320032

4.11621 0.513459 0.155009 -0.844991 -0.41825 -0.320032
4.12354 0.514802 0.155009 -0.844991 -0.435494 -0.290402

4.12354 0.514802 0.141257 -0.858743 -0.435489 -0.290402
4.13086 0.516007 0.141257 -0.858743 -0.453817 -0.256692

4.13086 0.516007 0.127211 -0.872789 -0.453812 -0.256692
4.13818 0.517074 0.127211 -0.872789 -0.464945 -0.222275

4.13818 0.517074 0.112865 -0.887135 -0.464943 -0.222276
4.14551 0.518005 0.112865 -0.887135 -0.472565 -0.187465

4.14551 0.518005 0.0982062 -0.901794 -0.472562 -0.187466
4.15283 0.518803 0.0982062 -0.901794 -0.480218 -0.152395

4.15283 0.518802 0.0831974 -0.916803 -0.480216 -0.152396
4.16016 0.519467 0.0831974 -0.916803 -0.486315 -0.117573

4.16016 0.519467 0.0677918 -0.932208 -0.486313 -0.117573
4.16748 0.52 0.0677918 -0.932208 -0.492713 -0.0864956

4.16748 0.520002 0.0519185 -0.948082 -0.492736 -0.0864951
4.1678 0.52002 0.0519185 -0.948082 -0.493073 -0.0852735

4.16785 0.52002 0.0519185 -0.948082 -0.493096 -0.0851012
4.1748 0.5204 0.0519185 -0.948082 -0.499719 -0.0538956

4.1748 0.520401 0.0354864 -0.964514 -0.499721 -0.0538956
4.18213 0.52067 0.0354864 -0.964514 -0.503327 -0.0175778

4.18213 0.52067 0.018432 -0.981568 -0.503328 -0.0175778
4.18945 0.520808 0.018432 -0.981568 -0.506167 0.0163752

4.18945 0.520808 0.000715078 -0.999285 -0.506168 0.0163752
4.19678 0.520813 0.000715078 -0.999285 -0.511818 0.0483105

4.19678 0.520813 -0.0170859 -0.982914 -0.511818 0.0483106
4.2041 0.520686 -0.0170859 -0.982914 -0.516881 0.0809042

4.2041 0.520686 -0.0342716 -0.965728 -0.516881 0.0809042
4.21143 0.520426 -0.0342716 -0.965728 -0.516436 0.114242

4.21143 0.520426 -0.0508203 -0.94918 -0.516434 0.114242
4.21875 0.520034 -0.0508203 -0.94918 1e+30 1e+30

