11.9459 0 0.983952 -0.0160477 2.59721 0
11.9464 0.0292969 0.983952 -0.0160477 2.59637 -0.0454629

11.9464 0.0292969 0.953064 -0.0469363 2.59635 -0.0454625
11.9478 0.0585938 0.953064 -0.0469363 2.59427 -0.0921116

11.9479 0.0585938 0.931167 -0.0688333 2.5945 -0.0921101
11.949 0.0732422 0.931167 -0.0688333 2.58771 -0.117887

11.949 0.0732422 0.921342 -0.0786585 2.58774 -0.117893
11.9496 0.0805664 0.921342 -0.0786585 2.57932 -0.130728

11.9496 0.0805664 0.913958 -0.0860424 2.57932 -0.130729
11.9503 0.0878906 0.913958 -0.0860424 2.57441 -0.140729

11.9503 0.0878906 0.906641 -0.093359 2.57441 -0.140729
11.9511 0.0952148 0.906641 -0.093359 2.57449 -0.150858

11.9511 0.0952148 0.899516 -0.100484 2.57449 -0.150858
11.9519 0.102539 0.899516 -0.100484 2.57778 -0.160223

11.9519 0.102539 0.89206 -0.10794 2.57778 -0.160223
11.9528 0.109863 0.89206 -0.10794 2.58018 -0.169556

11.9528 0.109863 0.884947 -0.115053 2.58017 -0.169558
11.9531 0.112584 0.884947 -0.115053 2.57755 -0.16705

11.9531 0.112412 0.888678 -0.111322 2.57777 -0.166931
11.9537 0.117188 0.888678 -0.111322 2.57134 -0.176322

11.9537 0.117188 0.878465 -0.121535 2.57135 -0.176319
11.9547 0.124512 0.878465 -0.121535 2.5618 -0.178411

11.9547 0.124512 0.872468 -0.127532 2.5618 -0.178412
11.9558 0.131836 0.872468 -0.127532 2.56824 -0.182225

11.9558 0.131836 0.866014 -0.133986 2.56823 -0.18222
11.9569 0.13916 0.866014 -0.133986 2.576 -0.190667

11.9569 0.13916 0.858777 -0.141223 2.57601 -0.190669
11.9581 0.146484 0.858777 -0.141223 2.57094 -0.198422

11.9581 0.146484 0.84899 -0.15101 2.57092 -0.198398
11.9607 0.161133 0.84899 -0.15101 2.5598 -0.211522

11.9607 0.161133 0.836054 -0.163946 2.55979 -0.211517
11.9636 0.175781 0.836054 -0.163946 2.55548 -0.222586

11.9636 0.175781 0.823127 -0.176873 2.55548 -0.222585
11.9668 0.19043 0.823127 -0.176873 2.55373 -0.237465

11.9668 0.19043 0.813793 -0.186207 2.55376 -0.237495
11.9678 0.194782 0.813793 -0.186207 2.55264 -0.24128

11.9678 0.194776 0.813793 -0.186207 2.55266 -0.241278
11.9685 0.197754 0.813793 -0.186207 2.54517 -0.243168

11.9685 0.197754 0.808007 -0.191993 2.54517 -0.243164
11.9702 0.205078 0.808007 -0.191993 2.54156 -0.249937

11.9702 0.205078 0.801839 -0.198161 2.54156 -0.249937
11.972 0.212402 0.801839 -0.198161 2.54667 -0.259953

11.972 0.212402 0.795883 -0.204117 2.54668 -0.259955
11.9739 0.219727 0.795883 -0.204117 2.54601 -0.274262

11.9739 0.219727 0.789985 -0.210015 2.546 -0.274257
11.9751 0.224309 0.789985 -0.210015 2.54518 -0.282835

11.9751 0.224303 0.789985 -0.210015 2.5452 -0.282829
11.9758 0.227051 0.789985 -0.210015 2.54098 -0.287293

11.9758 0.227051 0.783842 -0.216158 2.54097 -0.287288
11.9778 0.234375 0.783842 -0.216158 2.53192 -0.297832

11.9778 0.234375 0.777502 -0.222498 2.53192 -0.297831
11.9799 0.241699 0.777502 -0.222498 2.52248 -0.310635

11.9799 0.241699 0.771287 -0.228713 2.52248 -0.310637
11.9821 0.249023 0.771287 -0.228713 2.50973 -0.323028

11.9821 0.249023 0.765434 -0.234566 2.50973 -0.323023
11.9824 0.25004 0.765434 -0.234566 2.50781 -0.32469

11.9824 0.250024 0.765434 -0.234566 2.50785 -0.324672
11.9844 0.256348 0.765434 -0.234566 2.49967 -0.33573

11.9844 0.256348 0.759711 -0.240289 2.49967 -0.335727
11.9867 0.263672 0.759711 -0.240289 2.49579 -0.351737

11.9867 0.263672 0.754056 -0.245944 2.49579 -0.35174
11.9891 0.270996 0.754056 -0.245944 2.48801 -0.370266

11.9891 0.270996 0.748614 -0.251386 2.488 -0.370252
11.9897 0.273038 0.748614 -0.251386 2.48518 -0.375262

11.9897 0.27302 0.748614 -0.251386 2.48522 -0.375238
11.9915 0.27832 0.748614 -0.251386 2.4779 -0.387217

11.9915 0.27832 0.74303 -0.25697 2.47789 -0.387208
11.9941 0.285645 0.74303 -0.25697 2.46958 -0.40536

11.9941 0.285645 0.737286 -0.262714 2.46958 -0.405361
11.9967 0.292969 0.737286 -0.262714 2.45327 -0.425109

11.9967 0.292969 0.731658 -0.268342 2.45326 -0.425086
11.9971 0.294092 0.731658 -0.268342 2.45014 -0.42768

11.9971 0.294069 0.731658 -0.268342 2.45022 -0.427654
11.9994 0.300293 0.731658 -0.268342 2.43879 -0.441649

11.9994 0.300293 0.725896 -0.274104 2.43878 -0.441641
12.0021 0.307617 0.725896 -0.274104 2.42978 -0.464485

12.0021 0.307617 0.719982 -0.280018 2.42978 -0.464482
12.0044 0.313478 0.719982 -0.280018 2.41664 -0.482954

12.0044 0.313472 0.719982 -0.280018 2.41667 -0.482947
12.005 0.314941 0.719982 -0.280018 2.41229 -0.486906

12.005 0.314941 0.714116 -0.285884 2.41229 -0.486896
12.0079 0.322266 0.714116 -0.285884 2.40366 -0.507948

12.0079 0.322266 0.708202 -0.291798 2.40365 -0.507946
12.0109 0.32959 0.708202 -0.291798 2.38873 -0.540004

12.0109 0.32959 0.702462 -0.297538 2.38872 -0.539954
12.0117 0.331512 0.702462 -0.297538 2.38143 -0.547207

12.0117 0.331481 0.702462 -0.297538 2.38158 -0.547168
12.014 0.336914 0.702462 -0.297538 2.37043 -0.567299

12.014 0.336914 0.69665 -0.30335 2.37041 -0.56727
12.0172 0.344238 0.69665 -0.30335 2.35632 -0.60203

12.0172 0.344238 0.690759 -0.309241 2.35631 -0.602007
12.019 0.348354 0.690759 -0.309241 2.34083 -0.621455

12.019 0.348332 0.690759 -0.309241 2.34094 -0.621427
12.0205 0.351562 0.690759 -0.309241 2.32874 -0.633858

12.0205 0.351562 0.684753 -0.315247 2.32871 -0.633811
12.0239 0.358887 0.684753 -0.315247 2.31262 -0.667772

12.0239 0.358887 0.678593 -0.321407 2.31262 -0.66776
12.0264 0.364199 0.678593 -0.321407 2.29387 -0.697976

12.0264 0.364182 0.678593 -0.321407 2.29399 -0.697952
12.0273 0.366211 0.678593 -0.321407 2.28264 -0.707176

12.0273 0.366211 0.672443 -0.327557 2.28261 -0.707126
12.0309 0.373535 0.672443 -0.327557 2.25921 -0.741666

12.0309 0.373535 0.666278 -0.333722 2.2592 -0.741653
12.0337 0.379134 0.666278 -0.333722 2.23473 -0.773417

12.0337 0.379117 0.666278 -0.333722 2.23486 -0.7734
12.0346 0.380859 0.666278 -0.333722 2.22338 -0.780969

12.0346 0.380859 0.660022 -0.339978 2.22336 -0.780912
12.0383 0.388184 0.660022 -0.339978 2.19514 -0.81673

12.0383 0.388184 0.653734 -0.346266 2.19514 -0.816705
12.041 0.393262 0.653734 -0.346266 2.17254 -0.849428

12.041 0.393241 0.653734 -0.346266 2.17272 -0.849399
12.0422 0.395508 0.653734 -0.346266 2.15796 -0.86069

12.0422 0.395508 0.647217 -0.352783 2.15791 -0.860608
12.0462 0.402832 0.647217 -0.352783 2.12287 -0.902245

12.0462 0.402832 0.640813 -0.359187 2.12286 -0.902185
12.0483 0.406667 0.640813 -0.359187 2.10361 -0.928802

12.0483 0.406629 0.640813 -0.359187 2.10393 -0.928729
12.0503 0.410156 0.640813 -0.359187 2.08484 -0.949126

12.0503 0.410156 0.634305 -0.365695 2.08475 -0.949008
12.0545 0.41748 0.634305 -0.365695 2.03304 -0.993082

12.0545 0.41748 0.628078 -0.371922 2.033 -0.992895
12.0557 0.419445 0.628078 -0.371922 2.01466 -1.00394

12.0557 0.419382 0.627705 -0.372295 2.01531 -1.00391
12.0589 0.424805 0.627705 -0.372295 1.99466 -1.03602

12.0589 0.424805 0.620925 -0.379075 1.99454 -1.03592
12.063 0.431561 0.620925 -0.379075 1.94345 -1.0931

12.063 0.431547 0.625057 -0.374943 1.94365 -1.0931
12.0633 0.432129 0.625057 -0.374943 1.93634 -1.09662

12.0633 0.432129 0.613469 -0.386531 1.93634 -1.09659
12.0679 0.439453 0.613469 -0.386531 1.87528 -1.14246

12.0679 0.439453 0.606313 -0.393687 1.87524 -1.14226
12.0703 0.443118 0.606313 -0.393687 1.85322 -1.17486

12.0703 0.443062 0.606313 -0.393687 1.85364 -1.17483
12.0727 0.446777 0.606313 -0.393687 1.83139 -1.20771

12.0727 0.446777 0.598612 -0.401388 1.83124 -1.20743
12.0776 0.454102 0.598612 -0.401388 1.75022 -1.26101

12.0775 0.454102 0.596767 -0.403233 1.75017 -1.26038
12.0776 0.454235 0.596767 -0.403233 1.74806 -1.26117

12.0776 0.454137 0.590479 -0.409521 1.74966 -1.26126
12.0827 0.461426 0.590479 -0.409521 1.66971 -1.30851

12.0827 0.461426 0.585324 -0.414676 1.66969 -1.30826
12.085 0.464653 0.585324 -0.414676 1.64386 -1.33774

12.085 0.464567 0.582803 -0.417197 1.64462 -1.33783
12.088 0.46875 0.582803 -0.417197 1e+30 1e+30

