27.6223 0 -0.997282 -0.00271778 2.77917 0
27.6223 0.00732422 -0.997282 -0.00271778 2.76969 0.0250039

27.6223 0.00732422 -0.992167 -0.00783287 2.7697 0.0250034
27.6222 0.0146484 -0.992167 -0.00783287 2.75851 0.0508739

27.6222 0.0146484 -0.985652 -0.0143484 2.75846 0.0508775
27.622 0.0292969 -0.985652 -0.0143484 2.74988 0.107776

27.622 0.0292969 -0.972749 -0.0272506 2.74962 0.107781
27.6212 0.0585938 -0.972749 -0.0272506 2.74359 0.221468

27.6212 0.0585938 -0.960045 -0.0399545 2.74382 0.22147
27.6206 0.0732422 -0.960045 -0.0399545 2.74055 0.281847

27.6206 0.0732422 -0.951267 -0.0487334 2.74055 0.281847
27.6198 0.0878906 -0.951267 -0.0487334 2.73474 0.341482

27.6198 0.0878906 -0.942576 -0.0574237 2.73473 0.341482
27.6189 0.102539 -0.942576 -0.0574237 2.72881 0.401922

27.6189 0.102539 -0.934078 -0.0659218 2.72882 0.401922
27.6179 0.117188 -0.934078 -0.0659218 2.71917 0.463981

27.6179 0.117188 -0.925852 -0.0741484 2.71917 0.463981
27.6167 0.131836 -0.925852 -0.0741484 2.70495 0.523183

27.6167 0.131836 -0.917735 -0.0822652 2.70495 0.523183
27.6154 0.146484 -0.917735 -0.0822652 2.69126 0.580818

27.6154 0.146484 -0.909693 -0.0903066 2.69126 0.580818
27.614 0.161133 -0.909693 -0.0903066 2.67999 0.643793

27.614 0.161133 -0.901512 -0.0984881 2.67998 0.643794
27.6124 0.175781 -0.901512 -0.0984881 2.66541 0.709673

27.6123 0.176383 -0.893111 -0.106889 2.6647 0.712358
27.6106 0.19043 -0.893111 -0.106889 2.65259 0.775457

27.6106 0.19043 -0.88423 -0.11577 2.65255 0.775454
27.6087 0.205078 -0.88423 -0.11577 2.64315 0.843484

27.6123 0.176363 -0.893111 -0.106889 2.66474 0.712273
27.6124 0.175781 -0.893111 -0.106889 2.66542 0.709673

27.6087 0.205078 -0.877332 -0.122668 2.64325 0.843494
27.6077 0.212402 -0.877332 -0.122668 2.63686 0.878037

27.6077 0.212402 -0.872956 -0.127044 2.63687 0.878037
27.6066 0.219727 -0.872956 -0.127044 2.62519 0.912564

27.605 0.230377 -0.864219 -0.135781 2.6078 0.96564
27.6044 0.234375 -0.864219 -0.135781 2.60138 0.984843

27.6066 0.219727 -0.868663 -0.131337 2.62519 0.912564
27.6055 0.227051 -0.868663 -0.131337 2.61237 0.948544

27.605 0.230364 -0.864219 -0.135781 2.60783 0.965576
27.6055 0.227051 -0.864219 -0.135781 2.61238 0.948544

27.5391 0.462531 -0.677695 -0.322305 1.69027 2.27998
27.5361 0.46875 -0.677695 -0.322305 1.63746 2.32731

27.5977 0.272454 -0.837829 -0.162171 2.5194 1.1632
27.5965 0.27832 -0.837829 -0.162171 2.50782 1.1889

27.5965 0.27832 -0.8324 -0.1676 2.50784 1.18891
27.595 0.285645 -0.8324 -0.1676 2.50353 1.22546

27.595 0.285645 -0.827129 -0.172871 2.50355 1.22547
27.5935 0.292969 -0.827129 -0.172871 2.48977 1.2651

27.5903 0.307476 -0.81749 -0.18251 2.44344 1.33575
27.5903 0.307617 -0.81749 -0.18251 2.44309 1.33647

27.5935 0.292969 -0.822346 -0.177654 2.48977 1.26511
27.5919 0.300293 -0.822346 -0.177654 2.46453 1.30099

27.5903 0.307448 -0.81749 -0.18251 2.44357 1.33561
27.5919 0.300293 -0.81749 -0.18251 2.46453 1.30099

27.5903 0.307617 -0.812295 -0.187705 2.44314 1.33647
27.5886 0.314941 -0.812295 -0.187705 2.42744 1.37486

27.5886 0.314941 -0.806911 -0.193089 2.42743 1.37486
27.5869 0.322266 -0.806911 -0.193089 2.41321 1.41702

27.583 0.337534 -0.791473 -0.208527 2.35581 1.50844
27.5812 0.344238 -0.791473 -0.208527 2.33174 1.54763

27.5812 0.344238 -0.785701 -0.214299 2.33173 1.54763
27.5792 0.351562 -0.785701 -0.214299 2.31772 1.59268

27.5869 0.322266 -0.801664 -0.198336 2.41321 1.41702
27.585 0.32959 -0.801664 -0.198336 2.392 1.46128

27.585 0.32959 -0.79669 -0.20331 2.39201 1.46128
27.5832 0.336914 -0.79669 -0.20331 2.35914 1.50471

27.583 0.33752 -0.791473 -0.208527 2.35591 1.50836
27.5832 0.336914 -0.791473 -0.208527 2.35915 1.50472

27.6044 0.234375 -0.859669 -0.140331 2.60139 0.984844
27.6032 0.241699 -0.859669 -0.140331 2.59008 1.02121

27.6032 0.241699 -0.855272 -0.144728 2.59009 1.02121
27.6019 0.249023 -0.855272 -0.144728 2.57667 1.05722

27.6019 0.249023 -0.850977 -0.149023 2.57667 1.05722
27.6006 0.256348 -0.850977 -0.149023 2.5601 1.09076

27.6006 0.256348 -0.846411 -0.153589 2.56008 1.09076
27.5993 0.263672 -0.846411 -0.153589 2.54066 1.12095

27.5977 0.272365 -0.83968 -0.16032 2.51969 1.1628
27.5993 0.263672 -0.83968 -0.16032 2.54057 1.12094

27.5684 0.387709 -0.756511 -0.243489 2.16434 1.80576
27.5682 0.388184 -0.756511 -0.243489 2.16149 1.80873

27.5682 0.388184 -0.750494 -0.249506 2.16162 1.80875
27.5658 0.395508 -0.750494 -0.249506 2.12617 1.8558

27.561 0.409076 -0.737701 -0.262299 2.05685 1.93918
27.5607 0.410156 -0.737701 -0.262299 2.04903 1.94573

27.5658 0.395508 -0.744114 -0.255886 2.12615 1.85579
27.5632 0.402832 -0.744114 -0.255886 2.09242 1.90086

27.561 0.409031 -0.737701 -0.262299 2.05736 1.93893
27.5632 0.402832 -0.737701 -0.262299 2.09245 1.90086

27.5757 0.364022 -0.774067 -0.225933 2.27491 1.66845
27.575 0.366211 -0.774067 -0.225933 2.26437 1.68109

27.5792 0.351562 -0.779795 -0.220205 2.31772 1.59268
27.5772 0.358887 -0.779795 -0.220205 2.29438 1.63652

27.5757 0.36399 -0.774067 -0.225933 2.27516 1.66828
27.5772 0.358887 -0.774067 -0.225933 2.29441 1.63652

27.575 0.366211 -0.768383 -0.231617 2.26443 1.6811
27.5728 0.373535 -0.768383 -0.231617 2.23297 1.7235

27.5728 0.373535 -0.762452 -0.237548 2.23295 1.7235
27.5706 0.380859 -0.762452 -0.237548 2.20076 1.76483

27.5684 0.387662 -0.756511 -0.243489 2.16479 1.80549
27.5705 0.380859 -0.756511 -0.243489 2.20077 1.76483

27.5537 0.428487 -0.717064 -0.282936 1.94297 2.05565
27.5523 0.432129 -0.717064 -0.282936 1.91979 2.07903

27.5523 0.432129 -0.709695 -0.290305 1.91982 2.07903
27.5493 0.439453 -0.709695 -0.290305 1.87453 2.131

27.5606 0.410156 -0.731142 -0.268858 2.04916 1.94575
27.5579 0.41748 -0.731142 -0.268858 2.0043 1.99232

27.5579 0.41748 -0.72416 -0.27584 2.00428 1.99231
27.5552 0.424805 -0.72416 -0.27584 1.96207 2.0323

27.5537 0.428458 -0.717064 -0.282936 1.94327 2.05549
27.5552 0.424805 -0.717064 -0.282936 1.96213 2.03229

27.5464 0.446312 -0.701981 -0.298019 1.82424 2.17367
27.5462 0.446777 -0.701981 -0.298019 1.81995 2.17672

27.5462 0.446777 -0.694059 -0.305941 1.82019 2.17673
27.5429 0.454102 -0.694059 -0.305941 1.76312 2.2307

27.5464 0.446254 -0.701981 -0.298019 1.82505 2.17331
27.5493 0.439453 -0.701981 -0.298019 1.87454 2.131

27.5429 0.454102 -0.685868 -0.314132 1.76311 2.2307
27.5396 0.461426 -0.685868 -0.314132 1.70042 2.27271

27.5391 0.462514 -0.677695 -0.322305 1.69051 2.27987
27.5396 0.461426 -0.677695 -0.322305 1.7005 2.27271

27.1875 0.556266 0.494562 -0.505438 0.862109 -1.85255
27.1879 0.556641 0.494562 -0.505438 0.853399 -1.85432

27.1879 0.556641 0.488718 -0.511282 0.853456 -1.85421
27.1948 0.563283 0.488718 -0.511282 0.703988 -1.89237

27.1948 0.563269 0.481142 -0.518858 0.704178 -1.89253
27.1956 0.563965 0.481142 -0.518858 0.688457 -1.8964

27.1956 0.563965 0.475121 -0.524879 0.688611 -1.89609
27.2021 0.569933 0.475121 -0.524879 0.552132 -1.93096

27.2021 0.569897 0.463699 -0.536301 0.552601 -1.93141
27.2038 0.571289 0.463699 -0.536301 0.521118 -1.94

27.2037 0.571289 0.459279 -0.540721 0.521396 -1.93945
27.2095 0.576171 0.459279 -0.540721 0.40104 -1.96511

27.2095 0.576136 0.443097 -0.556903 0.401609 -1.96562
27.2126 0.578613 0.443097 -0.556903 0.332667 -1.9735

27.2125 0.578613 0.441203 -0.558797 0.333674 -1.97197
27.2168 0.582024 0.441203 -0.558797 0.23104 -1.96898

27.2168 0.581998 0.428786 -0.571214 0.231513 -1.96932
27.222 0.585938 0.428786 -0.571214 0.109035 -1.95425

27.2219 0.585938 0.420425 -0.579575 0.110519 -1.95345
27.2241 0.58755 0.420425 -0.579575 0.0617561 -1.94389

27.2241 0.587518 0.412479 -0.587521 0.0622756 -1.94431
27.2314 0.59266 0.412479 -0.587521 -0.0984286 -1.93564

27.2314 0.592652 0.392148 -0.607852 -0.0982834 -1.93574
27.2324 0.593262 0.392148 -0.607852 -0.118025 -1.93749

27.2324 0.593262 0.395198 -0.604802 -0.117757 -1.93718
27.2388 0.59745 0.395198 -0.604802 -0.273535 -1.90282

27.2388 0.597422 0.376934 -0.623066 -0.272973 -1.90327
27.244 0.600586 0.376934 -0.623066 -0.390638 -1.85142

27.2439 0.600586 0.37589 -0.62411 -0.389473 -1.85092
27.2461 0.601929 0.37589 -0.62411 -0.433055 -1.84329

27.2461 0.601878 0.357617 -0.642383 -0.432113 -1.84389
27.2534 0.605955 0.357617 -0.642383 -0.586089 -1.81111

27.2534 0.605925 0.33746 -0.66254 -0.585324 -1.81157
27.2573 0.60791 0.33746 -0.66254 -0.67658 -1.78111

27.2572 0.60791 0.33746 -0.66254 -0.675448 -1.78174
27.2607 0.609708 0.33746 -0.66254 -0.765359 -1.73819

27.2607 0.609684 0.316207 -0.683793 -0.764662 -1.73849
27.2681 0.613071 0.316207 -0.683793 -0.944026 -1.62828

27.2681 0.61305 0.293962 -0.706038 -0.943484 -1.62859
27.2733 0.615234 0.293962 -0.706038 -1.05457 -1.54648

27.2732 0.615234 0.293962 -0.706038 -1.05342 -1.54725
27.2754 0.616149 0.293962 -0.706038 -1.10081 -1.52429

27.2754 0.616118 0.270625 -0.729375 -1.09992 -1.52459
27.2827 0.618835 0.270625 -0.729375 -1.25957 -1.41063

27.2827 0.618836 0.245092 -0.754908 -1.25958 -1.41063
27.29 0.621213 0.245092 -0.754908 -1.40166 -1.24627

27.29 0.621204 0.218048 -0.781952 -1.40139 -1.24638
27.2949 0.622559 0.218048 -0.781952 -1.49068 -1.15857

27.2948 0.622559 0.218048 -0.781952 -1.49 -1.15949
27.2974 0.623266 0.218048 -0.781952 -1.53937 -1.1194

27.2974 0.623255 0.189159 -0.810841 -1.53898 -1.11951
27.3047 0.624964 0.189159 -0.810841 -1.6818 -0.981213

27.3047 0.624963 0.157949 -0.842051 -1.68176 -0.981218
27.312 0.626337 0.157949 -0.842051 -1.82075 -0.795343

27.312 0.626336 0.124495 -0.875505 -1.82075 -0.79535
27.3193 0.627378 0.124495 -0.875505 -1.90858 -0.575652

27.3193 0.627377 0.0884223 -0.911578 -1.90857 -0.575656
27.3267 0.628088 0.0884223 -0.911578 -1.97577 -0.354617

27.3267 0.628089 0.0491349 -0.950865 -1.97578 -0.35461
27.334 0.628467 0.0491349 -0.950865 -2.02458 -0.140757

27.334 0.628469 0.00567634 -0.994324 -2.02461 -0.140747
27.3413 0.62851 0.00567634 -0.994324 -2.05703 0.0690966

27.3413 0.628512 -0.0394588 -0.960541 -2.05706 0.0691027
27.3486 0.628211 -0.0394588 -0.960541 -2.0742 0.283194

27.3486 0.628212 -0.0812582 -0.918742 -2.07422 0.283196
27.356 0.627564 -0.0812582 -0.918742 -2.07588 0.509623

27.356 0.627564 -0.119832 -0.880168 -2.0759 0.509623
27.3633 0.626567 -0.119832 -0.880168 -2.06332 0.756254

27.3633 0.626568 -0.155638 -0.844362 -2.06334 0.756249
27.3706 0.625218 -0.155638 -0.844362 -1.9917 1.00823

27.3706 0.625218 -0.188763 -0.811237 -1.99167 1.00822
27.3779 0.623514 -0.188763 -0.811237 -1.89966 1.21175

27.3853 0.621458 -0.219521 -0.780479 -1.81452 1.39922
27.3813 0.622559 -0.219521 -0.780479 -1.86504 1.29665

27.3779 0.623511 -0.219521 -0.780479 -1.89957 1.21175
27.3813 0.622559 -0.219521 -0.780479 -1.86498 1.29607

27.3853 0.621464 -0.249663 -0.750337 -1.81474 1.39917
27.3926 0.619027 -0.249663 -0.750337 -1.71939 1.63405

27.4072 0.612976 -0.305749 -0.694251 -1.45254 1.95188
27.4021 0.615234 -0.305749 -0.694251 -1.54173 1.80815

27.4072 0.612976 -0.331587 -0.668413 -1.45257 1.95188
27.4146 0.609343 -0.331587 -0.668413 -1.28829 2.11764

27.4219 0.605304 -0.35593 -0.64407 -1.11476 2.28611
27.4172 0.60791 -0.35593 -0.64407 -1.23021 2.15554

27.4146 0.609316 -0.35593 -0.64407 -1.28685 2.11751
27.4171 0.60791 -0.35593 -0.64407 -1.22975 2.15443

27.3926 0.619027 -0.278817 -0.721183 -1.71938 1.63405
27.3999 0.616195 -0.278817 -0.721183 -1.5763 1.77924

27.3999 0.616181 -0.305749 -0.694251 -1.57562 1.7792
27.4021 0.615234 -0.305749 -0.694251 -1.5415 1.80748

27.4512 0.584707 -0.450166 -0.549834 -0.387419 2.6401
27.4497 0.585938 -0.450166 -0.549834 -0.423741 2.62504

27.4805 0.555636 -0.5361 -0.4639 0.376924 2.74499
27.4796 0.556641 -0.5361 -0.4639 0.353682 2.74563

27.4585 0.578318 -0.475664 -0.524336 -0.204701 2.69148
27.4582 0.578613 -0.475664 -0.524336 -0.212939 2.68983

27.4512 0.584621 -0.466857 -0.533143 -0.384145 2.63997
27.458 0.578613 -0.466857 -0.533143 -0.211705 2.68855

27.4585 0.578217 -0.48702 -0.51298 -0.20091 2.69101
27.4658 0.571289 -0.48702 -0.51298 -0.0104553 2.72919

27.4731 0.563822 -0.516315 -0.483685 0.18333 2.74896
27.473 0.563965 -0.516315 -0.483685 0.179871 2.74909

27.4658 0.571261 -0.505956 -0.494044 -0.00962712 2.72933
27.4729 0.563965 -0.505956 -0.494044 0.180597 2.7487

27.4731 0.563723 -0.524196 -0.475804 0.186733 2.74832
27.4796 0.556641 -0.524196 -0.475804 0.353968 2.74547

27.5024 0.527166 -0.598131 -0.401869 0.913107 2.68186
27.5023 0.527344 -0.598131 -0.401869 0.909288 2.68278

27.5098 0.516053 -0.608239 -0.391761 1.07109 2.61176
27.5072 0.52002 -0.608239 -0.391761 1.02252 2.6429

27.5024 0.527088 -0.597415 -0.402585 0.915419 2.68132
27.5072 0.52002 -0.597415 -0.402585 1.02258 2.64292

27.5244 0.491392 -0.640995 -0.359005 1.39253 2.45603
27.5207 0.498047 -0.640995 -0.359005 1.32333 2.51116

27.5317 0.477534 -0.660089 -0.339911 1.54676 2.37516
27.5287 0.483398 -0.660089 -0.339911 1.48716 2.41715

27.5361 0.46875 -0.669148 -0.330852 1.63741 2.3273
27.5325 0.476074 -0.669148 -0.330852 1.56228 2.36671

27.5317 0.477514 -0.660089 -0.339911 1.5471 2.37501
27.5325 0.476074 -0.660089 -0.339911 1.56237 2.36669

27.5287 0.483398 -0.650644 -0.349356 1.48714 2.41715
27.5248 0.490723 -0.650644 -0.349356 1.40077 2.45249

27.5244 0.491376 -0.642349 -0.357651 1.39284 2.45592
27.5248 0.490723 -0.642349 -0.357651 1.40089 2.45247

27.5171 0.504271 -0.631507 -0.368493 1.25435 2.55416
27.5164 0.505371 -0.631507 -0.368493 1.23231 2.56115

27.5164 0.505371 -0.619665 -0.380335 1.23265 2.56116
27.5119 0.512695 -0.619665 -0.380335 1.10879 2.59714

27.5171 0.504195 -0.631066 -0.368934 1.25644 2.55368
27.5207 0.498047 -0.631066 -0.368934 1.32338 2.51115

27.5098 0.516018 -0.608276 -0.391724 1.07176 2.61148
27.5119 0.512695 -0.608276 -0.391724 1.10905 2.59702

27.4951 0.537294 -0.570666 -0.429334 0.721495 2.7037
27.4916 0.541992 -0.570666 -0.429334 0.634574 2.72284

27.4878 0.546785 -0.556964 -0.443036 0.559942 2.73046
27.4858 0.549316 -0.556964 -0.443036 0.509296 2.73913

27.4805 0.55556 -0.541267 -0.458733 0.379384 2.74456
27.4858 0.549316 -0.541267 -0.458733 0.509497 2.73909

27.4878 0.546746 -0.557979 -0.442021 0.561039 2.73026
27.4916 0.541992 -0.557979 -0.442021 0.634752 2.72284

27.5023 0.527344 -0.584574 -0.415426 0.909668 2.6827
27.4971 0.534668 -0.584574 -0.415426 0.763978 2.70534

27.4951 0.537301 -0.578509 -0.421491 0.721308 2.70375
27.497 0.534668 -0.578509 -0.421491 0.764641 2.70479

27.4365 0.595925 -0.402167 -0.597833 -0.778882 2.48297
27.4296 0.600586 -0.402167 -0.597833 -0.922289 2.39493

27.4219 0.605297 -0.378674 -0.621326 -1.11443 2.28618
27.4292 0.600833 -0.378674 -0.621326 -0.930002 2.39386

27.4292 0.600833 -0.390296 -0.609704 -0.930008 2.39386
27.4296 0.600586 -0.390296 -0.609704 -0.922223 2.39488

27.4438 0.590541 -0.424695 -0.575305 -0.57168 2.58459
27.4402 0.593262 -0.424695 -0.575305 -0.66884 2.54832

27.4365 0.595864 -0.421974 -0.578026 -0.775666 2.48263
27.4401 0.593262 -0.421974 -0.578026 -0.668232 2.54667

27.4438 0.590487 -0.445812 -0.554188 -0.56959 2.58477
27.4495 0.585938 -0.445812 -0.554188 -0.422582 2.62318

