34.8598 0 0.995972 -0.00402839 2.74214 0
34.8598 0.00732422 0.995972 -0.00402839 2.74399 -0.00271876

34.8598 0.00732422 0.988366 -0.0116339 2.74399 -0.00271965
34.8599 0.0146484 0.988366 -0.0116339 2.75462 -0.00909676

34.8599 0.0146484 0.977131 -0.0228693 2.7546 -0.00908875
34.8602 0.0292969 0.977131 -0.0228693 2.75796 -0.0176195

34.8602 0.0292969 0.955233 -0.0447675 2.75789 -0.0176013
34.8615 0.0585938 0.955233 -0.0447675 2.76127 -0.035887

34.8616 0.0585938 0.928012 -0.071988 2.76128 -0.0358907
34.8633 0.0809066 0.928012 -0.071988 2.7628 -0.0497401

34.8633 0.0812139 0.921649 -0.0783508 2.7628 -0.0498661
34.8638 0.0878906 0.921649 -0.0783508 2.76358 -0.0527497

34.8639 0.0878906 0.908878 -0.091122 2.76361 -0.0527564
34.8653 0.102539 0.908878 -0.091122 2.76045 -0.0601945

34.8653 0.102539 0.896232 -0.103768 2.76045 -0.0601947
34.867 0.117188 0.896232 -0.103768 2.75316 -0.0662748

34.867 0.117188 0.883702 -0.116298 2.75316 -0.0662738
34.869 0.131836 0.883702 -0.116298 2.75327 -0.0751735

34.869 0.131836 0.871315 -0.128685 2.75327 -0.0751741
34.8711 0.146484 0.871315 -0.128685 2.75391 -0.0845396

34.8711 0.146484 0.858942 -0.141058 2.75391 -0.0845343
34.8735 0.161133 0.858942 -0.141058 2.75223 -0.089974

34.8735 0.161133 0.847157 -0.152843 2.75223 -0.089982
34.8762 0.175781 0.847157 -0.152843 2.75129 -0.0944426

34.8762 0.175781 0.838623 -0.161377 2.75129 -0.0944439
34.8776 0.183105 0.838623 -0.161377 2.74996 -0.0931936

34.8776 0.183105 0.831908 -0.168092 2.74996 -0.0931878
34.8779 0.184699 0.831908 -0.168092 2.74924 -0.0921862

34.8779 0.184756 0.831908 -0.168092 2.74921 -0.0921552
34.8791 0.19043 0.831908 -0.168092 2.74575 -0.0876036

34.8791 0.19043 0.825762 -0.174238 2.74575 -0.0876036
34.8806 0.197754 0.825762 -0.174238 2.74426 -0.0834841

34.8806 0.197754 0.819442 -0.180558 2.74426 -0.0834823
34.8822 0.205078 0.819442 -0.180558 2.74994 -0.0867982

34.8822 0.205078 0.813579 -0.186421 2.74994 -0.0868001
34.8839 0.212402 0.813579 -0.186421 2.75171 -0.0930939

34.8839 0.212402 0.808075 -0.191925 2.75171 -0.0930942
34.8853 0.218035 0.808075 -0.191925 2.74729 -0.0956875

34.8853 0.218032 0.808075 -0.191925 2.74729 -0.095686
34.8857 0.219727 0.808075 -0.191925 2.74458 -0.096197

34.8857 0.219727 0.802716 -0.197284 2.74458 -0.0961976
34.8875 0.227051 0.802716 -0.197284 2.73762 -0.0998017

34.8875 0.227051 0.797201 -0.202799 2.73762 -0.0998028
34.8893 0.234375 0.797201 -0.202799 2.73995 -0.11391

34.8893 0.234375 0.791605 -0.208395 2.73995 -0.113911
34.8912 0.241699 0.791605 -0.208395 2.74081 -0.138754

34.8912 0.241699 0.786154 -0.213846 2.74081 -0.138752
34.8926 0.246598 0.786154 -0.213846 2.73746 -0.152647

34.8926 0.246591 0.786154 -0.213846 2.73748 -0.152634
34.8932 0.249023 0.786154 -0.213846 2.7321 -0.158952

34.8932 0.249023 0.780916 -0.219084 2.7321 -0.15895
34.8953 0.256348 0.780916 -0.219084 2.72293 -0.175447

34.8953 0.256348 0.775628 -0.224372 2.72292 -0.175444
34.8974 0.263672 0.775628 -0.224372 2.71662 -0.191732

34.8974 0.263672 0.770139 -0.229861 2.71662 -0.191731
34.8996 0.270996 0.770139 -0.229861 2.70847 -0.205104

34.8996 0.270996 0.764607 -0.235393 2.70847 -0.205095
34.8999 0.271997 0.764607 -0.235393 2.70757 -0.206672

34.8999 0.271988 0.764607 -0.235393 2.70759 -0.206665
34.9019 0.27832 0.764607 -0.235393 2.70557 -0.215982

34.9019 0.27832 0.758956 -0.241044 2.70557 -0.215979
34.9042 0.285645 0.758956 -0.241044 2.7062 -0.228079

34.9042 0.285645 0.753388 -0.246612 2.7062 -0.228083
34.9066 0.292969 0.753388 -0.246612 2.69447 -0.242257

34.9066 0.292969 0.748211 -0.251789 2.69447 -0.242249
34.9072 0.294914 0.748211 -0.251789 2.68971 -0.245266

34.9072 0.294896 0.748211 -0.251789 2.68976 -0.245253
34.909 0.300293 0.748211 -0.251789 2.67923 -0.254599

34.909 0.300293 0.743001 -0.256999 2.67923 -0.254593
34.9116 0.307617 0.743001 -0.256999 2.67196 -0.274169

34.9116 0.307617 0.737495 -0.262505 2.67196 -0.274165
34.9142 0.314941 0.737495 -0.262505 2.6618 -0.299799

34.9142 0.314941 0.731972 -0.268028 2.66179 -0.299769
34.9146 0.315973 0.731972 -0.268028 2.65997 -0.302986

34.9146 0.315954 0.731972 -0.268028 2.66002 -0.30296
34.9169 0.322266 0.731972 -0.268028 2.65234 -0.319299

34.9169 0.322266 0.726427 -0.273573 2.65234 -0.319292
34.9196 0.32959 0.726427 -0.273573 2.64178 -0.335873

34.9196 0.32959 0.72113 -0.27887 2.64178 -0.335879
34.9219 0.335421 0.72113 -0.27887 2.62506 -0.34716

34.9219 0.335415 0.72113 -0.27887 2.62508 -0.347156
34.9225 0.336914 0.72113 -0.27887 2.62 -0.349776

34.9225 0.336914 0.716063 -0.283937 2.62 -0.349769
34.9254 0.344238 0.716063 -0.283937 2.61072 -0.36687

34.9254 0.344238 0.710723 -0.289277 2.61071 -0.366866
34.9283 0.351562 0.710723 -0.289277 2.60106 -0.402919

34.9283 0.351562 0.705292 -0.294708 2.60105 -0.402878
34.9292 0.353644 0.705292 -0.294708 2.59589 -0.411065

34.9292 0.353622 0.705292 -0.294708 2.59596 -0.411039
34.9314 0.358887 0.705292 -0.294708 2.5893 -0.429256

34.9314 0.358887 0.699778 -0.300222 2.58929 -0.429235
34.9345 0.366211 0.699778 -0.300222 2.57771 -0.460202

34.9345 0.366211 0.694435 -0.305565 2.57771 -0.460198
34.9365 0.370727 0.694435 -0.305565 2.56175 -0.478908

34.9365 0.370709 0.694435 -0.305565 2.56186 -0.478885
34.9378 0.373535 0.694435 -0.305565 2.54781 -0.488592

34.9378 0.373535 0.689142 -0.310858 2.54779 -0.488556
34.9411 0.380859 0.689142 -0.310858 2.52917 -0.519344

34.9411 0.380859 0.683459 -0.316541 2.52917 -0.519327
34.9438 0.386875 0.683459 -0.316541 2.5111 -0.55291

34.9438 0.386866 0.683459 -0.316541 2.51114 -0.552904
34.9445 0.388184 0.683459 -0.316541 2.50534 -0.558425

34.9445 0.388184 0.677555 -0.322445 2.50533 -0.55839
34.9479 0.395508 0.677555 -0.322445 2.49306 -0.591692

34.9479 0.395508 0.671475 -0.328525 2.49305 -0.59168
34.9512 0.402118 0.671475 -0.328525 2.46359 -0.634047

34.9512 0.402113 0.671475 -0.328525 2.46364 -0.634041
34.9515 0.402832 0.671475 -0.328525 2.45743 -0.637695

34.9515 0.402832 0.665709 -0.334291 2.45744 -0.637698
34.9552 0.410156 0.665709 -0.334291 2.42656 -0.672764

34.9552 0.410156 0.660165 -0.339835 2.42656 -0.672743
34.9585 0.41656 0.660165 -0.339835 2.39589 -0.710796

34.9585 0.416552 0.660165 -0.339835 2.39596 -0.710793
34.959 0.41748 0.660165 -0.339835 2.3887 -0.714841

34.959 0.41748 0.654319 -0.345681 2.38869 -0.7148
34.9628 0.424805 0.654319 -0.345681 2.36393 -0.755256

34.9628 0.424805 0.648266 -0.351734 2.36393 -0.755203
34.9658 0.430308 0.648266 -0.351734 2.34541 -0.804793

34.9658 0.430287 0.648266 -0.351734 2.34562 -0.804769
34.9668 0.432129 0.648266 -0.351734 2.33119 -0.817284

34.9668 0.432129 0.641984 -0.358016 2.33116 -0.81717
34.9709 0.439453 0.641984 -0.358016 2.28827 -0.865312

34.9709 0.439453 0.63617 -0.36383 2.28827 -0.865236
34.9731 0.4434 0.63617 -0.36383 2.26482 -0.894387

34.9731 0.443356 0.63617 -0.36383 2.26524 -0.894306
34.9751 0.446777 0.63617 -0.36383 2.24081 -0.91805

34.9751 0.446777 0.630104 -0.369896 2.24072 -0.917853
34.9794 0.454102 0.630104 -0.369896 2.18093 -0.968679

34.9794 0.454102 0.624485 -0.375515 2.18092 -0.968405
34.9805 0.455954 0.624485 -0.375515 2.16171 -0.979568

34.9805 0.455887 0.623556 -0.376444 2.16243 -0.979629
34.9838 0.461426 0.623556 -0.376444 2.14383 -1.01834

34.9838 0.461426 0.616692 -0.383308 2.14372 -1.01818
34.9878 0.467858 0.616692 -0.383308 2.10071 -1.09291

34.9878 0.467836 0.620371 -0.379629 2.10105 -1.0929
34.9884 0.46875 0.620371 -0.379629 2.08824 -1.101

34.9883 0.46875 0.609211 -0.390789 2.08823 -1.10094
34.993 0.476074 0.609211 -0.390789 2.01007 -1.1585

34.993 0.476074 0.603098 -0.396902 2.01005 -1.15822
34.9951 0.479249 0.603098 -0.396902 1.98057 -1.1862

34.9951 0.479171 0.602678 -0.397322 1.98134 -1.18628
34.9979 0.483398 0.602678 -0.397322 1.95425 -1.2258

34.9979 0.483398 0.595546 -0.404454 1.95408 -1.22533
35.0024 0.490135 0.595546 -0.404454 1.87466 -1.2884

35.0024 0.490115 0.598234 -0.401766 1.875 -1.28845
35.0028 0.490723 0.598234 -0.401766 1.86411 -1.29253

35.0028 0.490723 0.587108 -0.412892 1.86412 -1.29242
35.008 0.498047 0.587108 -0.412892 1.77874 -1.35421

35.008 0.498047 0.585632 -0.414368 1.77873 -1.35386
35.0098 0.500578 0.585632 -0.414368 1.7625 -1.38607

35.0098 0.500453 0.579164 -0.420836 1.76335 -1.38627
35.0133 0.505371 0.579164 -0.420836 1.72403 -1.44717

35.0133 0.505371 0.571079 -0.428921 1.72389 -1.4464
35.0171 0.510423 0.571079 -0.428921 1.65701 -1.51069

35.0171 0.510348 0.573885 -0.426115 1.65843 -1.51097
35.0188 0.512695 0.573885 -0.426115 1.61029 -1.53521

35.0188 0.512695 0.561337 -0.438663 1.61037 -1.53452
35.0244 0.519883 0.561337 -0.438663 1.47214 -1.58162

35.0244 0.51987 0.558508 -0.441492 1.47235 -1.58171
35.0245 0.52002 0.558508 -0.441492 1.46939 -1.58257

35.0245 0.52002 0.552015 -0.447985 1.46937 -1.58262
35.0305 0.527344 0.552015 -0.447985 1.38556 -1.65018

35.0304 0.527344 0.547785 -0.452215 1.38576 -1.64836
35.0317 0.528958 0.547785 -0.452215 1.38094 -1.67235

35.0317 0.528835 0.542845 -0.457155 1.38103 -1.67299
35.0367 0.534668 0.542845 -0.457155 1.31287 -1.74027

35.0366 0.534668 0.53661 -0.46339 1.3132 -1.73936
35.0391 0.537519 0.53661 -0.46339 1e+30 1e+30

