10.6823 0.249023 -0.800791 -0.199209 2.24428 1.12331
10.6805 0.256348 -0.800791 -0.199209 2.22719 1.16094

10.6787 0.263207 -0.795105 -0.204895 2.20391 1.1976
10.6805 0.256348 -0.795105 -0.204895 2.2272 1.16095

10.6786 0.263672 -0.789341 -0.210659 2.20179 1.2
10.6766 0.270996 -0.789341 -0.210659 2.17847 1.23572

10.6766 0.270996 -0.78317 -0.21683 2.17846 1.23571
10.6746 0.27832 -0.78317 -0.21683 2.16966 1.27013

10.6714 0.289432 -0.770888 -0.229112 2.13401 1.32874
10.6703 0.292969 -0.770888 -0.229112 2.12168 1.34502

10.6746 0.27832 -0.77692 -0.22308 2.16965 1.27013
10.6725 0.285645 -0.77692 -0.22308 2.14809 1.30813

10.6714 0.289406 -0.770888 -0.229112 2.13417 1.32865
10.6725 0.285645 -0.770888 -0.229112 2.14813 1.30815

10.6703 0.292969 -0.76495 -0.23505 2.12171 1.34503
10.6681 0.300293 -0.76495 -0.23505 2.09932 1.37967

10.6681 0.300293 -0.758975 -0.241025 2.09932 1.37967
10.6658 0.307617 -0.758975 -0.241025 2.07087 1.41569

10.6641 0.312771 -0.753182 -0.246818 2.0466 1.44305
10.6658 0.307617 -0.753182 -0.246818 2.07091 1.41571

10.3125 0.587939 0.231739 -0.768261 -1.07122 -1.16166
10.3198 0.590149 0.231739 -0.768261 -1.17914 -1.04332

10.3198 0.590147 0.208718 -0.791282 -1.1791 -1.04334
10.3271 0.592078 0.208718 -0.791282 -1.26182 -0.916747

10.3271 0.592072 0.185334 -0.814666 -1.26166 -0.916803
10.3324 0.593262 0.185334 -0.814666 -1.32066 -0.840342

10.3323 0.593262 0.185334 -0.814666 -1.32036 -0.840903
10.3345 0.593749 0.185334 -0.814666 -1.34692 -0.813749

10.3345 0.593742 0.161056 -0.838944 -1.34672 -0.813788
10.3418 0.595148 0.161056 -0.838944 -1.43569 -0.698983

10.3418 0.595148 0.135193 -0.864807 -1.43567 -0.698985
10.3491 0.596293 0.135193 -0.864807 -1.51807 -0.554116

10.3491 0.596293 0.107623 -0.892377 -1.51809 -0.554113
10.3564 0.597177 0.107623 -0.892377 -1.57757 -0.405664

10.3564 0.597177 0.0779172 -0.922083 -1.57758 -0.40566
10.3638 0.597796 0.0779172 -0.922083 -1.6093 -0.26027

10.3638 0.597797 0.045917 -0.954083 -1.6093 -0.260268
10.3711 0.598149 0.045917 -0.954083 -1.63457 -0.118947

10.3711 0.598149 0.0115016 -0.988498 -1.63457 -0.118947
10.3784 0.598234 0.0115016 -0.988498 -1.65339 0.026326

10.3784 0.598234 -0.0241617 -0.975838 -1.65339 0.0263248
10.3857 0.598053 -0.0241617 -0.975838 -1.66347 0.181017

10.3857 0.598052 -0.0574192 -0.942581 -1.66346 0.181016
10.3931 0.597606 -0.0574192 -0.942581 -1.66198 0.345131

10.3931 0.597606 -0.0884203 -0.91158 -1.66198 0.345131
10.4004 0.596896 -0.0884203 -0.91158 -1.64864 0.514186

10.4004 0.596897 -0.117783 -0.882217 -1.6487 0.514188
10.4077 0.595919 -0.117783 -0.882217 -1.60277 0.672783

10.4077 0.595921 -0.145941 -0.854059 -1.60284 0.672787
10.415 0.594669 -0.145941 -0.854059 -1.5524 0.810678

10.4224 0.593148 -0.172505 -0.827495 -1.50761 0.922588
10.4218 0.593262 -0.172505 -0.827495 -1.51048 0.915252

10.415 0.594668 -0.172505 -0.827495 -1.55235 0.810677
10.4218 0.593262 -0.172505 -0.827495 -1.51048 0.91483

10.4224 0.593145 -0.197915 -0.802085 -1.50755 0.922593
10.4297 0.591338 -0.197915 -0.802085 -1.46639 1.05381

10.4517 0.584195 -0.266748 -0.733252 -1.22729 1.4591
10.4469 0.585938 -0.266748 -0.733252 -1.28214 1.37008

10.4517 0.584198 -0.287612 -0.712388 -1.22736 1.45908
10.459 0.581241 -0.287612 -0.712388 -1.13225 1.59614

10.4663 0.578029 -0.307974 -0.692026 -1.02485 1.6795
10.465 0.578613 -0.307974 -0.692026 -1.04174 1.66874

10.459 0.581228 -0.307974 -0.692026 -1.13173 1.59611
10.4649 0.578613 -0.307974 -0.692026 -1.04165 1.66776

10.4663 0.577988 -0.328011 -0.671989 -1.02362 1.67958
10.4736 0.574413 -0.328011 -0.671989 -0.938389 1.77546

10.481 0.570574 -0.347437 -0.652563 -0.821306 1.85807
10.4796 0.571289 -0.347437 -0.652563 -0.839784 1.8472

10.481 0.570515 -0.366013 -0.633987 -0.819569 1.85812
10.4883 0.566287 -0.366013 -0.633987 -0.722446 1.9412

10.4736 0.574394 -0.347437 -0.652563 -0.937642 1.7754
10.4795 0.571289 -0.347437 -0.652563 -0.839481 1.84606

10.5396 0.526815 -0.488863 -0.511137 0.162458 2.2879
10.539 0.527344 -0.488863 -0.511137 0.152499 2.28654

10.5469 0.519561 -0.504216 -0.495784 0.294645 2.2975
10.5464 0.52002 -0.504216 -0.495784 0.286545 2.29787

10.5396 0.526728 -0.496531 -0.503469 0.164679 2.28772
10.5464 0.52002 -0.496531 -0.503469 0.287054 2.29772

10.5103 0.551611 -0.417452 -0.582548 -0.356818 2.14581
10.5032 0.556641 -0.417452 -0.582548 -0.45743 2.1047

10.5176 0.54599 -0.434677 -0.565323 -0.224268 2.20309
10.5133 0.549316 -0.434677 -0.565323 -0.297103 2.17344

10.5103 0.551539 -0.427662 -0.572338 -0.354373 2.14557
10.5132 0.549316 -0.427662 -0.572338 -0.29696 2.17316

10.4956 0.561749 -0.383681 -0.616319 -0.582564 2.05004
10.492 0.563965 -0.383681 -0.616319 -0.653266 1.99152

10.4883 0.566257 -0.383681 -0.616319 -0.721272 1.9411
10.492 0.563965 -0.383681 -0.616319 -0.653305 1.99043

10.4956 0.561724 -0.400058 -0.599942 -0.581795 2.05017
10.5029 0.55684 -0.400058 -0.599942 -0.461259 2.10483

10.5029 0.556845 -0.408474 -0.591526 -0.461393 2.10485
10.5032 0.556641 -0.408474 -0.591526 -0.457382 2.10469

10.5249 0.540021 -0.451949 -0.548051 -0.0973574 2.23449
10.5225 0.541992 -0.451949 -0.548051 -0.136934 2.21942

10.5322 0.533634 -0.471911 -0.528089 0.0342457 2.26772
10.5311 0.534668 -0.471911 -0.528089 0.0136029 2.2633

10.5249 0.539943 -0.466285 -0.533715 -0.0953602 2.23453
10.5309 0.534668 -0.466285 -0.533715 0.0143478 2.26266

10.5176 0.545928 -0.449133 -0.550867 -0.222706 2.20328
10.5224 0.541992 -0.449133 -0.550867 -0.136453 2.21879

10.5322 0.533549 -0.48191 -0.51809 0.0364907 2.26761
10.5389 0.527344 -0.48191 -0.51809 0.153141 2.28609

10.4297 0.591339 -0.222546 -0.777454 -1.46641 1.0538
10.437 0.589242 -0.222546 -0.777454 -1.40504 1.22345

10.437 0.58924 -0.245526 -0.754474 -1.40495 1.22345
10.4443 0.586857 -0.245526 -0.754474 -1.30789 1.33836

10.4443 0.586848 -0.266748 -0.733252 -1.30758 1.33835
10.4468 0.585938 -0.266748 -0.733252 -1.28205 1.36965

10.5688 0.494933 -0.551389 -0.448611 0.665526 2.27862
10.5663 0.498047 -0.551389 -0.448611 0.624945 2.28776

10.5762 0.485745 -0.561426 -0.438574 0.772863 2.25803
10.5723 0.490723 -0.561426 -0.438574 0.710299 2.273

10.5688 0.494931 -0.553621 -0.446379 0.665567 2.27861
10.5722 0.490723 -0.553621 -0.446379 0.710754 2.27281

10.5542 0.511842 -0.519262 -0.480738 0.420765 2.29571
10.5534 0.512695 -0.519262 -0.480738 0.407098 2.29539

10.5615 0.50365 -0.534789 -0.465211 0.550811 2.29491
10.56 0.505371 -0.534789 -0.465211 0.523915 2.29727

10.5542 0.511776 -0.524744 -0.475256 0.422259 2.29553
10.56 0.505371 -0.524744 -0.475256 0.524094 2.29725

10.5469 0.519479 -0.510893 -0.489107 0.296675 2.29727
10.5534 0.512695 -0.510893 -0.489107 0.407385 2.29525

10.5615 0.503598 -0.538612 -0.461388 0.551933 2.29481
10.5663 0.498047 -0.538612 -0.461388 0.625173 2.28782

10.5835 0.476074 -0.573294 -0.426706 0.906262 2.24668
10.578 0.483398 -0.573294 -0.426706 0.796875 2.25807

10.5835 0.475985 -0.584229 -0.415771 0.908029 2.24643
10.5886 0.46875 -0.584229 -0.415771 0.998784 2.21813

10.5762 0.485745 -0.56773 -0.43227 0.772863 2.25803
10.578 0.483398 -0.56773 -0.43227 0.797255 2.25786

