16.2012 0.597513 0.321771 -0.678229 -0.694921 -1.67328
16.2076 0.600586 0.321771 -0.678229 -0.820375 -1.58722

16.2075 0.600586 0.321771 -0.678229 -0.819448 -1.58751
16.2085 0.601045 0.321771 -0.678229 -0.837397 -1.5811

16.2085 0.601001 0.301336 -0.698664 -0.83641 -1.58149
16.2158 0.60416 0.301336 -0.698664 -0.977109 -1.49166

16.2158 0.604159 0.278955 -0.721045 -0.977063 -1.49168
16.2231 0.606992 0.278955 -0.721045 -1.10837 -1.3763

16.2231 0.606976 0.255938 -0.744062 -1.10794 -1.37645
16.2259 0.60791 0.255938 -0.744062 -1.15266 -1.35112

16.2258 0.60791 0.255938 -0.744062 -1.15223 -1.35147
16.2305 0.609515 0.255938 -0.744062 -1.23914 -1.29399

16.2305 0.609511 0.231445 -0.768555 -1.23903 -1.29402
16.2378 0.611717 0.231445 -0.768555 -1.38254 -1.16912

16.2378 0.611715 0.20497 -0.79503 -1.38249 -1.16915
16.2451 0.613603 0.20497 -0.79503 -1.4981 -0.988743

16.2451 0.613599 0.1777 -0.8223 -1.49797 -0.988794
16.2524 0.615182 0.1777 -0.8223 -1.60591 -0.841743

16.2524 0.615183 0.149085 -0.850915 -1.60593 -0.841737
16.2527 0.615234 0.149085 -0.850915 -1.61017 -0.837227

16.2527 0.615234 0.149085 -0.850915 -1.61015 -0.837267
16.2598 0.616466 0.149085 -0.850915 -1.71317 -0.697232

16.2598 0.616468 0.117827 -0.882173 -1.71323 -0.697224
16.2671 0.617446 0.117827 -0.882173 -1.80788 -0.514935

16.2671 0.617447 0.0835409 -0.916459 -1.80794 -0.514929
16.2744 0.618115 0.0835409 -0.916459 -1.88198 -0.330471

16.2744 0.618116 0.0459456 -0.954054 -1.88202 -0.330468
16.2817 0.618469 0.0459456 -0.954054 -1.93535 -0.14416

16.2817 0.618469 0.00483863 -0.995161 -1.93535 -0.144159
16.2891 0.618504 0.00483863 -0.995161 -1.96553 0.0515863

16.3916 0.584069 -0.399368 -0.600632 -0.694749 2.34683
16.3888 0.585938 -0.399368 -0.600632 -0.760121 2.30262

16.3916 0.584015 -0.418705 -0.581295 -0.69276 2.34704
16.3989 0.57874 -0.418705 -0.581295 -0.524816 2.42273

16.4062 0.573049 -0.438142 -0.561858 -0.366671 2.4779
16.3991 0.578613 -0.438142 -0.561858 -0.52114 2.42398

16.3989 0.578743 -0.428904 -0.571096 -0.524926 2.42273
16.3991 0.578613 -0.428904 -0.571096 -0.521047 2.42385

16.2891 0.618504 -0.0369261 -0.963074 -1.96551 0.0515852
16.2964 0.618223 -0.0369261 -0.963074 -1.97022 0.262457

16.2964 0.618223 -0.0751938 -0.924806 -1.9702 0.262456
16.3037 0.617627 -0.0751938 -0.924806 -1.94961 0.483906

16.3037 0.617628 -0.110605 -0.889395 -1.94964 0.483908
16.311 0.616717 -0.110605 -0.889395 -1.9071 0.694926

16.311 0.616717 -0.143609 -0.856391 -1.90712 0.694928
16.3184 0.615489 -0.143609 -0.856391 -1.8641 0.867362

16.3257 0.613939 -0.174822 -0.825178 -1.81907 1.04588
16.3196 0.615234 -0.174822 -0.825178 -1.85833 0.892887

16.3257 0.613945 -0.205206 -0.794794 -1.81923 1.04584
16.333 0.612054 -0.205206 -0.794794 -1.75447 1.26015

16.333 0.612054 -0.234249 -0.765751 -1.75447 1.26015
16.3403 0.609814 -0.234249 -0.765751 -1.64623 1.42944

16.3477 0.607253 -0.260728 -0.739272 -1.54052 1.57322
16.3458 0.60791 -0.260728 -0.739272 -1.56706 1.53636

16.3403 0.609801 -0.260728 -0.739272 -1.64565 1.42942
16.3457 0.60791 -0.260728 -0.739272 -1.56723 1.53457

16.3184 0.615497 -0.174822 -0.825178 -1.86435 0.867356
16.3196 0.615234 -0.174822 -0.825178 -1.85838 0.893472

16.3477 0.607233 -0.28579 -0.71421 -1.53982 1.57332
16.355 0.604302 -0.28579 -0.71421 -1.43464 1.78419

16.355 0.604298 -0.309411 -0.690589 -1.43452 1.78425
16.3623 0.601017 -0.309411 -0.690589 -1.27448 1.89998

16.3696 0.597381 -0.332633 -0.667367 -1.15428 2.03785
16.3632 0.600586 -0.332633 -0.667367 -1.25954 1.90464

16.3696 0.597378 -0.355693 -0.644307 -1.1542 2.03788
16.377 0.593334 -0.355693 -0.644307 -0.990745 2.13513

16.3623 0.60102 -0.332633 -0.667367 -1.27464 1.89999
16.3632 0.600586 -0.332633 -0.667367 -1.25947 1.90451

16.3843 0.588893 -0.377967 -0.622033 -0.875369 2.2244
16.3771 0.593262 -0.377967 -0.622033 -0.988704 2.13548

16.377 0.593331 -0.368354 -0.631646 -0.990633 2.13512
16.3771 0.593262 -0.368354 -0.631646 -0.988629 2.13542

16.3843 0.588859 -0.399382 -0.600618 -0.873722 2.22424
16.3887 0.585938 -0.399382 -0.600618 -0.759962 2.30104

16.5873 0 -0.995003 -0.00499744 2.68887 0
16.5872 0.0146484 -0.995003 -0.00499744 2.68732 0.0570536

16.5872 0.0146484 -0.987633 -0.0123673 2.6874 0.0570512
16.5871 0.0219727 -0.987633 -0.0123673 2.68518 0.0864211

16.5871 0.0219727 -0.983168 -0.0168316 2.68519 0.0864209
16.587 0.0292969 -0.983168 -0.0168316 2.67469 0.114202

16.587 0.0292969 -0.974927 -0.0250731 2.67458 0.114208
16.5866 0.0439453 -0.974927 -0.0250731 2.66318 0.16846

16.5866 0.0439453 -0.964005 -0.0359951 2.66319 0.16846
16.5861 0.0585938 -0.964005 -0.0359951 2.67907 0.227945

16.5861 0.0585938 -0.956275 -0.0437254 2.67919 0.227949
16.5857 0.065918 -0.956275 -0.0437254 2.68905 0.261977

16.5857 0.065918 -0.951977 -0.0480234 2.68904 0.261977
16.5854 0.0732422 -0.951977 -0.0480234 2.68494 0.295785

16.5854 0.0732422 -0.947567 -0.0524325 2.68494 0.295785
16.585 0.0805664 -0.947567 -0.0524325 2.67853 0.326421

16.585 0.0805664 -0.943418 -0.0565819 2.67853 0.32642
16.5845 0.0878906 -0.943418 -0.0565819 2.66105 0.355701

16.5845 0.0878906 -0.935859 -0.0641409 2.66093 0.355711
16.5835 0.102539 -0.935859 -0.0641409 2.64314 0.415863

16.5835 0.102539 -0.925748 -0.0742524 2.64315 0.415862
16.5824 0.117188 -0.925748 -0.0742524 2.63693 0.478509

16.582 0.120862 -0.915919 -0.0840811 2.63664 0.49502
16.581 0.131836 -0.915919 -0.0840811 2.62911 0.543366

16.581 0.131836 -0.906454 -0.0935457 2.62913 0.543367
16.5795 0.146484 -0.906454 -0.0935457 2.61507 0.607078

16.5795 0.146484 -0.897309 -0.102691 2.61507 0.607078
16.5778 0.161133 -0.897309 -0.102691 2.6014 0.670705

16.5778 0.161133 -0.888213 -0.111787 2.60139 0.670704
16.576 0.175781 -0.888213 -0.111787 2.58648 0.734487

16.576 0.175781 -0.87904 -0.12096 2.58647 0.734486
16.574 0.19043 -0.87904 -0.12096 2.56919 0.796722

16.574 0.19043 -0.86988 -0.13012 2.56919 0.796722
16.5718 0.205078 -0.86988 -0.13012 2.54982 0.859496

16.5674 0.23136 -0.8491 -0.1509 2.50775 0.992376
16.5668 0.234375 -0.8491 -0.1509 2.49709 1.012

16.5718 0.205078 -0.860426 -0.139574 2.54979 0.859495
16.5694 0.219727 -0.860426 -0.139574 2.52854 0.930693

16.5674 0.231312 -0.851046 -0.148954 2.50796 0.992135
16.5694 0.219727 -0.851046 -0.148954 2.52858 0.930697

16.582 0.120842 -0.915919 -0.0840811 2.63666 0.494933
16.5824 0.117188 -0.915919 -0.0840811 2.63695 0.478509

16.5234 0.394492 -0.725814 -0.274186 1.97254 1.8651
16.5231 0.395508 -0.725814 -0.274186 1.96562 1.8713

16.523 0.395508 -0.71922 -0.28078 1.96578 1.87133
16.5202 0.402832 -0.71922 -0.28078 1.9249 1.91973

16.5202 0.402832 -0.712325 -0.287675 1.92488 1.91972
16.5172 0.410156 -0.712325 -0.287675 1.87707 1.95706

16.4941 0.459961 -0.658424 -0.341576 1.50861 2.2382
16.4934 0.461426 -0.658424 -0.341576 1.49333 2.24696

16.4934 0.461426 -0.64976 -0.35024 1.49355 2.24698
16.4894 0.46875 -0.64976 -0.35024 1.42448 2.29618

16.5088 0.429775 -0.690858 -0.309142 1.74934 2.06636
16.5077 0.432129 -0.690858 -0.309142 1.72965 2.07977

16.5077 0.432129 -0.683299 -0.316701 1.72975 2.07978
16.5043 0.439453 -0.683299 -0.316701 1.67414 2.12565

16.5161 0.412823 -0.705368 -0.294632 1.85789 1.97185
16.5142 0.41748 -0.705368 -0.294632 1.82623 1.9976

16.5142 0.41748 -0.698195 -0.301805 1.82624 1.9976
16.511 0.424805 -0.698195 -0.301805 1.77819 2.0385

16.5161 0.412799 -0.705368 -0.294632 1.85816 1.97171
16.5172 0.410156 -0.705368 -0.294632 1.87713 1.95706

16.5088 0.429733 -0.690858 -0.309142 1.74989 2.06615
16.511 0.424805 -0.690858 -0.309142 1.77827 2.0385

16.5015 0.445465 -0.675322 -0.324678 1.62872 2.15575
16.5008 0.446777 -0.675322 -0.324678 1.61436 2.16237

16.5008 0.446777 -0.666944 -0.333056 1.61457 2.16238
16.4972 0.454102 -0.666944 -0.333056 1.54976 2.2059

16.5015 0.445409 -0.675322 -0.324678 1.62963 2.15547
16.5043 0.439453 -0.675322 -0.324678 1.67418 2.12564

16.4941 0.459905 -0.658424 -0.341576 1.50951 2.23791
16.4972 0.454102 -0.658424 -0.341576 1.54984 2.20589

16.5668 0.234375 -0.844091 -0.155909 2.49713 1.01201
16.5655 0.241699 -0.844091 -0.155909 2.48343 1.04816

16.5655 0.241699 -0.838738 -0.161262 2.48344 1.04816
16.5641 0.249023 -0.838738 -0.161262 2.47572 1.08423

16.5641 0.249023 -0.833839 -0.166161 2.47572 1.08423
16.5626 0.256348 -0.833839 -0.166161 2.45562 1.11904

16.5626 0.256348 -0.829011 -0.170989 2.45562 1.11904
16.5611 0.263672 -0.829011 -0.170989 2.43351 1.15172

16.5601 0.268613 -0.824159 -0.175841 2.42154 1.17478
16.5596 0.270996 -0.824159 -0.175841 2.41531 1.18631

16.5595 0.270996 -0.819064 -0.180936 2.41533 1.18631
16.5579 0.27832 -0.819064 -0.180936 2.39982 1.22306

16.5601 0.268592 -0.824159 -0.175841 2.42164 1.17468
16.5611 0.263672 -0.824159 -0.175841 2.43352 1.15172

16.5579 0.27832 -0.813651 -0.186349 2.39982 1.22306
16.5563 0.285645 -0.813651 -0.186349 2.3858 1.26048

16.5563 0.285645 -0.808272 -0.191728 2.3858 1.26049
16.5545 0.292969 -0.808272 -0.191728 2.36271 1.29988

16.5527 0.300293 -0.798277 -0.201723 2.3318 1.33906
16.5509 0.307617 -0.798277 -0.201723 2.30455 1.37725

16.5509 0.307617 -0.792677 -0.207323 2.30453 1.37724
16.549 0.314941 -0.792677 -0.207323 2.28982 1.41532

16.549 0.314941 -0.786682 -0.213318 2.28982 1.41532
16.547 0.322266 -0.786682 -0.213318 2.27445 1.45446

16.5454 0.327856 -0.780888 -0.219112 2.2574 1.48749
16.5449 0.32959 -0.780888 -0.219112 2.25003 1.497

16.5449 0.32959 -0.775184 -0.224816 2.25008 1.49702
16.5428 0.336914 -0.775184 -0.224816 2.22404 1.5372

16.5454 0.327823 -0.780888 -0.219112 2.25763 1.48734
16.547 0.322266 -0.780888 -0.219112 2.27448 1.45446

16.5428 0.336914 -0.76925 -0.23075 2.22403 1.5372
16.5406 0.344238 -0.76925 -0.23075 2.20246 1.57803

16.5406 0.344238 -0.763413 -0.236587 2.20247 1.57803
16.5383 0.351562 -0.763413 -0.236587 2.16902 1.62086

16.5527 0.300238 -0.803264 -0.196736 2.33207 1.33877
16.5545 0.292969 -0.803264 -0.196736 2.36272 1.29989

16.5381 0.352319 -0.757641 -0.242359 2.16479 1.62557
16.536 0.358887 -0.757641 -0.242359 2.13624 1.66584

16.536 0.358887 -0.751588 -0.248412 2.13623 1.66583
16.5336 0.366211 -0.751588 -0.248412 2.10995 1.7086

16.5308 0.374398 -0.739082 -0.260918 2.06904 1.74982
16.5285 0.380859 -0.739082 -0.260918 2.0394 1.78485

16.5336 0.366211 -0.745441 -0.254559 2.10995 1.7086
16.5311 0.373535 -0.745441 -0.254559 2.07399 1.74519

16.5308 0.374392 -0.739082 -0.260918 2.0691 1.74978
16.5311 0.373535 -0.739082 -0.260918 2.07399 1.74519

16.5381 0.352313 -0.757641 -0.242359 2.16484 1.62554
16.5383 0.351562 -0.757641 -0.242359 2.16903 1.62086

16.5285 0.380859 -0.732411 -0.267589 2.03939 1.78485
16.5258 0.388184 -0.732411 -0.267589 2.00655 1.8268

16.5234 0.394443 -0.725814 -0.274186 1.97308 1.86485
16.5258 0.388184 -0.725814 -0.274186 2.00658 1.82681

16.4648 0.508485 -0.587993 -0.412007 0.927558 2.50581
16.4619 0.512695 -0.587993 -0.412007 0.869679 2.52773

16.4575 0.5187 -0.577385 -0.422615 0.792977 2.55501
16.4566 0.52002 -0.577385 -0.422615 0.771918 2.56203

16.4565 0.52002 -0.564161 -0.435839 0.77219 2.56203
16.4509 0.527344 -0.564161 -0.435839 0.639278 2.57956

16.4575 0.518637 -0.576791 -0.423209 0.794499 2.55469
16.4619 0.512695 -0.576791 -0.423209 0.869792 2.52776

16.4282 0.553022 -0.499233 -0.500767 0.124447 2.58909
16.4246 0.556641 -0.499233 -0.500767 0.0438008 2.58148

16.4355 0.545284 -0.519349 -0.480651 0.307315 2.59751
16.4318 0.549316 -0.519349 -0.480651 0.213636 2.59746

16.4282 0.552978 -0.508477 -0.491523 0.125632 2.5891
16.4318 0.549316 -0.508477 -0.491523 0.214304 2.59687

16.4136 0.566874 -0.45782 -0.54218 -0.203119 2.52857
16.4083 0.571289 -0.45782 -0.54218 -0.315588 2.48982

16.4209 0.560225 -0.477132 -0.522868 -0.0391709 2.56919
16.4168 0.563965 -0.477132 -0.522868 -0.128669 2.5457

16.4136 0.56679 -0.469999 -0.530001 -0.199923 2.52793
16.4168 0.563965 -0.469999 -0.530001 -0.128216 2.54521

16.4062 0.572991 -0.450582 -0.549418 -0.364409 2.47756
16.4083 0.571289 -0.450582 -0.549418 -0.315412 2.4896

16.4209 0.560142 -0.489528 -0.510472 -0.0361412 2.56845
16.4245 0.556641 -0.489528 -0.510472 0.0441027 2.58128

16.4429 0.537009 -0.536302 -0.463698 0.462433 2.58896
16.4386 0.541992 -0.536302 -0.463698 0.366414 2.5972

16.4502 0.528183 -0.550148 -0.449852 0.6234 2.58011
16.4449 0.534668 -0.550148 -0.449852 0.502681 2.58965

16.4429 0.53701 -0.541528 -0.458472 0.462411 2.58897
16.4449 0.534668 -0.541528 -0.458472 0.503166 2.58933

16.4355 0.545274 -0.525822 -0.474178 0.307612 2.59742
16.4385 0.541992 -0.525822 -0.474178 0.367177 2.59668

16.4502 0.528164 -0.556584 -0.443416 0.623935 2.58
16.4508 0.527344 -0.556584 -0.443416 0.639515 2.57942

16.4722 0.497689 -0.615538 -0.384462 1.09384 2.47506
16.4719 0.498047 -0.615538 -0.384462 1.08632 2.47686

16.4795 0.485901 -0.620744 -0.379256 1.22941 2.39162
16.4765 0.490723 -0.620744 -0.379256 1.18467 2.43504

16.4722 0.497607 -0.611309 -0.388691 1.09609 2.47464
16.4765 0.490723 -0.611309 -0.388691 1.18468 2.43505

16.4868 0.473419 -0.64061 -0.35939 1.38711 2.32467
16.4853 0.476074 -0.64061 -0.35939 1.34768 2.34031

16.4853 0.476074 -0.630569 -0.369431 1.34781 2.34034
16.481 0.483398 -0.630569 -0.369431 1.25233 2.37708

16.4868 0.473363 -0.64061 -0.35939 1.38827 2.3244
16.4894 0.46875 -0.64061 -0.35939 1.42459 2.29616

16.4795 0.48588 -0.620887 -0.379113 1.22976 2.39148
16.481 0.483398 -0.620887 -0.379113 1.25251 2.37706

16.4719 0.498047 -0.599868 -0.400132 1.08669 2.47686
16.467 0.505371 -0.599868 -0.400132 0.961268 2.50171

16.4648 0.50846 -0.590052 -0.409948 0.928035 2.50566
16.467 0.505371 -0.590052 -0.409948 0.961656 2.50147

