6.02233 0 0.995876 -0.00412434 2.20915 0
6.02236 0.00732422 0.995876 -0.00412434 2.22471 -0.0109409

6.02236 0.00732422 0.98772 -0.0122803 2.22471 -0.0109409
6.02245 0.0146484 0.98772 -0.0122803 2.26124 -0.035861

6.02245 0.0146484 0.979386 -0.0206145 2.26123 -0.0358626
6.02261 0.0219727 0.979386 -0.0206145 2.29016 -0.0750296

6.02261 0.0219727 0.970334 -0.0296662 2.29013 -0.0750338
6.02283 0.0292969 0.970334 -0.0296662 2.28108 -0.119393

6.02283 0.0292969 0.960409 -0.0395907 2.28105 -0.119396
6.02313 0.0366211 0.960409 -0.0395907 2.23134 -0.148373

6.02313 0.0366211 0.950159 -0.0498409 2.23134 -0.148373
6.02351 0.0439453 0.950159 -0.0498409 2.17095 -0.151285

6.02351 0.0439453 0.94037 -0.0596298 2.17095 -0.151283
6.02398 0.0512695 0.94037 -0.0596298 2.13065 -0.134876

6.02398 0.0512695 0.931391 -0.0686095 2.13065 -0.134873
6.02452 0.0585938 0.931391 -0.0686095 2.12101 -0.115253

6.02452 0.0585938 0.923033 -0.076967 2.12101 -0.115254
6.02513 0.065918 0.923033 -0.076967 2.13131 -0.106888

6.02513 0.065918 0.914803 -0.0851966 2.13131 -0.106884
6.02581 0.0732422 0.914803 -0.0851966 2.14906 -0.112979

6.02581 0.0732422 0.905971 -0.0940293 2.14905 -0.112951
6.02657 0.0805664 0.905971 -0.0940293 2.17673 -0.133726

6.02657 0.0805664 0.89605 -0.10395 2.17672 -0.133689
6.02742 0.0878906 0.89605 -0.10395 2.21533 -0.170871

6.02742 0.0878906 0.885819 -0.114181 2.21534 -0.17089
6.02783 0.0910979 0.885819 -0.114181 2.2346 -0.191819

6.02783 0.0911101 0.885819 -0.114181 2.23466 -0.191878
6.02836 0.0952148 0.885819 -0.114181 2.23654 -0.222236

6.02837 0.0952148 0.877223 -0.122777 2.2366 -0.222325
6.02939 0.102539 0.877223 -0.122777 2.23204 -0.273604

6.02939 0.102539 0.870293 -0.129707 2.23205 -0.273619
6.03049 0.109863 0.870293 -0.129707 2.21031 -0.316176

6.03049 0.109863 0.864618 -0.135382 2.21034 -0.316226
6.03164 0.117188 0.864618 -0.135382 2.15393 -0.338379

6.03164 0.117188 0.860143 -0.139857 2.15393 -0.338371
6.03283 0.124512 0.860143 -0.139857 2.09474 -0.315612

6.03282 0.124512 0.854804 -0.145196 2.09472 -0.315612
6.03407 0.131836 0.854804 -0.145196 2.08301 -0.30099

6.03406 0.131836 0.846855 -0.153145 2.08299 -0.300927
6.03516 0.137899 0.846855 -0.153145 2.09914 -0.312151

6.03516 0.137906 0.846855 -0.153145 2.09915 -0.31216
6.03538 0.13916 0.846855 -0.153145 2.10324 -0.316526

6.03538 0.13916 0.837412 -0.162588 2.10325 -0.316531
6.03681 0.146484 0.837412 -0.162588 2.12869 -0.34202

6.03681 0.146484 0.828187 -0.171813 2.12869 -0.342028
6.03833 0.153809 0.828187 -0.171813 2.14792 -0.361995

6.03833 0.153809 0.819974 -0.180026 2.14793 -0.362028
6.03994 0.161133 0.819974 -0.180026 2.14119 -0.364921

6.03994 0.161133 0.812985 -0.187015 2.14119 -0.364918
6.04162 0.168457 0.812985 -0.187015 2.12399 -0.359512

6.04162 0.168457 0.805966 -0.194034 2.12399 -0.359517
6.04248 0.172028 0.805966 -0.194034 2.11785 -0.356389

6.04248 0.172023 0.805966 -0.194034 2.11786 -0.356391
6.04339 0.175781 0.805966 -0.194034 2.12127 -0.35794

6.04338 0.175781 0.798306 -0.201694 2.12127 -0.357943
6.04523 0.183105 0.798306 -0.201694 2.12678 -0.367798

6.04523 0.183105 0.790653 -0.209347 2.12678 -0.367797
6.04717 0.19043 0.790653 -0.209347 2.12265 -0.39735

6.04717 0.19043 0.783288 -0.216712 2.12265 -0.397352
6.0492 0.197754 0.783288 -0.216712 2.10532 -0.43161

6.0492 0.197754 0.776194 -0.223806 2.10529 -0.431591
6.0498 0.199868 0.776194 -0.223806 2.09898 -0.440365

6.0498 0.19984 0.776194 -0.223806 2.0991 -0.440278
6.05132 0.205078 0.776194 -0.223806 2.08895 -0.459769

6.05131 0.205078 0.769017 -0.230983 2.08894 -0.459754
6.05351 0.212402 0.769017 -0.230983 2.08331 -0.485917

6.05351 0.212402 0.76168 -0.23832 2.08331 -0.485917
6.0558 0.219727 0.76168 -0.23832 2.07961 -0.518796

6.0558 0.219727 0.75456 -0.24544 2.0796 -0.518778
6.05713 0.223811 0.75456 -0.24544 2.07528 -0.535428

6.05713 0.223793 0.75456 -0.24544 2.07536 -0.535425
6.05819 0.227051 0.75456 -0.24544 2.06462 -0.543815

6.05819 0.227051 0.747683 -0.252317 2.06461 -0.543793
6.06066 0.234375 0.747683 -0.252317 2.04446 -0.560682

6.06066 0.234375 0.741191 -0.258809 2.04447 -0.56069
6.06322 0.241699 0.741191 -0.258809 2.01402 -0.568448

6.06321 0.241699 0.734766 -0.265234 2.01401 -0.568452
6.06445 0.24514 0.734766 -0.265234 1.99787 -0.571467

6.06445 0.245122 0.734766 -0.265234 1.99796 -0.571447
6.06586 0.249023 0.734766 -0.265234 1.99037 -0.575085

6.06585 0.249023 0.727677 -0.272323 1.99035 -0.575087
6.0686 0.256348 0.727677 -0.272323 1.9861 -0.594871

6.0686 0.256348 0.720128 -0.279872 1.9861 -0.594868
6.07144 0.263672 0.720128 -0.279872 1.96951 -0.622335

6.07143 0.263672 0.713362 -0.286638 1.96947 -0.622311
6.07178 0.264529 0.713362 -0.286638 1.9662 -0.625261

6.07178 0.26449 0.713362 -0.286638 1.96642 -0.625169
6.07439 0.270996 0.713362 -0.286638 1.95346 -0.644828

6.07439 0.270996 0.706968 -0.293032 1.95343 -0.644815
6.07742 0.27832 0.706968 -0.293032 1.93579 -0.671707

6.07742 0.27832 0.700019 -0.299981 1.93576 -0.671691
6.0791 0.282254 0.700019 -0.299981 1.92561 -0.684799

6.0791 0.282231 0.700019 -0.299981 1.92576 -0.684743
6.08056 0.285645 0.700019 -0.299981 1.91078 -0.696063

6.08056 0.285645 0.692811 -0.307189 1.91075 -0.69605
6.08381 0.292969 0.692811 -0.307189 1.88668 -0.717188

6.0838 0.292969 0.685583 -0.314417 1.88668 -0.717188
6.08643 0.298684 0.685583 -0.314417 1.87433 -0.727375

6.08643 0.298677 0.685583 -0.314417 1.87436 -0.727361
6.08717 0.300293 0.685583 -0.314417 1.87051 -0.730953

6.08716 0.300293 0.678356 -0.321644 1.8705 -0.730951
6.09064 0.307617 0.678356 -0.321644 1.85953 -0.744458

6.09064 0.307617 0.671093 -0.328907 1.85953 -0.744457
6.09375 0.313972 0.671093 -0.328907 1.84171 -0.757763

6.09375 0.313968 0.671093 -0.328907 1.84173 -0.757757
6.09423 0.314941 0.671093 -0.328907 1.83809 -0.759394

6.09422 0.314941 0.663835 -0.336165 1.83808 -0.759392
6.09793 0.322266 0.663835 -0.336165 1.81312 -0.77181

6.09793 0.322266 0.656571 -0.343429 1.81312 -0.771805
6.10107 0.328273 0.656571 -0.343429 1.77771 -0.794537

6.10107 0.328261 0.656571 -0.343429 1.77783 -0.794493
6.10177 0.32959 0.656571 -0.343429 1.76922 -0.800186

6.10176 0.32959 0.649061 -0.350939 1.76917 -0.800175
6.10572 0.336914 0.649061 -0.350939 1.73746 -0.83637

6.10572 0.336914 0.641517 -0.358483 1.73745 -0.836358
6.1084 0.34171 0.641517 -0.358483 1.71547 -0.864686

6.1084 0.34169 0.641517 -0.358483 1.7156 -0.864623
6.10982 0.344238 0.641517 -0.358483 1e+30 1e+30

