24.5106 0 0.997066 -0.00293394 2.66799 0
24.5107 0.00732422 0.997066 -0.00293394 2.67781 0.0190682

24.5107 0.00732422 0.989887 -0.0101132 2.67781 0.0190923
24.5107 0.0146484 0.989887 -0.0101132 2.71163 0.0174771

24.5107 0.0146484 0.981291 -0.0187086 2.71163 0.0174801
24.5109 0.0219727 0.981291 -0.0187086 2.73206 0.000946403

24.5109 0.0219727 0.974033 -0.0259675 2.73206 0.000934134
24.5111 0.0292969 0.974033 -0.0259675 2.72436 -0.00993762

24.5111 0.0292969 0.966889 -0.0331114 2.72435 -0.00992834
24.5113 0.0366211 0.966889 -0.0331114 2.73436 -0.0151524

24.5113 0.0366211 0.960413 -0.0395871 2.73437 -0.0151673
24.5116 0.0439453 0.960413 -0.0395871 2.73685 -0.0272442

24.5116 0.0439453 0.949881 -0.0501186 2.73682 -0.0272371
24.5124 0.0585938 0.949881 -0.0501186 2.73892 -0.04113

24.5124 0.0585938 0.935235 -0.0647646 2.73891 -0.0411282
24.5134 0.0732422 0.935235 -0.0647646 2.73975 -0.0550815

24.5134 0.0732422 0.920665 -0.0793345 2.73975 -0.0550813
24.5147 0.0878906 0.920665 -0.0793345 2.7455 -0.0670751

24.5147 0.0878906 0.90695 -0.0930497 2.74551 -0.0670793
24.5162 0.102539 0.90695 -0.0930497 2.75227 -0.0808273

24.5162 0.102539 0.897434 -0.102566 2.75231 -0.0808429
24.517 0.109863 0.897434 -0.102566 2.75084 -0.0901459

24.517 0.109863 0.892175 -0.107825 2.75084 -0.0901459
24.5179 0.117188 0.892175 -0.107825 2.74382 -0.0933255

24.5179 0.117188 0.88285 -0.11715 2.74379 -0.0933122
24.5198 0.131836 0.88285 -0.11715 2.73606 -0.100229

24.5198 0.131836 0.869997 -0.130003 2.73605 -0.100223
24.5215 0.142988 0.869997 -0.130003 2.73914 -0.10482

24.5215 0.143023 0.866606 -0.133394 2.7393 -0.104869
24.522 0.146484 0.866606 -0.133394 2.7579 -0.110231

24.522 0.146484 0.860374 -0.139626 2.75795 -0.110241
24.5232 0.153809 0.860374 -0.139626 2.76012 -0.126899

24.5232 0.153809 0.853487 -0.146513 2.7601 -0.126887
24.5245 0.161133 0.853487 -0.146513 2.71945 -0.13059

24.5245 0.161133 0.846775 -0.153225 2.71944 -0.130598
24.5258 0.168457 0.846775 -0.153225 2.72245 -0.121744

24.5258 0.168457 0.841037 -0.158963 2.72245 -0.121744
24.5272 0.175781 0.841037 -0.158963 2.7325 -0.127445

24.5272 0.175781 0.835013 -0.164987 2.7325 -0.127444
24.5286 0.183105 0.835013 -0.164987 2.72548 -0.130677

24.5286 0.183105 0.828693 -0.171307 2.72548 -0.130678
24.5288 0.183993 0.828693 -0.171307 2.72413 -0.130541

24.5288 0.183988 0.828693 -0.171307 2.72414 -0.130541
24.5301 0.19043 0.828693 -0.171307 2.71682 -0.129975

24.5301 0.19043 0.82271 -0.17729 2.71682 -0.129973
24.5317 0.197754 0.82271 -0.17729 2.7191 -0.133737

24.5317 0.197754 0.817024 -0.182976 2.7191 -0.133737
24.5334 0.205078 0.817024 -0.182976 2.72548 -0.143591

24.5334 0.205078 0.810958 -0.189042 2.72548 -0.143587
24.5351 0.212402 0.810958 -0.189042 2.72049 -0.156798

24.5351 0.212402 0.804962 -0.195038 2.72049 -0.156798
24.5361 0.216804 0.804962 -0.195038 2.71268 -0.162748

24.5361 0.216796 0.804962 -0.195038 2.7127 -0.162745
24.5368 0.219727 0.804962 -0.195038 2.70632 -0.164346

24.5368 0.219727 0.799325 -0.200675 2.70632 -0.164346
24.5387 0.227051 0.799325 -0.200675 2.69999 -0.169589

24.5387 0.227051 0.793749 -0.206251 2.69999 -0.169589
24.5406 0.234375 0.793749 -0.206251 2.70247 -0.180791

24.5406 0.234375 0.788245 -0.211755 2.70247 -0.180792
24.5426 0.241699 0.788245 -0.211755 2.70128 -0.196653

24.5426 0.241699 0.782925 -0.217075 2.70128 -0.19665
24.5435 0.244969 0.782925 -0.217075 2.70139 -0.203913

24.5435 0.244961 0.782925 -0.217075 2.7014 -0.203903
24.5446 0.249023 0.782925 -0.217075 2.69676 -0.210403

24.5446 0.249023 0.777576 -0.222424 2.69676 -0.210397
24.5467 0.256348 0.777576 -0.222424 2.69004 -0.221229

24.5467 0.256348 0.772096 -0.227904 2.69004 -0.221229
24.5488 0.263672 0.772096 -0.227904 2.68202 -0.23207

24.5488 0.263672 0.766639 -0.233361 2.68202 -0.232069
24.5508 0.270056 0.766639 -0.233361 2.67347 -0.238637

24.5508 0.270053 0.766639 -0.233361 2.67347 -0.238636
24.5511 0.270996 0.766639 -0.233361 2.67241 -0.239447

24.5511 0.270996 0.76111 -0.23889 2.67241 -0.239444
24.5534 0.27832 0.76111 -0.23889 2.67039 -0.24723

24.5534 0.27832 0.755317 -0.244683 2.67039 -0.247227
24.5557 0.285645 0.755317 -0.244683 2.67099 -0.265455

24.5557 0.285645 0.749522 -0.250478 2.67099 -0.265459
24.5581 0.29273 0.749522 -0.250478 2.65788 -0.282927

24.5581 0.292728 0.749522 -0.250478 2.65789 -0.282926
24.5582 0.292969 0.749522 -0.250478 2.65724 -0.283362

24.5582 0.292969 0.74415 -0.25585 2.65724 -0.283365
24.5607 0.300293 0.74415 -0.25585 2.64769 -0.297326

24.5607 0.300293 0.73879 -0.26121 2.64769 -0.297321
24.5633 0.307617 0.73879 -0.26121 2.64505 -0.319684

24.5633 0.307617 0.733163 -0.266837 2.64505 -0.31968
24.5654 0.313491 0.733163 -0.266837 2.63606 -0.33723

24.5654 0.313488 0.733163 -0.266837 2.63607 -0.337227
24.566 0.314941 0.733163 -0.266837 2.6329 -0.340979

24.566 0.314941 0.727464 -0.272536 2.6329 -0.340972
24.5687 0.322266 0.727464 -0.272536 2.62475 -0.358502

24.5687 0.322266 0.721594 -0.278406 2.62475 -0.358498
24.5715 0.32959 0.721594 -0.278406 2.61044 -0.382002

24.5715 0.32959 0.715883 -0.284117 2.61044 -0.38199
24.5728 0.332691 0.715883 -0.284117 2.60027 -0.391054

24.5728 0.332672 0.715883 -0.284117 2.60034 -0.391033
24.5744 0.336914 0.715883 -0.284117 2.58835 -0.402263

24.5744 0.336914 0.710364 -0.289636 2.58834 -0.402248
24.5774 0.344238 0.710364 -0.289636 2.57608 -0.425824

24.5774 0.344238 0.70482 -0.29518 2.57608 -0.425824
24.5801 0.350586 0.70482 -0.29518 2.56129 -0.448289

24.5801 0.350584 0.70482 -0.29518 2.5613 -0.448287
24.5805 0.351562 0.70482 -0.29518 2.55825 -0.451032

24.5805 0.351562 0.69935 -0.30065 2.55825 -0.451026
24.5836 0.358887 0.69935 -0.30065 2.55129 -0.473827

24.5836 0.358887 0.693809 -0.306191 2.55128 -0.473823
24.5869 0.366211 0.693809 -0.306191 2.53126 -0.511651

24.5869 0.366211 0.688545 -0.311455 2.53123 -0.511567
24.5874 0.367423 0.688545 -0.311455 2.525 -0.516542

24.5874 0.367383 0.688545 -0.311455 2.52524 -0.516497
24.5902 0.373535 0.688545 -0.311455 2.50837 -0.539966

24.5902 0.373535 0.683305 -0.316695 2.50835 -0.539938
24.5936 0.380859 0.683305 -0.316695 2.48356 -0.574461

24.5936 0.380859 0.677842 -0.322158 2.48355 -0.574397
24.5947 0.383304 0.677842 -0.322158 2.47085 -0.583451

24.5947 0.383273 0.677842 -0.322158 2.47102 -0.583438
24.5971 0.388184 0.677842 -0.322158 2.45806 -0.601773

24.5971 0.388184 0.672007 -0.327993 2.45803 -0.60173
24.6006 0.395508 0.672007 -0.327993 2.43594 -0.643834

24.6006 0.395508 0.666087 -0.333913 2.43593 -0.64376
24.6021 0.398365 0.666087 -0.333913 2.42125 -0.659974

24.6021 0.398331 0.666087 -0.333913 2.42145 -0.659941
24.6043 0.402832 0.666087 -0.333913 2.40706 -0.681901

24.6043 0.402832 0.660149 -0.339851 2.40702 -0.681836
24.6081 0.410156 0.660149 -0.339851 2.37358 -0.721747

24.6081 0.410156 0.654305 -0.345695 2.37357 -0.72165
24.6094 0.412653 0.654305 -0.345695 2.35617 -0.734319

24.6094 0.41261 0.654305 -0.345695 2.3565 -0.734292
24.6119 0.41748 0.654305 -0.345695 2.33887 -0.758533

24.6119 0.41748 0.648396 -0.351604 2.33881 -0.758457
24.6159 0.424805 0.648396 -0.351604 2.30115 -0.803797

24.6159 0.424805 0.64235 -0.35765 2.30112 -0.803616
24.6167 0.426264 0.64235 -0.35765 2.28971 -0.811164

24.6167 0.426213 0.642267 -0.357733 2.29015 -0.811152
24.62 0.432129 0.642267 -0.357733 2.27446 -0.844506

24.62 0.432129 0.635957 -0.364043 2.27439 -0.844442
24.624 0.439186 0.635957 -0.364043 2.23018 -0.904752

24.624 0.439178 0.638199 -0.361801 2.23028 -0.904744
24.6242 0.439453 0.638199 -0.361801 2.2271 -0.906546

24.6242 0.439453 0.629462 -0.370538 2.2271 -0.906538
24.6285 0.446777 0.629462 -0.370538 2.1777 -0.954628

24.6285 0.446777 0.623358 -0.376642 2.17769 -0.954532
24.6313 0.451518 0.623358 -0.376642 2.15007 -0.996939

24.6313 0.451483 0.623358 -0.376642 2.15046 -0.996887
24.6329 0.454102 0.623358 -0.376642 2.12775 -1.01621

24.6329 0.454102 0.616531 -0.383469 2.12766 -1.01599
24.6375 0.461426 0.616531 -0.383469 2.06094 -1.06946

24.6374 0.461426 0.612101 -0.387899 2.06092 -1.06919
24.6387 0.463369 0.612101 -0.387899 2.03959 -1.08286

24.6387 0.463287 0.609408 -0.390592 2.04052 -1.08293
24.6422 0.46875 0.609408 -0.390592 2.01766 -1.12645

24.6422 0.46875 0.602327 -0.397673 2.01752 -1.12625
24.646 0.474572 0.602327 -0.397673 1.97487 -1.19923

24.646 0.474529 0.606399 -0.393601 1.9756 -1.19923
24.647 0.476074 0.606399 -0.393601 1.95133 -1.21365

24.647 0.476074 0.594522 -0.405478 1.95131 -1.2135
24.652 0.483398 0.594522 -0.405478 1.85396 -1.26927

24.652 0.483398 0.594652 -0.405348 1.85396 -1.26899
24.6533 0.48539 0.594652 -0.405348 1.82979 -1.28411

24.6533 0.485266 0.587277 -0.412723 1.83132 -1.28433
24.6572 0.490723 0.587277 -0.412723 1.79243 -1.33395

24.6571 0.490723 0.580146 -0.419854 1.79243 -1.33316
24.6606 0.495597 0.580146 -0.419854 1.7505 -1.39935

24.6606 0.495522 0.584417 -0.415583 1.75163 -1.39948
24.6624 0.498047 0.584417 -0.415583 1.71422 -1.42639

24.6624 0.498047 0.570844 -0.429156 1.7142 -1.42591
24.6679 0.505371 0.570844 -0.429156 1.59976 -1.48496

24.6678 0.505371 0.566534 -0.433466 1.59994 -1.48382
24.668 0.505536 0.566534 -0.433466 1.59701 -1.48505

24.668 0.505411 0.561827 -0.438173 1.59902 -1.48555
24.6737 0.512695 0.561827 -0.438173 1.5106 -1.55749

24.6736 0.512695 0.558884 -0.441116 1.51067 -1.55615
24.6753 0.514852 0.558884 -0.441116 1.49323 -1.58813

24.6753 0.514712 0.554099 -0.445901 1.49424 -1.58856
24.6796 0.52002 0.554099 -0.445901 1.42505 -1.64822

24.6795 0.52002 0.550504 -0.449496 1.42522 -1.64765
24.6826 0.523799 0.550504 -0.449496 1.35927 -1.67152

24.6826 0.523675 0.546879 -0.453121 1.36076 -1.67263
24.6857 0.527344 0.546879 -0.453121 1.29842 -1.6933

24.6857 0.527344 0.536674 -0.463326 1.29842 -1.69333
24.6899 0.532305 0.536674 -0.463326 1.21977 -1.71397

24.6899 0.532246 0.531954 -0.468046 1.22019 -1.7145
24.6921 0.534668 0.531954 -0.468046 1.19179 -1.72685

24.6921 0.534668 0.524055 -0.475945 1.19185 -1.72664
24.6973 0.5404 0.524055 -0.475945 1.11983 -1.76806

24.6973 0.54037 0.518838 -0.481162 1.1201 -1.7683
24.6988 0.541992 0.518838 -0.481162 1.09879 -1.78131

24.6988 0.541992 0.512417 -0.487583 1.09886 -1.78104
24.7046 0.548125 0.512417 -0.487583 0.988619 -1.82264

24.7046 0.548096 0.505889 -0.494111 0.989129 -1.82293
24.7058 0.549316 0.505889 -0.494111 0.95892 -1.82949

24.7058 0.549316 0.498761 -0.501239 0.959133 -1.829
24.7119 0.555449 0.498761 -0.501239 0.813699 -1.8557

24.7119 0.555424 0.491787 -0.508213 0.814064 -1.85596
24.7132 0.556641 0.491787 -0.508213 0.78738 -1.86212

24.7131 0.556641 0.484863 -0.515137 0.787645 -1.86157
24.7192 0.562386 0.484863 -0.515137 0.666214 -1.90413

24.7192 0.562364 0.476529 -0.523471 0.666495 -1.90438
24.721 0.563965 0.476529 -0.523471 0.632974 -1.91679

24.7209 0.563965 0.47047 -0.52953 0.63333 -1.91595
24.7266 0.568953 0.47047 -0.52953 0.518254 -1.94884

24.7266 0.568923 0.458516 -0.541484 0.51872 -1.94924
24.7294 0.571289 0.458516 -0.541484 0.45745 -1.96123

24.7293 0.571289 0.45376 -0.54624 0.458252 -1.95978
24.7339 0.575129 0.45376 -0.54624 0.349197 -1.96316

24.7339 0.575113 0.441991 -0.558009 0.349448 -1.96339
24.7383 0.578613 0.441991 -0.558009 0.252005 -1.95871

24.7382 0.578613 0.435231 -0.564769 0.253326 -1.95736
24.7412 0.58096 0.435231 -0.564769 0.188093 -1.95716

24.7412 0.580945 0.426768 -0.573232 0.188315 -1.95734
24.7479 0.585938 0.426768 -0.573232 0.0425207 -1.94918

24.7478 0.585938 0.418269 -0.581731 0.043752 -1.94817
24.7485 0.586476 0.418269 -0.581731 0.0282796 -1.94686

24.7485 0.586409 0.409707 -0.590293 0.0293214 -1.94775
24.7559 0.591492 0.409707 -0.590293 -0.131212 -1.93719

24.7559 0.591452 0.39232 -0.60768 -0.130403 -1.9378
24.7587 0.593262 0.39232 -0.60768 -0.19307 -1.92883

24.7586 0.593262 0.392329 -0.607671 -0.192344 -1.92833
24.7632 0.59623 0.392329 -0.607671 -0.30732 -1.8895

24.7632 0.596215 0.374508 -0.625492 -0.306993 -1.8897
24.7705 0.600586 0.374508 -0.625492 -0.469487 -1.83577

24.7704 0.600586 0.365117 -0.634883 -0.468912 -1.83552
24.7705 0.600639 0.365117 -0.634883 -0.470745 -1.83524

24.7705 0.600604 0.354798 -0.645202 -0.470039 -1.83565
24.7778 0.604631 0.354798 -0.645202 -0.629471 -1.78209

24.7778 0.604615 0.334494 -0.665506 -0.629094 -1.78235
24.7844 0.60791 0.334494 -0.665506 -0.770732 -1.7103

24.7843 0.60791 0.334494 -0.665506 -0.769521 -1.71015
24.7852 0.608363 0.334494 -0.665506 1e+30 1e+30

