12.4799 0.46875 0.581434 -0.418566 1.63339 -1.35806
12.4805 0.469603 0.581434 -0.418566 1.6195 -1.36311

12.4805 0.469482 0.575949 -0.424051 1.62145 -1.36337
12.4853 0.476074 0.575949 -0.424051 1.54774 -1.41111

12.4853 0.476074 0.572887 -0.427113 1.54774 -1.41075
12.4878 0.479417 0.572887 -0.427113 1.51781 -1.44482

12.4878 0.479304 0.56913 -0.43087 1.51883 -1.44505
12.4909 0.483398 0.56913 -0.43087 1.47677 -1.48211

12.4908 0.483398 0.559271 -0.440729 1.47675 -1.48144
12.4951 0.488816 0.559271 -0.440729 1.41372 -1.53218

12.4951 0.488772 0.559445 -0.440555 1.41429 -1.53239
12.4967 0.490723 0.559445 -0.440555 1.38531 -1.54933

12.4966 0.490723 0.548243 -0.451757 1.38539 -1.54877
12.5024 0.497787 0.548243 -0.451757 1.28721 -1.59464

12.5024 0.497777 0.544347 -0.455653 1.28734 -1.5947
12.5027 0.498047 0.544347 -0.455653 1.28329 -1.5964

12.5027 0.498047 0.538522 -0.461478 1.28326 -1.59651
12.509 0.505371 0.538522 -0.461478 1.18892 -1.63965

12.5089 0.505371 0.534052 -0.465948 1.18924 -1.63834
12.5098 0.506407 0.534052 -0.465948 1.17861 -1.64494

12.5098 0.506291 0.529404 -0.470596 1.17945 -1.64568
12.5155 0.512695 0.529404 -0.470596 1.08851 -1.67162

12.5154 0.512695 0.522939 -0.477061 1.08887 -1.67096
12.5171 0.514551 0.522939 -0.477061 1.05668 -1.67097

12.5171 0.514453 0.519138 -0.480862 1.05786 -1.67191
12.5222 0.52002 0.519138 -0.480862 0.985589 -1.68869

12.5222 0.52002 0.510279 -0.489721 0.985632 -1.68853
12.5244 0.522291 0.510279 -0.489721 0.963604 -1.70088

12.5244 0.522245 0.503905 -0.496095 0.963879 -1.70123
12.5294 0.527344 0.503905 -0.496095 0.890887 -1.73731

12.5294 0.527344 0.496547 -0.503453 0.891191 -1.73627
12.5317 0.52968 0.496547 -0.503453 0.85274 -1.758

12.5317 0.52961 0.487856 -0.512144 0.853551 -1.75849
12.537 0.534668 0.487856 -0.512144 0.74458 -1.79175

12.5369 0.534668 0.483473 -0.516527 0.745588 -1.78971
12.5391 0.536686 0.483473 -0.516527 0.693674 -1.80267

12.5391 0.536608 0.475398 -0.524602 0.69507 -1.80336
12.545 0.541992 0.475398 -0.524602 0.573955 -1.81993

12.5449 0.541992 0.46994 -0.53006 0.574771 -1.81905
12.5464 0.543315 0.46994 -0.53006 0.544897 -1.81749

12.5464 0.543262 0.46233 -0.53767 0.545639 -1.81803
12.5534 0.549316 0.46233 -0.53767 0.421165 -1.81678

12.5533 0.549316 0.455687 -0.544313 0.421811 -1.81574
12.5537 0.549644 0.455687 -0.544313 0.416327 -1.81617

12.5537 0.549569 0.447809 -0.552191 0.417049 -1.81693
12.561 0.555509 0.447809 -0.552191 0.303496 -1.84416

12.561 0.55548 0.433447 -0.566553 0.303929 -1.84448
12.5626 0.556641 0.433447 -0.566553 0.277321 -1.85141

12.5625 0.556641 0.432469 -0.567531 0.27753 -1.85099
12.5684 0.561091 0.432469 -0.567531 0.159336 -1.8429

12.5684 0.561048 0.417337 -0.582663 0.160079 -1.84346
12.5724 0.563965 0.417337 -0.582663 0.0774184 -1.82015

12.5723 0.563965 0.414539 -0.585461 0.078209 -1.82001
12.5757 0.566348 0.414539 -0.585461 0.0126532 -1.80079

12.5757 0.566323 0.402131 -0.597869 0.0130906 -1.80103
12.583 0.57125 0.402131 -0.597869 -0.121375 -1.77458

12.583 0.571289 0.392308 -0.607692 -0.121763 -1.77396
12.583 0.571321 0.392308 -0.607692 -0.122636 -1.77391

12.583 0.571243 0.383724 -0.616276 -0.121254 -1.77464
12.5831 0.571289 0.383724 -0.616276 -0.122518 -1.77459

12.5831 0.571289 0.385923 -0.614077 -0.122418 -1.7745
12.5903 0.575856 0.385923 -0.614077 -0.263535 -1.73411

12.5903 0.575829 0.368982 -0.631018 -0.263037 -1.73445
12.5951 0.578613 0.368982 -0.631018 -0.347731 -1.6862

12.595 0.578613 0.368975 -0.631025 -0.347152 -1.68614
12.5977 0.580175 0.368975 -0.631025 -0.388592 -1.67498

12.5977 0.580136 0.351397 -0.648603 -0.387913 -1.6753
12.605 0.584104 0.351397 -0.648603 -0.50876 -1.64045

12.605 0.584078 0.33309 -0.66691 -0.508158 -1.64073
12.6087 0.585938 0.33309 -0.66691 -0.575305 -1.61681

12.6086 0.585938 0.33309 -0.66691 -0.574673 -1.61724
12.6123 0.58778 0.33309 -0.66691 -0.64945 -1.5775

12.6123 0.58776 0.313985 -0.686015 -0.648924 -1.57767
12.6196 0.591112 0.313985 -0.686015 -0.789919 -1.48161

12.6196 0.591093 0.294288 -0.705712 -0.789456 -1.48181
12.6248 0.593262 0.294288 -0.705712 -0.873541 -1.41328

12.6247 0.593262 0.294288 -0.705712 -0.872889 -1.41396
12.627 0.594193 0.294288 -0.705712 -0.909659 -1.39459

12.627 0.594163 0.273895 -0.726105 -0.908914 -1.39476
12.6343 0.596926 0.273895 -0.726105 -1.02821 -1.29645

12.6343 0.596926 0.25191 -0.74809 -1.0282 -1.29645
12.6416 0.599392 0.25191 -0.74809 -1.1379 -1.16895

12.6416 0.599382 0.228785 -0.771215 -1.13762 -1.16902
12.6457 0.600586 0.228785 -0.771215 -1.19456 -1.11548

12.6456 0.600586 0.228785 -0.771215 -1.19418 -1.11618
12.6489 0.601574 0.228785 -0.771215 -1.24486 -1.0747

12.6489 0.601565 0.204085 -0.795915 -1.2446 -1.07474
12.6562 0.603443 0.204085 -0.795915 1e+30 1e+30

13.0078 0.153729 -0.887652 -0.112348 1e+30 1e+30
13.0069 0.161133 -0.887652 -0.112348 2.51909 0.681757

13.0069 0.161133 -0.877783 -0.122217 2.51907 0.681755
13.0048 0.175781 -0.877783 -0.122217 2.5049 0.748306

13.0048 0.175781 -0.867623 -0.132377 2.50489 0.748304
13.0026 0.19043 -0.867623 -0.132377 2.49026 0.816973

13.0026 0.19043 -0.857455 -0.142545 2.49025 0.816972
13.0002 0.205078 -0.857455 -0.142545 2.46783 0.88591

13.0002 0.205078 -0.847446 -0.152554 2.46784 0.88591
12.9975 0.219727 -0.847446 -0.152554 2.43489 0.953184

12.9975 0.219727 -0.840036 -0.159964 2.43497 0.953195
12.9961 0.227051 -0.840036 -0.159964 2.42442 0.989151

12.9961 0.227051 -0.834719 -0.165281 2.42442 0.989152
12.9947 0.234375 -0.834719 -0.165281 1e+30 1e+30

13.0176 0 -0.987985 -0.0120145 2.61999 0
13.0172 0.0292969 -0.987985 -0.0120145 2.61613 0.11706

13.0172 0.0292969 -0.970552 -0.029448 2.6165 0.117058
13.0167 0.0439453 -0.970552 -0.029448 2.61488 0.175081

13.0167 0.0439453 -0.959542 -0.0404577 2.61488 0.175081
13.0161 0.0585938 -0.959542 -0.0404577 2.61273 0.237749

13.0161 0.0585938 -0.948956 -0.051044 2.61275 0.237749
13.0153 0.0732422 -0.948956 -0.051044 2.60048 0.308125

13.0153 0.0732422 -0.938673 -0.0613272 2.60047 0.308125
13.0143 0.0878906 -0.938673 -0.0613272 2.58387 0.37187

13.0144 0.0878906 -0.928048 -0.0719523 2.58384 0.37187
13.0132 0.102539 -0.928048 -0.0719523 2.57314 0.429674

13.0132 0.102539 -0.917421 -0.0825792 2.57316 0.429675
13.0119 0.117188 -0.917421 -0.0825792 2.5647 0.488586

13.0119 0.117188 -0.907351 -0.0926488 2.5647 0.488587
13.0104 0.131836 -0.907351 -0.0926488 2.55226 0.550066

13.0104 0.131836 -0.897434 -0.102566 2.55225 0.550065
13.0087 0.146484 -0.897434 -0.102566 1e+30 1e+30

