25.7468 0 0.991968 -0.00803176 2.7585 0
25.7469 0.0146484 0.991968 -0.00803176 2.75325 -0.0128009

25.747 0.0146484 0.980328 -0.0196717 2.75328 -0.0128045
25.7471 0.0219727 0.980328 -0.0196717 2.74421 -0.0182838

25.7471 0.0219727 0.973163 -0.0268366 2.74421 -0.0182829
25.7473 0.0292969 0.973163 -0.0268366 2.74019 -0.0233226

25.7473 0.0292969 0.965641 -0.0343588 2.74019 -0.0233225
25.7476 0.0366211 0.965641 -0.0343588 2.74768 -0.0321109

25.7476 0.0366211 0.958075 -0.0419252 2.74768 -0.0321095
25.7479 0.0439453 0.958075 -0.0419252 2.75245 -0.0415441

25.7479 0.0439453 0.950714 -0.0492858 2.75245 -0.0415471
25.7483 0.0512695 0.950714 -0.0492858 2.75448 -0.0497395

25.7483 0.0512695 0.943738 -0.0562617 2.75448 -0.0497403
25.7487 0.0585938 0.943738 -0.0562617 2.75714 -0.0557594

25.7487 0.0585938 0.936734 -0.0632663 2.75714 -0.0557591
25.7492 0.065918 0.936734 -0.0632663 2.75789 -0.0611681

25.7492 0.065918 0.929548 -0.0704516 2.75789 -0.0611679
25.7498 0.0732422 0.929548 -0.0704516 2.76045 -0.0659862

25.7498 0.0732422 0.922651 -0.077349 2.76045 -0.0659872
25.7504 0.0805664 0.922651 -0.077349 2.7647 -0.0717071

25.7504 0.0805664 0.915985 -0.0840149 2.7647 -0.0717064
25.751 0.0878906 0.915985 -0.0840149 2.76753 -0.079651

25.751 0.0878906 0.9085 -0.0915 2.76753 -0.0796481
25.7518 0.0952148 0.9085 -0.0915 2.76623 -0.0886991

25.7518 0.0952148 0.901371 -0.0986286 2.76623 -0.0886975
25.752 0.0968732 0.901371 -0.0986286 2.76532 -0.0909138

25.752 0.0967607 0.901371 -0.0986286 2.7654 -0.0907673
25.7526 0.102539 0.901371 -0.0986286 2.75551 -0.0928868

25.7526 0.102539 0.892459 -0.107541 2.75548 -0.0928757
25.7543 0.117188 0.892459 -0.107541 2.73118 -0.102337

25.7543 0.117188 0.883687 -0.116313 2.73118 -0.102329
25.7553 0.124512 0.883687 -0.116313 2.71755 -0.0960186

25.7553 0.124512 0.877098 -0.122902 2.71755 -0.09602
25.7563 0.131836 0.877098 -0.122902 2.73059 -0.0967888

25.7563 0.131836 0.870556 -0.129444 2.7306 -0.0968009
25.7574 0.13916 0.870556 -0.129444 2.74911 -0.108225

25.7574 0.13916 0.864803 -0.135197 2.74911 -0.108229
25.7586 0.146484 0.864803 -0.135197 2.738 -0.117175

25.7586 0.146484 0.855517 -0.144483 2.73797 -0.117152
25.761 0.161133 0.855517 -0.144483 2.72751 -0.122729

25.761 0.161133 0.843232 -0.156768 2.72751 -0.122729
25.7638 0.175781 0.843232 -0.156768 2.72422 -0.12867

25.7637 0.175781 0.830966 -0.169034 2.72422 -0.128666
25.7666 0.189815 0.830966 -0.169034 2.72369 -0.138647

25.7666 0.189813 0.830966 -0.169034 2.72369 -0.138646
25.7667 0.19043 0.830966 -0.169034 2.729 -0.138442

25.7667 0.19043 0.822008 -0.177992 2.72906 -0.138459
25.7683 0.197754 0.822008 -0.177992 2.72733 -0.148647

25.7683 0.197754 0.8163 -0.1837 2.72731 -0.148639
25.77 0.205078 0.8163 -0.1837 2.70596 -0.156706

25.77 0.205078 0.810124 -0.189876 2.70596 -0.15671
25.7717 0.212402 0.810124 -0.189876 2.70508 -0.154342

25.7717 0.212402 0.804579 -0.195421 2.70508 -0.154343
25.7735 0.219727 0.804579 -0.195421 2.71155 -0.161765

25.7735 0.219727 0.79917 -0.20083 2.71155 -0.161762
25.7739 0.221521 0.79917 -0.20083 2.71185 -0.164083

25.7739 0.221514 0.79917 -0.20083 2.71185 -0.164076
25.7753 0.227051 0.79917 -0.20083 2.70719 -0.169463

25.7753 0.227051 0.793695 -0.206305 2.70719 -0.169461
25.7772 0.234375 0.793695 -0.206305 2.7002 -0.177542

25.7772 0.234375 0.7881 -0.2119 2.7002 -0.177542
25.7792 0.241699 0.7881 -0.2119 2.69666 -0.189493

25.7792 0.241699 0.782521 -0.217479 2.69666 -0.189493
25.7812 0.249023 0.782521 -0.217479 2.69249 -0.200036

25.7812 0.249023 0.777054 -0.222946 2.69249 -0.200027
25.7812 0.249124 0.777054 -0.222946 2.69242 -0.200188

25.7812 0.249112 0.777054 -0.222946 2.69243 -0.200178
25.7833 0.256348 0.777054 -0.222946 2.69022 -0.210135

25.7833 0.256348 0.77145 -0.22855 2.69022 -0.210132
25.7855 0.263672 0.77145 -0.22855 2.68842 -0.220248

25.7855 0.263672 0.765767 -0.234233 2.68842 -0.220249
25.7877 0.270996 0.765767 -0.234233 2.68021 -0.229957

25.7877 0.270996 0.760364 -0.239636 2.68021 -0.229955
25.7886 0.273663 0.760364 -0.239636 2.67677 -0.232729

25.7886 0.273652 0.760364 -0.239636 2.67678 -0.232724
25.79 0.27832 0.760364 -0.239636 2.67139 -0.239786

25.79 0.27832 0.754987 -0.245013 2.67139 -0.239782
25.7924 0.285645 0.754987 -0.245013 2.67075 -0.253984

25.7924 0.285645 0.749418 -0.250582 2.67075 -0.253981
25.7949 0.292969 0.749418 -0.250582 2.66651 -0.279834

25.7949 0.292969 0.743829 -0.256171 2.66651 -0.279817
25.7959 0.29597 0.743829 -0.256171 2.66205 -0.290054

25.7959 0.295953 0.743829 -0.256171 2.66209 -0.290027
25.7974 0.300293 0.743829 -0.256171 2.65262 -0.300288

25.7974 0.300293 0.738136 -0.261864 2.65261 -0.300276
25.8 0.307617 0.738136 -0.261864 2.63981 -0.314907

25.8 0.307617 0.732489 -0.267511 2.63981 -0.31491
25.8027 0.314941 0.732489 -0.267511 2.62645 -0.327066

25.8027 0.314941 0.727163 -0.272837 2.62644 -0.327056
25.8032 0.316441 0.727163 -0.272837 2.62322 -0.329188

25.8032 0.316426 0.727163 -0.272837 2.62326 -0.329181
25.8054 0.322266 0.727163 -0.272837 2.61847 -0.340427

25.8054 0.322266 0.721794 -0.278206 2.61846 -0.34042
25.8082 0.32959 0.721794 -0.278206 2.61909 -0.367875

25.8082 0.32959 0.71635 -0.28365 2.61909 -0.367875
25.8105 0.335431 0.71635 -0.28365 2.60817 -0.393169

25.8105 0.335425 0.71635 -0.28365 2.6082 -0.393158
25.8111 0.336914 0.71635 -0.28365 2.60279 -0.398739

25.8111 0.336914 0.711057 -0.288943 2.60278 -0.398729
25.8141 0.344238 0.711057 -0.288943 2.58762 -0.423091

25.8141 0.344238 0.705694 -0.294306 2.58762 -0.423087
25.8172 0.351562 0.705694 -0.294306 2.56468 -0.446351

25.8172 0.351562 0.700411 -0.299589 2.56467 -0.446315
25.8179 0.353234 0.700411 -0.299589 2.55722 -0.450368

25.8179 0.353206 0.700411 -0.299589 2.55736 -0.450351
25.8203 0.358887 0.700411 -0.299589 2.54381 -0.46581

25.8203 0.358887 0.694898 -0.305102 2.54379 -0.465789
25.8235 0.366211 0.694898 -0.305102 2.53117 -0.499521

25.8235 0.366211 0.689294 -0.310706 2.53117 -0.499498
25.8252 0.369955 0.689294 -0.310706 2.52051 -0.51594

25.8252 0.369933 0.689294 -0.310706 2.5206 -0.515902
25.8268 0.373535 0.689294 -0.310706 2.50988 -0.531585

25.8268 0.373535 0.683687 -0.316313 2.50985 -0.531541
25.8302 0.380859 0.683687 -0.316313 2.49206 -0.564198

25.8302 0.380859 0.677943 -0.322057 2.49206 -0.564182
25.8325 0.385746 0.677943 -0.322057 2.47256 -0.586643

25.8325 0.385728 0.677943 -0.322057 2.47268 -0.586621
25.8337 0.388184 0.677943 -0.322057 2.45878 -0.596049

25.8337 0.388184 0.672061 -0.327939 2.45876 -0.596002
25.8373 0.395508 0.672061 -0.327939 2.4334 -0.627475

25.8372 0.395508 0.666054 -0.333946 2.43339 -0.627461
25.8398 0.400682 0.666054 -0.333946 2.41483 -0.65567

25.8398 0.400665 0.666054 -0.333946 2.41493 -0.655652
25.8409 0.402832 0.666054 -0.333946 2.40433 -0.665137

25.8409 0.402832 0.659958 -0.340042 2.4043 -0.665081
25.8447 0.410156 0.659958 -0.340042 2.38161 -0.702756

25.8447 0.410156 0.654034 -0.345966 2.38161 -0.70274
25.8472 0.414833 0.654034 -0.345966 2.36358 -0.733104

25.8472 0.414808 0.654034 -0.345966 2.36378 -0.733067
25.8486 0.41748 0.654034 -0.345966 2.34666 -0.747045

25.8486 0.41748 0.648179 -0.351821 2.34662 -0.746963
25.8525 0.424805 0.648179 -0.351821 2.3076 -0.78642

25.8525 0.424805 0.642386 -0.357614 2.30759 -0.786352
25.8545 0.428315 0.642386 -0.357614 2.28697 -0.805503

25.8545 0.42828 0.642386 -0.357614 2.2872 -0.805492
25.8566 0.432129 0.642386 -0.357614 2.27337 -0.82823

25.8566 0.432129 0.636163 -0.363837 2.27329 -0.828117
25.8608 0.439453 0.636163 -0.363837 2.23122 -0.88497

25.8608 0.439453 0.630262 -0.369738 2.23119 -0.884709
25.8618 0.441212 0.630262 -0.369738 2.21511 -0.897274

25.8618 0.441147 0.629772 -0.370228 2.21575 -0.897259
25.8651 0.446777 0.629772 -0.370228 2.19748 -0.936381

25.8651 0.446777 0.623459 -0.376541 2.19738 -0.93626
25.8691 0.453449 0.623459 -0.376541 2.14701 -0.99601

25.8691 0.453434 0.626764 -0.373236 2.14723 -0.996006
25.8695 0.454102 0.626764 -0.373236 2.13811 -1.0004

25.8695 0.454102 0.616735 -0.383265 2.1381 -1.00037
25.8741 0.461426 0.616735 -0.383265 2.07486 -1.05026

25.8741 0.461426 0.610453 -0.389547 2.07484 -1.05004
25.8765 0.465174 0.610453 -0.389547 2.05311 -1.08512

25.8765 0.46512 0.610453 -0.389547 2.05362 -1.08502
25.8788 0.46875 0.610453 -0.389547 1e+30 1e+30

