18.1989 0 -0.990396 -0.00960361 2.69916 0
18.1987 0.0292969 -0.990396 -0.00960361 2.69975 0.109091

18.1987 0.0292969 -0.971095 -0.0289046 2.69968 0.109092
18.1978 0.0585938 -0.971095 -0.0289046 2.69442 0.225635

18.1978 0.0585938 -0.952154 -0.0478464 2.69445 0.225636
18.1963 0.0878906 -0.952154 -0.0478464 2.6803 0.344578

18.1963 0.0878906 -0.93414 -0.0658597 2.68029 0.344578
18.1943 0.117188 -0.93414 -0.0658597 2.66495 0.465639

18.1934 0.127294 -0.921102 -0.0788976 2.6605 0.509932
18.193 0.131836 -0.921102 -0.0788976 2.65607 0.529532

18.193 0.131836 -0.912198 -0.0878024 2.65606 0.529532
18.1916 0.146484 -0.912198 -0.0878024 2.64288 0.594078

18.1916 0.146484 -0.902884 -0.0971155 2.64289 0.594079
18.19 0.161133 -0.902884 -0.0971155 2.62966 0.659131

18.19 0.161133 -0.893699 -0.106301 2.62965 0.65913
18.1882 0.175781 -0.893699 -0.106301 2.61619 0.724283

18.1934 0.127208 -0.921102 -0.0788976 2.66065 0.509563
18.1942 0.117188 -0.921102 -0.0788976 2.6653 0.465656

18.1882 0.175781 -0.884412 -0.115588 2.61618 0.724281
18.1863 0.19043 -0.884412 -0.115588 2.60347 0.790295

18.1863 0.19043 -0.874981 -0.125019 2.60345 0.790293
18.1842 0.205078 -0.874981 -0.125019 2.58577 0.853883

18.1842 0.205078 -0.865546 -0.134454 2.58577 0.853883
18.182 0.219727 -0.865546 -0.134454 2.56233 0.918714

18.182 0.219727 -0.856125 -0.143875 2.56232 0.918714
18.1795 0.234375 -0.856125 -0.143875 2.53804 0.986999

18.1641 0.307895 -0.798947 -0.201053 2.36639 1.37272
18.1623 0.314941 -0.798947 -0.201053 2.34224 1.41326

18.1623 0.314941 -0.793401 -0.206599 2.34222 1.41326
18.1604 0.322266 -0.793401 -0.206599 2.32717 1.45599

18.1567 0.335608 -0.781954 -0.218046 2.28463 1.534
18.1564 0.336914 -0.781954 -0.218046 2.27827 1.54143

18.1604 0.322266 -0.787581 -0.212419 2.32717 1.45599
18.1584 0.32959 -0.787581 -0.212419 2.30823 1.49764

18.1567 0.33557 -0.781954 -0.218046 2.28491 1.53382
18.1584 0.32959 -0.781954 -0.218046 2.30826 1.49765

18.1564 0.336914 -0.77637 -0.22363 2.27834 1.54145
18.1543 0.344238 -0.77637 -0.22363 2.24885 1.5828

18.1543 0.344238 -0.770542 -0.229458 2.24884 1.5828
18.1521 0.351562 -0.770542 -0.229458 2.22395 1.62307

18.1055 0.467667 -0.657046 -0.342954 1.49271 2.30053
18.1049 0.46875 -0.657046 -0.342954 1.48037 2.30704

18.1348 0.402499 -0.726571 -0.273429 1.97558 1.90959
18.1346 0.402832 -0.726571 -0.273429 1.97338 1.91169

18.1346 0.402832 -0.719748 -0.280252 1.97357 1.91172
18.1318 0.410156 -0.719748 -0.280252 1.93254 1.9603

18.1494 0.360179 -0.758897 -0.241103 2.18093 1.67106
18.1475 0.366211 -0.758897 -0.241103 2.15411 1.7077

18.1475 0.366211 -0.752853 -0.247147 2.15411 1.7077
18.1451 0.373535 -0.752853 -0.247147 2.12234 1.75042

18.1451 0.373535 -0.746591 -0.253409 2.12233 1.75042
18.1426 0.380859 -0.746591 -0.253409 2.08503 1.78577

18.1521 0.351562 -0.764715 -0.235285 2.22395 1.62307
18.1498 0.358887 -0.764715 -0.235285 2.1881 1.66332

18.1494 0.360163 -0.758897 -0.241103 2.18107 1.67097
18.1498 0.358887 -0.758897 -0.241103 2.18813 1.66333

18.1421 0.382341 -0.740173 -0.259827 2.07768 1.79414
18.14 0.388184 -0.740173 -0.259827 2.04978 1.82649

18.14 0.388184 -0.733428 -0.266572 2.04977 1.82649
18.1374 0.395508 -0.733428 -0.266572 2.01416 1.86819

18.1421 0.38233 -0.740173 -0.259827 2.07778 1.79408
18.1426 0.380859 -0.740173 -0.259827 2.08505 1.78577

18.1348 0.402446 -0.726571 -0.273429 1.97615 1.90929
18.1374 0.395508 -0.726571 -0.273429 2.01417 1.86819

18.1201 0.437693 -0.690383 -0.309617 1.74669 2.11938
18.1193 0.439453 -0.690383 -0.309617 1.73182 2.12987

18.1274 0.420795 -0.705495 -0.294505 1.86329 2.01993
18.1258 0.424805 -0.705495 -0.294505 1.83425 2.04307

18.1318 0.410156 -0.712674 -0.287326 1.93252 1.96029
18.1288 0.41748 -0.712674 -0.287326 1.88492 2.00023

18.1274 0.420767 -0.705495 -0.294505 1.8636 2.01975
18.1288 0.41748 -0.705495 -0.294505 1.88499 2.00023

18.1258 0.424805 -0.698052 -0.301948 1.83428 2.04308
18.1226 0.432129 -0.698052 -0.301948 1.78249 2.08745

18.1201 0.437647 -0.690383 -0.309617 1.74731 2.11913
18.1226 0.432129 -0.690383 -0.309617 1.78254 2.08744

18.1128 0.453286 -0.674367 -0.325633 1.62216 2.21516
18.1124 0.454102 -0.674367 -0.325633 1.61302 2.21969

18.1193 0.439453 -0.682523 -0.317477 1.73197 2.12988
18.1159 0.446777 -0.682523 -0.317477 1.6757 2.17982

18.1128 0.453224 -0.674367 -0.325633 1.62321 2.21481
18.1159 0.446777 -0.674367 -0.325633 1.67573 2.17982

18.1124 0.454102 -0.665797 -0.334203 1.61328 2.21968
18.1087 0.461426 -0.665797 -0.334203 1.54433 2.2669

18.1055 0.467606 -0.657046 -0.342954 1.49378 2.30017
18.1087 0.461426 -0.657046 -0.342954 1.5444 2.26688

18.1787 0.238771 -0.846438 -0.153562 2.53161 1.00831
18.1769 0.249023 -0.846438 -0.153562 2.51751 1.0586

18.1768 0.249023 -0.836834 -0.163166 2.51754 1.0586
18.174 0.263672 -0.836834 -0.163166 2.48779 1.13582

18.1787 0.238794 -0.849058 -0.150942 2.53154 1.00841
18.1795 0.234375 -0.849058 -0.150942 2.53811 0.987

18.1714 0.276159 -0.824849 -0.175151 2.45571 1.19855
18.1709 0.27832 -0.824849 -0.175151 2.45031 1.20996

18.174 0.263672 -0.829843 -0.170157 2.48788 1.13582
18.1725 0.270996 -0.829843 -0.170157 2.46851 1.17323

18.1714 0.276137 -0.824849 -0.175151 2.45581 1.19843
18.1725 0.270996 -0.824849 -0.175151 2.46852 1.17323

18.1709 0.27832 -0.819632 -0.180368 2.45034 1.20996
18.1693 0.285645 -0.819632 -0.180368 2.43467 1.24954

18.1693 0.285645 -0.814354 -0.185646 2.43467 1.24954
18.1676 0.292969 -0.814354 -0.185646 2.41847 1.28927

18.1676 0.292969 -0.80916 -0.19084 2.41847 1.28927
18.1659 0.300293 -0.80916 -0.19084 2.39573 1.3287

18.1659 0.300293 -0.804057 -0.195943 2.39574 1.3287
18.1641 0.307617 -0.804057 -0.195943 2.36757 1.37106

18.1641 0.307881 -0.798947 -0.201053 2.36648 1.37264
18.1641 0.307617 -0.798947 -0.201053 2.36759 1.37106

17.8125 0.596919 0.339482 -0.660518 -0.574884 -1.77303
17.8196 0.600586 0.339482 -0.660518 -0.723775 -1.68831

17.8195 0.600586 0.338766 -0.661234 -0.723003 -1.68819
17.8198 0.600732 0.338766 -0.661234 -0.728578 -1.68719

17.8198 0.600688 0.319712 -0.680288 -0.727588 -1.6876
17.8271 0.60413 0.319712 -0.680288 -0.880422 -1.60579

17.8271 0.604129 0.298462 -0.701538 -0.880389 -1.6058
17.8345 0.607245 0.298462 -0.701538 -1.02405 -1.49009

17.8345 0.607232 0.276279 -0.723721 -1.02372 -1.49021
17.8362 0.60791 0.276279 -0.723721 -1.05524 -1.47735

17.8362 0.60791 0.276279 -0.723721 -1.05496 -1.47748
17.8418 0.610042 0.276279 -0.723721 -1.16749 -1.4024

17.8418 0.610043 0.252219 -0.747781 -1.16753 -1.40239
17.8491 0.612514 0.252219 -0.747781 -1.31039 -1.25591

17.8491 0.612511 0.226243 -0.773757 -1.31031 -1.25595
17.8564 0.614652 0.226243 -0.773757 -1.42799 -1.12418

17.8564 0.614643 0.199705 -0.800295 -1.4277 -1.12428
17.8588 0.615234 0.199705 -0.800295 -1.46632 -1.09265

17.8588 0.615234 0.199705 -0.800295 -1.46606 -1.09297
17.8638 0.616478 0.199705 -0.800295 -1.55616 -1.00059

17.8638 0.616478 0.17174 -0.82826 -1.55615 -1.00059
17.8711 0.617996 0.17174 -0.82826 -1.68705 -0.832915

17.8711 0.617996 0.141483 -0.858517 -1.68702 -0.832919
17.8784 0.619203 0.141483 -0.858517 -1.79097 -0.637299

17.8784 0.619203 0.109013 -0.890987 -1.79098 -0.637296
17.8857 0.620099 0.109013 -0.890987 -1.8504 -0.442747

17.8857 0.6201 0.0736096 -0.92639 -1.85042 -0.442735
17.8931 0.620682 0.0736096 -0.92639 -1.89821 -0.259102

17.8931 0.620683 0.0346979 -0.965302 -1.89823 -0.259095
17.9004 0.620947 0.0346979 -0.965302 -1.93701 -0.0765117

17.9004 0.620946 -0.00774986 -0.99225 -1.93701 -0.076512
17.9077 0.620889 -0.00774986 -0.99225 -1.96454 0.114774

17.9077 0.620889 -0.0489085 -0.951091 -1.96454 0.114772
17.915 0.620512 -0.0489085 -0.951091 -1.97657 0.32065

17.915 0.620512 -0.0866809 -0.913319 -1.97657 0.32065
17.9224 0.619817 -0.0866809 -0.913319 -1.97049 0.541979

17.9224 0.619818 -0.121838 -0.878162 -1.97052 0.541977
17.9297 0.618802 -0.121838 -0.878162 -1.94522 0.774475

18.0103 0.584338 -0.409239 -0.590761 -0.631522 2.42227
18.0079 0.585938 -0.409239 -0.590761 -0.686145 2.38972

18.0103 0.584261 -0.430367 -0.569633 -0.628578 2.42249
18.0176 0.578728 -0.430367 -0.569633 -0.456357 2.49243

18.0469 0.551748 -0.511675 -0.488325 0.23399 2.62741
18.0422 0.556641 -0.511675 -0.488325 0.119149 2.62141

18.0322 0.566295 -0.469315 -0.530685 -0.120219 2.58846
18.0266 0.571289 -0.469315 -0.530685 -0.248782 2.55372

18.0249 0.572761 -0.44966 -0.55034 -0.29043 2.54443
18.0177 0.578613 -0.44966 -0.55034 -0.453022 2.49351

18.0176 0.578728 -0.440571 -0.559429 -0.45637 2.49243
18.0177 0.578613 -0.440571 -0.559429 -0.452918 2.49337

18.0249 0.572715 -0.461861 -0.538139 -0.28866 2.54417
18.0266 0.571289 -0.461861 -0.538139 -0.248641 2.55355

18.0396 0.559312 -0.48922 -0.51078 0.049628 2.61556
18.0347 0.563965 -0.48922 -0.51078 -0.0615874 2.59864

18.0322 0.566226 -0.481466 -0.518534 -0.117636 2.58794
18.0347 0.563965 -0.481466 -0.518534 -0.0612346 2.59829

18.0396 0.559256 -0.50057 -0.49943 0.0517334 2.61512
18.0422 0.556641 -0.50057 -0.49943 0.119679 2.62095

17.9517 0.613763 -0.216133 -0.783867 -1.73242 1.30213
17.9463 0.615234 -0.216133 -0.783867 -1.77873 1.17527

17.9517 0.61377 -0.244948 -0.755052 -1.7326 1.30209
17.959 0.611394 -0.244948 -0.755052 -1.64701 1.52506

17.9297 0.618805 -0.155124 -0.844876 -1.94536 0.774483
17.937 0.61746 -0.155124 -0.844876 -1.86411 0.9846

17.937 0.617461 -0.186562 -0.813438 -1.86414 0.984603
17.9443 0.615781 -0.186562 -0.813438 -1.79314 1.13985

17.9443 0.615781 -0.216133 -0.783867 -1.79315 1.13985
17.9463 0.615234 -0.216133 -0.783867 -1.77872 1.17515

17.959 0.611389 -0.272067 -0.727933 -1.64675 1.52504
17.9663 0.608652 -0.272067 -0.727933 -1.51039 1.66777

17.9736 0.605564 -0.296766 -0.703234 -1.39383 1.84187
17.9681 0.60791 -0.296766 -0.703234 -1.48446 1.69153

17.9663 0.608644 -0.296766 -0.703234 -1.51003 1.66776
17.968 0.60791 -0.296766 -0.703234 -1.48435 1.69116

17.9883 0.598287 -0.343994 -0.656006 -1.08608 2.12759
17.9839 0.600586 -0.343994 -0.656006 -1.18116 2.03036

17.9736 0.605568 -0.320735 -0.679265 -1.39397 1.84183
17.981 0.60211 -0.320735 -0.679265 -1.23998 1.99637

17.981 0.602085 -0.343994 -0.656006 -1.23874 1.99629
17.9838 0.600586 -0.343994 -0.656006 -1.18072 2.02928

17.9883 0.598279 -0.366798 -0.633202 -1.08578 2.12766
17.9956 0.594036 -0.366798 -0.633202 -0.943602 2.2109

18.0029 0.589373 -0.389285 -0.610715 -0.828162 2.30401
17.9968 0.593262 -0.389285 -0.610715 -0.92433 2.21315

17.9956 0.594016 -0.382801 -0.617199 -0.942856 2.21078
17.9968 0.593262 -0.382801 -0.617199 -0.924277 2.21311

18.0029 0.589341 -0.410728 -0.589272 -0.826574 2.30384
18.0078 0.585938 -0.410728 -0.589272 -0.685775 2.38812

18.0688 0.525673 -0.572654 -0.427346 0.728285 2.6008
18.0676 0.527344 -0.572654 -0.427346 0.702115 2.60895

18.0762 0.515634 -0.583998 -0.416002 0.870656 2.56389
18.073 0.52002 -0.583998 -0.416002 0.802942 2.58343

18.0688 0.525616 -0.572069 -0.427931 0.729642 2.6005
18.073 0.52002 -0.572069 -0.427931 0.80304 2.58344

18.0908 0.493345 -0.618109 -0.381891 1.18994 2.45511
18.0879 0.498047 -0.618109 -0.381891 1.14119 2.49545

18.0981 0.480999 -0.638765 -0.361235 1.36372 2.39126
18.0968 0.483398 -0.638765 -0.361235 1.32394 2.40611

18.1049 0.46875 -0.648136 -0.351864 1.48065 2.30704
18.1009 0.476074 -0.648136 -0.351864 1.40684 2.35922

18.0981 0.480938 -0.638765 -0.361235 1.36511 2.39093
18.1009 0.476074 -0.638765 -0.361235 1.40697 2.3592

18.0968 0.483398 -0.628389 -0.371611 1.32409 2.40613
18.0924 0.490723 -0.628389 -0.371611 1.21724 2.44137

18.0908 0.493323 -0.618277 -0.381723 1.19035 2.45495
18.0924 0.490723 -0.618277 -0.381723 1.21744 2.44133

18.0835 0.504986 -0.61188 -0.38812 1.04756 2.53481
18.0833 0.505371 -0.61188 -0.38812 1.03938 2.53683

18.0832 0.505371 -0.596425 -0.403575 1.03975 2.53681
18.0783 0.512695 -0.596425 -0.403575 0.908095 2.56121

18.0835 0.504906 -0.608277 -0.391723 1.04979 2.53436
18.0879 0.498047 -0.608277 -0.391723 1.14122 2.49546

18.0762 0.515616 -0.587329 -0.412671 0.871033 2.56377
18.0782 0.512695 -0.587329 -0.412671 0.908544 2.56091

18.0615 0.535013 -0.54427 -0.45573 0.559855 2.62428
18.0557 0.541992 -0.54427 -0.45573 0.422081 2.62788

18.0542 0.543667 -0.528791 -0.471209 0.392006 2.62569
18.0492 0.549316 -0.528791 -0.471209 0.280592 2.62821

18.0469 0.551734 -0.518483 -0.481517 0.234422 2.6273
18.0491 0.549316 -0.518483 -0.481517 0.281174 2.62781

18.0542 0.543659 -0.535015 -0.464985 0.392228 2.62564
18.0556 0.541992 -0.535015 -0.464985 0.42247 2.6276

18.0676 0.527344 -0.558919 -0.441081 0.702366 2.60894
18.0618 0.534668 -0.558919 -0.441081 0.566967 2.62406

18.0615 0.53498 -0.551246 -0.448754 0.56081 2.62409
18.0618 0.534668 -0.551246 -0.448754 0.56718 2.62393

