33.1984 0 0.996741 -0.00325947 2.70573 0
33.1984 0.00732422 0.996741 -0.00325947 2.72764 0.0127319

33.1984 0.00732422 0.989994 -0.0100065 2.72764 0.012737
33.1985 0.0146484 0.989994 -0.0100065 2.76792 0.0057415

33.1985 0.0146484 0.982094 -0.0179061 2.76792 0.00576045
33.1986 0.0219727 0.982094 -0.0179061 2.78966 -0.0119409

33.1986 0.0219727 0.973304 -0.0266964 2.78966 -0.0119397
33.1988 0.0292969 0.973304 -0.0266964 2.78611 -0.0275619

33.1988 0.0292969 0.964926 -0.0350736 2.78611 -0.0275651
33.1991 0.0366211 0.964926 -0.0350736 2.77531 -0.0334501

33.1991 0.0366211 0.957942 -0.0420578 2.77531 -0.0334553
33.1994 0.0439453 0.957942 -0.0420578 2.77435 -0.0387074

33.1994 0.0439453 0.947632 -0.0523676 2.77433 -0.0386925
33.2002 0.0585938 0.947632 -0.0523676 2.77407 -0.045982

33.2001 0.0585938 0.926831 -0.0731688 2.77399 -0.0459431
33.2025 0.0878906 0.926831 -0.0731688 2.77365 -0.0654259

33.2025 0.0878906 0.906877 -0.0931234 2.77373 -0.0654671
33.204 0.102539 0.906877 -0.0931234 2.77145 -0.0749079

33.204 0.102539 0.894237 -0.105763 2.77145 -0.0749088
33.2058 0.117188 0.894237 -0.105763 2.76561 -0.0820141

33.2058 0.117188 0.881504 -0.118496 2.7656 -0.0820069
33.2077 0.131836 0.881504 -0.118496 2.77032 -0.0908657

33.2077 0.131836 0.868325 -0.131675 2.77034 -0.0908824
33.208 0.133668 0.868325 -0.131675 2.77616 -0.0916819

33.208 0.133697 0.871746 -0.128254 2.77621 -0.0916923
33.2088 0.13916 0.871746 -0.128254 2.78155 -0.10059

33.2088 0.13916 0.864735 -0.135265 2.78154 -0.100584
33.21 0.146484 0.864735 -0.135265 2.77887 -0.110228

33.21 0.146484 0.858796 -0.141204 2.77888 -0.110247
33.2112 0.153809 0.858796 -0.141204 2.77771 -0.115443

33.2112 0.153809 0.853383 -0.146617 2.7777 -0.115432
33.2124 0.161133 0.853383 -0.146617 2.76803 -0.119813

33.2124 0.161133 0.846961 -0.153039 2.76803 -0.119814
33.2137 0.168457 0.846961 -0.153039 2.75549 -0.118473

33.2137 0.168457 0.841048 -0.158952 2.7555 -0.11847
33.2151 0.175781 0.841048 -0.158952 2.75819 -0.120526

33.2151 0.175781 0.832572 -0.167428 2.75818 -0.120509
33.2181 0.19043 0.832572 -0.167428 2.75616 -0.129915

33.2181 0.19043 0.821696 -0.178304 2.75616 -0.129918
33.2212 0.205078 0.821696 -0.178304 2.75506 -0.136883

33.2212 0.205078 0.810157 -0.189843 2.75503 -0.136861
33.2227 0.211214 0.810157 -0.189843 2.76436 -0.136465

33.2227 0.211163 0.813302 -0.186698 2.76463 -0.136425
33.2229 0.212402 0.813302 -0.186698 2.7583 -0.137531

33.2229 0.212402 0.806599 -0.193401 2.75828 -0.137527
33.2247 0.219727 0.806599 -0.193401 2.73981 -0.139382

33.2247 0.219727 0.801264 -0.198736 2.73982 -0.13938
33.2265 0.227051 0.801264 -0.198736 2.75086 -0.139347

33.2265 0.227051 0.795455 -0.204545 2.75086 -0.139349
33.2284 0.234375 0.795455 -0.204545 2.75209 -0.14677

33.2284 0.234375 0.790046 -0.209954 2.75209 -0.146771
33.23 0.240383 0.790046 -0.209954 2.74882 -0.151994

33.23 0.240381 0.790046 -0.209954 2.74882 -0.151993
33.2303 0.241699 0.790046 -0.209954 2.74734 -0.15302

33.2303 0.241699 0.784791 -0.215209 2.74734 -0.153019
33.2323 0.249023 0.784791 -0.215209 2.74047 -0.160911

33.2323 0.249023 0.779174 -0.220826 2.74046 -0.16091
33.2344 0.256348 0.779174 -0.220826 2.73904 -0.176975

33.2344 0.256348 0.773261 -0.226739 2.73904 -0.176973
33.2366 0.263672 0.773261 -0.226739 2.73561 -0.198587

33.2366 0.263672 0.767688 -0.232312 2.73561 -0.198584
33.2373 0.266138 0.767688 -0.232312 2.73426 -0.20474

33.2373 0.266124 0.767688 -0.232312 2.73427 -0.204724
33.2388 0.270996 0.767688 -0.232312 2.72832 -0.217926

33.2388 0.270996 0.76231 -0.23769 2.72832 -0.217917
33.2411 0.27832 0.76231 -0.23769 2.71936 -0.236034

33.2411 0.27832 0.756833 -0.243167 2.71936 -0.236034
33.2434 0.285645 0.756833 -0.243167 2.70798 -0.247428

33.2434 0.285645 0.751396 -0.248604 2.70798 -0.247425
33.2446 0.289322 0.751396 -0.248604 2.70156 -0.251633

33.2446 0.289315 0.751396 -0.248604 2.70157 -0.251628
33.2458 0.292969 0.751396 -0.248604 2.69879 -0.256128

33.2458 0.292969 0.745881 -0.254119 2.69878 -0.256124
33.2483 0.300293 0.745881 -0.254119 2.70058 -0.26811

33.2483 0.300293 0.740347 -0.259653 2.70058 -0.268111
33.2509 0.307617 0.740347 -0.259653 2.695 -0.293544

33.2509 0.307617 0.735195 -0.264805 2.695 -0.293534
33.252 0.310547 0.735195 -0.264805 2.68913 -0.302647

33.252 0.310529 0.735195 -0.264805 2.68918 -0.302619
33.2535 0.314941 0.735195 -0.264805 2.67661 -0.314889

33.2535 0.314941 0.730202 -0.269798 2.6766 -0.314876
33.2562 0.322266 0.730202 -0.269798 2.66152 -0.334939

33.2562 0.322266 0.724966 -0.275034 2.66152 -0.334935
33.259 0.32959 0.724966 -0.275034 2.64714 -0.35393

33.259 0.32959 0.71944 -0.28056 2.64713 -0.353901
33.2593 0.330263 0.71944 -0.28056 2.64587 -0.355211

33.2593 0.330246 0.71944 -0.28056 2.64591 -0.355202
33.2619 0.336914 0.71944 -0.28056 2.6383 -0.368624

33.2619 0.336914 0.713653 -0.286347 2.63829 -0.368621
33.2648 0.344238 0.713653 -0.286347 2.62572 -0.395337

33.2648 0.344238 0.708161 -0.291839 2.62572 -0.395334
33.2666 0.348575 0.708161 -0.291839 2.61142 -0.411257

33.2666 0.348558 0.708161 -0.291839 2.61151 -0.411235
33.2678 0.351562 0.708161 -0.291839 2.59861 -0.420175

33.2678 0.351562 0.702964 -0.297036 2.5986 -0.420156
33.2709 0.358887 0.702964 -0.297036 2.58272 -0.445092

33.2709 0.358887 0.697745 -0.302255 2.58272 -0.445091
33.2739 0.365803 0.697745 -0.302255 2.56633 -0.473225

33.2739 0.365801 0.697745 -0.302255 2.56634 -0.473224
33.2741 0.366211 0.697745 -0.302255 2.56502 -0.474493

33.2741 0.366211 0.692429 -0.307571 2.56501 -0.47448
33.2774 0.373535 0.692429 -0.307571 2.55945 -0.500053

33.2774 0.373535 0.686687 -0.313313 2.55944 -0.500042
33.2807 0.380859 0.686687 -0.313313 2.53859 -0.547219

33.2807 0.380859 0.68108 -0.31892 2.53856 -0.54709
33.2812 0.38208 0.68108 -0.31892 2.53114 -0.554075

33.2812 0.382033 0.68108 -0.31892 2.53147 -0.553992
33.2841 0.388184 0.68108 -0.31892 2.50987 -0.583195

33.2841 0.388184 0.675642 -0.324358 2.50984 -0.583159
33.2876 0.395508 0.675642 -0.324358 2.47564 -0.613551

33.2876 0.395508 0.670096 -0.329904 2.47563 -0.613482
33.2886 0.397429 0.670096 -0.329904 2.46314 -0.618853

33.2886 0.397395 0.670096 -0.329904 2.46337 -0.618855
33.2913 0.402832 0.670096 -0.329904 2.44634 -0.636473

33.2912 0.402832 0.664179 -0.335821 2.4463 -0.636439
33.2949 0.410156 0.664179 -0.335821 2.41975 -0.68502

33.2949 0.410156 0.658122 -0.341878 2.41972 -0.684877
33.2959 0.412019 0.658122 -0.341878 2.4081 -0.696641

33.2959 0.411975 0.658122 -0.341878 2.40841 -0.696591
33.2988 0.41748 0.658122 -0.341878 2.3962 -0.727785

33.2988 0.41748 0.652178 -0.347822 2.39616 -0.727729
33.3027 0.424805 0.652178 -0.347822 2.35337 -0.777257

33.3026 0.424805 0.646688 -0.353312 2.35335 -0.777011
33.3032 0.42589 0.646688 -0.353312 2.34244 -0.782551

33.3032 0.425823 0.646517 -0.353483 2.34314 -0.782544
33.3067 0.432129 0.646517 -0.353483 2.31663 -0.814196

33.3067 0.432129 0.640754 -0.359246 2.31656 -0.814128
33.3105 0.439063 0.640754 -0.359246 2.27253 -0.868934

33.3105 0.439056 0.641988 -0.358012 2.27262 -0.868935
33.3108 0.439453 0.641988 -0.358012 2.26863 -0.871088

33.3108 0.439453 0.634296 -0.365704 2.26862 -0.871044
33.315 0.446777 0.634296 -0.365704 2.2329 -0.919364

33.315 0.446777 0.627764 -0.372236 2.23288 -0.919238
33.3179 0.451654 0.627764 -0.372236 2.21465 -0.974938

33.3179 0.451619 0.627764 -0.372236 2.21508 -0.974877
33.3193 0.454102 0.627764 -0.372236 2.19129 -0.997518

33.3193 0.454102 0.620849 -0.379151 2.19122 -0.99729
33.3238 0.461426 0.620849 -0.379151 2.11506 -1.04866

33.3238 0.461426 0.615398 -0.384602 2.11505 -1.04841
33.3252 0.463699 0.615398 -0.384602 2.08684 -1.06232

33.3252 0.463617 0.614388 -0.385612 2.08788 -1.06239
33.3284 0.46875 0.614388 -0.385612 1e+30 1e+30

