13.5257 0 0.995536 -0.00446425 2.63477 0
13.5257 0.00732422 0.995536 -0.00446425 2.64634 -0.00256093

13.5257 0.00732422 0.987025 -0.0129751 2.64634 -0.00256209
13.5258 0.0146484 0.987025 -0.0129751 2.65385 -0.0117011

13.5258 0.0146484 0.976596 -0.0234042 2.65384 -0.0117002
13.5262 0.0292969 0.976596 -0.0234042 2.66262 -0.027509

13.5261 0.0292969 0.953961 -0.0460392 2.66246 -0.0274609
13.5275 0.0585938 0.953961 -0.0460392 2.67257 -0.0604947

13.5276 0.0585938 0.931889 -0.068111 2.67268 -0.0605258
13.5286 0.0732422 0.931889 -0.068111 2.67117 -0.0769801

13.5286 0.0732422 0.91724 -0.08276 2.67117 -0.0769814
13.53 0.0878906 0.91724 -0.08276 2.66892 -0.100485

13.53 0.0878906 0.906842 -0.0931575 2.66898 -0.100518
13.5307 0.0952148 0.906842 -0.0931575 2.67093 -0.121295

13.5307 0.0952148 0.900342 -0.0996581 2.67092 -0.121285
13.5315 0.102539 0.900342 -0.0996581 2.6641 -0.138406

13.5315 0.102539 0.893431 -0.106569 2.6641 -0.138406
13.5324 0.109863 0.893431 -0.106569 2.651 -0.139947

13.5324 0.109863 0.887034 -0.112966 2.651 -0.139945
13.5334 0.117188 0.887034 -0.112966 2.65274 -0.131702

13.5333 0.117188 0.876418 -0.123582 2.65271 -0.131682
13.5352 0.130148 0.876418 -0.123582 2.64639 -0.141924

13.5351 0.131836 0.863019 -0.136981 2.64467 -0.143209
13.5352 0.132025 0.863019 -0.136981 2.64757 -0.143363

13.5352 0.130031 0.876418 -0.123582 2.64651 -0.141832
13.5354 0.131836 0.876418 -0.123582 2.64814 -0.143523

13.5354 0.131836 0.866161 -0.133839 2.64815 -0.143528
13.5365 0.13916 0.866161 -0.133839 2.63774 -0.148414

13.5365 0.13916 0.859759 -0.140241 2.63774 -0.148414
13.5377 0.146484 0.859759 -0.140241 2.62088 -0.147261

13.5377 0.146484 0.853635 -0.146365 2.62088 -0.147261
13.539 0.153809 0.853635 -0.146365 2.61904 -0.146879

13.539 0.153809 0.847322 -0.152678 2.61904 -0.146873
13.5403 0.161133 0.847322 -0.152678 2.62614 -0.155623

13.5403 0.161133 0.841134 -0.158866 2.62614 -0.155629
13.5417 0.168457 0.841134 -0.158866 2.63536 -0.169474

13.5417 0.168457 0.835154 -0.164846 2.63536 -0.169469
13.5425 0.172409 0.835154 -0.164846 2.63851 -0.179788

13.5425 0.172405 0.835154 -0.164846 2.63851 -0.179784
13.5431 0.175781 0.835154 -0.164846 2.6362 -0.18554

13.5431 0.175781 0.82912 -0.17088 2.6362 -0.185537
13.5447 0.183105 0.82912 -0.17088 2.63105 -0.1952

13.5447 0.183105 0.822819 -0.177181 2.63105 -0.195195
13.5462 0.19043 0.822819 -0.177181 2.62089 -0.200946

13.5462 0.19043 0.81641 -0.18359 2.62089 -0.200947
13.5479 0.197754 0.81641 -0.18359 2.60099 -0.204558

13.5479 0.197754 0.810057 -0.189943 2.60099 -0.204557
13.5496 0.205078 0.810057 -0.189943 2.6161 -0.220477

13.5496 0.205078 0.803945 -0.196055 2.61589 -0.220411
13.5498 0.206039 0.803945 -0.196055 2.62372 -0.224112

13.5498 0.205914 0.803945 -0.196055 2.62296 -0.223713
13.5514 0.212402 0.803945 -0.196055 2.62264 -0.249825

13.5514 0.212402 0.797633 -0.202367 2.6226 -0.249796
13.5532 0.219727 0.797633 -0.202367 2.5746 -0.264753

13.5532 0.219727 0.791354 -0.208646 2.5746 -0.264763
13.5552 0.227051 0.791354 -0.208646 2.5739 -0.260686

13.5552 0.227051 0.785564 -0.214436 2.5739 -0.260686
13.5571 0.234222 0.785564 -0.214436 2.57428 -0.272707

13.5571 0.234221 0.785564 -0.214436 2.57428 -0.272705
13.5572 0.234375 0.785564 -0.214436 2.57417 -0.272998

13.5572 0.234375 0.779729 -0.220271 2.57417 -0.272998
13.5592 0.241699 0.779729 -0.220271 2.56867 -0.287197

13.5592 0.241699 0.773927 -0.226073 2.56867 -0.287196
13.5614 0.249023 0.773927 -0.226073 2.56095 -0.297798

13.5614 0.249023 0.768357 -0.231643 2.56095 -0.297798
13.5636 0.256348 0.768357 -0.231643 2.55094 -0.305243

13.5636 0.256348 0.762984 -0.237016 2.55094 -0.305242
13.5645 0.25914 0.762984 -0.237016 2.54667 -0.308606

13.5645 0.259129 0.762984 -0.237016 2.54669 -0.308596
13.5659 0.263672 0.762984 -0.237016 2.5407 -0.31276

13.5659 0.263672 0.757355 -0.242645 2.5407 -0.312758
13.5682 0.270996 0.757355 -0.242645 2.53649 -0.32383

13.5682 0.270996 0.751561 -0.248439 2.53649 -0.323831
13.5706 0.27832 0.751561 -0.248439 2.53445 -0.348322

13.5706 0.27832 0.746092 -0.253908 2.53445 -0.348319
13.5718 0.281697 0.746092 -0.253908 2.5331 -0.358811

13.5718 0.281685 0.746092 -0.253908 2.53312 -0.358792
13.5731 0.285645 0.746092 -0.253908 2.52764 -0.370322

13.5731 0.285645 0.74074 -0.25926 2.52764 -0.37031
13.5757 0.292969 0.74074 -0.25926 2.52157 -0.389644

13.5757 0.292969 0.735085 -0.264915 2.52157 -0.389637
13.5783 0.300293 0.735085 -0.264915 2.50456 -0.409308

13.5783 0.300293 0.729169 -0.270831 2.50454 -0.409286
13.5791 0.302405 0.729169 -0.270831 2.49719 -0.414249

13.5791 0.302385 0.729169 -0.270831 2.49727 -0.414226
13.581 0.307617 0.729169 -0.270831 2.48401 -0.425011

13.581 0.307617 0.723019 -0.276981 2.48401 -0.425002
13.5838 0.314941 0.723019 -0.276981 2.47453 -0.445754

13.5838 0.314941 0.716832 -0.283168 2.47453 -0.445755
13.5864 0.321468 0.716832 -0.283168 2.45935 -0.469634

13.5864 0.321465 0.716832 -0.283168 2.45936 -0.46963
13.5867 0.322266 0.716832 -0.283168 2.45645 -0.472296

13.5867 0.322266 0.710923 -0.289077 2.45645 -0.472296
13.5897 0.32959 0.710923 -0.289077 2.44284 -0.495078

13.5897 0.32959 0.705173 -0.294827 2.44283 -0.495076
13.5928 0.336914 0.705173 -0.294827 2.42442 -0.519543

13.5928 0.336914 0.699637 -0.300363 2.42441 -0.519515
13.5938 0.339184 0.699637 -0.300363 2.41496 -0.525748

13.5938 0.339158 0.699637 -0.300363 2.41508 -0.525725
13.5959 0.344238 0.699637 -0.300363 2.40396 -0.541479

13.5959 0.344238 0.693951 -0.306049 2.40394 -0.541455
13.5992 0.351562 0.693951 -0.306049 1e+30 1e+30

