19.0119 0.585938 0.397083 -0.602917 -0.0853469 -1.87407
19.0137 0.587096 0.397083 -0.602917 -0.121209 -1.86556

19.0137 0.587049 0.388607 -0.611393 -0.120354 -1.86611
19.021 0.591704 0.388607 -0.611393 -0.275028 -1.83897

19.021 0.591669 0.371142 -0.628858 -0.274275 -1.83943
19.0237 0.593262 0.371142 -0.628858 -0.33094 -1.82874

19.0236 0.593262 0.371142 -0.628858 -0.330326 -1.82845
19.0283 0.596036 0.371142 -0.628858 -0.437125 -1.77756

19.0283 0.596028 0.352552 -0.647448 -0.436941 -1.77766
19.0356 0.600016 0.352552 -0.647448 -0.587181 -1.72097

19.0356 0.600003 0.332094 -0.667906 -0.586886 -1.72109
19.0368 0.600586 0.332094 -0.667906 -0.608293 -1.71856

19.0368 0.600586 0.332094 -0.667906 -0.608108 -1.71849
19.043 0.603658 0.332094 -0.667906 -0.735026 -1.65519

19.043 0.603653 0.310969 -0.689031 -0.734885 -1.65524
19.0503 0.606958 0.310969 -0.689031 -0.884357 -1.57082

19.0503 0.606936 0.289721 -0.710279 -0.883735 -1.57105
19.0527 0.60791 0.289721 -0.710279 -0.929084 -1.55867

19.0526 0.60791 0.289721 -0.710279 -0.928647 -1.55872
19.0576 0.609948 0.289721 -0.710279 -1.04159 -1.48685

19.0576 0.609945 0.267153 -0.732847 -1.04152 -1.48687
19.0649 0.612615 0.267153 -0.732847 -1.20017 -1.32321

19.0649 0.612611 0.242883 -0.757117 -1.20005 -1.32326
19.0723 0.614961 0.242883 -0.757117 -1.32453 -1.1972

19.0723 0.614958 0.217552 -0.782448 -1.32446 -1.19722
19.0733 0.615234 0.217552 -0.782448 -1.34036 -1.18862

19.0732 0.615234 0.217552 -0.782448 -1.34027 -1.18871
19.0796 0.616998 0.217552 -0.782448 -1.44968 -1.09488

19.0796 0.617001 0.18976 -0.81024 -1.44978 -1.09486
19.0869 0.618717 0.18976 -0.81024 -1.58047 -0.942075

19.0869 0.618716 0.159331 -0.840669 -1.58046 -0.942078
19.0942 0.620104 0.159331 -0.840669 -1.68779 -0.763198

19.0942 0.620103 0.127 -0.873 -1.68774 -0.763225
19.1016 0.621168 0.127 -0.873 -1.78266 -0.573622

19.1016 0.621166 0.0928874 -0.907113 -1.78261 -0.573645
19.1089 0.621916 0.0928874 -0.907113 -1.86634 -0.376109

19.1089 0.621916 0.0565217 -0.943478 -1.86633 -0.376114
19.1162 0.622355 0.0565217 -0.943478 -1.93692 -0.176901

19.1162 0.622355 0.0170012 -0.982999 -1.93694 -0.176891
19.1235 0.622482 0.0170012 -0.982999 -1.98578 0.0211396

19.1235 0.622484 -0.0254332 -0.974567 -1.98583 0.0211509
19.1309 0.622293 -0.0254332 -0.974567 -2.00416 0.219224

19.1309 0.622295 -0.0659694 -0.934031 -2.0042 0.219223
19.1382 0.621778 -0.0659694 -0.934031 -1.99883 0.41662

19.1382 0.621779 -0.104044 -0.895956 -1.99886 0.416618
19.1455 0.620929 -0.104044 -0.895956 -1.98078 0.618913

19.1455 0.62093 -0.139575 -0.860425 -1.98079 0.618911
19.1528 0.619741 -0.139575 -0.860425 -1.9536 0.840424

19.1528 0.619742 -0.172695 -0.827305 -1.95361 0.84042
19.1602 0.618213 -0.172695 -0.827305 -1.88722 1.07865

19.1748 0.614143 -0.231544 -0.768456 -1.68833 1.44164
19.1712 0.615234 -0.231544 -0.768456 -1.73909 1.35522

19.1748 0.614146 -0.259343 -0.740657 -1.68845 1.44162
19.1821 0.611582 -0.259343 -0.740657 -1.58987 1.65772

19.1821 0.611582 -0.286468 -0.713532 -1.58988 1.65772
19.1895 0.608641 -0.286468 -0.713532 -1.45317 1.77285

19.1602 0.618212 -0.203262 -0.796738 -1.88714 1.07865
19.1675 0.616343 -0.203262 -0.796738 -1.78234 1.26939

19.1675 0.616339 -0.231544 -0.768456 -1.78211 1.26939
19.1711 0.615234 -0.231544 -0.768456 -1.73921 1.35442

19.1968 0.605326 -0.311936 -0.688064 -1.34164 1.92927
19.1911 0.60791 -0.311936 -0.688064 -1.42968 1.78633

19.1895 0.608631 -0.311936 -0.688064 -1.45275 1.77282
19.191 0.60791 -0.311936 -0.688064 -1.42952 1.786

19.1968 0.605327 -0.336381 -0.663619 -1.34167 1.92926
19.2041 0.601614 -0.336381 -0.663619 -1.18563 2.07236

19.2114 0.597509 -0.359347 -0.640653 -1.04234 2.22336
19.2059 0.600586 -0.359347 -0.640653 -1.15069 2.08944

19.2188 0.593092 -0.377367 -0.622633 -0.845669 2.34363
19.2185 0.593262 -0.377367 -0.622633 -0.851633 2.34202

19.2114 0.5975 -0.380638 -0.619362 -1.04204 2.22344
19.2183 0.593262 -0.380638 -0.619362 -0.850999 2.34108

19.2041 0.601596 -0.359256 -0.640744 -1.18478 2.07226
19.2059 0.600586 -0.359256 -0.640744 -1.15043 2.08899

19.4163 0 -0.989957 -0.0100429 2.70505 0
19.416 0.0292969 -0.989957 -0.0100429 2.70449 0.107559

19.416 0.0292969 -0.970512 -0.0294876 2.70449 0.107559
19.4151 0.0585938 -0.970512 -0.0294876 2.6991 0.217493

19.4151 0.0585938 -0.951804 -0.048196 2.69909 0.217493
19.4137 0.0878906 -0.951804 -0.048196 2.69164 0.336263

19.4136 0.0878906 -0.938303 -0.061697 2.69196 0.336254
19.4127 0.102539 -0.938303 -0.061697 2.6879 0.398825

19.4127 0.102539 -0.929551 -0.0704489 2.68787 0.398827
19.4116 0.117188 -0.929551 -0.0704489 2.67786 0.461587

19.4092 0.143114 -0.910594 -0.0894065 2.66052 0.573686
19.4088 0.146484 -0.910594 -0.0894065 2.65781 0.588232

19.4116 0.117188 -0.920148 -0.0798521 2.67784 0.461587
19.4103 0.131836 -0.920148 -0.0798521 2.66747 0.524802

19.4092 0.14308 -0.910594 -0.0894065 2.66058 0.573542
19.4103 0.131836 -0.910594 -0.0894065 2.66747 0.524802

19.4088 0.146484 -0.901443 -0.0985567 2.65785 0.588233
19.4072 0.161133 -0.901443 -0.0985567 2.64656 0.651641

19.4072 0.161133 -0.892809 -0.107191 2.64657 0.651641
19.4055 0.175781 -0.892809 -0.107191 2.63214 0.715869

19.4055 0.175781 -0.884155 -0.115845 2.63212 0.715869
19.4036 0.19043 -0.884155 -0.115845 2.61498 0.782068

19.4036 0.19043 -0.875233 -0.124767 2.61497 0.782068
19.4015 0.205078 -0.875233 -0.124767 2.59948 0.850988

19.4015 0.205078 -0.866493 -0.133507 2.59949 0.850987
19.3992 0.219727 -0.866493 -0.133507 2.57513 0.918123

19.3992 0.219727 -0.857596 -0.142404 2.57509 0.918124
19.3968 0.234375 -0.857596 -0.142404 2.54865 0.989333

19.3359 0.442997 -0.686735 -0.313265 1.74124 2.15248
19.3342 0.446777 -0.686735 -0.313265 1.70855 2.17468

19.3342 0.446777 -0.678828 -0.321172 1.7086 2.17468
19.3307 0.454102 -0.678828 -0.321172 1.6486 2.21961

19.3286 0.458465 -0.670736 -0.329264 1.62007 2.2474
19.3272 0.461426 -0.670736 -0.329264 1.59036 2.26651

19.3272 0.461426 -0.662232 -0.337768 1.59044 2.26652
19.3234 0.46875 -0.662232 -0.337768 1.51655 2.31084

19.3286 0.458425 -0.670736 -0.329264 1.62071 2.24718
19.3307 0.454102 -0.670736 -0.329264 1.6487 2.2196

19.3945 0.24708 -0.846659 -0.153341 2.52593 1.05737
19.3942 0.249023 -0.846659 -0.153341 2.51377 1.07193

19.3942 0.249023 -0.84171 -0.15829 2.51382 1.07194
19.3928 0.256348 -0.84171 -0.15829 2.49798 1.10813

19.3928 0.256348 -0.836289 -0.163711 2.498 1.10813
19.3914 0.263672 -0.836289 -0.163711 2.49717 1.14502

19.3914 0.263672 -0.831385 -0.168615 2.49717 1.14502
19.3899 0.270996 -0.831385 -0.168615 2.48303 1.18345

19.3899 0.270996 -0.826555 -0.173445 2.48303 1.18345
19.3883 0.27832 -0.826555 -0.173445 2.46047 1.21799

19.3872 0.283548 -0.821694 -0.178306 2.4459 1.24259
19.3868 0.285645 -0.821694 -0.178306 2.44055 1.25262

19.3867 0.285645 -0.816689 -0.183311 2.44057 1.25263
19.3851 0.292969 -0.816689 -0.183311 2.42604 1.28962

19.3872 0.283525 -0.821694 -0.178306 2.44601 1.24248
19.3883 0.27832 -0.821694 -0.178306 2.46048 1.21799

19.3799 0.314744 -0.801097 -0.198903 2.35427 1.40708
19.3798 0.314941 -0.801097 -0.198903 2.35332 1.40817

19.3798 0.314941 -0.795993 -0.204007 2.3534 1.40819
19.3779 0.322266 -0.795993 -0.204007 2.33149 1.45038

19.3851 0.292969 -0.811466 -0.188534 2.42604 1.28962
19.3834 0.300293 -0.811466 -0.188534 2.41224 1.32871

19.3834 0.300293 -0.806159 -0.193841 2.41224 1.32871
19.3816 0.307617 -0.806159 -0.193841 2.38602 1.36832

19.3799 0.314702 -0.801097 -0.198903 2.35457 1.40688
19.3816 0.307617 -0.801097 -0.198903 2.38604 1.36832

19.378 0.322266 -0.790258 -0.209742 2.33147 1.45037
19.376 0.32959 -0.790258 -0.209742 2.3198 1.49305

19.376 0.32959 -0.784337 -0.215663 2.3198 1.49305
19.374 0.336914 -0.784337 -0.215663 2.2972 1.53526

19.3726 0.341979 -0.778701 -0.221299 2.27769 1.56626
19.3719 0.344238 -0.778701 -0.221299 2.26653 1.57849

19.3719 0.344238 -0.773108 -0.226892 2.26658 1.57851
19.3698 0.351562 -0.773108 -0.226892 2.23603 1.61796

19.3726 0.341947 -0.778701 -0.221299 2.27794 1.56611
19.374 0.336914 -0.778701 -0.221299 2.29723 1.53527

19.3945 0.247037 -0.848551 -0.151449 2.52612 1.05716
19.3968 0.234375 -0.848551 -0.151449 2.54867 0.989334

19.3652 0.36626 -0.755726 -0.244274 2.17285 1.69819
19.3629 0.373535 -0.755726 -0.244274 2.14001 1.74085

19.3629 0.373535 -0.749528 -0.250472 2.14 1.74084
19.3604 0.380859 -0.749528 -0.250472 2.10974 1.78322

19.3506 0.408087 -0.723175 -0.276825 1.97369 1.94715
19.3498 0.410156 -0.723175 -0.276825 1.95952 1.95934

19.3579 0.388184 -0.736885 -0.263115 2.07087 1.8256
19.3553 0.395508 -0.736885 -0.263115 2.03508 1.8723

19.3579 0.388173 -0.743275 -0.256725 2.07095 1.82554
19.3604 0.380859 -0.743275 -0.256725 2.10974 1.78322

19.3553 0.395508 -0.730059 -0.269941 2.03506 1.87229
19.3526 0.402832 -0.730059 -0.269941 2.0011 1.91526

19.3506 0.408046 -0.723175 -0.276825 1.97414 1.94694
19.3526 0.402832 -0.723175 -0.276825 2.00115 1.91526

19.3698 0.351562 -0.767354 -0.232646 2.23602 1.61795
19.3675 0.358887 -0.767354 -0.232646 2.20896 1.65709

19.3675 0.358887 -0.761599 -0.238401 2.20896 1.65709
19.3652 0.366211 -0.761599 -0.238401 2.17313 1.6979

19.3652 0.366255 -0.755726 -0.244274 2.1729 1.69816
19.3652 0.366211 -0.755726 -0.244274 2.17313 1.6979

19.3498 0.410156 -0.716225 -0.283775 1.95962 1.95936
19.3469 0.41748 -0.716225 -0.283775 1.9168 2.00715

19.3469 0.41748 -0.709038 -0.290962 1.91679 2.00715
19.3439 0.424805 -0.709038 -0.290962 1.87075 2.04501

19.3433 0.426258 -0.701883 -0.298117 1.86115 2.05381
19.3408 0.432129 -0.701883 -0.298117 1.82208 2.09123

19.3408 0.432129 -0.694425 -0.305575 1.82206 2.09122
19.3375 0.439453 -0.694425 -0.305575 1.76538 2.13148

19.3433 0.426245 -0.701883 -0.298117 1.86129 2.05373
19.3439 0.424805 -0.701883 -0.298117 1.87079 2.04502

19.3359 0.442965 -0.686735 -0.313265 1.74162 2.15228
19.3375 0.439453 -0.686735 -0.313265 1.76546 2.13147

19.2334 0.582694 -0.424435 -0.575565 -0.531189 2.49462
19.229 0.585938 -0.424435 -0.575565 -0.62864 2.44128

19.248 0.570561 -0.471662 -0.528338 -0.169156 2.60778
19.2472 0.571289 -0.471662 -0.528338 -0.189215 2.60345

19.2407 0.576894 -0.44663 -0.55337 -0.348955 2.55738
19.2386 0.578613 -0.44663 -0.55337 -0.397824 2.53594

19.2334 0.582644 -0.44378 -0.55622 -0.529545 2.49482
19.2385 0.578613 -0.44378 -0.55622 -0.397018 2.53455

19.2407 0.576808 -0.46441 -0.53559 -0.34589 2.55741
19.2471 0.571289 -0.46441 -0.53559 -0.188124 2.60229

19.2627 0.556307 -0.511036 -0.488964 0.184757 2.65282
19.2624 0.556641 -0.511036 -0.488964 0.176974 2.65308

19.2773 0.539682 -0.549622 -0.450378 0.536708 2.64633
19.2755 0.541992 -0.549622 -0.450378 0.489352 2.65158

19.27 0.548305 -0.529848 -0.470152 0.359352 2.65071
19.2691 0.549316 -0.529848 -0.470152 0.338083 2.65043

19.2627 0.556208 -0.518651 -0.481349 0.187979 2.65231
19.2691 0.549316 -0.518651 -0.481349 0.338386 2.65026

19.27 0.548232 -0.535436 -0.464564 0.361523 2.65035
19.2754 0.541992 -0.535436 -0.464564 0.489512 2.65154

19.2554 0.563706 -0.492171 -0.507829 0.00512293 2.63838
19.2551 0.563965 -0.492171 -0.507829 -0.00142251 2.63739

19.248 0.57047 -0.483415 -0.516585 -0.165871 2.6075
19.255 0.563965 -0.483415 -0.516585 -0.00052385 2.63658

19.2554 0.563611 -0.501454 -0.498546 0.00835903 2.638
19.2623 0.556641 -0.501454 -0.498546 0.177704 2.65274

19.292 0.520561 -0.578289 -0.421711 0.855203 2.59604
19.287 0.527344 -0.578289 -0.421711 0.733412 2.6135

19.2993 0.509854 -0.60246 -0.39754 1.03238 2.54919
19.2974 0.512695 -0.60246 -0.39754 0.995024 2.57377

19.3066 0.498429 -0.613434 -0.386566 1.16879 2.48896
19.3023 0.505371 -0.613434 -0.386566 1.06433 2.52159

19.2993 0.50981 -0.602322 -0.397678 1.0333 2.54893
19.3022 0.505371 -0.602322 -0.397678 1.06463 2.52153

19.2974 0.512695 -0.591268 -0.408732 0.995119 2.5738
19.2924 0.52002 -0.591268 -0.408732 0.866909 2.59567

19.292 0.520529 -0.585695 -0.414305 0.856135 2.59586
19.2924 0.52002 -0.585695 -0.414305 0.867092 2.59554

19.3213 0.472786 -0.653245 -0.346755 1.48207 2.33256
19.3195 0.476074 -0.653245 -0.346755 1.44113 2.35103

19.3195 0.476074 -0.643879 -0.356121 1.44122 2.35104
19.3155 0.483398 -0.643879 -0.356121 1.36031 2.39488

19.314 0.486043 -0.634491 -0.365509 1.34038 2.41414
19.3113 0.490723 -0.634491 -0.365509 1.29386 2.45896

19.3113 0.490723 -0.624717 -0.375283 1.29382 2.45894
19.3069 0.498047 -0.624717 -0.375283 1.17701 2.48785

19.314 0.486016 -0.634491 -0.365509 1.34078 2.41393
19.3155 0.483398 -0.634491 -0.365509 1.36046 2.39487

19.3213 0.472742 -0.653245 -0.346755 1.48288 2.33233
19.3234 0.46875 -0.653245 -0.346755 1.51668 2.31081

19.3066 0.498414 -0.62292 -0.37708 1.16921 2.48887
19.3069 0.498047 -0.62292 -0.37708 1.1771 2.48781

19.2847 0.530439 -0.564782 -0.435218 0.692063 2.62141
19.2814 0.534668 -0.564782 -0.435218 0.618738 2.64063

19.2773 0.539637 -0.551891 -0.448109 0.537952 2.64615
19.2814 0.534668 -0.551891 -0.448109 0.618979 2.64066

19.2847 0.530442 -0.571082 -0.428918 0.691991 2.62144
19.287 0.527344 -0.571082 -0.428918 0.734131 2.61312

19.2188 0.593025 -0.402804 -0.597196 -0.842853 2.34355
19.2261 0.588085 -0.402804 -0.597196 -0.697288 2.41023

19.2261 0.588019 -0.418725 -0.581275 -0.694366 2.40982
19.229 0.585938 -0.418725 -0.581275 -0.628323 2.44073

