9.02802 0.46875 0.549926 -0.450074 1.25075 -1.49276
9.03076 0.472105 0.549926 -0.450074 1.21905 -1.52009

9.03076 0.47198 0.547676 -0.452324 1.22014 -1.5205
9.03414 0.476074 0.547676 -0.452324 1.16668 -1.54717

9.03416 0.476074 0.538483 -0.461517 1.16664 -1.54741
9.03809 0.480655 0.538483 -0.461517 1.10586 -1.56404

9.03809 0.480577 0.532757 -0.467243 1.10665 -1.56457
9.04056 0.483398 0.532757 -0.467243 1.07053 -1.57473

9.04056 0.483398 0.525432 -0.474568 1.07053 -1.57473
9.04541 0.488768 0.525432 -0.474568 1.00335 -1.58815

9.04541 0.488724 0.519624 -0.480376 1.0037 -1.58843
9.04726 0.490723 0.519624 -0.480376 0.982629 -1.59414

9.04726 0.490723 0.514337 -0.485663 0.982631 -1.59414
9.05273 0.496523 0.514337 -0.485663 0.909082 -1.61517

9.05273 0.496488 0.507841 -0.492159 0.909492 -1.6154
9.05425 0.498047 0.507841 -0.492159 0.887231 -1.62215

9.05422 0.498047 0.501734 -0.498266 0.887299 -1.62189
9.06006 0.503924 0.501734 -0.498266 0.796959 -1.64727

9.06006 0.503897 0.494993 -0.505007 0.797356 -1.64747
9.06156 0.505371 0.494993 -0.505007 0.769361 -1.65224

9.06151 0.505371 0.487329 -0.512671 0.769561 -1.65174
9.06738 0.510949 0.487329 -0.512671 0.670317 -1.66909

9.06738 0.510939 0.480663 -0.519337 0.670415 -1.66917
9.06928 0.512695 0.480663 -0.519337 0.645496 -1.67666

9.06923 0.512695 0.474244 -0.525756 0.645703 -1.67614
9.07471 0.517633 0.474244 -0.525756 0.572795 -1.71023

9.07471 0.517614 0.465233 -0.534767 0.573042 -1.71042
9.07747 0.52002 0.465233 -0.534767 0.529124 -1.72471

9.07738 0.52002 0.459532 -0.540468 0.529572 -1.72353
9.08203 0.523971 0.459532 -0.540468 0.446909 -1.72682

9.08203 0.523981 0.448797 -0.551203 0.446775 -1.7267
9.08616 0.527344 0.448797 -0.551203 0.376526 -1.72238

9.08604 0.527344 0.444385 -0.555615 0.377117 -1.72202
9.08936 0.529995 0.444385 -0.555615 0.321045 -1.71111

9.08936 0.529988 0.437543 -0.562457 0.321147 -1.71117
9.09537 0.534668 0.437543 -0.562457 0.228577 -1.69018

9.09527 0.534668 0.430727 -0.569273 0.229082 -1.68982
9.09668 0.535737 0.430727 -0.569273 0.209709 -1.68563

9.09668 0.535699 0.42365 -0.57635 0.210148 -1.68595
9.104 0.541083 0.42365 -0.57635 0.10748 -1.68502

9.104 0.541066 0.407022 -0.592978 0.10771 -1.68517
9.10535 0.541992 0.407022 -0.592978 0.0888082 -1.68809

9.10532 0.541992 0.409298 -0.590702 0.0889857 -1.68779
9.11133 0.546158 0.409298 -0.590702 -0.0117252 -1.66791

9.11133 0.546131 0.394705 -0.605295 -0.0113359 -1.66821
9.11621 0.549316 0.394705 -0.605295 -0.0879802 -1.63268

9.1161 0.549316 0.392562 -0.607438 -0.0874991 -1.63265
9.11865 0.550964 0.392562 -0.607438 -0.123176 -1.62089

9.11865 0.550929 0.379493 -0.620507 -0.122652 -1.62116
9.12598 0.555408 0.379493 -0.620507 -0.226709 -1.60391

9.12598 0.555379 0.364251 -0.635749 -0.226215 -1.60417
9.12818 0.556641 0.364251 -0.635749 -0.258912 -1.60259

9.12812 0.556641 0.364251 -0.635749 -0.25863 -1.60235
9.1333 0.559607 0.364251 -0.635749 -0.349196 -1.55711

9.1333 0.5596 0.348718 -0.651282 -0.349055 -1.55716
9.14062 0.563522 0.348718 -0.651282 -0.45883 -1.49682

9.14062 0.563514 0.332202 -0.667798 -0.458692 -1.49687
9.14153 0.563965 0.332202 -0.667798 -0.470686 -1.4944

9.14152 0.563965 0.332202 -0.667798 -0.47062 -1.4944
9.14795 0.567166 0.332202 -0.667798 -0.569169 -1.43638

9.14795 0.567163 0.315094 -0.684906 -0.569123 -1.4364
9.15527 0.570533 0.315094 -0.684906 -0.666491 -1.36746

9.15527 0.570518 0.297638 -0.702362 -0.666218 -1.36755
9.15709 0.571289 0.297638 -0.702362 -0.687823 -1.36291

9.15706 0.571289 0.297638 -0.702362 -0.687676 -1.36291
9.1626 0.573638 0.297638 -0.702362 -0.767561 -1.31871

9.1626 0.573637 0.279188 -0.720812 -0.767552 -1.31871
9.16992 0.576474 0.279188 -0.720812 -0.875293 -1.21914

9.16992 0.576464 0.25992 -0.74008 -0.875091 -1.21923
9.17604 0.578613 0.25992 -0.74008 -0.95136 -1.1476

9.17595 0.578613 0.25992 -0.74008 -0.950902 -1.1481
9.17725 0.579068 0.25992 -0.74008 -0.967795 -1.13872

9.17725 0.579042 0.240222 -0.759778 -0.967213 -1.13885
9.18457 0.581358 0.240222 -0.759778 -1.06688 -1.05891

9.18457 0.581357 0.219528 -0.780472 -1.06685 -1.05891
9.19189 0.583417 0.219528 -0.780472 -1.15484 -0.931095

9.19189 0.583417 0.197948 -0.802052 -1.15483 -0.931099
9.19922 0.585224 0.197948 -0.802052 -1.22485 -0.817658

9.19922 0.585222 0.17533 -0.82467 -1.2248 -0.817669
9.20258 0.585938 0.17533 -0.82467 -1.25684 -0.774392

9.20257 0.585938 0.17533 -0.82467 -1.25678 -0.774533
9.20654 0.586782 0.17533 -0.82467 -1.29784 -0.723544

9.20654 0.586782 0.151204 -0.848796 -1.29785 -0.723542
9.21387 0.588087 0.151204 -0.848796 -1.37338 -0.619579

9.21387 0.588087 0.125416 -0.874584 -1.37336 -0.619582
9.22119 0.589137 0.125416 -0.874584 -1.44598 -0.500773

9.22119 0.589136 0.0983047 -0.901695 -1.44595 -0.500775
9.22852 0.589935 0.0983047 -0.901695 -1.49945 -0.370519

9.22852 0.589934 0.0698729 -0.930127 -1.49944 -0.370527
9.23584 0.590484 0.0698729 -0.930127 -1.52989 -0.228559

9.23584 0.590484 0.0399359 -0.960064 -1.52989 -0.228561
9.24316 0.590788 0.0399359 -0.960064 -1.54949 -0.0835071

9.24316 0.590789 0.00796471 -0.992035 -1.5495 -0.0835057
9.25049 0.590847 0.00796471 -0.992035 -1.55878 0.0583768

9.25049 0.590848 -0.0252896 -0.97471 -1.5588 0.0583777
9.25781 0.590658 -0.0252896 -0.97471 -1.56094 0.194722

9.29443 0.5859 -0.166059 -0.833941 -1.42919 0.861686
9.29424 0.585938 -0.166059 -0.833941 -1.43019 0.859068

9.29443 0.585897 -0.189349 -0.810651 -1.42912 0.861692
9.30176 0.584186 -0.189349 -0.810651 -1.38625 0.990289

9.30176 0.584189 -0.212407 -0.787593 -1.3863 0.990274
9.30908 0.582214 -0.212407 -0.787593 -1.33324 1.14404

9.30908 0.582215 -0.23473 -0.76527 -1.33328 1.14404
9.31641 0.579968 -0.23473 -0.76527 -1.25029 1.23716

9.32373 0.577461 -0.255944 -0.744056 -1.18688 1.32446
9.32038 0.578613 -0.255944 -0.744056 -1.21755 1.27958

9.31641 0.579957 -0.255944 -0.744056 -1.24995 1.23715
9.32031 0.578613 -0.255944 -0.744056 -1.21762 1.27875

9.32373 0.577453 -0.276581 -0.723419 -1.18668 1.32449
9.33105 0.574652 -0.276581 -0.723419 -1.11659 1.45871

9.3457 0.568208 -0.314705 -0.685295 -0.930579 1.66385
9.33899 0.571289 -0.314705 -0.685295 -1.00873 1.54418

9.33105 0.574648 -0.296144 -0.703856 -1.11644 1.4587
9.33838 0.571567 -0.296144 -0.703856 -1.01546 1.54075

9.33838 0.571566 -0.314705 -0.685295 -1.01544 1.54075
9.33898 0.571289 -0.314705 -0.685295 -1.0087 1.54411

9.36768 0.55644 -0.366465 -0.633535 -0.610215 1.87648
9.36733 0.556641 -0.366465 -0.633535 -0.614313 1.87561

9.36768 0.556366 -0.385011 -0.614989 -0.608217 1.87641
9.375 0.55178 -0.385011 -0.614989 1e+30 1e+30

9.3457 0.568206 -0.332581 -0.667419 -0.930523 1.66388
9.35303 0.564556 -0.332581 -0.667419 -0.8131 1.74405

9.36035 0.560619 -0.350123 -0.649877 -0.725946 1.81413
9.35414 0.563965 -0.350123 -0.649877 -0.799464 1.74356

9.35303 0.564551 -0.349985 -0.650015 -0.812957 1.74404
9.35412 0.563965 -0.349985 -0.650015 -0.799374 1.74354

9.36035 0.560613 -0.367657 -0.632343 -0.725817 1.81417
9.36718 0.556641 -0.367657 -0.632343 -0.613762 1.87517

9.25781 0.590659 -0.0570096 -0.94299 -1.56095 0.194722
9.26514 0.590217 -0.0570096 -0.94299 -1.55897 0.328443

9.26514 0.590217 -0.0870493 -0.912951 -1.55898 0.328443
9.27246 0.589519 -0.0870493 -0.912951 -1.55236 0.465339

9.27246 0.589519 -0.115302 -0.884698 -1.55235 0.465339
9.27979 0.588564 -0.115302 -0.884698 -1.51888 0.605899

9.27979 0.588563 -0.141712 -0.858288 -1.51885 0.605898
9.28711 0.587354 -0.141712 -0.858288 -1.47442 0.74453

9.28711 0.587352 -0.166059 -0.833941 -1.47434 0.744527
9.29421 0.585938 -0.166059 -0.833941 -1.4302 0.858622

