3.00003 0 0.985687 -0.014313 0 0
3.00025 0.0146484 0.985687 -0.014313 0 0

3.00025 0.0146484 0.958256 -0.041744 0 0
3.00088 0.0292969 0.958256 -0.041744 0 0

3.00088 0.0292969 0.932234 -0.0677663 0 0
3.00195 0.0439453 0.932234 -0.0677663 0 0

3.00194 0.0439453 0.906502 -0.0934977 0 0
3.00293 0.0535291 0.906502 -0.0934977 0 0

3.00293 0.0535621 0.906502 -0.0934977 0 0
3.00345 0.0585938 0.906502 -0.0934977 0 0

3.00345 0.0585938 0.881627 -0.118373 0 0
3.00542 0.0732422 0.881627 -0.118373 0 0

3.00542 0.0732422 0.858733 -0.141267 0 0
3.00783 0.0878906 0.858733 -0.141267 0 0

3.00783 0.0878906 0.837229 -0.162771 0 0
3.01068 0.102539 0.837229 -0.162771 0 0

3.01068 0.102539 0.816774 -0.183226 0 0
3.01397 0.117188 0.816774 -0.183226 0 0

3.01395 0.117188 0.795831 -0.204169 0 0
3.01758 0.131324 0.795831 -0.204169 0 0

3.01758 0.131383 0.795831 -0.204169 0 0
3.01769 0.131836 0.795831 -0.204169 0 0

3.01771 0.131836 0.774553 -0.225447 0 0
3.02197 0.146484 0.774553 -0.225447 0 0

3.02199 0.146484 0.755435 -0.244565 0 0
3.02673 0.161133 0.755435 -0.244565 0 0

3.02671 0.161133 0.736747 -0.263253 0 0
3.03194 0.175781 0.736747 -0.263253 0 0

3.03192 0.175781 0.717094 -0.282906 0 0
3.03223 0.176561 0.717094 -0.282906 0 0

3.03223 0.176515 0.717094 -0.282906 0 0
3.03772 0.19043 0.717094 -0.282906 0 0

3.03773 0.19043 0.698938 -0.301062 0 0
3.04404 0.205078 0.698938 -0.301062 0 0

3.044 0.205078 0.680396 -0.319604 0 0
3.04688 0.211192 0.680396 -0.319604 0 0

3.04688 0.211187 0.680396 -0.319604 0 0
3.05089 0.219727 0.680396 -0.319604 0 0

3.05091 0.219727 0.662113 -0.337887 0 0
3.05838 0.234375 0.662113 -0.337887 0 0

3.05835 0.234375 0.644076 -0.355924 0 0
3.06152 0.240126 0.644076 -0.355924 0 0

3.06152 0.240118 0.644076 -0.355924 0 0
3.06644 0.249023 0.644076 -0.355924 0 0

3.06645 0.249023 0.625684 -0.374316 0 0
3.07522 0.263672 0.625684 -0.374316 0 0

3.0752 0.263672 0.617955 -0.382045 0 0
3.07617 0.265247 0.617955 -0.382045 0 0

3.07617 0.265179 0.607834 -0.392166 0 0
3.08465 0.27832 0.607834 -0.392166 0 0

3.08464 0.27832 0.589277 -0.410723 0 0
3.09082 0.287193 0.589277 -0.410723 0 0

3.09082 0.287202 0.589828 -0.410172 0 0
3.09483 0.292969 0.589828 -0.410172 0 0

3.09484 0.292969 0.570515 -0.429485 0 0
3.10547 0.307093 0.570515 -0.429485 0 0

3.10547 0.307143 0.565398 -0.434602 0 0
3.10583 0.307617 0.565398 -0.434602 0 0

3.10584 0.307617 0.551804 -0.448196 0 0
3.11774 0.322266 0.551804 -0.448196 0 0

3.11775 0.322266 0.540568 -0.459432 0 0
3.12012 0.32505 0.540568 -0.459432 0 0

3.12012 0.325003 0.532471 -0.467529 0 0
3.13058 0.336914 0.532471 -0.467529 0 0

3.13062 0.336914 0.519988 -0.480012 0 0
3.13477 0.341408 0.519988 -0.480012 0 0

3.13477 0.341362 0.511903 -0.488097 0 0
3.14449 0.351562 0.511903 -0.488097 0 0

3.14453 0.351562 0.499309 -0.500691 0 0
3.14941 0.356429 0.499309 -0.500691 0 0

3.14941 0.356478 0.486378 -0.513622 0 0
3.15969 0.366211 0.486378 -0.513622 0 0

3.15964 0.366211 0.47864 -0.52136 0 0
3.16406 0.370272 0.47864 -0.52136 0 0

3.16406 0.370312 0.466215 -0.533785 0 0
3.17614 0.380859 0.466215 -0.533785 0 0

3.17609 0.380859 0.458055 -0.541945 0 0
3.17871 0.383072 0.458055 -0.541945 0 0

3.17871 0.383079 0.446934 -0.553066 0 0
3.19336 0.394917 0.446934 -0.553066 0 0

3.19336 0.394925 0.432853 -0.567147 0 0
3.19412 0.395508 0.432853 -0.567147 0 0

3.19417 0.395508 0.428249 -0.571751 0 0
3.20801 0.405869 0.428249 -0.571751 0 0

3.20801 0.40587 0.409284 -0.590716 0 0
3.21419 0.410156 0.409284 -0.590716 0 0

3.2142 0.410156 0.40935 -0.59065 0 0
3.22266 0.416015 0.40935 -0.59065 0 0

3.22266 0.416001 0.390967 -0.609033 0 0
3.23637 0.424805 0.390967 -0.609033 0 0

3.23631 0.424805 0.379287 -0.620713 0 0
3.2373 0.425414 0.379287 -0.620713 0 0

3.2373 0.425389 0.373118 -0.626882 0 0
3.25195 0.434108 0.373118 -0.626882 0 0

3.25195 0.434113 0.354696 -0.645304 0 0
3.26167 0.439453 0.354696 -0.645304 0 0

3.26165 0.439453 0.354696 -0.645304 0 0
3.2666 0.442173 0.354696 -0.645304 0 0

3.2666 0.442135 0.336671 -0.663329 0 0
3.28125 0.449569 0.336671 -0.663329 0 0

3.28125 0.449587 0.318402 -0.681598 0 0
3.29091 0.454102 0.318402 -0.681598 0 0

3.2909 0.454102 0.318402 -0.681598 0 0
3.2959 0.456437 0.318402 -0.681598 0 0

3.2959 0.456402 0.299753 -0.700247 0 0
3.31055 0.462673 0.299753 -0.700247 0 0

3.31055 0.462679 0.281728 -0.718272 0 0
3.3252 0.468425 0.281728 -0.718272 0 0

3.3252 0.468446 0.262076 -0.737924 0 0
3.32605 0.46875 0.262076 -0.737924 0 0

3.67676 0.467709 -0.264744 -0.735256 0 0
3.67387 0.46875 -0.264744 -0.735256 0 0

3.67676 0.467686 -0.284238 -0.715762 0 0
3.69141 0.461869 -0.284238 -0.715762 0 0

3.69141 0.461872 -0.30218 -0.69782 0 0
3.70605 0.455529 -0.30218 -0.69782 0 0

3.7207 0.448627 -0.320859 -0.679141 0 0
3.70912 0.454102 -0.320859 -0.679141 0 0

3.70605 0.455562 -0.320859 -0.679141 0 0
3.70915 0.454102 -0.320859 -0.679141 0 0

3.75 0.432988 -0.357058 -0.642942 0 0
3.73836 0.439453 -0.357058 -0.642942 0 0

3.7207 0.448617 -0.339099 -0.660901 0 0
3.73535 0.441101 -0.339099 -0.660901 0 0

3.73535 0.441139 -0.35678 -0.64322 0 0
3.73839 0.439453 -0.35678 -0.64322 0 0

3.32611 0.46875 0.262076 -0.737924 0 0
3.33984 0.473629 0.262076 -0.737924 0 0

3.33984 0.473606 0.243018 -0.756982 0 0
3.35449 0.478308 0.243018 -0.756982 0 0

3.35449 0.478317 0.224253 -0.775747 0 0
3.36914 0.482551 0.224253 -0.775747 0 0

3.36914 0.482568 0.203036 -0.796964 0 0
3.3724 0.483398 0.203036 -0.796964 0 0

3.37244 0.483398 0.203036 -0.796964 0 0
3.38379 0.48629 0.203036 -0.796964 0 0

3.38379 0.486272 0.181659 -0.818341 0 0
3.39844 0.489524 0.181659 -0.818341 0 0

3.39844 0.489523 0.161102 -0.838898 0 0
3.41309 0.492336 0.161102 -0.838898 0 0

3.41309 0.492336 0.139555 -0.860445 0 0
3.42773 0.494712 0.139555 -0.860445 0 0

3.42773 0.494712 0.116869 -0.883131 0 0
3.44238 0.496651 0.116869 -0.883131 0 0

3.44238 0.496655 0.0924415 -0.907558 0 0
3.45605 0.498047 0.0924415 -0.907558 0 0

3.45602 0.498047 0.0924415 -0.907558 0 0
3.45703 0.49815 0.0924415 -0.907558 0 0

3.45703 0.498144 0.0664447 -0.933555 0 0
3.47168 0.499187 0.0664447 -0.933555 0 0

3.47168 0.499182 0.0398887 -0.960111 0 0
3.48633 0.499791 0.0398887 -0.960111 0 0

3.48633 0.499791 0.0124046 -0.987595 0 0
3.50098 0.499975 0.0124046 -0.987595 0 0

3.50098 0.499975 -0.0161597 -0.98384 0 0
3.51562 0.499734 -0.0161597 -0.98384 0 0

3.54492 0.497978 -0.0699724 -0.930028 0 0
3.544 0.498047 -0.0699724 -0.930028 0 0

3.51562 0.499734 -0.0434401 -0.95656 0 0
3.53027 0.499069 -0.0434401 -0.95656 0 0

3.53027 0.499074 -0.0699724 -0.930028 0 0
3.54393 0.498047 -0.0699724 -0.930028 0 0

3.54492 0.497973 -0.0958241 -0.904176 0 0
3.55957 0.496421 -0.0958241 -0.904176 0 0

3.55957 0.496417 -0.119965 -0.880035 0 0
3.57422 0.49442 -0.119965 -0.880035 0 0

3.57422 0.49442 -0.142491 -0.857509 0 0
3.58887 0.491986 -0.142491 -0.857509 0 0

3.58887 0.491986 -0.163894 -0.836106 0 0
3.60352 0.489115 -0.163894 -0.836106 0 0

3.60352 0.489117 -0.18442 -0.81558 0 0
3.61816 0.485804 -0.18442 -0.81558 0 0

3.63281 0.48203 -0.205923 -0.794077 0 0
3.62754 0.483398 -0.205923 -0.794077 0 0

3.61816 0.485823 -0.205923 -0.794077 0 0
3.62751 0.483398 -0.205923 -0.794077 0 0

3.63281 0.482013 -0.226931 -0.773069 0 0
3.64746 0.477713 -0.226931 -0.773069 0 0

3.64746 0.477708 -0.245417 -0.754583 0 0
3.66211 0.472944 -0.245417 -0.754583 0 0

3.66211 0.472969 -0.264744 -0.735256 0 0
3.67383 0.46875 -0.264744 -0.735256 0 0

3.98438 0.123751 -0.795209 -0.204791 0 0
3.98229 0.131836 -0.795209 -0.204791 0 0

3.98228 0.131836 -0.774406 -0.225594 0 0
3.97801 0.146484 -0.774406 -0.225594 0 0

3.96973 0.171163 -0.736426 -0.263574 0 0
3.96807 0.175781 -0.736426 -0.263574 0 0

3.97801 0.146484 -0.756036 -0.243964 0 0
3.97328 0.161133 -0.756036 -0.243964 0 0

3.96973 0.171137 -0.736426 -0.263574 0 0
3.97331 0.161133 -0.736426 -0.263574 0 0

3.95508 0.207011 -0.68034 -0.31966 0 0
3.9491 0.219727 -0.68034 -0.31966 0 0

3.9491 0.219727 -0.662126 -0.337874 0 0
3.94162 0.234375 -0.662126 -0.337874 0 0

3.96805 0.175781 -0.717018 -0.282982 0 0
3.96227 0.19043 -0.717018 -0.282982 0 0

3.96228 0.19043 -0.699071 -0.300929 0 0
3.95597 0.205078 -0.699071 -0.300929 0 0

3.95508 0.207049 -0.68034 -0.31966 0 0
3.956 0.205078 -0.68034 -0.31966 0 0

3.86719 0.339293 -0.512557 -0.487443 0 0
3.85552 0.351562 -0.512557 -0.487443 0 0

3.79395 0.404453 -0.411849 -0.588151 0 0
3.7858 0.410156 -0.411849 -0.588151 0 0

3.80859 0.393391 -0.433012 -0.566988 0 0
3.80582 0.395508 -0.433012 -0.566988 0 0

3.79395 0.404459 -0.430741 -0.569259 0 0
3.80578 0.395508 -0.430741 -0.569259 0 0

3.76465 0.424219 -0.373245 -0.626755 0 0
3.76366 0.424805 -0.373245 -0.626755 0 0

3.75 0.432993 -0.375581 -0.624419 0 0
3.76361 0.424805 -0.375581 -0.624419 0 0

3.76465 0.424189 -0.3935 -0.6065 0 0
3.7793 0.414685 -0.3935 -0.6065 0 0

3.7793 0.414688 -0.409475 -0.590525 0 0
3.78583 0.410156 -0.409475 -0.590525 0 0

3.83789 0.368528 -0.468845 -0.531155 0 0
3.82392 0.380859 -0.468845 -0.531155 0 0

3.80859 0.393395 -0.449568 -0.550432 0 0
3.82324 0.381431 -0.449568 -0.550432 0 0

3.82324 0.381453 -0.45979 -0.54021 0 0
3.82394 0.380859 -0.45979 -0.54021 0 0

3.85254 0.354552 -0.488746 -0.511254 0 0
3.84034 0.366211 -0.488746 -0.511254 0 0

3.83789 0.368513 -0.480288 -0.519712 0 0
3.84038 0.366211 -0.480288 -0.519712 0 0

3.85254 0.354516 -0.500679 -0.499321 0 0
3.85548 0.351562 -0.500679 -0.499321 0 0

3.92578 0.262064 -0.626891 -0.373109 0 0
3.92482 0.263672 -0.626891 -0.373109 0 0

3.91113 0.284395 -0.589409 -0.410591 0 0
3.90516 0.292969 -0.589409 -0.410591 0 0

3.9248 0.263672 -0.60769 -0.39231 0 0
3.91534 0.27832 -0.60769 -0.39231 0 0

3.91113 0.284435 -0.592317 -0.407683 0 0
3.91534 0.27832 -0.592317 -0.407683 0 0

3.89648 0.304546 -0.568833 -0.431167 0 0
3.89416 0.307617 -0.568833 -0.431167 0 0

3.89416 0.307617 -0.551696 -0.448304 0 0
3.88226 0.322266 -0.551696 -0.448304 0 0

3.88184 0.322775 -0.532462 -0.467538 0 0
3.86942 0.336914 -0.532462 -0.467538 0 0

3.86719 0.339329 -0.521076 -0.478924 0 0
3.86941 0.336914 -0.521076 -0.478924 0 0

3.88184 0.322791 -0.54157 -0.45843 0 0
3.88228 0.322266 -0.54157 -0.45843 0 0

3.89648 0.304502 -0.570512 -0.429488 0 0
3.90517 0.292969 -0.570512 -0.429488 0 0

3.94043 0.236567 -0.644152 -0.355848 0 0
3.93355 0.249023 -0.644152 -0.355848 0 0

3.92578 0.262016 -0.625637 -0.374363 0 0
3.93356 0.249023 -0.625637 -0.374363 0 0

3.94043 0.236608 -0.644897 -0.355103 0 0
3.94166 0.234375 -0.644897 -0.355103 0 0

3.99999 0 -0.985741 -0.0142586 0 0
3.99977 0.0146484 -0.985741 -0.0142586 0 0

3.99978 0.0146484 -0.958018 -0.041982 0 0
3.99914 0.0292969 -0.958018 -0.041982 0 0

3.99902 0.0308596 -0.931066 -0.068934 0 0
3.99805 0.0439453 -0.931066 -0.068934 0 0

3.99805 0.0439453 -0.905581 -0.0944192 0 0
3.99652 0.0585938 -0.905581 -0.0944192 0 0

3.99902 0.0308798 -0.931066 -0.068934 0 0
3.99914 0.0292969 -0.931066 -0.068934 0 0

3.99652 0.0585938 -0.881786 -0.118214 0 0
3.99456 0.0732422 -0.881786 -0.118214 0 0

3.99456 0.0732422 -0.859215 -0.140785 0 0
3.99216 0.0878906 -0.859215 -0.140785 0 0

3.99216 0.0878906 -0.83777 -0.16223 0 0
3.98932 0.102539 -0.83777 -0.16223 0 0

3.98933 0.102539 -0.81698 -0.18302 0 0
3.98605 0.117188 -0.81698 -0.18302 0 0

3.98438 0.12375 -0.795209 -0.204791 0 0
3.98606 0.117188 -0.795209 -0.204791 0 0

