4.87061 0.465284 -0.393878 -0.606122 0.0261669 1.12158
4.86527 0.46875 -0.393878 -0.606122 1e+30 1e+30

4.87793 0.46038 -0.400344 -0.599656 0.0694615 1.13376
4.87636 0.461426 -0.400344 -0.599656 0.0622412 1.13278

4.87061 0.465262 -0.404468 -0.595532 0.0264337 1.12161
4.87625 0.461426 -0.404468 -0.595532 0.0626103 1.13267

4.89258 0.449666 -0.426308 -0.573692 0.144903 1.16111
4.88661 0.454102 -0.426308 -0.573692 0.113454 1.14526

4.87793 0.46031 -0.415396 -0.584604 0.0702915 1.13372
4.88525 0.455106 -0.415396 -0.584604 0.105469 1.14281

4.88525 0.455081 -0.420004 -0.579996 0.105778 1.14278
4.88661 0.454102 -0.420004 -0.579996 0.113464 1.14525

4.90723 0.438101 -0.448962 -0.551038 0.238158 1.19315
4.90557 0.439453 -0.448962 -0.551038 0.227428 1.19126

4.91455 0.431934 -0.462529 -0.537471 0.282896 1.19955
4.91432 0.432129 -0.462529 -0.537471 0.281505 1.19937

4.90723 0.438039 -0.458258 -0.541742 0.23888 1.19314
4.91421 0.432129 -0.458258 -0.541742 0.281908 1.19921

4.91455 0.431853 -0.468871 -0.531129 0.283825 1.19949
4.92188 0.425387 -0.468871 -0.531129 0.329891 1.20716

4.8999 0.444016 -0.435116 -0.564884 0.189138 1.18085
4.89632 0.446777 -0.435116 -0.564884 0.167404 1.17046

4.89258 0.449622 -0.433743 -0.566257 0.145481 1.16104
4.89629 0.446777 -0.433743 -0.566257 0.167462 1.1704

4.8999 0.443961 -0.447724 -0.552276 0.189741 1.18089
4.90546 0.439453 -0.447724 -0.552276 0.227744 1.19113

5.09766 0.0489327 -0.930251 -0.069749 1.59661 0.192174
5.09748 0.0512695 -0.930251 -0.069749 1.59307 0.200885

5.09748 0.0512695 -0.920048 -0.0799519 1.5931 0.200896
5.09684 0.0585938 -0.920048 -0.0799519 1.58728 0.222303

5.09684 0.0585938 -0.909425 -0.0905751 1.5873 0.222307
5.09611 0.065918 -0.909425 -0.0905751 1.58905 0.245944

5.09611 0.065918 -0.899915 -0.100085 1.58906 0.245946
5.09529 0.0732422 -0.899915 -0.100085 1.59234 0.27144

5.09529 0.0732422 -0.891032 -0.108968 1.59235 0.27144
5.0944 0.0805664 -0.891032 -0.108968 1.59165 0.300554

5.0944 0.0805664 -0.882219 -0.117781 1.59164 0.300552
5.09342 0.0878906 -0.882219 -0.117781 1.57681 0.327531

5.09342 0.0878906 -0.873004 -0.126996 1.5768 0.327538
5.09236 0.0952148 -0.873004 -0.126996 1.55629 0.348553

5.09236 0.0952148 -0.863564 -0.136436 1.55629 0.348553
5.0912 0.102539 -0.863564 -0.136436 1.54034 0.372747

5.09033 0.107634 -0.854477 -0.145523 1.53282 0.392181
5.08995 0.109863 -0.854477 -0.145523 1.53112 0.399969

5.08995 0.109863 -0.846449 -0.153551 1.53116 0.399978
5.08862 0.117188 -0.846449 -0.153551 1.52482 0.423446

5.09033 0.107615 -0.854477 -0.145523 1.53286 0.392119
5.0912 0.102539 -0.854477 -0.145523 1.54035 0.372748

5.09957 0 -0.99415 -0.0058497 1.61469 0
5.09952 0.00732422 -0.99415 -0.0058497 1.61331 0.0332635

5.09952 0.00732422 -0.982676 -0.0173238 1.61331 0.0332636
5.09939 0.0146484 -0.982676 -0.0173238 1.60901 0.0672166

5.09939 0.0146484 -0.971386 -0.0286137 1.60901 0.0672161
5.09918 0.0219727 -0.971386 -0.0286137 1.60393 0.099022

5.09918 0.0219727 -0.960418 -0.0395816 1.60394 0.0990237
5.09888 0.0292969 -0.960418 -0.0395816 1.61293 0.124955

5.0989 0.0292969 -0.945013 -0.0549874 1.61276 0.124911
5.09804 0.0439453 -0.945013 -0.0549874 1.6037 0.176268

5.09766 0.0485468 -0.924762 -0.0752377 1.59738 0.191013
5.09803 0.0439453 -0.924762 -0.0752377 1.60379 0.176298

5.08301 0.143832 -0.811546 -0.188454 1.48859 0.530333
5.08239 0.146484 -0.811546 -0.188454 1.47862 0.538889

5.08862 0.117188 -0.837983 -0.162017 1.52478 0.423439
5.08721 0.124512 -0.837983 -0.162017 1.51613 0.446863

5.08721 0.124512 -0.828703 -0.171297 1.51614 0.446864
5.08569 0.131836 -0.828703 -0.171297 1.50684 0.474214

5.08569 0.131836 -0.820106 -0.179894 1.50685 0.474214
5.08409 0.13916 -0.820106 -0.179894 1.4971 0.507044

5.08301 0.143796 -0.811546 -0.188454 1.48878 0.530242
5.08408 0.13916 -0.811546 -0.188454 1.4971 0.507046

5.08239 0.146484 -0.80279 -0.19721 1.47865 0.538906
5.08059 0.153809 -0.80279 -0.19721 1.45746 0.563893

5.08059 0.153809 -0.794069 -0.205931 1.45746 0.563891
5.07869 0.161133 -0.794069 -0.205931 1.44934 0.589542

5.07568 0.171966 -0.777018 -0.222982 1.43414 0.632987
5.07459 0.175781 -0.777018 -0.222982 1.42673 0.647181

5.07869 0.161133 -0.78541 -0.21459 1.44935 0.589542
5.07669 0.168457 -0.78541 -0.21459 1.43971 0.617557

5.07568 0.171942 -0.777018 -0.222982 1.43422 0.632904
5.07668 0.168457 -0.777018 -0.222982 1.43973 0.617569

5.06836 0.195679 -0.752386 -0.247614 1.3837 0.720729
5.06768 0.197754 -0.752386 -0.247614 1.37448 0.72705

5.06767 0.197754 -0.744355 -0.255645 1.37454 0.72709
5.06515 0.205078 -0.744355 -0.255645 1.34931 0.749054

5.06104 0.216411 -0.7281 -0.2719 1.32454 0.773678
5.0598 0.219727 -0.7281 -0.2719 1.31593 0.782558

5.06515 0.205078 -0.736175 -0.263825 1.34931 0.749049
5.06253 0.212402 -0.736175 -0.263825 1.33264 0.76369

5.06104 0.216385 -0.7281 -0.2719 1.32466 0.773622
5.06252 0.212402 -0.7281 -0.2719 1.33267 0.763691

5.05979 0.219727 -0.72022 -0.27978 1.31596 0.782564
5.05695 0.227051 -0.72022 -0.27978 1.30094 0.805644

5.05695 0.227051 -0.71242 -0.28758 1.30094 0.805643
5.05399 0.234375 -0.71242 -0.28758 1.28118 0.830412

5.07459 0.175781 -0.768746 -0.231254 1.42674 0.64719
5.07238 0.183105 -0.768746 -0.231254 1.41464 0.67342

5.07238 0.183105 -0.760476 -0.239524 1.41464 0.673419
5.07008 0.19043 -0.760476 -0.239524 1.39972 0.699679

5.06836 0.195632 -0.752386 -0.247614 1.38401 0.720648
5.07007 0.19043 -0.752386 -0.247614 1.39975 0.699696

5.03906 0.267626 -0.672302 -0.327698 1.16383 0.93018
5.03742 0.270996 -0.672302 -0.327698 1.152 0.940568

5.03741 0.270996 -0.664328 -0.335672 1.15205 0.9406
5.03371 0.27832 -0.664328 -0.335672 1.12794 0.963628

5.03174 0.282104 -0.656358 -0.343642 1.11982 0.976582
5.02988 0.285645 -0.656358 -0.343642 1.10754 0.988322

5.02988 0.285645 -0.648179 -0.351821 1.10758 0.988338
5.0259 0.292969 -0.648179 -0.351821 1.07761 1.00998

5.03174 0.282072 -0.656358 -0.343642 1.12003 0.976519
5.0337 0.27832 -0.656358 -0.343642 1.12798 0.963636

5.00977 0.32026 -0.615118 -0.384882 0.955106 1.0793
5.00851 0.322266 -0.615118 -0.384882 0.944936 1.08484

4.99512 0.342248 -0.593484 -0.406516 0.848188 1.1496
4.99375 0.344238 -0.593484 -0.406516 0.830884 1.15483

4.99371 0.344238 -0.580289 -0.419711 0.831062 1.15495
4.98842 0.351562 -0.580289 -0.419711 0.777537 1.16344

5.00244 0.331504 -0.597874 -0.402126 0.905767 1.11186
4.9988 0.336914 -0.597874 -0.402126 0.878464 1.13546

5.00848 0.322266 -0.606184 -0.393816 0.945078 1.08489
5.00373 0.32959 -0.606184 -0.393816 0.911945 1.10523

5.00244 0.331501 -0.602429 -0.397571 0.90579 1.11185
5.0037 0.32959 -0.602429 -0.397571 0.91208 1.10527

4.99512 0.342186 -0.589554 -0.410446 0.848905 1.14956
4.99879 0.336914 -0.589554 -0.410446 0.878529 1.13552

5.02441 0.295627 -0.639879 -0.360121 1.06805 1.02072
5.02179 0.300293 -0.639879 -0.360121 1.04519 1.0394

5.02178 0.300293 -0.631392 -0.368608 1.04521 1.03941
5.01751 0.307617 -0.631392 -0.368608 1.00563 1.04978

5.01709 0.308307 -0.622908 -0.377092 1.00254 1.0508
5.01307 0.314941 -0.622908 -0.377092 0.974178 1.06603

5.00977 0.320203 -0.614619 -0.385381 0.95559 1.07922
5.01306 0.314941 -0.614619 -0.385381 0.974239 1.06603

5.01709 0.308308 -0.627495 -0.372505 1.00254 1.0508
5.0175 0.307617 -0.627495 -0.372505 1.00568 1.04977

5.02441 0.295593 -0.639879 -0.360121 1.06829 1.02062
5.02589 0.292969 -0.639879 -0.360121 1.07769 1.01001

4.94385 0.404214 -0.502861 -0.497139 0.480979 1.21839
4.93797 0.410156 -0.502861 -0.497139 0.440516 1.22041

4.95117 0.396526 -0.513788 -0.486212 0.530286 1.21422
4.9452 0.402832 -0.513788 -0.486212 0.48982 1.21756

4.94385 0.404206 -0.507598 -0.492402 0.481066 1.21838
4.94518 0.402832 -0.507598 -0.492402 0.489931 1.21754

4.96582 0.380138 -0.540745 -0.459255 0.627523 1.20823
4.96521 0.380859 -0.540745 -0.459255 0.623824 1.20872

4.98047 0.362035 -0.563155 -0.436845 0.730068 1.18505
4.97723 0.366211 -0.563155 -0.436845 0.709977 1.1992

4.97314 0.37129 -0.553733 -0.446267 0.685706 1.20317
4.97133 0.373535 -0.553733 -0.446267 0.669617 1.20603

4.96582 0.380075 -0.543853 -0.456147 0.628086 1.20818
4.97131 0.373535 -0.543853 -0.456147 0.669717 1.20606

4.97314 0.371247 -0.553995 -0.446005 0.686124 1.20316
4.9772 0.366211 -0.553995 -0.446005 0.710075 1.19932

4.9585 0.388502 -0.524002 -0.475998 0.579072 1.21211
4.95213 0.395508 -0.524002 -0.475998 0.536627 1.21378

4.96517 0.380859 -0.534038 -0.465962 0.623991 1.20871
4.95878 0.388184 -0.534038 -0.465962 0.580976 1.21219

4.9585 0.388493 -0.528727 -0.471273 0.579157 1.2121
4.95877 0.388184 -0.528727 -0.471273 0.581013 1.21217

4.95117 0.396523 -0.518172 -0.481828 0.530325 1.21422
4.95212 0.395508 -0.518172 -0.481828 0.5367 1.21376

4.9292 0.418638 -0.479671 -0.520329 0.378905 1.21568
4.92251 0.424805 -0.479671 -0.520329 0.334165 1.20798

4.93652 0.411599 -0.490057 -0.509943 0.430037 1.22042
4.9304 0.41748 -0.490057 -0.509943 0.387583 1.21688

4.9292 0.418616 -0.48587 -0.51413 0.379172 1.21565
4.9304 0.41748 -0.48587 -0.51413 0.387591 1.21688

4.92188 0.425375 -0.474873 -0.525127 0.33003 1.20715
4.92251 0.424805 -0.474873 -0.525127 0.334182 1.20797

4.93652 0.411571 -0.496887 -0.503113 0.43037 1.22037
4.93796 0.410156 -0.496887 -0.503113 0.440598 1.22038

4.98779 0.352383 -0.571089 -0.428911 0.773187 1.1646
4.98291 0.358887 -0.571089 -0.428911 0.740789 1.17828

4.98047 0.362046 -0.568476 -0.431524 0.729979 1.18507
4.98287 0.358887 -0.568476 -0.431524 0.741028 1.1783

4.98779 0.352385 -0.576242 -0.423758 0.773168 1.1646
4.9884 0.351562 -0.576242 -0.423758 0.777604 1.16345

5.05371 0.235045 -0.704609 -0.295391 1.27876 0.833017
5.05092 0.241699 -0.704609 -0.295391 1.25894 0.859771

5.05092 0.241699 -0.696584 -0.303416 1.25894 0.859765
5.04773 0.249023 -0.696584 -0.303416 1.23478 0.880439

5.04639 0.25201 -0.688483 -0.311517 1.22419 0.889979
5.04442 0.256348 -0.688483 -0.311517 1.2055 0.900127

5.04442 0.256348 -0.680385 -0.319615 1.20552 0.900132
5.04098 0.263672 -0.680385 -0.319615 1.17504 0.916751

5.04639 0.251982 -0.688483 -0.311517 1.22436 0.889894
5.04773 0.249023 -0.688483 -0.311517 1.23482 0.88044

5.05371 0.235039 -0.704609 -0.295391 1.2788 0.832998
5.05399 0.234375 -0.704609 -0.295391 1.28119 0.830415

5.03906 0.267587 -0.672302 -0.327698 1.16407 0.930124
5.04097 0.263672 -0.672302 -0.327698 1.1751 0.916761

4.7168 0.526891 -0.13511 -0.86489 -0.635419 0.415881
4.7139 0.527344 -0.13511 -0.86489 -0.640811 0.401196

4.7168 0.526892 -0.150144 -0.849856 -0.63542 0.415881
4.72412 0.525598 -0.150144 -0.849856 -0.621151 0.459238

4.72412 0.525598 -0.164798 -0.835202 -0.621152 0.459238
4.73145 0.524153 -0.164798 -0.835202 -0.606431 0.509813

4.73145 0.524153 -0.179084 -0.820916 -0.606436 0.509812
4.73877 0.522555 -0.179084 -0.820916 -0.580324 0.561527

4.73877 0.522556 -0.193026 -0.806974 -0.580328 0.561527
4.74609 0.520804 -0.193026 -0.806974 -0.553012 0.599073

4.6875 0.530567 -0.0865064 -0.913494 -0.681429 0.251079
4.69482 0.529874 -0.0865064 -0.913494 -0.668114 0.29667

4.69482 0.529874 -0.103317 -0.896683 -0.668118 0.29667
4.70215 0.52903 -0.103317 -0.896683 -0.655914 0.33979

4.70215 0.52903 -0.119554 -0.880446 -0.655913 0.33979
4.70947 0.528036 -0.119554 -0.880446 -0.645836 0.378616

4.70947 0.528035 -0.13511 -0.86489 -0.645828 0.378616
4.7139 0.527344 -0.13511 -0.86489 -0.640813 0.401175

4.75342 0.518901 -0.206557 -0.793443 -0.530975 0.63276
4.74912 0.52002 -0.206557 -0.793443 -0.543922 0.610708

4.74609 0.520798 -0.206557 -0.793443 -0.552938 0.599074
4.74909 0.52002 -0.206557 -0.793443 -0.5439 0.610576

4.75342 0.518898 -0.219852 -0.780148 -0.530945 0.632765
4.76074 0.516834 -0.219852 -0.780148 -0.510928 0.680222

4.77539 0.512246 -0.245867 -0.754133 -0.455376 0.742425
4.77401 0.512695 -0.245867 -0.754133 -0.459193 0.739253

4.76074 0.516835 -0.233041 -0.766959 -0.510936 0.680219
4.76807 0.51461 -0.233041 -0.766959 -0.480701 0.718857

4.76807 0.514603 -0.245867 -0.754133 -0.480607 0.718853
4.77392 0.512695 -0.245867 -0.754133 -0.45909 0.739053

4.77539 0.512223 -0.258418 -0.741582 -0.455097 0.742439
4.78271 0.50967 -0.258418 -0.741582 -0.433639 0.78341

4.78271 0.50967 -0.270761 -0.729239 -0.433639 0.78341
4.79004 0.506951 -0.270761 -0.729239 -0.397953 0.825404

4.79736 0.50408 -0.282624 -0.717376 -0.365554 0.856115
4.79409 0.505371 -0.282624 -0.717376 -0.380214 0.840924

4.79004 0.506938 -0.282624 -0.717376 -0.397748 0.825394
4.79402 0.505371 -0.282624 -0.717376 -0.380178 0.840643

4.79736 0.504067 -0.294283 -0.705717 -0.365387 0.856134
4.80469 0.501013 -0.294283 -0.705717 -0.331264 0.901469

4.81201 0.497835 -0.30568 -0.69432 -0.291578 0.921845
4.81153 0.498047 -0.30568 -0.69432 -0.293585 0.922036

4.81201 0.49779 -0.31703 -0.68297 -0.290983 0.921838
4.81934 0.494391 -0.31703 -0.68297 -0.259352 0.956033

4.81934 0.49439 -0.32837 -0.67163 -0.259345 0.956035
4.82666 0.490809 -0.32837 -0.67163 -0.218803 0.97877

4.83398 0.487045 -0.339647 -0.660353 -0.187344 1.00489
4.82683 0.490723 -0.339647 -0.660353 -0.218099 0.978563

4.82666 0.490808 -0.339427 -0.660573 -0.218785 0.978768
4.82683 0.490723 -0.339427 -0.660573 -0.218079 0.978569

4.80469 0.501008 -0.30568 -0.69432 -0.331184 0.901464
4.81141 0.498047 -0.30568 -0.69432 -0.293387 0.922075

4.84131 0.483156 -0.350814 -0.649186 -0.144924 1.02678
4.84086 0.483398 -0.350814 -0.649186 -0.146865 1.02712

4.84131 0.483088 -0.361854 -0.638146 -0.144097 1.02673
4.84863 0.478935 -0.361854 -0.638146 -0.112991 1.04679

4.83398 0.487039 -0.350841 -0.649159 -0.18725 1.00489
4.84072 0.483398 -0.350841 -0.649159 -0.146551 1.02717

4.85596 0.474623 -0.372608 -0.627392 -0.0619633 1.08142
4.85351 0.476074 -0.372608 -0.627392 -0.0782609 1.07186

4.84863 0.478914 -0.372608 -0.627392 -0.112652 1.04679
4.85341 0.476074 -0.372608 -0.627392 -0.0781239 1.07154

4.85596 0.474588 -0.383233 -0.616767 -0.0614895 1.08146
4.86328 0.470037 -0.383233 -0.616767 1e+30 1e+30

