4.48143 0 0.994513 -0.0054871 1.82112 0
4.48147 0.00732422 0.994513 -0.0054871 1.8248 -0.020615

4.48147 0.00732422 0.984079 -0.0159207 1.82481 -0.0206146
4.48159 0.0146484 0.984079 -0.0159207 1.8228 -0.0393176

4.48156 0.0146484 0.967141 -0.0328587 1.82266 -0.0393186
4.48206 0.0292969 0.967141 -0.0328587 1.84324 -0.0828605

4.48208 0.0292969 0.950354 -0.0496464 1.84337 -0.0828471
4.48242 0.0358856 0.950354 -0.0496464 1.85296 -0.110067

4.48242 0.0358861 0.950354 -0.0496464 1.85296 -0.110069
4.48246 0.0366211 0.950354 -0.0496464 1.85148 -0.11348

4.48246 0.0366211 0.938376 -0.0616242 1.85147 -0.113481
4.48294 0.0439453 0.938376 -0.0616242 1.82175 -0.136692

4.48295 0.0439453 0.928233 -0.0717667 1.82179 -0.136681
4.48351 0.0512695 0.928233 -0.0717667 1.79971 -0.147341

4.48351 0.0512695 0.919594 -0.0804061 1.7997 -0.147344
4.48415 0.0585938 0.919594 -0.0804061 1.80158 -0.158247

4.48415 0.0585938 0.910455 -0.0895452 1.80157 -0.158247
4.48487 0.065918 0.910455 -0.0895452 1.80535 -0.172778

4.48487 0.065918 0.900715 -0.0992846 1.80534 -0.172776
4.48568 0.0732422 0.900715 -0.0992846 1.81008 -0.189552

4.48568 0.0732422 0.890987 -0.109013 1.81009 -0.189554
4.48657 0.0805664 0.890987 -0.109013 1.81281 -0.207497

4.48658 0.0805664 0.882101 -0.117899 1.81281 -0.207494
4.48755 0.0878906 0.882101 -0.117899 1.80949 -0.222827

4.48755 0.0878906 0.873473 -0.126527 1.80948 -0.222829
4.48861 0.0952148 0.873473 -0.126527 1.79672 -0.235284

4.48861 0.0952148 0.864844 -0.135156 1.79672 -0.235284
4.48975 0.102455 0.864844 -0.135156 1.78565 -0.244937

4.48975 0.102446 0.864844 -0.135156 1.78566 -0.244924
4.48976 0.102539 0.864844 -0.135156 1.78558 -0.245021

4.48976 0.102539 0.856364 -0.143636 1.78558 -0.245025
4.49099 0.109863 0.856364 -0.143636 1.78133 -0.257042

4.49099 0.109863 0.847748 -0.152252 1.78132 -0.257044
4.4923 0.117188 0.847748 -0.152252 1.77741 -0.274569

4.4923 0.117188 0.838657 -0.161343 1.7774 -0.27457
4.49371 0.124512 0.838657 -0.161343 1.77344 -0.294034

4.49371 0.124512 0.829931 -0.170069 1.77345 -0.294042
4.49521 0.131836 0.829931 -0.170069 1.77647 -0.319201

4.49521 0.131836 0.821158 -0.178842 1.77645 -0.319192
4.4968 0.13916 0.821158 -0.178842 1.76964 -0.345098

4.4968 0.13916 0.812099 -0.187901 1.76964 -0.345099
4.49707 0.14031 0.812099 -0.187901 1.76583 -0.349364

4.49707 0.140306 0.812099 -0.187901 1.76585 -0.349353
4.4985 0.146484 0.812099 -0.187901 1.74811 -0.367177

4.4985 0.146484 0.803859 -0.196141 1.74812 -0.367181
4.50029 0.153809 0.803859 -0.196141 1.73887 -0.385295

4.50029 0.153809 0.796472 -0.203528 1.73888 -0.385299
4.50216 0.161133 0.796472 -0.203528 1.72645 -0.399538

4.50213 0.161133 0.784026 -0.215974 1.72631 -0.399482
4.50616 0.175781 0.784026 -0.215974 1.71467 -0.438342

4.50619 0.175781 0.771828 -0.228172 1.71482 -0.438418
4.50836 0.183105 0.771828 -0.228172 1.71154 -0.464204

4.50835 0.183105 0.763492 -0.236508 1.71152 -0.464196
4.51062 0.19043 0.763492 -0.236508 1.68795 -0.482031

4.51061 0.19043 0.755249 -0.244751 1.68793 -0.482023
4.51172 0.193838 0.755249 -0.244751 1.67288 -0.488516

4.51172 0.193765 0.755249 -0.244751 1.67328 -0.488402
4.51301 0.197754 0.755249 -0.244751 1.66181 -0.494227

4.513 0.197754 0.748116 -0.251884 1.66177 -0.494206
4.51547 0.205078 0.748116 -0.251884 1.66295 -0.510235

4.51546 0.205078 0.740654 -0.259346 1.66294 -0.510222
4.51803 0.212402 0.740654 -0.259346 1.65771 -0.537064

4.51802 0.212402 0.732928 -0.267072 1.6577 -0.537051
4.51904 0.215197 0.732928 -0.267072 1.64853 -0.549757

4.51904 0.21518 0.732928 -0.267072 1.64861 -0.549705
4.5207 0.219727 0.732928 -0.267072 1.63722 -0.55573

4.52066 0.219727 0.720665 -0.279335 1.63707 -0.555679
4.52634 0.234375 0.720665 -0.279335 1.60033 -0.591565

4.52633 0.234375 0.705019 -0.294981 1.60029 -0.591543
4.52637 0.234459 0.705019 -0.294981 1.59618 -0.589816

4.52638 0.234375 0.708813 -0.291187 1.59663 -0.589713
4.52938 0.241699 0.708813 -0.291187 1.58039 -0.607208

4.52938 0.241699 0.701413 -0.298587 1.58038 -0.607201
4.5325 0.249023 0.701413 -0.298587 1.57243 -0.640007

4.53249 0.249023 0.693778 -0.306222 1.57238 -0.639933
4.53369 0.251751 0.693778 -0.306222 1.56295 -0.65565

4.53369 0.251708 0.693778 -0.306222 1.56317 -0.655522
4.53574 0.256348 0.693778 -0.306222 1.54425 -0.671675

4.53573 0.256348 0.686191 -0.313809 1.54422 -0.671626
4.53908 0.263672 0.686191 -0.313809 1.50887 -0.678133

4.53908 0.263672 0.678645 -0.321355 1.50886 -0.678137
4.54102 0.267766 0.678645 -0.321355 1.48378 -0.678724

4.54102 0.267748 0.678645 -0.321355 1.48383 -0.678728
4.54255 0.270996 0.678645 -0.321355 1.47789 -0.67888

4.54254 0.270996 0.670632 -0.329368 1.47787 -0.678874
4.54614 0.27832 0.670632 -0.329368 1.46522 -0.694865

4.54614 0.27832 0.662722 -0.337278 1.46522 -0.694868
4.54834 0.28264 0.662722 -0.337278 1.45287 -0.709697

4.54834 0.282622 0.662722 -0.337278 1.45292 -0.709666
4.54988 0.285645 0.662722 -0.337278 1.4516 -0.720541

4.54987 0.285645 0.655052 -0.344948 1.45156 -0.720505
4.55373 0.292969 0.655052 -0.344948 1.43508 -0.746567

4.55372 0.292969 0.647229 -0.352771 1.43505 -0.746547
4.55566 0.296541 0.647229 -0.352771 1.42134 -0.757113

4.55566 0.296506 0.647229 -0.352771 1.42155 -0.757055
4.55773 0.300293 0.647229 -0.352771 1.40623 -0.772103

4.55772 0.300293 0.639446 -0.360554 1.40618 -0.772066
4.56185 0.307617 0.639446 -0.360554 1.36647 -0.790195

4.56183 0.307617 0.631718 -0.368282 1.36641 -0.790184
4.56299 0.309609 0.631718 -0.368282 1.35335 -0.791927

4.56299 0.309563 0.631557 -0.368443 1.35374 -0.791902
4.56613 0.314941 0.631557 -0.368443 1.33077 -0.802195

4.56612 0.314941 0.623471 -0.376529 1.33073 -0.802175
4.57031 0.321892 0.623471 -0.376529 1.30649 -0.821357

4.57031 0.321884 0.627688 -0.372312 1.30654 -0.821348
4.57054 0.322266 0.627688 -0.372312 1.30481 -0.822299

4.57054 0.322266 0.615465 -0.384535 1.30482 -0.822304
4.57512 0.32959 0.615465 -0.384535 1.27508 -0.840805

4.57511 0.32959 0.60724 -0.39276 1.27505 -0.840783
4.57764 0.333497 0.60724 -0.39276 1.26016 -0.852111

4.57764 0.333495 0.60724 -0.39276 1.26017 -0.852107
4.57985 0.336914 0.60724 -0.39276 1.24801 -0.862511

4.57985 0.336914 0.598579 -0.401421 1.24801 -0.862509
4.58476 0.344238 0.598579 -0.401421 1.21557 -0.893544

4.58471 0.344238 0.596827 -0.403173 1.21537 -0.893322
4.58496 0.344609 0.596827 -0.403173 1.21318 -0.895478

4.58496 0.344523 0.590293 -0.409707 1.21392 -0.895239
4.58985 0.351562 0.590293 -0.409707 1.17204 -0.92792

4.58983 0.351562 0.583633 -0.416367 1.17199 -0.92784
4.59229 0.355007 0.583633 -0.416367 1.14521 -0.941475

4.59229 0.354943 0.581767 -0.418233 1.14585 -0.941416
4.59512 0.358887 0.581767 -0.418233 1.11529 -0.955064

4.5951 0.358887 0.572681 -0.427319 1.11526 -0.954987
4.59961 0.364924 0.572681 -0.427319 1.0689 -0.962717

4.59961 0.364903 0.57355 -0.42645 1.06909 -0.962722
4.60058 0.366211 0.57355 -0.42645 1.05867 -0.965147

4.60057 0.366211 0.563698 -0.436302 1.05865 -0.965104
4.60624 0.373535 0.563698 -0.436302 1.01193 -0.983137

4.6062 0.373535 0.559382 -0.440618 1.01182 -0.982979
4.60693 0.374472 0.559382 -0.440618 1.00733 -0.985557

4.60693 0.374396 0.554484 -0.445516 1.00787 -0.985584
4.61213 0.380859 0.554484 -0.445516 0.977989 -1.01279

4.61211 0.380859 0.550064 -0.449936 0.977932 -1.01266
4.61426 0.383491 0.550064 -0.449936 0.964751 -1.02833

4.61426 0.383398 0.546084 -0.453916 0.965422 -1.02826
4.61824 0.388184 0.546084 -0.453916 0.929999 -1.05033

4.61824 0.388184 0.54069 -0.45931 0.930014 -1.05035
4.62158 0.392115 0.54069 -0.45931 0.896875 -1.06101

4.62158 0.392026 0.536439 -0.463561 0.897639 -1.06111
4.62459 0.395508 0.536439 -0.463561 0.871053 -1.07399

4.62461 0.395508 0.530459 -0.469541 0.87107 -1.07407
4.62891 0.400366 0.530459 -0.469541 0.832792 -1.08697

4.62891 0.400298 0.524319 -0.475681 0.833458 -1.08716
4.63121 0.402832 0.524319 -0.475681 0.808706 -1.09137

4.63121 0.402832 0.519498 -0.480502 0.808706 -1.09137
4.63623 0.408264 0.519498 -0.480502 0.758283 -1.09169

4.63623 0.408218 0.513182 -0.486818 0.758629 -1.09181
4.63807 0.410156 0.513182 -0.486818 0.745044 -1.09218

4.63806 0.410156 0.508446 -0.491554 0.745042 -1.09216
4.64355 0.415835 0.508446 -0.491554 0.702698 -1.09276

4.64355 0.415812 0.502035 -0.497965 0.702844 -1.09282
4.64521 0.41748 0.502035 -0.497965 0.692611 -1.09303

4.64519 0.41748 0.495983 -0.504017 0.692608 -1.09298
4.65088 0.423077 0.495983 -0.504017 0.65841 -1.1179

4.65088 0.42306 0.490624 -0.509376 0.658564 -1.11794
4.65269 0.424805 0.490624 -0.509376 0.64362 -1.1273

4.65264 0.424805 0.483621 -0.516379 0.643581 -1.12689
4.6582 0.430019 0.483621 -0.516379 0.593447 -1.14331

4.6582 0.430016 0.478426 -0.521574 0.593476 -1.14332
4.66051 0.432129 0.478426 -0.521574 0.571075 -1.14896

4.66045 0.432129 0.472016 -0.527984 0.571173 -1.14861
4.66553 0.436671 0.472016 -0.527984 0.523154 -1.1507

4.66553 0.43668 0.465151 -0.534849 0.523079 -1.15066
4.66872 0.439453 0.465151 -0.534849 0.493894 -1.14927

4.66863 0.439453 0.459544 -0.540456 0.494027 -1.14897
4.67285 0.44304 0.459544 -0.540456 0.453795 -1.14517

4.67285 0.443061 0.452754 -0.547246 0.453535 -1.14515
4.67734 0.446777 0.452754 -0.547246 0.418272 -1.13391

4.67725 0.446777 0.448819 -0.551181 0.41821 -1.13402
4.68018 0.449156 0.448819 -0.551181 0.395017 -1.12505

4.68018 0.449149 0.443605 -0.556395 0.395089 -1.12506
4.68639 0.454102 0.443605 -0.556395 0.351636 -1.11258

4.6863 0.454102 0.438147 -0.561853 0.35165 -1.11243
4.6875 0.455034 0.438147 -0.561853 1e+30 1e+30

