33.6138 0 0.992035 -0.00796495 2.76617 0
33.614 0.0146484 0.992035 -0.00796495 2.76094 -0.0115435

33.614 0.0146484 0.976917 -0.0230826 2.76094 -0.0115417
33.6143 0.0292969 0.976917 -0.0230826 2.74338 -0.0275892

33.6143 0.0292969 0.96608 -0.0339199 2.7434 -0.0276018
33.6146 0.0366211 0.96608 -0.0339199 2.74071 -0.0393773

33.6146 0.0366211 0.957957 -0.0420426 2.7407 -0.0393798
33.6149 0.0439453 0.957957 -0.0420426 2.75567 -0.0511462

33.6149 0.0439453 0.949958 -0.0500423 2.75567 -0.0511428
33.6153 0.0512695 0.949958 -0.0500423 2.76419 -0.0635871

33.6153 0.0512695 0.94273 -0.0572702 2.76419 -0.0635838
33.6157 0.0585938 0.94273 -0.0572702 2.75568 -0.0674421

33.6157 0.0585938 0.936212 -0.0637881 2.75568 -0.0674381
33.6162 0.065918 0.936212 -0.0637881 2.73923 -0.0676718

33.6162 0.065918 0.929773 -0.0702266 2.73923 -0.0676748
33.6168 0.0732422 0.929773 -0.0702266 2.73194 -0.0653457

33.6168 0.0732422 0.923104 -0.0768956 2.73194 -0.0653457
33.6174 0.0805664 0.923104 -0.0768956 2.73312 -0.0653966

33.6174 0.0805664 0.916923 -0.0830766 2.73312 -0.0653995
33.618 0.0878906 0.916923 -0.0830766 2.73869 -0.0657804

33.618 0.0878906 0.906335 -0.0936646 2.73863 -0.0657185
33.6182 0.0895327 0.906335 -0.0936646 2.74186 -0.0697644

33.6182 0.0890084 0.909713 -0.0902875 2.74122 -0.0696629
33.6188 0.0952148 0.909713 -0.0902875 2.74137 -0.0714474

33.6188 0.0952148 0.902496 -0.0975045 2.74137 -0.0714389
33.6196 0.102539 0.902496 -0.0975045 2.73796 -0.0709293

33.6196 0.102539 0.893371 -0.106629 2.73795 -0.0709146
33.6213 0.117188 0.893371 -0.106629 2.73647 -0.0746103

33.6213 0.117188 0.881019 -0.118981 2.73646 -0.0746074
33.6233 0.131836 0.881019 -0.118981 2.74243 -0.0778847

33.6233 0.131836 0.868907 -0.131093 2.74243 -0.077887
33.6255 0.146484 0.868907 -0.131093 2.74633 -0.0827597

33.6255 0.146484 0.857005 -0.142995 2.74632 -0.082757
33.6279 0.161133 0.857005 -0.142995 2.74804 -0.0909602

33.6279 0.161133 0.848174 -0.151826 2.74807 -0.0909737
33.6293 0.168457 0.848174 -0.151826 2.75199 -0.0966964

33.6293 0.168457 0.843071 -0.156929 2.75199 -0.0966962
33.6306 0.175781 0.843071 -0.156929 2.7412 -0.0980451

33.6306 0.175781 0.833583 -0.166417 2.74119 -0.0980472
33.6328 0.186873 0.833583 -0.166417 2.72705 -0.0966999

33.6328 0.186866 0.830408 -0.169592 2.72706 -0.0967007
33.6335 0.19043 0.830408 -0.169592 2.72178 -0.0957688

33.6335 0.19043 0.824324 -0.175676 2.72178 -0.0957687
33.6351 0.197754 0.824324 -0.175676 2.71785 -0.0935314

33.6351 0.197754 0.818085 -0.181915 2.71785 -0.0935305
33.6367 0.205078 0.818085 -0.181915 2.72471 -0.0933687

33.6367 0.205078 0.812416 -0.187584 2.72471 -0.0933687
33.6384 0.212402 0.812416 -0.187584 2.72878 -0.0946028

33.6384 0.212402 0.806909 -0.193091 2.72878 -0.0946027
33.6401 0.21956 0.806909 -0.193091 2.72523 -0.0957131

33.6401 0.219558 0.806909 -0.193091 2.72523 -0.0957128
33.6402 0.219727 0.806909 -0.193091 2.72509 -0.0957

33.6402 0.219727 0.801482 -0.198518 2.72509 -0.0957005
33.642 0.227051 0.801482 -0.198518 2.72092 -0.0987092

33.642 0.227051 0.795983 -0.204017 2.72092 -0.0987099
33.6439 0.234375 0.795983 -0.204017 2.7245 -0.110441

33.6439 0.234375 0.790291 -0.209709 2.7245 -0.110437
33.6458 0.241699 0.790291 -0.209709 2.72878 -0.133443

33.6458 0.241699 0.784615 -0.215385 2.72878 -0.133444
33.6475 0.247713 0.784615 -0.215385 2.72229 -0.14843

33.6475 0.247709 0.784615 -0.215385 2.7223 -0.148425
33.6478 0.249023 0.784615 -0.215385 2.71888 -0.151078

33.6478 0.249023 0.779192 -0.220808 2.71888 -0.151078
33.6499 0.256348 0.779192 -0.220808 2.70746 -0.165347

33.6499 0.256348 0.773735 -0.226265 2.70746 -0.165344
33.652 0.263672 0.773735 -0.226265 2.7023 -0.18273

33.652 0.263672 0.76808 -0.23192 2.7023 -0.182728
33.6542 0.270996 0.76808 -0.23192 2.69671 -0.200382

33.6542 0.270996 0.762455 -0.237545 2.69671 -0.200373
33.6548 0.272726 0.762455 -0.237545 2.69553 -0.204603

33.6548 0.272715 0.762455 -0.237545 2.69554 -0.204588
33.6565 0.27832 0.762455 -0.237545 2.69211 -0.216479

33.6565 0.27832 0.756854 -0.243146 2.69211 -0.216475
33.6589 0.285645 0.756854 -0.243146 2.68776 -0.228817

33.6589 0.285645 0.751467 -0.248533 2.68776 -0.22882
33.6613 0.292969 0.751467 -0.248533 2.67565 -0.236532

33.6613 0.292969 0.746421 -0.253579 2.67565 -0.23653
33.6621 0.295338 0.746421 -0.253579 2.67045 -0.238109

33.6621 0.295326 0.746421 -0.253579 2.67048 -0.238106
33.6638 0.300293 0.746421 -0.253579 2.66314 -0.243284

33.6638 0.300293 0.741223 -0.258777 2.66314 -0.243282
33.6664 0.307617 0.741223 -0.258777 2.66084 -0.260064

33.6663 0.307617 0.735699 -0.264301 2.66084 -0.260058
33.669 0.314941 0.735699 -0.264301 2.65382 -0.287397

33.669 0.314941 0.730251 -0.269749 2.65381 -0.287374
33.6694 0.31618 0.730251 -0.269749 2.65177 -0.291494

33.6694 0.316161 0.730251 -0.269749 2.65182 -0.291465
33.6717 0.322266 0.730251 -0.269749 2.64429 -0.307551

33.6717 0.322266 0.724919 -0.275081 2.64429 -0.307545
33.6745 0.32959 0.724919 -0.275081 2.6335 -0.323535

33.6745 0.32959 0.719692 -0.280308 2.6335 -0.323536
33.6768 0.335473 0.719692 -0.280308 2.61906 -0.335267

33.6768 0.335468 0.719692 -0.280308 2.61907 -0.335263
33.6773 0.336914 0.719692 -0.280308 2.61529 -0.337907

33.6773 0.336914 0.714412 -0.285588 2.61529 -0.337898
33.6802 0.344238 0.714412 -0.285588 2.60975 -0.354526

33.6802 0.344238 0.70873 -0.29127 2.60975 -0.354522
33.6833 0.351562 0.70873 -0.29127 2.60042 -0.393996

33.6832 0.351562 0.703138 -0.296862 2.6004 -0.393951
33.6841 0.353538 0.703138 -0.296862 2.59452 -0.403578

33.6841 0.353513 0.703138 -0.296862 2.59462 -0.403532
33.6864 0.358887 0.703138 -0.296862 2.5861 -0.42449

33.6863 0.358887 0.697688 -0.302312 2.58609 -0.424466
33.6895 0.366211 0.697688 -0.302312 2.57241 -0.452801

33.6895 0.366211 0.692514 -0.307486 2.57241 -0.452798
33.6914 0.37046 0.692514 -0.307486 2.55737 -0.467394

33.6914 0.370442 0.692514 -0.307486 2.55746 -0.467372
33.6928 0.373535 0.692514 -0.307486 2.54477 -0.47726

33.6928 0.373535 0.687311 -0.312689 2.54475 -0.477223
33.6961 0.380859 0.687311 -0.312689 2.53139 -0.511066

33.6961 0.380859 0.681622 -0.318378 2.53139 -0.511044
33.6987 0.386488 0.681622 -0.318378 2.51727 -0.546355

33.6987 0.386475 0.681622 -0.318378 2.51734 -0.546342
33.6995 0.388184 0.681622 -0.318378 2.50992 -0.554366

33.6995 0.388184 0.675784 -0.324216 2.50991 -0.554321
33.703 0.395508 0.675784 -0.324216 2.49262 -0.588486

33.703 0.395508 0.66998 -0.33002 2.49262 -0.588484
33.7061 0.401635 0.66998 -0.33002 2.46373 -0.622221

33.7061 0.401624 0.66998 -0.33002 2.46383 -0.622208
33.7066 0.402832 0.66998 -0.33002 2.45373 -0.627668

33.7066 0.402832 0.664401 -0.335599 2.45372 -0.627638
33.7103 0.410156 0.664401 -0.335599 2.42132 -0.660288

33.7103 0.410156 0.658841 -0.341159 2.42132 -0.660263
33.7134 0.41602 0.658841 -0.341159 2.39703 -0.69474

33.7134 0.416006 0.658841 -0.341159 2.39712 -0.694737
33.7141 0.41748 0.658841 -0.341159 2.38854 -0.701062

33.7141 0.41748 0.65282 -0.34718 2.38853 -0.700988
33.718 0.424805 0.65282 -0.34718 2.36882 -0.742602

33.718 0.424805 0.646692 -0.353308 2.36882 -0.742561
33.7207 0.429707 0.646692 -0.353308 2.35263 -0.785952

33.7207 0.42968 0.646692 -0.353308 2.35288 -0.785919
33.722 0.432129 0.646692 -0.353308 2.33411 -0.802372

33.722 0.432129 0.640547 -0.359453 2.33407 -0.802243
33.7261 0.439453 0.640547 -0.359453 2.28797 -0.847589

33.7261 0.439453 0.634794 -0.365206 2.28796 -0.847483
33.728 0.442753 0.634794 -0.365206 2.26497 -0.868696

33.728 0.442706 0.634794 -0.365206 2.26531 -0.868701
33.7304 0.446777 0.634794 -0.365206 2.24475 -0.893512

33.7303 0.446777 0.628751 -0.371249 2.24466 -0.893343
33.7347 0.454102 0.628751 -0.371249 2.19348 -0.950629

33.7346 0.454102 0.625149 -0.374851 2.19348 -0.950275
33.7354 0.455281 0.625149 -0.374851 2.18107 -0.958778

33.7354 0.455205 0.622009 -0.377991 2.18188 -0.958799
33.7391 0.461426 0.622009 -0.377991 2.15884 -1.00448

33.7391 0.461426 0.61523 -0.38477 2.15882 -1.00421
33.7427 0.467114 0.61523 -0.38477 2.12814 -1.07533

33.7427 0.46708 0.616704 -0.383296 2.12867 -1.0753
33.7437 0.46875 0.616704 -0.383296 2.10543 -1.09102

33.7437 0.46875 0.607969 -0.392031 2.1054 -1.09083
33.7484 0.476074 0.607969 -0.392031 2.01554 -1.14308

33.7484 0.476074 0.603657 -0.396343 2.01554 -1.1428
33.75 0.47851 0.603657 -0.396343 1e+30 1e+30

