3.50098 0.46722 0.299293 -0.700707 -0.0983129 -0.381096
3.50456 0.46875 0.299293 -0.700707 -0.102423 -0.375437

3.50449 0.46875 0.299293 -0.700707 -0.102489 -0.375533
3.5083 0.470378 0.299293 -0.700707 -0.11024 -0.372182

3.5083 0.470364 0.289645 -0.710355 -0.110142 -0.37217
3.51562 0.47335 0.289645 -0.710355 -0.128286 -0.355335

3.51562 0.473348 0.279865 -0.720135 -0.128277 -0.355338
3.52264 0.476074 0.279865 -0.720135 -0.136409 -0.34118

3.52256 0.476074 0.279865 -0.720135 -0.136497 -0.341213
3.52295 0.476226 0.279865 -0.720135 -0.136893 -0.341146

3.52295 0.476196 0.269948 -0.730052 -0.136729 -0.341128
3.53027 0.478904 0.269948 -0.730052 -0.149988 -0.332067

3.53027 0.478903 0.259863 -0.740137 -0.149984 -0.332067
3.5376 0.481475 0.259863 -0.740137 -0.162425 -0.309151

3.5376 0.481469 0.249661 -0.750339 -0.162397 -0.309155
3.5434 0.483398 0.249661 -0.750339 -0.167729 -0.297636

3.54332 0.483398 0.249661 -0.750339 -0.167798 -0.297704
3.54492 0.483932 0.249661 -0.750339 -0.169546 -0.296687

3.54492 0.483911 0.239286 -0.760714 -0.169424 -0.296673
3.55225 0.486215 0.239286 -0.760714 -0.182025 -0.286433

3.55225 0.486215 0.228718 -0.771282 -0.182022 -0.286433
3.55957 0.488387 0.228718 -0.771282 -0.19385 -0.264529

3.55957 0.488386 0.218012 -0.781988 -0.193847 -0.26453
3.56689 0.490428 0.218012 -0.781988 -0.200253 -0.250545

3.56689 0.490423 0.207177 -0.792823 -0.200229 -0.250544
3.56804 0.490723 0.207177 -0.792823 -0.201113 -0.249689

3.56802 0.490723 0.207177 -0.792823 -0.201124 -0.249704
3.57422 0.492342 0.207177 -0.792823 -0.208412 -0.242015

3.57422 0.492341 0.196177 -0.803823 -0.208405 -0.242014
3.58154 0.494129 0.196177 -0.803823 -0.220983 -0.229062

3.58154 0.494128 0.184981 -0.815019 -0.22098 -0.229062
3.58887 0.495791 0.184981 -0.815019 -0.227485 -0.209514

3.58887 0.49579 0.1736 -0.8264 -0.227483 -0.209515
3.59619 0.497329 0.1736 -0.8264 -0.232354 -0.193637

3.59619 0.497323 0.162053 -0.837947 -0.232319 -0.193637
3.59994 0.498047 0.162053 -0.837947 -0.23455 -0.187784

3.59988 0.498047 0.162053 -0.837947 -0.234566 -0.187866
3.60352 0.498751 0.162053 -0.837947 -0.238791 -0.183145

3.60352 0.498745 0.150317 -0.849683 -0.238746 -0.183142
3.61084 0.50004 0.150317 -0.849683 -0.248874 -0.170335

3.61084 0.50004 0.138368 -0.861632 -0.248871 -0.170335
3.61816 0.501216 0.138368 -0.861632 -0.259881 -0.152674

3.61816 0.501216 0.126192 -0.873808 -0.259879 -0.152674
3.62549 0.502274 0.126192 -0.873808 -0.264924 -0.132944

3.62549 0.502274 0.113747 -0.886253 -0.264924 -0.132944
3.63281 0.503214 0.113747 -0.886253 -0.265504 -0.113176

3.63281 0.503214 0.100998 -0.899002 -0.265503 -0.113176
3.64014 0.504036 0.100998 -0.899002 -0.267207 -0.0937098

3.64014 0.504036 0.0879159 -0.912084 -0.267206 -0.0937098
3.64746 0.504742 0.0879159 -0.912084 -0.269596 -0.074331

3.64746 0.504742 0.0744888 -0.925511 -0.269595 -0.074331
3.65479 0.505332 0.0744888 -0.925511 -0.271193 -0.0574589

3.65479 0.505333 0.0607017 -0.939298 -0.271204 -0.0574594
3.65537 0.505371 0.0607017 -0.939298 -0.271268 -0.0562885

3.6554 0.505371 0.0607017 -0.939298 -0.271258 -0.0562255
3.66211 0.505805 0.0607017 -0.939298 -0.273128 -0.041443

3.66211 0.505805 0.0465341 -0.953466 -0.273129 -0.041443
3.66943 0.506162 0.0465341 -0.953466 -0.275542 -0.0238356

3.66943 0.506162 0.031972 -0.968028 -0.275542 -0.0238356
3.67676 0.506404 0.031972 -0.968028 -0.277275 -0.00609927

3.67676 0.506404 0.0170068 -0.982993 -0.277275 -0.00609926
3.68408 0.506531 0.0170068 -0.982993 -0.27796 0.0114068

3.68408 0.506531 0.00162874 -0.998371 -0.277959 0.0114068
3.69141 0.506543 0.00162874 -0.998371 -0.277508 0.0285334

3.69141 0.506542 -0.0137965 -0.986204 -0.277507 0.0285334
3.69873 0.50644 -0.0137965 -0.986204 -0.276121 0.0452825

3.69873 0.50644 -0.0287371 -0.971263 -0.276121 0.0452825
3.70605 0.506223 -0.0287371 -0.971263 -0.274407 0.0617435

3.70605 0.506223 -0.0432442 -0.956756 -0.274407 0.0617435
3.71338 0.505892 -0.0432442 -0.956756 -0.27254 0.0780034

3.71338 0.505892 -0.0573574 -0.942643 -0.27254 0.0780034
3.7207 0.505447 -0.0573574 -0.942643 -0.271879 0.0926497

3.72803 0.504886 -0.0710927 -0.928907 -0.270381 0.107599
3.72169 0.505371 -0.0710927 -0.928907 -0.271965 0.0944401

3.7207 0.505448 -0.0710927 -0.928907 -0.271886 0.09265
3.72171 0.505371 -0.0710927 -0.928907 -0.271975 0.0944733

3.72803 0.504886 -0.0844841 -0.915516 -0.270382 0.107599
3.73535 0.504211 -0.0844841 -0.915516 -0.266745 0.124881

3.73535 0.504211 -0.0975546 -0.902445 -0.266745 0.124881
3.74268 0.503419 -0.0975546 -0.902445 -0.26345 0.143047

3.74268 0.503419 -0.110302 -0.889698 -0.263451 0.143047
3.75 0.502511 -0.110302 -0.889698 1e+30 1e+30

