13.0078 0.153693 -0.887652 -0.112348 2.5286 0.648711
13.0087 0.146484 -0.887652 -0.112348 2.53583 0.615431

12.9932 0.241745 -0.824251 -0.175749 2.3868 1.06883
12.9916 0.249023 -0.824251 -0.175749 2.36958 1.1067

12.9916 0.249023 -0.81849 -0.18151 2.36958 1.1067
12.99 0.256348 -0.81849 -0.18151 2.35943 1.14549

12.99 0.256348 -0.812843 -0.187157 2.35944 1.14549
12.9883 0.263672 -0.812843 -0.187157 2.34144 1.18371

12.9947 0.234375 -0.829591 -0.170409 2.41297 1.02908
12.9932 0.241699 -0.829591 -0.170409 2.38699 1.0686

12.9932 0.241733 -0.824251 -0.175749 2.38687 1.06877
12.9932 0.241699 -0.824251 -0.175749 2.387 1.0686

12.9858 0.273906 -0.802151 -0.197849 2.30551 1.23685
12.9848 0.27832 -0.802151 -0.197849 2.28986 1.25738

12.9883 0.263672 -0.80749 -0.19251 2.34145 1.18371
12.9866 0.270996 -0.80749 -0.19251 2.31604 1.22132

12.9858 0.273886 -0.802151 -0.197849 2.30562 1.23675
12.9866 0.270996 -0.802151 -0.197849 2.31606 1.22132

12.9848 0.27832 -0.796537 -0.203463 2.28987 1.25738
12.9829 0.285645 -0.796537 -0.203463 2.2692 1.29031

12.9829 0.285645 -0.790738 -0.209262 2.2692 1.29031
12.9809 0.292969 -0.790738 -0.209262 2.2522 1.32533

12.9785 0.301788 -0.779833 -0.220167 2.21716 1.37073
12.9769 0.307617 -0.779833 -0.220167 2.19284 1.39957

12.9769 0.307617 -0.774184 -0.225816 2.19283 1.39956
12.9747 0.314941 -0.774184 -0.225816 2.16899 1.43411

12.9747 0.314941 -0.768159 -0.231841 2.16898 1.43411
12.9725 0.322266 -0.768159 -0.231841 2.14743 1.46666

12.9639 0.348787 -0.743617 -0.256383 2.05304 1.61988
12.9629 0.351562 -0.743617 -0.256383 2.03579 1.63543

12.9712 0.326552 -0.762069 -0.237931 2.13389 1.48935
12.9702 0.32959 -0.762069 -0.237931 2.12294 1.50473

12.9702 0.32959 -0.75587 -0.24413 2.12298 1.50474
12.9679 0.336914 -0.75587 -0.24413 2.10122 1.54548

12.9712 0.326526 -0.762069 -0.237931 2.13406 1.48924
12.9725 0.322266 -0.762069 -0.237931 2.14745 1.46667

12.9679 0.336914 -0.749635 -0.250365 2.10123 1.54548
12.9654 0.344238 -0.749635 -0.250365 2.07425 1.58984

12.9639 0.348747 -0.743617 -0.256383 2.05341 1.61973
12.9654 0.344238 -0.743617 -0.256383 2.0743 1.58986

12.9809 0.292969 -0.785177 -0.214823 2.25221 1.32534
12.9789 0.300293 -0.785177 -0.214823 2.22394 1.36279

12.9785 0.301773 -0.779833 -0.220167 2.21726 1.37066
12.9789 0.300293 -0.779833 -0.220167 2.22396 1.3628

12.9492 0.387567 -0.710748 -0.289252 1.86334 1.82681
12.949 0.388184 -0.710748 -0.289252 1.85861 1.83032

12.9489 0.388184 -0.703864 -0.296136 1.85879 1.83036
12.9459 0.395508 -0.703864 -0.296136 1.81468 1.87517

12.9419 0.404579 -0.68957 -0.31043 1.75617 1.92135
12.9394 0.410156 -0.68957 -0.31043 1.72418 1.95584

12.9459 0.395508 -0.696673 -0.303327 1.81467 1.87516
12.9427 0.402832 -0.696673 -0.303327 1.76808 1.91149

12.9419 0.404563 -0.68957 -0.31043 1.75635 1.92127
12.9427 0.402832 -0.68957 -0.31043 1.76814 1.9115

12.9199 0.448874 -0.642438 -0.357562 1.41843 2.16336
12.917 0.454102 -0.642438 -0.357562 1.3716 2.19865

12.9126 0.461719 -0.623583 -0.376417 1.27754 2.22558
12.9084 0.46875 -0.623583 -0.376417 1.20874 2.2649

12.917 0.454102 -0.633293 -0.366707 1.37159 2.19864
12.9128 0.461426 -0.633293 -0.366707 1.28191 2.2247

12.9126 0.461712 -0.630129 -0.369871 1.27768 2.22555
12.9128 0.461426 -0.630129 -0.369871 1.28196 2.22469

12.9346 0.420409 -0.674873 -0.325127 1.6562 2.01388
12.9325 0.424805 -0.674873 -0.325127 1.61967 2.03971

12.9272 0.435131 -0.659084 -0.340916 1.53548 2.09054
12.925 0.439453 -0.659084 -0.340916 1.50333 2.11692

12.9325 0.424805 -0.667024 -0.332976 1.61969 2.03972
12.9288 0.432129 -0.667024 -0.332976 1.55596 2.07498

12.9272 0.435103 -0.659084 -0.340916 1.53582 2.09039
12.9288 0.432129 -0.659084 -0.340916 1.55606 2.07498

12.9394 0.410156 -0.68234 -0.31766 1.72417 1.95583
12.936 0.41748 -0.68234 -0.31766 1.67529 1.99638

12.9346 0.420379 -0.674873 -0.325127 1.65655 2.01371
12.936 0.41748 -0.674873 -0.325127 1.67538 1.99639

12.925 0.439453 -0.651013 -0.348987 1.50334 2.11693
12.9211 0.446777 -0.651013 -0.348987 1.43722 2.1529

12.9199 0.448847 -0.642438 -0.357562 1.41883 2.16321
12.9211 0.446777 -0.642438 -0.357562 1.43732 2.1529

12.9629 0.351562 -0.737395 -0.262605 2.03584 1.63546
12.9603 0.358887 -0.737395 -0.262605 2.0013 1.67867

12.9603 0.358887 -0.730801 -0.269199 2.0013 1.67866
12.9576 0.366211 -0.730801 -0.269199 1.97055 1.71273

12.9565 0.368991 -0.724235 -0.275765 1.95676 1.72759
12.9548 0.373535 -0.724235 -0.275765 1.93601 1.74985

12.9548 0.373535 -0.717527 -0.282473 1.93602 1.74985
12.9519 0.380859 -0.717527 -0.282473 1.90197 1.78912

12.9565 0.36897 -0.724235 -0.275765 1.95693 1.72749
12.9576 0.366211 -0.724235 -0.275765 1.97059 1.71274

12.9492 0.387511 -0.710748 -0.289252 1.86399 1.82656
12.9519 0.380859 -0.710748 -0.289252 1.90199 1.78912

12.6562 0.603442 0.177713 -0.822287 -1.35267 -0.961368
12.6636 0.605025 0.177713 -0.822287 -1.44889 -0.805794

12.6636 0.605023 0.150123 -0.849877 -1.44884 -0.805809
12.6709 0.606317 0.150123 -0.849877 -1.52801 -0.635786

12.6709 0.606316 0.121153 -0.878847 -1.52797 -0.635795
12.6782 0.607326 0.121153 -0.878847 -1.59799 -0.472176

12.6782 0.607327 0.0906454 -0.909355 -1.59806 -0.472164
12.6841 0.60791 0.0906454 -0.909355 -1.65001 -0.353371

12.6842 0.60791 0.0906454 -0.909355 -1.6509 -0.350676
12.6855 0.608043 0.0906454 -0.909355 -1.66376 -0.325793

12.6855 0.608056 0.0577577 -0.942242 -1.66427 -0.325713
12.6929 0.608505 0.0577577 -0.942242 -1.72045 -0.176451

12.6929 0.608507 0.0216053 -0.978395 -1.72049 -0.176445
12.7002 0.608668 0.0216053 -0.978395 -1.76068 -0.0130795

12.7002 0.608669 -0.0172755 -0.982724 -1.7607 -0.0130772
12.7075 0.60854 -0.0172755 -0.982724 -1.78806 0.150414

12.7075 0.608539 -0.0540937 -0.945906 -1.78804 0.150411
12.7148 0.608121 -0.0540937 -0.945906 -1.81005 0.321943

12.7222 0.607409 -0.0878055 -0.912195 -1.8031 0.502709
12.717 0.60791 -0.0878055 -0.912195 -1.81672 0.374718

12.7148 0.608132 -0.0878055 -0.912195 -1.81031 0.321963
12.7171 0.60791 -0.0878055 -0.912195 -1.81774 0.37936

12.7222 0.607416 -0.119277 -0.880723 -1.80324 0.502684
12.7295 0.606424 -0.119277 -0.880723 -1.76347 0.68778

12.7295 0.606426 -0.149291 -0.850709 -1.7635 0.687771
12.7368 0.60514 -0.149291 -0.850709 -1.72364 0.878603

12.7368 0.605143 -0.178158 -0.821842 -1.7237 0.87858
12.7441 0.603555 -0.178158 -0.821842 -1.65629 1.06243

12.7588 0.599458 -0.231589 -0.768411 -1.50719 1.31961
12.755 0.600586 -0.231589 -0.768411 -1.54501 1.24837

12.7441 0.603556 -0.20574 -0.79426 -1.65631 1.06243
12.7515 0.601659 -0.20574 -0.79426 -1.57427 1.19317

12.7515 0.601651 -0.231589 -0.768411 -1.574 1.19317
12.755 0.600586 -0.231589 -0.768411 -1.5449 1.24762

12.7588 0.599456 -0.256483 -0.743517 -1.50712 1.31962
12.7661 0.596929 -0.256483 -0.743517 -1.43106 1.50589

12.7661 0.596927 -0.280107 -0.719893 -1.431 1.50592
12.7734 0.594077 -0.280107 -0.719893 -1.30048 1.62954

12.7954 0.583583 -0.344409 -0.655591 -0.936666 1.98855
12.7909 0.585938 -0.344409 -0.655591 -1.01582 1.90829

12.7954 0.583574 -0.364906 -0.635094 -0.936403 1.98861
12.8027 0.579366 -0.364906 -0.635094 -0.815409 2.06113

12.8174 0.569881 -0.402773 -0.597227 -0.542658 2.25899
12.8153 0.571289 -0.402773 -0.597227 -0.588369 2.22736

12.8101 0.574784 -0.385071 -0.614929 -0.718283 2.1455
12.8039 0.578613 -0.385071 -0.614929 -0.799161 2.06407

12.8027 0.579348 -0.379845 -0.620155 -0.814832 2.06104
12.8039 0.578613 -0.379845 -0.620155 -0.799102 2.06402

12.8101 0.574756 -0.404237 -0.595763 -0.717016 2.14538
12.8152 0.571289 -0.404237 -0.595763 -0.58816 2.22576

12.8174 0.569808 -0.421862 -0.578138 -0.54011 2.25927
12.8247 0.564463 -0.421862 -0.578138 -0.394088 2.31497

12.832 0.558736 -0.439652 -0.560348 -0.260888 2.35168
12.8254 0.563965 -0.439652 -0.560348 -0.381959 2.31513

12.8247 0.564461 -0.431394 -0.568606 -0.394004 2.31497
12.8254 0.563965 -0.431394 -0.568606 -0.381917 2.31511

12.8906 0.49537 -0.584539 -0.415461 0.89491 2.39136
12.8887 0.498047 -0.584539 -0.415461 0.864216 2.40914

12.8687 0.523082 -0.533574 -0.466426 0.472806 2.44623
12.8649 0.527344 -0.533574 -0.466426 0.397701 2.45348

12.876 0.514456 -0.545644 -0.454356 0.602173 2.43785
12.8713 0.52002 -0.545644 -0.454356 0.51626 2.446

12.8687 0.523097 -0.537601 -0.462399 0.472443 2.44633
12.8713 0.52002 -0.537601 -0.462399 0.516788 2.44568

12.8833 0.505307 -0.568401 -0.431599 0.75541 2.43293
12.8833 0.505371 -0.568401 -0.431599 0.754172 2.43308

12.8832 0.505371 -0.558985 -0.441015 0.754523 2.43298
12.8774 0.512695 -0.558985 -0.441015 0.626722 2.43975

12.8833 0.50523 -0.571216 -0.428784 0.757417 2.43261
12.8887 0.498047 -0.571216 -0.428784 0.864484 2.40926

12.876 0.514448 -0.551492 -0.448508 0.602351 2.43781
12.8774 0.512695 -0.551492 -0.448508 0.627047 2.43952

12.8394 0.55257 -0.457342 -0.542658 -0.112676 2.40062
12.8345 0.556641 -0.457342 -0.542658 -0.205532 2.36908

12.8467 0.545955 -0.476228 -0.523772 0.031832 2.42855
12.843 0.549316 -0.476228 -0.523772 -0.0402964 2.41422

12.8394 0.552478 -0.46896 -0.53104 -0.109565 2.40001
12.8429 0.549316 -0.46896 -0.53104 -0.0398096 2.41376

12.854 0.538834 -0.496405 -0.503595 0.174949 2.44285
12.8508 0.541992 -0.496405 -0.503595 0.112175 2.43727

12.8613 0.531227 -0.514898 -0.485102 0.3327 2.45278
12.8581 0.534668 -0.514898 -0.485102 0.263315 2.45066

12.854 0.538785 -0.505251 -0.494749 0.176166 2.44285
12.858 0.534668 -0.505251 -0.494749 0.263604 2.4506

12.8467 0.545866 -0.487321 -0.512679 0.0341302 2.42865
12.8508 0.541992 -0.487321 -0.512679 0.11239 2.43719

12.832 0.558674 -0.451044 -0.548956 -0.258696 2.35141
12.8345 0.556641 -0.451044 -0.548956 -0.205386 2.36887

12.8613 0.53121 -0.522345 -0.477655 0.333137 2.45277
12.8649 0.527344 -0.522345 -0.477655 0.398469 2.45298

12.7808 0.590912 -0.301941 -0.698059 -1.18988 1.77172
12.7753 0.593262 -0.301941 -0.698059 -1.27313 1.65043

12.7734 0.594067 -0.301941 -0.698059 -1.30007 1.62953
12.7753 0.593262 -0.301941 -0.698059 -1.27304 1.65007

12.7808 0.590916 -0.323398 -0.676602 -1.18999 1.77169
12.7881 0.587415 -0.323398 -0.676602 -1.06131 1.88785

12.7881 0.587391 -0.344409 -0.655591 -1.06032 1.88778
12.7909 0.585938 -0.344409 -0.655591 -1.01545 1.90763

12.9053 0.473688 -0.614411 -0.385589 1.1867 2.30922
12.9038 0.476074 -0.614411 -0.385589 1.15475 2.33103

12.9038 0.476074 -0.604252 -0.395748 1.15485 2.33109
12.899 0.483398 -0.604252 -0.395748 1.03395 2.35099

12.8979 0.48489 -0.593105 -0.406895 1.00625 2.35052
12.8939 0.490723 -0.593105 -0.406895 0.928076 2.36879

12.8906 0.495333 -0.582197 -0.417803 0.895575 2.39122
12.8939 0.490723 -0.582197 -0.417803 0.928271 2.36875

12.8979 0.484893 -0.601576 -0.398424 1.00617 2.35053
12.8989 0.483398 -0.601576 -0.398424 1.03417 2.35082

12.9053 0.473632 -0.614326 -0.385674 1.18782 2.30895
12.9083 0.46875 -0.614326 -0.385674 1.20895 2.26494

