34.4419 0 0.992011 -0.00798901 2.78608 0
34.442 0.0146484 0.992011 -0.00798901 2.78479 -0.0104134

34.442 0.0146484 0.980612 -0.019388 2.78484 -0.0104011
34.4422 0.0219727 0.980612 -0.019388 2.78588 -0.0177044

34.4422 0.0219727 0.974483 -0.0255173 2.78588 -0.0177043
34.4424 0.0292969 0.974483 -0.0255173 2.76755 -0.0236429

34.4424 0.0292969 0.967552 -0.0324479 2.76755 -0.0236417
34.4426 0.0366211 0.967552 -0.0324479 2.74702 -0.0205972

34.4426 0.0366211 0.960054 -0.0399456 2.74701 -0.0205928
34.4429 0.0439453 0.960054 -0.0399456 2.75696 -0.0218239

34.4429 0.0439453 0.952491 -0.0475087 2.75696 -0.0218267
34.4433 0.0512695 0.952491 -0.0475087 2.77653 -0.0316374

34.4433 0.0512695 0.945299 -0.0547007 2.77653 -0.0316409
34.4437 0.0585938 0.945299 -0.0547007 2.77377 -0.0496951

34.4437 0.0585938 0.933524 -0.0664755 2.77374 -0.049675
34.4447 0.0732422 0.933524 -0.0664755 2.77046 -0.0612533

34.4447 0.0732422 0.918561 -0.0814388 2.77046 -0.0612581
34.446 0.0878906 0.918561 -0.0814388 2.77276 -0.0678457

34.446 0.0878906 0.899227 -0.100773 2.77269 -0.0678075
34.4493 0.117188 0.899227 -0.100773 2.77311 -0.0860037

34.4493 0.117188 0.880746 -0.119254 2.77316 -0.0860609
34.4513 0.131836 0.880746 -0.119254 2.77266 -0.0929239

34.4513 0.131836 0.868293 -0.131707 2.77266 -0.0929248
34.4531 0.143923 0.868293 -0.131707 2.772 -0.0991969

34.4531 0.143922 0.868293 -0.131707 2.772 -0.0991963
34.4535 0.146484 0.868293 -0.131707 2.77205 -0.100705

34.4535 0.146484 0.856175 -0.143825 2.77205 -0.100704
34.456 0.161133 0.856175 -0.143825 2.76996 -0.110427

34.456 0.161133 0.844088 -0.155912 2.76996 -0.110424
34.4587 0.175781 0.844088 -0.155912 2.76176 -0.120061

34.4587 0.175781 0.832222 -0.167778 2.76176 -0.120062
34.4616 0.19043 0.832222 -0.167778 2.75539 -0.13152

34.4616 0.19043 0.820595 -0.179405 2.75539 -0.131516
34.4648 0.205078 0.820595 -0.179405 2.75266 -0.144407

34.4648 0.205078 0.808958 -0.191042 2.75266 -0.144402
34.4678 0.217544 0.808958 -0.191042 2.74936 -0.153984

34.4678 0.217539 0.808958 -0.191042 2.74936 -0.153982
34.4683 0.219727 0.808958 -0.191042 2.74767 -0.153328

34.4683 0.219727 0.800449 -0.199551 2.74768 -0.153366
34.4701 0.227051 0.800449 -0.199551 2.74869 -0.158461

34.4701 0.227051 0.795005 -0.204995 2.74868 -0.158455
34.472 0.234375 0.795005 -0.204995 2.75061 -0.165391

34.472 0.234375 0.789345 -0.210655 2.75061 -0.165393
34.474 0.241699 0.789345 -0.210655 2.74885 -0.172136

34.474 0.241699 0.784077 -0.215923 2.74885 -0.172137
34.4751 0.245771 0.784077 -0.215923 2.74931 -0.177419

34.4751 0.245766 0.784077 -0.215923 2.74932 -0.177414
34.476 0.249023 0.784077 -0.215923 2.74639 -0.181994

34.476 0.249023 0.778781 -0.221219 2.74639 -0.18199
34.4781 0.256348 0.778781 -0.221219 2.74234 -0.19307

34.4781 0.256348 0.773086 -0.226914 2.74234 -0.193068
34.4802 0.263672 0.773086 -0.226914 2.73286 -0.208737

34.4802 0.263672 0.767165 -0.232835 2.73286 -0.208735
34.4824 0.270924 0.767165 -0.232835 2.71587 -0.22089

34.4824 0.27092 0.767165 -0.232835 2.71587 -0.220887
34.4824 0.270996 0.767165 -0.232835 2.71568 -0.220988

34.4824 0.270996 0.761428 -0.238572 2.71568 -0.220988
34.4847 0.27832 0.761428 -0.238572 2.70258 -0.231108

34.4847 0.27832 0.755918 -0.244082 2.70258 -0.231108
34.4871 0.285645 0.755918 -0.244082 2.69759 -0.242706

34.4871 0.285645 0.750554 -0.249446 2.69759 -0.242708
34.4895 0.292969 0.750554 -0.249446 2.69158 -0.254914

34.4895 0.292969 0.745264 -0.254736 2.69157 -0.254901
34.4897 0.293587 0.745264 -0.254736 2.69096 -0.255855

34.4897 0.293574 0.745264 -0.254736 2.69098 -0.255846
34.492 0.300293 0.745264 -0.254736 2.68879 -0.266466

34.492 0.300293 0.739702 -0.260298 2.68878 -0.266462
34.4946 0.307617 0.739702 -0.260298 2.68612 -0.285777

34.4946 0.307617 0.7341 -0.2659 2.68612 -0.285781
34.4971 0.314386 0.7341 -0.2659 2.67043 -0.303603

34.4971 0.314383 0.7341 -0.2659 2.67044 -0.303601
34.4973 0.314941 0.7341 -0.2659 2.6687 -0.304693

34.4973 0.314941 0.728803 -0.271197 2.6687 -0.304693
34.5 0.322266 0.728803 -0.271197 2.6573 -0.319703

34.5 0.322266 0.723503 -0.276497 2.6573 -0.3197
34.5028 0.32959 0.723503 -0.276497 2.65051 -0.344945

34.5028 0.32959 0.718207 -0.281793 2.6505 -0.344936
34.5044 0.333669 0.718207 -0.281793 2.64261 -0.357616

34.5044 0.333656 0.718207 -0.281793 2.64265 -0.357605
34.5057 0.336914 0.718207 -0.281793 2.63612 -0.365882

34.5057 0.336914 0.712855 -0.287145 2.63611 -0.365863
34.5086 0.344238 0.712855 -0.287145 2.63102 -0.388515

34.5086 0.344238 0.707306 -0.292694 2.63101 -0.388512
34.5116 0.351562 0.707306 -0.292694 2.6106 -0.419514

34.5116 0.351562 0.701859 -0.298141 2.61057 -0.419432
34.5117 0.351762 0.701859 -0.298141 2.60967 -0.420145

34.5117 0.351724 0.701859 -0.298141 2.60986 -0.420099
34.5148 0.358887 0.701859 -0.298141 2.59165 -0.443916

34.5148 0.358887 0.696277 -0.303723 2.59164 -0.443906
34.518 0.366211 0.696277 -0.303723 2.57036 -0.473778

34.5179 0.366211 0.690662 -0.309338 2.57035 -0.473741
34.519 0.368657 0.690662 -0.309338 2.55955 -0.481386

34.519 0.368632 0.690662 -0.309338 2.55968 -0.481373
34.5212 0.373535 0.690662 -0.309338 2.54816 -0.496652

34.5212 0.373535 0.684937 -0.315063 2.54814 -0.496625
34.5246 0.380859 0.684937 -0.315063 2.53213 -0.53189

34.5246 0.380859 0.679293 -0.320707 2.53212 -0.531865
34.5264 0.384606 0.679293 -0.320707 2.51806 -0.551

34.5264 0.384581 0.679293 -0.320707 2.51819 -0.550964
34.5281 0.388184 0.679293 -0.320707 2.50474 -0.566206

34.5281 0.388184 0.673712 -0.326288 2.50471 -0.566154
34.5316 0.395508 0.673712 -0.326288 2.48066 -0.600286

34.5316 0.395508 0.668068 -0.331932 2.48066 -0.600257
34.5337 0.399711 0.668068 -0.331932 2.46214 -0.620708

34.5337 0.399687 0.668068 -0.331932 2.46227 -0.620677
34.5353 0.402832 0.668068 -0.331932 2.44886 -0.634239

34.5352 0.402832 0.662193 -0.337807 2.44883 -0.634172
34.539 0.410156 0.662193 -0.337807 2.42469 -0.674197

34.539 0.410156 0.65616 -0.34384 2.42468 -0.674141
34.541 0.414053 0.65616 -0.34384 2.40875 -0.699515

34.541 0.414023 0.65616 -0.34384 2.40893 -0.699459
34.5428 0.41748 0.65616 -0.34384 2.39489 -0.719647

34.5428 0.41748 0.64999 -0.35001 2.39484 -0.719551
34.5468 0.424805 0.64999 -0.35001 2.36009 -0.764523

34.5467 0.424805 0.643951 -0.356049 2.36007 -0.764421
34.5483 0.427683 0.643951 -0.356049 2.3407 -0.781847

34.5483 0.427639 0.643951 -0.356049 2.34103 -0.781819
34.5508 0.432129 0.643951 -0.356049 2.32307 -0.808893

34.5508 0.432129 0.637861 -0.362139 2.32299 -0.808789
34.555 0.439453 0.637861 -0.362139 2.2752 -0.859592

34.5549 0.439453 0.632802 -0.367198 2.27516 -0.859352
34.5557 0.440702 0.632802 -0.367198 2.26312 -0.866519

34.5557 0.440636 0.631485 -0.368515 2.2638 -0.866498
34.5592 0.446777 0.631485 -0.368515 2.24055 -0.904615

34.5592 0.446777 0.625088 -0.374912 2.24047 -0.904544
34.563 0.453032 0.625088 -0.374912 2.20068 -0.969422

34.563 0.453012 0.626739 -0.373261 2.20095 -0.9694
34.5636 0.454102 0.626739 -0.373261 2.18808 -0.977703

34.5636 0.454102 0.618221 -0.381779 2.18806 -0.977614
34.5682 0.461426 0.618221 -0.381779 2.12394 -1.03157

34.5681 0.461426 0.611922 -0.388078 2.12392 -1.03138
34.5703 0.464855 0.611922 -0.388078 2.09754 -1.06102

34.5703 0.464795 0.611922 -0.388078 2.09806 -1.06102
34.5728 0.46875 0.611922 -0.388078 2.07429 -1.0952

34.5728 0.46875 0.605182 -0.394818 2.07413 -1.09489
34.5776 0.476074 0.605182 -0.394818 1.99694 -1.15804

34.5775 0.476074 0.604451 -0.395549 1.99693 -1.15738
34.5776 0.476259 0.604451 -0.395549 1.99418 -1.15865

34.5776 0.476171 0.597523 -0.402477 1.99551 -1.15875
34.5825 0.483398 0.597523 -0.402477 1.92567 -1.21761

34.5825 0.483398 0.59115 -0.40885 1.92564 -1.2172
34.585 0.48698 0.59115 -0.40885 1.90439 -1.26394

34.585 0.4869 0.590484 -0.409516 1.90494 -1.26396
34.5876 0.490723 0.590484 -0.409516 1.87306 -1.3113

34.5876 0.490723 0.582486 -0.417514 1.87287 -1.31063
34.5923 0.4973 0.582486 -0.417514 1.77535 -1.37658

34.5923 0.497269 0.583501 -0.416499 1.77601 -1.37668
34.5928 0.498047 0.583501 -0.416499 1.75802 -1.38269

34.5928 0.498047 0.57389 -0.42611 1.75805 -1.3825
34.5983 0.505371 0.57389 -0.42611 1.64579 -1.43987

34.5982 0.505371 0.571646 -0.428354 1.64582 -1.43905
34.5996 0.507224 0.571646 -0.428354 1.62994 -1.45855

34.5996 0.507095 0.566203 -0.433797 1.63099 -1.45893
34.6039 0.512695 0.566203 -0.433797 1.58148 -1.5218

34.6039 0.512695 0.561484 -0.438516 1.58156 -1.52094
34.6069 0.516628 0.561484 -0.438516 1.54047 -1.57269

34.6069 0.516501 0.561131 -0.438869 1.54228 -1.57345
34.6097 0.52002 0.561131 -0.438869 1.48226 -1.61035

34.6097 0.52002 0.547483 -0.452517 1.48234 -1.60989
34.6143 0.525578 0.547483 -0.452517 1.38928 -1.64693

34.6143 0.525532 0.545769 -0.454231 1.38985 -1.64732
34.6158 0.527344 0.545769 -0.454231 1.35899 -1.65836

34.6157 0.527344 0.536943 -0.463057 1.35916 -1.65785
34.6216 0.534122 0.536943 -0.463057 1.25879 -1.69139

34.6216 0.534113 0.533584 -0.466416 1.25884 -1.69146
34.6221 0.534668 0.533584 -0.466416 1.25299 -1.69455

34.622 0.534668 0.527059 -0.472941 1.25309 -1.69424
34.6286 0.541992 0.527059 -0.472941 1.15676 -1.74718

34.6285 0.541992 0.521666 -0.478334 1.15745 -1.74514
34.6289 0.542424 0.521666 -0.478334 1.15091 -1.74823

34.6289 0.542317 0.515313 -0.484687 1.15192 -1.74928
34.6355 0.549316 0.515313 -0.484687 1.03607 -1.80299

34.6354 0.549316 0.508244 -0.491756 1.03653 -1.80164
34.6362 0.550159 0.508244 -0.491756 1.02167 -1.80856

34.6362 0.550071 0.501562 -0.498438 1.0227 -1.80938
34.6428 0.556641 0.501562 -0.498438 0.885578 -1.86232

34.6426 0.556641 0.49424 -0.50576 0.886567 -1.8601
34.6436 0.55754 0.49424 -0.50576 0.86408 -1.86762

34.6436 0.557409 0.48729 -0.51271 0.866281 -1.8689
34.6505 0.563965 0.48729 -0.51271 0.695437 -1.90124

34.6503 0.563965 0.481432 -0.518568 0.697042 -1.89896
34.6509 0.564508 0.481432 -0.518568 0.682061 -1.90063

34.6509 0.564388 0.474238 -0.525762 0.68406 -1.90213
34.6582 0.570994 0.474238 -0.525762 0.523202 -1.92515

34.6582 0.570985 0.465356 -0.534644 0.523304 -1.92526
34.6586 0.571289 0.465356 -0.534644 0.517005 -1.92637

34.6585 0.571289 0.459342 -0.540658 0.517101 -1.92621
34.6655 0.577225 0.459342 -0.540658 0.38266 -1.96425

34.6655 0.577188 0.445203 -0.554797 0.383198 -1.96474
34.6673 0.578613 0.445203 -0.554797 0.346723 -1.97529

34.6673 0.578613 0.443146 -0.556854 0.347058 -1.97464
34.6729 0.583059 0.443146 -0.556854 0.217385 -1.98153

34.6729 0.583012 0.42691 -0.57309 0.218247 -1.98228
34.6768 0.585938 0.42691 -0.57309 0.123976 -1.9721

34.6766 0.585938 0.423451 -0.576549 0.125326 -1.97141
34.6802 0.588528 0.423451 -0.576549 0.0387344 -1.95555

34.6802 0.588503 0.411229 -0.588771 0.0392222 -1.95589
34.687 0.593262 0.411229 -0.588771 -0.11637 -1.92931

34.6868 0.593262 0.401593 -0.598407 -0.115062 -1.9284
34.6875 0.593699 0.401593 -0.598407 1e+30 1e+30

