11.0076 0.402832 -0.669915 -0.330085 1.63073 1.8935
11.004 0.410156 -0.669915 -0.330085 1.58365 1.93794

11.0083 0.401356 -0.677306 -0.322694 1.64222 1.88598
11.0111 0.395508 -0.677306 -0.322694 1.67535 1.85765

10.9717 0.466097 -0.601663 -0.398337 1.07732 2.21669
10.9699 0.46875 -0.601663 -0.398337 1.05134 2.23919

10.9863 0.442678 -0.629401 -0.370599 1.32482 2.10529
10.9839 0.446777 -0.629401 -0.370599 1.28238 2.13757

10.9839 0.446777 -0.620391 -0.379609 1.28237 2.13756
10.9794 0.454102 -0.620391 -0.379609 1.1776 2.15561

10.979 0.454779 -0.610527 -0.389473 1.16604 2.1564
10.9748 0.461426 -0.610527 -0.389473 1.09407 2.18241

10.9717 0.466051 -0.6012 -0.3988 1.07805 2.21652
10.9747 0.461426 -0.6012 -0.3988 1.09427 2.18244

10.979 0.45477 -0.61873 -0.38127 1.16623 2.15638
10.9794 0.454102 -0.61873 -0.38127 1.17772 2.15556

11.001 0.416131 -0.662333 -0.337667 1.54443 1.97035
11.0003 0.41748 -0.662333 -0.337667 1.52964 1.97704

11.0003 0.41748 -0.654198 -0.345802 1.52984 1.97709
10.9964 0.424805 -0.654198 -0.345802 1.46284 2.013

10.9937 0.429841 -0.645867 -0.354133 1.42908 2.03277
10.9924 0.432129 -0.645867 -0.354133 1.40597 2.04329

10.9924 0.432129 -0.637621 -0.362379 1.40613 2.04332
10.9882 0.439453 -0.637621 -0.362379 1.34286 2.08304

10.9937 0.42979 -0.645867 -0.354133 1.42986 2.03258
10.9964 0.424805 -0.645867 -0.354133 1.46295 2.01298

11.001 0.416069 -0.662333 -0.337667 1.5454 1.97012
11.004 0.410156 -0.662333 -0.337667 1.5837 1.93794

10.9863 0.442642 -0.629401 -0.370599 1.32526 2.10508
10.9882 0.439453 -0.629401 -0.370599 1.34301 2.08306

11.0889 0.0166148 -0.982399 -0.017601 2.54216 0.0642397
11.0886 0.0292969 -0.982399 -0.017601 2.54283 0.116368

11.089 0 -0.994077 -0.00592251 2.53998 0
11.0889 0.0146484 -0.994077 -0.00592251 2.54162 0.0566915

11.0889 0.0166009 -0.982399 -0.017601 2.54216 0.0641863
11.0889 0.0146484 -0.982399 -0.017601 2.54162 0.0566916

11.0886 0.0292969 -0.970694 -0.0293056 2.54281 0.116369
11.0882 0.0439453 -0.970694 -0.0293056 2.53912 0.179473

11.0882 0.0439453 -0.961887 -0.0381134 2.53921 0.179465
11.0879 0.0512695 -0.961887 -0.0381134 2.53372 0.210624

11.0879 0.0512695 -0.956093 -0.043907 2.53372 0.210624
11.0876 0.0585938 -0.956093 -0.043907 2.52765 0.242161

11.0876 0.0585938 -0.950146 -0.049854 2.52764 0.242161
11.0872 0.065918 -0.950146 -0.049854 2.51214 0.27011

11.0872 0.065918 -0.943285 -0.0567148 2.51212 0.270112
11.0867 0.0732422 -0.943285 -0.0567148 2.49238 0.294831

11.0867 0.0732422 -0.936915 -0.0630855 2.49242 0.294824
11.0862 0.0805664 -0.936915 -0.0630855 2.49288 0.32424

11.0862 0.0805664 -0.931877 -0.0681233 2.49288 0.324239
11.0857 0.0878906 -0.931877 -0.0681233 2.49923 0.359319

11.0857 0.0878906 -0.926651 -0.0733487 2.49921 0.359318
11.0851 0.0952148 -0.926651 -0.0733487 2.49515 0.396051

11.0851 0.0952148 -0.920916 -0.0790838 2.49514 0.396049
11.0845 0.102539 -0.920916 -0.0790838 2.48717 0.434401

11.0845 0.102539 -0.915377 -0.0846231 2.48718 0.434407
11.0838 0.109863 -0.915377 -0.0846231 2.48303 0.471418

11.0838 0.109863 -0.910252 -0.0897479 2.48303 0.471421
11.0831 0.117188 -0.910252 -0.0897479 2.48073 0.506436

11.0742 0.183674 -0.857843 -0.142157 2.40064 0.789635
11.0731 0.19043 -0.857843 -0.142157 2.38819 0.822166

11.0731 0.19043 -0.846459 -0.153541 2.38821 0.82217
11.0704 0.205078 -0.846459 -0.153541 2.36756 0.894618

11.0704 0.205078 -0.835289 -0.164711 2.36757 0.894621
11.0676 0.219727 -0.835289 -0.164711 2.34295 0.965919

11.0669 0.222804 -0.827135 -0.172865 2.33577 0.981662
11.066 0.227051 -0.827135 -0.172865 2.32772 1.00057

11.066 0.227051 -0.821306 -0.178694 2.32771 1.00057
11.0644 0.234375 -0.821306 -0.178694 2.31612 1.03418

11.0669 0.2228 -0.827135 -0.172865 2.33579 0.981642
11.0675 0.219727 -0.827135 -0.172865 2.34307 0.965948

11.0815 0.131627 -0.899561 -0.100439 2.46696 0.562277
11.0815 0.131836 -0.899561 -0.100439 2.46399 0.565327

11.0831 0.117188 -0.905207 -0.094793 2.48073 0.506434
11.0823 0.124512 -0.905207 -0.094793 2.47711 0.535927

11.0815 0.131615 -0.899561 -0.100439 2.467 0.562234
11.0823 0.124512 -0.899561 -0.100439 2.47709 0.535921

11.0815 0.131836 -0.890817 -0.109183 2.46391 0.565326
11.0797 0.146484 -0.890817 -0.109183 2.44461 0.622511

11.0797 0.146484 -0.879625 -0.120375 2.44462 0.622513
11.0777 0.161133 -0.879625 -0.120375 2.42725 0.684779

11.0777 0.161133 -0.868836 -0.131164 2.42725 0.684779
11.0755 0.175781 -0.868836 -0.131164 2.40868 0.751857

11.0742 0.183624 -0.857843 -0.142157 2.40081 0.789411
11.0755 0.175781 -0.857843 -0.142157 2.40867 0.751856

11.0596 0.255117 -0.804993 -0.195007 2.25205 1.13213
11.0593 0.256348 -0.804993 -0.195007 2.24688 1.13874

11.0593 0.256348 -0.799662 -0.200338 2.24692 1.13875
11.0574 0.263672 -0.799662 -0.200338 2.22795 1.17991

11.0644 0.234375 -0.815576 -0.184424 2.31612 1.03419
11.0628 0.241699 -0.815576 -0.184424 2.29804 1.06804

11.0628 0.241699 -0.810165 -0.189835 2.29804 1.06804
11.061 0.249023 -0.810165 -0.189835 2.27205 1.10215

11.0596 0.255083 -0.804993 -0.195007 2.25227 1.13197
11.061 0.249023 -0.804993 -0.195007 2.27207 1.10215

11.0574 0.263672 -0.793682 -0.206318 2.22793 1.1799
11.0555 0.270996 -0.793682 -0.206318 2.21878 1.21949

11.0555 0.270996 -0.787552 -0.212448 2.21879 1.21949
11.0536 0.27832 -0.787552 -0.212448 2.19763 1.26031

11.0522 0.283024 -0.781793 -0.218207 2.1806 1.28772
11.0515 0.285645 -0.781793 -0.218207 2.16921 1.3004

11.0515 0.285645 -0.776135 -0.223865 2.16925 1.30042
11.0494 0.292969 -0.776135 -0.223865 2.14279 1.33534

11.0522 0.282992 -0.781793 -0.218207 2.18082 1.2876
11.0536 0.27832 -0.781793 -0.218207 2.19766 1.26032

11.0449 0.307728 -0.758512 -0.241488 2.08927 1.40595
11.0426 0.314941 -0.758512 -0.241488 2.05897 1.44211

11.0426 0.314941 -0.752301 -0.247699 2.05896 1.4421
11.0402 0.322266 -0.752301 -0.247699 2.03442 1.476

11.0303 0.35014 -0.726517 -0.273483 1.92662 1.61632
11.0297 0.351562 -0.726517 -0.273483 1.91753 1.62406

11.0376 0.329946 -0.739706 -0.260294 2.00222 1.50995
11.0351 0.336914 -0.739706 -0.260294 1.9756 1.54396

11.0402 0.322266 -0.746038 -0.253962 2.03443 1.476
11.0377 0.32959 -0.746038 -0.253962 2.00405 1.50824

11.0376 0.329942 -0.739706 -0.260294 2.00226 1.50994
11.0377 0.32959 -0.739706 -0.260294 2.00405 1.50824

11.0351 0.336914 -0.733113 -0.266887 1.97559 1.54396
11.0325 0.344238 -0.733113 -0.266887 1.95232 1.58192

11.0303 0.350091 -0.726517 -0.273483 1.92709 1.61615
11.0325 0.344238 -0.726517 -0.273483 1.95235 1.58193

11.0494 0.292969 -0.770268 -0.229732 2.14278 1.33533
11.0472 0.300293 -0.770268 -0.229732 2.12118 1.36935

11.0472 0.300293 -0.764409 -0.235591 2.12118 1.36935
11.045 0.307617 -0.764409 -0.235591 2.08985 1.40538

11.0449 0.307723 -0.758512 -0.241488 2.08931 1.40593
11.045 0.307617 -0.758512 -0.241488 2.08985 1.40539

11.0297 0.351562 -0.719729 -0.280271 1.91764 1.62413
11.0269 0.358887 -0.719729 -0.280271 1.8835 1.66709

11.0269 0.358887 -0.712753 -0.287247 1.8835 1.66709
11.0239 0.366211 -0.712753 -0.287247 1.85053 1.70323

11.0229 0.368551 -0.705996 -0.294004 1.83768 1.71571
11.0209 0.373535 -0.705996 -0.294004 1.81366 1.74123

11.0209 0.373535 -0.699109 -0.300891 1.81366 1.74123
11.0177 0.380859 -0.699109 -0.300891 1.7737 1.77939

11.0229 0.368532 -0.705996 -0.294004 1.83785 1.71563
11.0239 0.366211 -0.705996 -0.294004 1.85058 1.70324

11.0156 0.385553 -0.692056 -0.307944 1.74784 1.80566
11.0177 0.380859 -0.692056 -0.307944 1.77377 1.77941

10.8398 0.583712 -0.288538 -0.711462 -1.16581 1.59434
10.8344 0.585938 -0.288538 -0.711462 -1.22728 1.50199

10.8398 0.583714 -0.309829 -0.690171 -1.16585 1.59433
10.8472 0.580426 -0.309829 -0.690171 -1.06065 1.70866

10.8545 0.576836 -0.330113 -0.669887 -0.95011 1.80937
10.8509 0.578613 -0.330113 -0.669887 -1.00829 1.75124

10.8472 0.5804 -0.330113 -0.669887 -1.05964 1.7086
10.8508 0.578613 -0.330113 -0.669887 -1.0082 1.75001

10.8691 0.568642 -0.36745 -0.63255 -0.708339 2.01044
10.8646 0.571289 -0.36745 -0.63255 -0.791888 1.92888

10.8545 0.576817 -0.349237 -0.650763 -0.949532 1.80946
10.8618 0.572886 -0.349237 -0.650763 -0.837057 1.90265

10.8618 0.572863 -0.36745 -0.63255 -0.836162 1.90258
10.8645 0.571289 -0.36745 -0.63255 -0.791547 1.92822

10.8911 0.553794 -0.421234 -0.578766 -0.342101 2.19007
10.8872 0.556641 -0.421234 -0.578766 -0.411105 2.16463

10.8984 0.548156 -0.439812 -0.560188 -0.215886 2.2295
10.897 0.549316 -0.439812 -0.560188 -0.240802 2.21679

10.8911 0.55375 -0.437773 -0.562227 -0.340902 2.1902
10.8968 0.549316 -0.437773 -0.562227 -0.240066 2.21549

10.8691 0.568635 -0.385052 -0.614948 -0.708125 2.01049
10.8765 0.564049 -0.385052 -0.614948 -0.5825 2.07056

10.8838 0.559108 -0.403497 -0.596503 -0.479698 2.1208
10.8766 0.563965 -0.403497 -0.596503 -0.58082 2.07047

10.8765 0.564051 -0.393518 -0.606482 -0.582545 2.07056
10.8766 0.563965 -0.393518 -0.606482 -0.58076 2.07046

10.8838 0.559055 -0.41856 -0.58144 -0.477797 2.12065
10.8871 0.556641 -0.41856 -0.58144 -0.410747 2.16375

10.7812 0.599286 -0.114915 -0.885085 -1.66945 0.48626
10.7886 0.598335 -0.114915 -0.885085 -1.64513 0.636627

10.7886 0.598336 -0.14397 -0.85603 -1.64515 0.636622
10.7959 0.597104 -0.14397 -0.85603 -1.62089 0.795917

10.7959 0.597105 -0.171534 -0.828466 -1.6209 0.795913
10.8032 0.595589 -0.171534 -0.828466 -1.55516 0.954345

10.8032 0.595587 -0.197264 -0.802736 -1.55511 0.954342
10.8105 0.593787 -0.197264 -0.802736 -1.49079 1.08024

10.8179 0.591708 -0.221117 -0.778883 -1.43267 1.21818
10.8124 0.593262 -0.221117 -0.778883 -1.47799 1.10749

10.8105 0.593786 -0.221117 -0.778883 -1.49076 1.08024
10.8124 0.593262 -0.221117 -0.778883 -1.47799 1.10746

10.8179 0.591713 -0.24433 -0.75567 -1.43281 1.21815
10.8252 0.589345 -0.24433 -0.75567 -1.35155 1.40086

10.8252 0.589345 -0.266964 -0.733036 -1.35155 1.40086
10.8325 0.586677 -0.266964 -0.733036 -1.24662 1.4909

10.8325 0.586668 -0.288538 -0.711462 -1.24633 1.49089
10.8343 0.585938 -0.288538 -0.711462 -1.22718 1.50176

10.9277 0.521196 -0.503159 -0.496841 0.313632 2.32835
10.9217 0.527344 -0.503159 -0.496841 0.204212 2.32257

10.9497 0.496197 -0.55687 -0.44313 0.703724 2.31095
10.9482 0.498047 -0.55687 -0.44313 0.67677 2.31714

10.957 0.486753 -0.569311 -0.430689 0.815428 2.27945
10.954 0.490723 -0.569311 -0.430689 0.767355 2.29691

10.9497 0.496139 -0.557542 -0.442458 0.704929 2.31081
10.954 0.490723 -0.557542 -0.442458 0.767496 2.29699

10.9424 0.505109 -0.540426 -0.459574 0.569639 2.32583
10.9422 0.505371 -0.540426 -0.459574 0.565561 2.32602

10.9421 0.505371 -0.532063 -0.467937 0.565898 2.3259
10.9357 0.512695 -0.532063 -0.467937 0.451224 2.32759

10.9351 0.513369 -0.51816 -0.48184 0.441379 2.32723
10.9289 0.52002 -0.51816 -0.48184 0.334151 2.32799

10.9277 0.521176 -0.510041 -0.489959 0.314129 2.32827
10.9288 0.52002 -0.510041 -0.489959 0.334388 2.32788

10.9351 0.513354 -0.524455 -0.475545 0.44171 2.32717
10.9357 0.512695 -0.524455 -0.475545 0.451387 2.3275

10.9424 0.505037 -0.5453 -0.4547 0.571235 2.32562
10.9482 0.498047 -0.5453 -0.4547 0.676946 2.31717

10.9058 0.541986 -0.470102 -0.529898 -0.0800778 2.27429
10.9131 0.535489 -0.470102 -0.529898 0.0506367 2.30102

10.8984 0.548074 -0.454099 -0.545901 -0.213622 2.2295
10.9057 0.541992 -0.454099 -0.545901 -0.0801693 2.27423

10.9204 0.528574 -0.485833 -0.514167 0.18139 2.31996
10.914 0.534668 -0.485833 -0.514167 0.0668764 2.30337

10.9131 0.535467 -0.479044 -0.520956 0.0512326 2.30094
10.914 0.534668 -0.479044 -0.520956 0.0669177 2.30334

10.9204 0.528545 -0.494759 -0.505241 0.182159 2.31985
10.9216 0.527344 -0.494759 -0.505241 0.204423 2.32242

10.9644 0.476778 -0.580346 -0.419654 0.934363 2.25687
10.9596 0.483398 -0.580346 -0.419654 0.84403 2.26983

10.9699 0.46875 -0.59151 -0.40849 1.05146 2.23928
10.9649 0.476074 -0.59151 -0.40849 0.947259 2.25682

10.9644 0.476756 -0.587236 -0.412764 0.934872 2.25681
10.9648 0.476074 -0.587236 -0.412764 0.94738 2.25675

10.957 0.48675 -0.572952 -0.427048 0.815486 2.27943
10.9595 0.483398 -0.572952 -0.427048 0.844452 2.2697

