6.3208 0.465599 -0.475279 -0.524721 0.304106 1.69039
6.31732 0.46875 -0.475279 -0.524721 1e+30 1e+30

6.32812 0.458653 -0.489117 -0.510883 0.374494 1.69444
6.32523 0.461426 -0.489117 -0.510883 0.346213 1.69097

6.3208 0.465517 -0.482431 -0.517569 0.305218 1.69049
6.32519 0.461426 -0.482431 -0.517569 0.346323 1.69096

6.49914 0 -0.995116 -0.00488383 2.09108 0
6.4991 0.00732422 -0.995116 -0.00488383 2.08786 0.0352333

6.4991 0.00732422 -0.985704 -0.0142962 2.08787 0.0352338
6.49899 0.0146484 -0.985704 -0.0142962 2.08551 0.0688943

6.49899 0.0146484 -0.976717 -0.0232829 2.08551 0.0688945
6.49882 0.0219727 -0.976717 -0.0232829 2.07897 0.096484

6.49882 0.0219727 -0.968494 -0.0315062 2.07899 0.0964856
6.49858 0.0292969 -0.968494 -0.0315062 2.07173 0.125027

6.4986 0.0292969 -0.955391 -0.0446088 2.07153 0.12502
6.49792 0.0439453 -0.955391 -0.0446088 2.0626 0.184443

6.49791 0.0439453 -0.938557 -0.0614432 2.06263 0.184444
6.49695 0.0585938 -0.938557 -0.0614432 2.05119 0.24854

6.49695 0.0585938 -0.922479 -0.0775206 2.05117 0.248539
6.49572 0.0732422 -0.922479 -0.0775206 2.03715 0.317024

6.49571 0.0732422 -0.910678 -0.0893221 2.03731 0.317047
6.49499 0.0805664 -0.910678 -0.0893221 2.03172 0.350941

6.49499 0.0805664 -0.903609 -0.0963912 2.03174 0.350945
6.4942 0.0878906 -0.903609 -0.0963912 2.02741 0.38218

6.49421 0.0878906 -0.896249 -0.103751 2.02738 0.382172
6.49336 0.0952148 -0.896249 -0.103751 2.02618 0.414369

6.49336 0.0952148 -0.888502 -0.111498 2.02619 0.414371
6.49244 0.102539 -0.888502 -0.111498 2.01477 0.441278

6.49244 0.102539 -0.880029 -0.119971 2.01474 0.441283
6.49145 0.109863 -0.880029 -0.119971 1.99142 0.46553

6.49144 0.109863 -0.872737 -0.127263 1.99149 0.465524
6.49037 0.117188 -0.872737 -0.127263 1.9825 0.49428

6.48926 0.124351 -0.866054 -0.133946 1.97585 0.523872
6.48923 0.124512 -0.866054 -0.133946 1.9756 0.524501

6.48924 0.124512 -0.85788 -0.14212 1.97552 0.524498
6.48803 0.131836 -0.85788 -0.14212 1.97283 0.555565

6.48805 0.131836 -0.846233 -0.153767 1.97267 0.555536
6.48539 0.146484 -0.846233 -0.153767 1.95953 0.623052

6.48926 0.124419 -0.866054 -0.133946 1.97566 0.524133
6.49038 0.117188 -0.866054 -0.133946 1.98243 0.494283

6.48537 0.146484 -0.834946 -0.165054 1.95971 0.623092
6.48392 0.153809 -0.834946 -0.165054 1.95082 0.658344

6.48392 0.153809 -0.82758 -0.17242 1.95082 0.658344
6.48239 0.161133 -0.82758 -0.17242 1.9355 0.697895

6.48193 0.163231 -0.820382 -0.179618 1.93068 0.710119
6.48079 0.168457 -0.820382 -0.179618 1.91892 0.739263

6.48079 0.168457 -0.813305 -0.186695 1.91892 0.739262
6.47911 0.175781 -0.813305 -0.186695 1.90042 0.778392

6.48193 0.163231 -0.820382 -0.179618 1.93069 0.710116
6.48239 0.161133 -0.820382 -0.179618 1.93551 0.697896

6.47461 0.193839 -0.79181 -0.20819 1.84572 0.854025
6.47358 0.197754 -0.79181 -0.20819 1.83446 0.867808

6.47358 0.197754 -0.78489 -0.21511 1.83447 0.867817
6.47157 0.205078 -0.78489 -0.21511 1.82161 0.895129

6.47157 0.205078 -0.777705 -0.222295 1.82161 0.895124
6.46948 0.212402 -0.777705 -0.222295 1.81175 0.922394

6.46948 0.212402 -0.770425 -0.229575 1.81175 0.922394
6.4673 0.219727 -0.770425 -0.229575 1.79045 0.948915

6.46729 0.219766 -0.763017 -0.236983 1.7903 0.949057
6.46502 0.227051 -0.763017 -0.236983 1.76833 0.975727

6.46502 0.227051 -0.755459 -0.244541 1.76832 0.975726
6.46265 0.234375 -0.755459 -0.244541 1.74914 1.00491

6.46729 0.219763 -0.763017 -0.236983 1.79032 0.949047
6.4673 0.219727 -0.763017 -0.236983 1.79044 0.948914

6.47911 0.175781 -0.806115 -0.193885 1.90041 0.778388
6.47735 0.183105 -0.806115 -0.193885 1.88231 0.810643

6.47735 0.183105 -0.798829 -0.201171 1.88231 0.810642
6.4755 0.19043 -0.798829 -0.201171 1.85842 0.83952

6.47461 0.193813 -0.79181 -0.20819 1.84586 0.853941
6.4755 0.19043 -0.79181 -0.20819 1.85845 0.839537

6.44531 0.281013 -0.705377 -0.294623 1.59065 1.19283
6.44338 0.285645 -0.705377 -0.294623 1.57548 1.2135

6.44338 0.285645 -0.698405 -0.301595 1.5755 1.21351
6.44021 0.292969 -0.698405 -0.301595 1.55483 1.24694

6.41602 0.342036 -0.645947 -0.354053 1.31656 1.44449
6.41481 0.344238 -0.645947 -0.354053 1.2974 1.45387

6.41479 0.344238 -0.637715 -0.362285 1.29752 1.45393
6.41063 0.351562 -0.637715 -0.362285 1.23925 1.47459

6.43066 0.313743 -0.676508 -0.323492 1.45776 1.33409
6.43009 0.314941 -0.676508 -0.323492 1.44779 1.33804

6.43007 0.314941 -0.668762 -0.331238 1.44797 1.3381
6.42644 0.322266 -0.668762 -0.331238 1.40252 1.36605

6.43799 0.297981 -0.691398 -0.308602 1.54104 1.27176
6.43696 0.300293 -0.691398 -0.308602 1.52852 1.28187

6.43695 0.300293 -0.684109 -0.315891 1.52859 1.2819
6.43356 0.307617 -0.684109 -0.315891 1.49074 1.31249

6.43799 0.29794 -0.691398 -0.308602 1.5414 1.27165
6.44021 0.292969 -0.691398 -0.308602 1.55487 1.24696

6.43066 0.313674 -0.676508 -0.323492 1.45858 1.33394
6.43356 0.307617 -0.676508 -0.323492 1.49078 1.31249

6.42334 0.328346 -0.66106 -0.33894 1.38009 1.38319
6.4227 0.32959 -0.66106 -0.33894 1.3741 1.38722

6.42268 0.32959 -0.653551 -0.346449 1.37424 1.38725
6.4188 0.336914 -0.653551 -0.346449 1.34053 1.41923

6.42334 0.328297 -0.66106 -0.33894 1.3805 1.38306
6.42643 0.322266 -0.66106 -0.33894 1.40256 1.36604

6.41602 0.341979 -0.645947 -0.354053 1.3173 1.44436
6.41879 0.336914 -0.645947 -0.354053 1.3406 1.41925

6.37207 0.409269 -0.567656 -0.432344 0.829274 1.68613
6.37139 0.410156 -0.567656 -0.432344 0.817795 1.68854

6.38672 0.389222 -0.585929 -0.414071 0.958689 1.60938
6.38228 0.395508 -0.585929 -0.414071 0.902596 1.62524

6.37939 0.399461 -0.578227 -0.421773 0.894472 1.64577
6.37694 0.402832 -0.578227 -0.421773 0.877092 1.66616

6.37207 0.409192 -0.568227 -0.431773 0.830455 1.6862
6.3769 0.402832 -0.568227 -0.431773 0.877211 1.66645

6.37939 0.39943 -0.578001 -0.421999 0.894715 1.64578
6.38226 0.395508 -0.578001 -0.421999 0.902748 1.6253

6.3501 0.435681 -0.528548 -0.471452 0.60154 1.70293
6.34673 0.439453 -0.528548 -0.471452 0.564974 1.70656

6.35742 0.427276 -0.539282 -0.460718 0.671099 1.69303
6.35328 0.432129 -0.539282 -0.460718 0.630209 1.70207

6.3501 0.435685 -0.532601 -0.467399 0.601479 1.70294
6.35322 0.432129 -0.532601 -0.467399 0.630578 1.70195

6.33545 0.451363 -0.502359 -0.497641 0.450258 1.70036
6.33274 0.454102 -0.502359 -0.497641 0.422762 1.69849

6.34277 0.443714 -0.515296 -0.484704 0.525398 1.70377
6.33989 0.446777 -0.515296 -0.484704 0.495118 1.70329

6.33545 0.451336 -0.508813 -0.491187 0.450626 1.70038
6.33985 0.446777 -0.508813 -0.491187 0.495255 1.70332

6.32812 0.458599 -0.495593 -0.504407 0.375202 1.6945
6.3327 0.454102 -0.495593 -0.504407 0.422877 1.69849

6.34277 0.443705 -0.521361 -0.478639 0.525515 1.70378
6.34668 0.439453 -0.521361 -0.478639 0.565137 1.70668

6.36475 0.418488 -0.548397 -0.451603 0.733023 1.68621
6.35954 0.424805 -0.548397 -0.451603 0.68685 1.69047

6.37136 0.410156 -0.558723 -0.441277 0.817914 1.68872
6.36557 0.41748 -0.558723 -0.441277 0.74012 1.68773

6.36475 0.418484 -0.553207 -0.446793 0.733065 1.68621
6.36556 0.41748 -0.553207 -0.446793 0.740197 1.6877

6.35742 0.427284 -0.542812 -0.457188 0.671012 1.69304
6.35951 0.424805 -0.542812 -0.457188 0.687061 1.69044

6.39404 0.378423 -0.605319 -0.394681 1.09268 1.57992
6.39245 0.380859 -0.605319 -0.394681 1.06754 1.59651

6.40137 0.366955 -0.612676 -0.387324 1.1402 1.51023
6.39721 0.373535 -0.612676 -0.387324 1.11229 1.54464

6.39404 0.37836 -0.604729 -0.395271 1.09362 1.57978
6.3972 0.373535 -0.604729 -0.395271 1.11239 1.54469

6.40869 0.354869 -0.629168 -0.370832 1.2195 1.48144
6.40632 0.358887 -0.629168 -0.370832 1.19075 1.49031

6.40632 0.358887 -0.620735 -0.379265 1.19079 1.49032
6.40184 0.366211 -0.620735 -0.379265 1.14364 1.50785

6.40869 0.354833 -0.629168 -0.370832 1.21986 1.48133
6.41062 0.351562 -0.629168 -0.370832 1.23933 1.47457

6.40137 0.366961 -0.61952 -0.38048 1.14015 1.51024
6.40183 0.366211 -0.61952 -0.38048 1.14372 1.50787

6.39244 0.380859 -0.59541 -0.40459 1.06767 1.59664
6.38746 0.388184 -0.59541 -0.40459 0.974422 1.60884

6.38672 0.389224 -0.592553 -0.407447 0.95866 1.60938
6.38743 0.388184 -0.592553 -0.407447 0.974482 1.60884

6.45996 0.242346 -0.741253 -0.258747 1.72015 1.03717
6.45763 0.249023 -0.741253 -0.258747 1.69945 1.06624

6.45264 0.262638 -0.727313 -0.272687 1.66062 1.12254
6.45225 0.263672 -0.727313 -0.272687 1.65548 1.12659

6.45763 0.249023 -0.73429 -0.26571 1.69945 1.06624
6.45498 0.256348 -0.73429 -0.26571 1.68202 1.09632

6.45264 0.262592 -0.727313 -0.272687 1.66097 1.12242
6.45498 0.256348 -0.727313 -0.272687 1.68204 1.09633

6.46265 0.234375 -0.748209 -0.251791 1.74915 1.00491
6.46019 0.241699 -0.748209 -0.251791 1.72295 1.03442

6.45996 0.242342 -0.741253 -0.258747 1.72018 1.03716
6.46019 0.241699 -0.741253 -0.258747 1.72295 1.03442

6.45224 0.263672 -0.720062 -0.279938 1.65557 1.12663
6.44939 0.270996 -0.720062 -0.279938 1.62767 1.15413

6.44939 0.270996 -0.712567 -0.287433 1.62767 1.15413
6.44644 0.27832 -0.712567 -0.287433 1.60129 1.18049

6.44531 0.280991 -0.705377 -0.294623 1.5908 1.19276
6.44643 0.27832 -0.705377 -0.294623 1.60135 1.18052

6.09375 0.55807 0.0119098 -0.98809 -1.07045 -0.042521
6.10107 0.558158 0.0119098 -0.98809 -1.07743 0.0360458

6.10107 0.558158 -0.0136134 -0.986387 -1.07742 0.0360457
6.1084 0.558057 -0.0136134 -0.986387 -1.08003 0.114081

6.1084 0.558057 -0.0380955 -0.961904 -1.08003 0.114081
6.11572 0.557767 -0.0380955 -0.961904 -1.07983 0.195881

6.11572 0.557767 -0.0613567 -0.938643 -1.07983 0.195881
6.12305 0.557288 -0.0613567 -0.938643 -1.07562 0.28084

6.13037 0.556617 -0.083343 -0.916657 -1.06883 0.361571
6.13011 0.556641 -0.083343 -0.916657 -1.06901 0.358793

6.13037 0.556623 -0.104371 -0.895629 -1.06892 0.361566
6.1377 0.555769 -0.104371 -0.895629 -1.05532 0.445351

6.1377 0.555769 -0.12473 -0.87527 -1.05532 0.44535
6.14502 0.554726 -0.12473 -0.87527 -1.03223 0.531472

6.14502 0.554726 -0.144373 -0.855627 -1.03223 0.53147
6.15234 0.55349 -0.144373 -0.855627 1e+30 1e+30

6.12305 0.557288 -0.083343 -0.916657 -1.07561 0.280839
6.13016 0.556641 -0.083343 -0.916657 -1.06905 0.359397

