5.85938 0.445571 0.507776 -0.492224 0.826373 -1.33666
5.86054 0.446777 0.507776 -0.492224 0.81518 -1.33924

5.86053 0.446777 0.50267 -0.49733 0.815181 -1.33918
5.8667 0.453009 0.50267 -0.49733 0.749886 -1.35429

5.8667 0.452989 0.496726 -0.503274 0.750123 -1.35437
5.86783 0.454102 0.496726 -0.503274 0.735944 -1.35584

5.8678 0.454102 0.490407 -0.509593 0.735963 -1.35569
5.87402 0.460094 0.490407 -0.509593 0.663433 -1.36157

5.87402 0.460085 0.484411 -0.515589 0.663512 -1.36161
5.87545 0.461426 0.484411 -0.515589 0.650053 -1.36335

5.87542 0.461426 0.478926 -0.521074 0.650085 -1.36321
5.88135 0.46687 0.478926 -0.521074 0.595133 -1.38426

5.88135 0.466847 0.471187 -0.528813 0.595374 -1.38437
5.88348 0.46875 0.471187 -0.528813 0.573404 -1.39284

5.88343 0.46875 0.466437 -0.533563 0.573466 -1.39242
5.88867 0.473332 0.466437 -0.533563 0.513008 -1.40134

5.88867 0.473326 0.456749 -0.543251 0.513072 -1.40138
5.89194 0.476074 0.456749 -0.543251 0.474238 -1.40163

5.89184 0.476074 0.451931 -0.548069 0.47457 -1.40107
5.896 0.479501 0.451931 -0.548069 0.426016 -1.39898

5.896 0.479509 0.445633 -0.554367 0.425916 -1.39895
5.90083 0.483398 0.445633 -0.554367 0.372208 -1.38854

5.90075 0.483398 0.439757 -0.560243 0.372379 -1.38859
5.90332 0.485419 0.439757 -0.560243 0.341383 -1.37836

5.90332 0.485409 0.433982 -0.566018 0.341512 -1.37841
5.91025 0.490723 0.433982 -0.566018 0.273995 -1.36314

5.91016 0.490723 0.427613 -0.572387 0.274099 -1.36281
5.91064 0.491084 0.427613 -0.572387 0.270158 -1.36307

5.91064 0.491027 0.421953 -0.578047 0.270692 -1.36331
5.91797 0.496373 0.421953 -0.578047 0.200197 -1.35896

5.91797 0.496354 0.407745 -0.592255 0.200396 -1.35908
5.92043 0.498047 0.407745 -0.592255 0.176238 -1.35316

5.92037 0.498047 0.410144 -0.589856 0.176399 -1.35305
5.92529 0.50147 0.410144 -0.589856 0.124251 -1.3436

5.92529 0.50145 0.398201 -0.601799 0.124514 -1.34366
5.93122 0.505371 0.398201 -0.601799 0.0686565 -1.32574

5.9311 0.505371 0.39109 -0.60891 0.0688589 -1.32553
5.93262 0.506344 0.39109 -0.60891 0.0541842 -1.32445

5.93262 0.50631 0.385329 -0.614671 0.0546024 -1.32459
5.93994 0.510902 0.385329 -0.614671 -0.0228075 -1.29889

5.93994 0.510876 0.372397 -0.627603 -0.0225022 -1.29906
5.94301 0.512695 0.372397 -0.627603 -0.053171 -1.28046

5.94295 0.512695 0.372397 -0.627603 -0.053005 -1.28059
5.94727 0.515255 0.372397 -0.627603 -0.0956325 -1.25592

5.94727 0.515241 0.359649 -0.640351 -0.0954302 -1.25596
5.95459 0.519354 0.359649 -0.640351 -0.157156 -1.23014

5.95459 0.519341 0.346723 -0.653277 -0.156974 -1.23019
5.95587 0.52002 0.346723 -0.653277 -0.167267 -1.2303

5.95584 0.52002 0.346723 -0.653277 -0.167238 -1.23025
5.96191 0.523241 0.346723 -0.653277 -0.230619 -1.19521

5.96191 0.52324 0.33353 -0.66647 -0.230587 -1.19521
5.96924 0.526905 0.33353 -0.66647 -0.293328 -1.14674

5.96924 0.526897 0.319833 -0.680167 -0.293222 -1.14676
5.97019 0.527344 0.319833 -0.680167 -0.300046 -1.14562

5.97017 0.527344 0.319833 -0.680167 -0.300034 -1.14561
5.97656 0.530349 0.319833 -0.680167 -0.358894 -1.11068

5.97656 0.530347 0.305812 -0.694188 -0.358857 -1.11068
5.98389 0.533574 0.305812 -0.694188 -0.418364 -1.05794

5.98389 0.533557 0.291821 -0.708179 -0.418144 -1.05799
5.98658 0.534668 0.291821 -0.708179 -0.435557 -1.04829

5.98653 0.534668 0.291821 -0.708179 -0.435509 -1.0484
5.99121 0.536596 0.291821 -0.708179 -0.473937 -1.02747

5.99121 0.53659 0.277557 -0.722443 -0.473836 -1.02748
5.99854 0.539403 0.277557 -0.722443 -0.541142 -0.967638

5.99854 0.539401 0.262852 -0.737148 -0.541109 -0.967651
6.0058 0.541992 0.262852 -0.737148 -0.594314 -0.914655

6.00578 0.541992 0.262852 -0.737148 -0.594278 -0.914718
6.00586 0.542022 0.262852 -0.737148 -0.594868 -0.914446

6.00586 0.542014 0.247768 -0.752232 -0.594741 -0.914461
6.01318 0.544426 0.247768 -0.752232 -0.651747 -0.866365

6.01318 0.544425 0.232092 -0.767908 -0.65173 -0.866366
6.02051 0.546639 0.232092 -0.767908 -0.704455 -0.786115

6.02051 0.546638 0.216081 -0.783919 -0.704437 -0.786119
6.02783 0.548657 0.216081 -0.783919 -0.749469 -0.730019

6.02783 0.548649 0.199743 -0.800257 -0.749329 -0.73004
6.03051 0.549316 0.199743 -0.800257 -0.767265 -0.716611

6.03046 0.549316 0.199743 -0.800257 -0.76717 -0.716797
6.03516 0.550488 0.199743 -0.800257 -0.803229 -0.686504

6.03516 0.550486 0.182434 -0.817566 -0.803202 -0.686508
6.04248 0.552121 0.182434 -0.817566 -0.861334 -0.623826

6.04248 0.552122 0.163711 -0.836289 -0.861355 -0.623825
6.0498 0.553555 0.163711 -0.836289 -0.911076 -0.538722

6.0498 0.553554 0.144093 -0.855907 -0.911063 -0.538727
6.05713 0.554788 0.144093 -0.855907 -0.947184 -0.447583

6.05713 0.554786 0.123974 -0.876026 -0.947161 -0.447588
6.06445 0.555823 0.123974 -0.876026 -0.977124 -0.360085

6.06445 0.555821 0.103502 -0.896498 -0.977094 -0.360089
6.07155 0.556641 0.103502 -0.896498 -1.00567 -0.287488

6.07155 0.556641 0.103502 -0.896498 -1.00566 -0.287525
6.07178 0.556667 0.103502 -0.896498 -1.00674 -0.285505

6.07178 0.556667 0.0823251 -0.917675 -1.00674 -0.285506
6.0791 0.557324 0.0823251 -0.917675 -1.03553 -0.210717

6.0791 0.557324 0.0600317 -0.939968 -1.03553 -0.210717
6.08643 0.557792 0.0600317 -0.939968 -1.05694 -0.125094

6.08643 0.557792 0.036579 -0.963421 -1.05694 -0.125093
6.09375 0.55807 0.036579 -0.963421 1e+30 1e+30

