36.6488 0.46875 0.609381 -0.390619 2.10069 -1.03218
36.6504 0.471203 0.609381 -0.390619 2.08007 -1.0539

36.6504 0.471127 0.60804 -0.39196 2.08075 -1.05395
36.6536 0.476074 0.60804 -0.39196 2.06467 -1.10041

36.6536 0.476074 0.60101 -0.39899 2.06449 -1.10013
36.6577 0.482342 0.60101 -0.39899 2.00601 -1.17454

36.6577 0.482306 0.605916 -0.394084 2.00669 -1.17455
36.6584 0.483398 0.605916 -0.394084 1.98669 -1.18417

36.6584 0.483398 0.593273 -0.406727 1.98668 -1.18407
36.6634 0.490723 0.593273 -0.406727 1.8834 -1.23863

36.6634 0.490723 0.591955 -0.408045 1.88341 -1.23835
36.665 0.49307 0.591955 -0.408045 1.85628 -1.25689

36.665 0.492952 0.586333 -0.413667 1.85761 -1.25716
36.6686 0.498047 0.586333 -0.413667 1.82514 -1.30448

36.6686 0.498047 0.578965 -0.421035 1.82496 -1.30392
36.6724 0.503236 0.578965 -0.421035 1.77884 -1.38587

36.6724 0.503168 0.58276 -0.41724 1.77996 -1.38599
36.6739 0.505371 0.58276 -0.41724 1.74416 -1.41334

36.6739 0.505371 0.569267 -0.430733 1.74416 -1.41277
36.6795 0.512695 0.569267 -0.430733 1.6247 -1.48216

36.6794 0.512695 0.564919 -0.435081 1.62489 -1.48077
36.6797 0.513104 0.564919 -0.435081 1.61766 -1.48461

36.6797 0.51296 0.56045 -0.43955 1.61994 -1.48517
36.6852 0.52002 0.56045 -0.43955 1.52961 -1.56313

36.6852 0.52002 0.557698 -0.442302 1.52976 -1.56163
36.687 0.522353 0.557698 -0.442302 1.50573 -1.59594

36.687 0.52221 0.553057 -0.446943 1.50695 -1.59651
36.6912 0.527344 0.553057 -0.446943 1.43245 -1.65093

36.6911 0.527344 0.549101 -0.450899 1.43263 -1.65042
36.6943 0.531247 0.549101 -0.450899 1.36175 -1.66958

36.6943 0.531134 0.544854 -0.455146 1.3629 -1.67066
36.6973 0.534668 0.544854 -0.455146 1.30769 -1.68969

36.6973 0.534668 0.534772 -0.465228 1.30768 -1.68974
36.7017 0.53969 0.534772 -0.465228 1.23544 -1.71936

36.7017 0.539632 0.529567 -0.470433 1.23588 -1.71991
36.7038 0.541992 0.529567 -0.470433 1.20727 -1.73572

36.7037 0.541992 0.522135 -0.477865 1.20733 -1.73552
36.709 0.547716 0.522135 -0.477865 1.12859 -1.78029

36.709 0.547678 0.51658 -0.48342 1.12902 -1.78064
36.7105 0.549316 0.51658 -0.48342 1.1027 -1.79346

36.7105 0.549316 0.510827 -0.489173 1.10277 -1.7932
36.7163 0.555378 0.510827 -0.489173 0.979778 -1.82007

36.7163 0.55535 0.504017 -0.495983 0.980222 -1.82037
36.7176 0.556641 0.504017 -0.495983 0.950066 -1.8237

36.7175 0.556641 0.496442 -0.503558 0.950342 -1.82321
36.7236 0.562645 0.496442 -0.503558 0.815575 -1.8667

36.7236 0.562621 0.489357 -0.510643 0.815945 -1.86694
36.725 0.563965 0.489357 -0.510643 0.784663 -1.88063

36.725 0.563965 0.48202 -0.51798 0.785012 -1.87968
36.731 0.56952 0.48202 -0.51798 0.657393 -1.93417

36.731 0.569492 0.472538 -0.527462 0.657781 -1.93452
36.733 0.571289 0.472538 -0.527462 0.615993 -1.95207

36.7329 0.571289 0.466486 -0.533514 0.616492 -1.95091
36.7383 0.57599 0.466486 -0.533514 0.497301 -1.98094

36.7383 0.575964 0.453371 -0.546629 0.497734 -1.98132
36.7415 0.578613 0.453371 -0.546629 0.422176 -1.991

36.7414 0.578613 0.448803 -0.551197 0.423289 -1.98925
36.7456 0.582069 0.448803 -0.551197 0.315001 -1.97937

36.7456 0.582054 0.438738 -0.561262 0.315276 -1.97957
36.7506 0.585938 0.438738 -0.561262 0.201228 -1.96199

36.7504 0.585938 0.431259 -0.568741 0.202561 -1.96092
36.7529 0.587826 0.431259 -0.568741 0.150717 -1.95552

36.7529 0.587808 0.422507 -0.577493 0.150968 -1.95575
36.7603 0.593167 0.422507 -0.577493 -0.00522772 -1.95609

36.7602 0.593262 0.413355 -0.586645 -0.00652643 -1.95453
36.7603 0.593286 0.413355 -0.586645 -0.00722358 -1.95459

36.7603 0.593159 0.406061 -0.593939 -0.00509807 -1.95619
36.7604 0.593262 0.406061 -0.593939 -0.00811234 -1.95651

36.7604 0.593262 0.404519 -0.595481 -0.00796743 -1.95632
36.7676 0.598147 0.404519 -0.595481 -0.171805 -1.94634

36.7676 0.598099 0.386293 -0.613707 -0.170703 -1.9471
36.7715 0.600586 0.386293 -0.613707 -0.268152 -1.91805

36.7714 0.600586 0.386266 -0.613734 -0.26693 -1.91814
36.7749 0.602783 0.386266 -0.613734 -0.352426 -1.88581

36.7749 0.602749 0.367783 -0.632217 -0.351671 -1.88626
36.7822 0.60701 0.367783 -0.632217 -0.525062 -1.841

36.7822 0.606989 0.347799 -0.652201 -0.524515 -1.84127
36.784 0.60791 0.347799 -0.652201 -0.564497 -1.83486

36.7839 0.60791 0.347799 -0.652201 -0.564082 -1.83472
36.7896 0.610919 0.347799 -0.652201 -0.706937 -1.75265

36.7896 0.610915 0.326557 -0.673443 -0.706829 -1.7527
36.7969 0.614467 0.326557 -0.673443 -0.86995 -1.66092

36.7969 0.614448 0.304076 -0.695924 -0.86946 -1.6611
36.7987 0.615234 0.304076 -0.695924 -0.904351 -1.65425

36.7986 0.615234 0.304076 -0.695924 -0.904014 -1.65423
36.8042 0.617668 0.304076 -0.695924 -1.02632 -1.58424

36.8042 0.617668 0.279868 -0.720132 -1.02631 -1.58424
36.8115 0.620514 0.279868 -0.720132 -1.19226 -1.44578

36.8115 0.6205 0.254202 -0.745798 -1.19178 -1.44596
36.8176 0.622559 0.254202 -0.745798 -1.3183 -1.34818

36.8174 0.622559 0.254202 -0.745798 -1.31712 -1.34925
36.8188 0.623038 0.254202 -0.745798 -1.3486 -1.33277

36.8188 0.623006 0.227384 -0.772616 -1.34744 -1.33303
36.8262 0.625162 0.227384 -0.772616 -1.50444 -1.2007

36.8262 0.625161 0.198459 -0.801541 -1.50439 -1.20071
36.8335 0.626974 0.198459 -0.801541 -1.64582 -0.992261

36.8335 0.626975 0.16736 -0.83264 -1.64585 -0.992248
36.8408 0.628447 0.16736 -0.83264 -1.7577 -0.777088

36.8408 0.628447 0.133621 -0.866379 -1.75769 -0.77709
36.8481 0.629576 0.133621 -0.866379 -1.86379 -0.590233

36.8481 0.629583 0.0973011 -0.902699 -1.86408 -0.590176
36.8509 0.629883 0.0973011 -0.902699 -1.90297 -0.526837

36.851 0.629883 0.0973011 -0.902699 -1.90394 -0.524485
36.8555 0.63036 0.0973011 -0.902699 -1.96631 -0.41086

36.8555 0.630368 0.0573142 -0.942686 -1.96667 -0.410795
36.8628 0.630813 0.0573142 -0.942686 -2.04927 -0.202237

36.8628 0.630813 0.0128948 -0.987105 -2.04925 -0.202239
36.8701 0.630909 0.0128948 -0.987105 -2.10426 0.0325862

36.8701 0.630907 -0.0331209 -0.966879 -2.10419 0.0325779
36.8774 0.630657 -0.0331209 -0.966879 -2.12976 0.272998

36.8774 0.630656 -0.0749826 -0.925017 -2.12973 0.272994
36.8848 0.630062 -0.0749826 -0.925017 -2.138 0.512128

36.8921 0.629122 -0.113503 -0.886497 -2.11148 0.751761
36.8862 0.629883 -0.113503 -0.886497 -2.139 0.558471

36.8921 0.629132 -0.15034 -0.84966 -2.11172 0.751696
36.8994 0.627836 -0.15034 -0.84966 -2.05076 0.991386

36.8848 0.630076 -0.113503 -0.886497 -2.13846 0.512128
36.8863 0.629883 -0.113503 -0.886497 -2.13963 0.562685

36.8994 0.627839 -0.185932 -0.814068 -2.05086 0.991352
36.9067 0.626166 -0.185932 -0.814068 -1.9942 1.24177

36.9067 0.626167 -0.219358 -0.780642 -1.99424 1.24177
36.9141 0.624109 -0.219358 -0.780642 -1.87162 1.42812

36.9873 0.580642 -0.468845 -0.531155 -0.192595 2.72397
36.9813 0.585938 -0.468845 -0.531155 -0.344365 2.68971

37.002 0.565978 -0.514569 -0.485431 0.199244 2.7667
36.9969 0.571289 -0.514569 -0.485431 0.0623621 2.75926

36.9946 0.573628 -0.49018 -0.50982 -0.00464964 2.75247
36.9894 0.578613 -0.49018 -0.50982 -0.136564 2.73194

36.9873 0.580578 -0.481858 -0.518142 -0.190022 2.72344
36.9894 0.578613 -0.481858 -0.518142 -0.136247 2.73163

36.9946 0.573565 -0.502219 -0.497781 -0.0020534 2.75192
36.9969 0.571289 -0.502219 -0.497781 0.0630923 2.75858

37.0166 0.549009 -0.55908 -0.44092 0.577732 2.76515
37.0164 0.549316 -0.55908 -0.44092 0.570585 2.76602

37.0163 0.549316 -0.548038 -0.451962 0.571034 2.76584
37.0103 0.556641 -0.548038 -0.451962 0.402681 2.77031

37.0239 0.539357 -0.579754 -0.420246 0.75948 2.72239
37.022 0.541992 -0.579754 -0.420246 0.714794 2.73966

37.0312 0.529071 -0.589625 -0.410375 0.913103 2.67838
37.0274 0.534668 -0.589625 -0.410375 0.815427 2.70303

37.0239 0.539318 -0.576758 -0.423242 0.76046 2.72216
37.0273 0.534668 -0.576758 -0.423242 0.815704 2.70291

37.0166 0.548927 -0.563117 -0.436883 0.580393 2.76462
37.022 0.541992 -0.563117 -0.436883 0.71518 2.73969

37.0093 0.557795 -0.531534 -0.468466 0.378527 2.76802
37.0038 0.563965 -0.531534 -0.468466 0.242039 2.76828

37.002 0.565976 -0.520934 -0.479066 0.199307 2.76668
37.0038 0.563965 -0.520934 -0.479066 0.242556 2.7679

37.0093 0.557784 -0.538584 -0.461416 0.378868 2.76794
37.0103 0.556641 -0.538584 -0.461416 0.402982 2.77006

36.9434 0.612011 -0.330969 -0.669031 -1.31099 2.18404
36.9368 0.615234 -0.330969 -0.669031 -1.44075 2.01621

36.9214 0.621683 -0.249929 -0.750071 -1.76675 1.606
36.9188 0.622559 -0.249929 -0.750071 -1.80718 1.53823

36.9141 0.624097 -0.249929 -0.750071 -1.87104 1.4281
36.9187 0.622559 -0.249929 -0.750071 -1.80742 1.53631

36.9214 0.621672 -0.278696 -0.721304 -1.76632 1.60607
36.9287 0.618842 -0.278696 -0.721304 -1.65007 1.8601

36.9287 0.618836 -0.305249 -0.694751 -1.64965 1.86006
36.936 0.615618 -0.305249 -0.694751 -1.45757 2.0084

36.936 0.615622 -0.330969 -0.669031 -1.45779 2.00841
36.9368 0.615234 -0.330969 -0.669031 -1.4407 2.01596

36.9434 0.612008 -0.356348 -0.643652 -1.31089 2.18408
36.9507 0.607953 -0.356348 -0.643652 -1.11935 2.29598

36.958 0.603455 -0.381167 -0.618833 -0.982935 2.39596
36.9508 0.60791 -0.381167 -0.618833 -1.11802 2.29623

36.9507 0.607954 -0.36969 -0.63031 -1.1194 2.29599
36.9508 0.60791 -0.36969 -0.63031 -1.11793 2.29615

36.9653 0.598513 -0.40499 -0.59501 -0.776645 2.52781
36.9623 0.600586 -0.40499 -0.59501 -0.856817 2.48176

36.9727 0.593113 -0.432482 -0.567518 -0.57941 2.61676
36.9725 0.593262 -0.432482 -0.567518 -0.584655 2.61443

36.9653 0.59846 -0.426532 -0.573468 -0.774499 2.52801
36.9723 0.593262 -0.426532 -0.573468 -0.583771 2.61257

36.958 0.603414 -0.404947 -0.595053 -0.980687 2.39573
36.9622 0.600586 -0.404947 -0.595053 -0.856628 2.48023

36.9727 0.59303 -0.447644 -0.552356 -0.575778 2.61662
36.98 0.587094 -0.447644 -0.552356 -0.381713 2.68386

36.98 0.587056 -0.460426 -0.539574 -0.380069 2.68361
36.9813 0.585938 -0.460426 -0.539574 -0.344233 2.68957

37.1484 0.0913559 -0.943786 -0.0562136 2.71453 0.351515
37.1478 0.102539 -0.943786 -0.0562136 2.70883 0.397312

37.1478 0.102539 -0.935024 -0.0649761 2.70883 0.397312
37.1468 0.117188 -0.935024 -0.0649761 2.70096 0.457125

37.1468 0.117188 -0.926482 -0.0735176 2.70097 0.457126
37.1456 0.131836 -0.926482 -0.0735176 2.69592 0.513575

37.1456 0.131836 -0.918208 -0.081792 2.69592 0.513575
37.1443 0.146484 -0.918208 -0.081792 2.68957 0.569911

37.1443 0.146484 -0.909809 -0.0901911 2.68955 0.569911
37.1428 0.161133 -0.909809 -0.0901911 2.68026 0.630986

37.1428 0.161133 -0.901255 -0.0987452 2.68026 0.630986
37.1412 0.175781 -0.901255 -0.0987452 2.66996 0.695665

37.1412 0.175781 -0.892864 -0.107136 2.66996 0.695665
37.1395 0.19043 -0.892864 -0.107136 2.65474 0.759643

37.1395 0.19043 -0.884412 -0.115588 2.65473 0.759644
37.1376 0.205078 -0.884412 -0.115588 2.63459 0.823243

37.1338 0.230791 -0.866716 -0.133284 2.60041 0.941669
37.1332 0.234375 -0.866716 -0.133284 2.59573 0.9595

37.1376 0.205078 -0.875675 -0.124325 2.63458 0.823245
37.1355 0.219727 -0.875675 -0.124325 2.61356 0.888932

37.1338 0.230742 -0.866716 -0.133284 2.60055 0.941426
37.1355 0.219727 -0.866716 -0.133284 2.61356 0.888932

37.151 0 -0.997629 -0.00237121 2.7703 0
37.151 0.00732422 -0.997629 -0.00237121 2.766 0.0301575

37.151 0.00732422 -0.993152 -0.00684827 2.76601 0.0301574
37.1509 0.0146484 -0.993152 -0.00684827 2.75637 0.0581736

37.1509 0.0146484 -0.986409 -0.0135908 2.7563 0.0581742
37.1507 0.0292969 -0.986409 -0.0135908 2.74974 0.111665

37.1507 0.0292969 -0.974334 -0.0256657 2.74955 0.111669
37.15 0.0585938 -0.974334 -0.0256657 2.73277 0.222744

37.15 0.0585938 -0.957309 -0.042691 2.73258 0.222748
37.1487 0.0878906 -0.957309 -0.042691 2.71509 0.337428

37.1484 0.0913381 -0.943786 -0.0562136 2.71455 0.351442
37.1486 0.0878906 -0.943786 -0.0562136 2.7154 0.337419

37.1332 0.234375 -0.857861 -0.142139 2.59579 0.959503
37.1308 0.249023 -0.857861 -0.142139 2.57336 1.03718

37.1308 0.249023 -0.851404 -0.148596 2.57346 1.03719
37.1295 0.256348 -0.851404 -0.148596 2.56231 1.07712

37.1295 0.256348 -0.846856 -0.153144 2.5623 1.07712
37.1282 0.263672 -0.846856 -0.153144 2.54981 1.11361

37.1265 0.27283 -0.837613 -0.162387 2.52839 1.16083
37.1254 0.27832 -0.837613 -0.162387 2.51745 1.18748

37.1282 0.263672 -0.842206 -0.157794 2.54981 1.11361
37.1268 0.270996 -0.842206 -0.157794 2.53282 1.15132

37.1265 0.272818 -0.837613 -0.162387 2.52844 1.16078
37.1268 0.270996 -0.837613 -0.162387 2.53283 1.15132

37.1254 0.27832 -0.832863 -0.167137 2.51745 1.18748
37.1239 0.285645 -0.832863 -0.167137 2.50504 1.22295

37.1239 0.285645 -0.828034 -0.171966 2.50504 1.22294
37.1224 0.292969 -0.828034 -0.171966 2.49014 1.25844

37.1191 0.307948 -0.813715 -0.186285 2.43927 1.33169
37.1175 0.314941 -0.813715 -0.186285 2.42344 1.36834

37.1175 0.314941 -0.808317 -0.191683 2.42343 1.36833
37.1158 0.322266 -0.808317 -0.191683 2.41529 1.40988

37.1158 0.322266 -0.80281 -0.19719 2.41529 1.40988
37.114 0.32959 -0.80281 -0.19719 2.39837 1.45164

37.114 0.32959 -0.797558 -0.202442 2.39838 1.45164
37.1121 0.336914 -0.797558 -0.202442 2.36966 1.49289

37.1118 0.338174 -0.792297 -0.207703 2.36425 1.5002
37.1102 0.344238 -0.792297 -0.207703 2.34464 1.53407

37.1102 0.344238 -0.78672 -0.21328 2.34463 1.53407
37.1082 0.351562 -0.78672 -0.21328 2.32807 1.57666

37.1118 0.33816 -0.792297 -0.207703 2.36434 1.50013
37.1121 0.336914 -0.792297 -0.207703 2.36968 1.4929

37.1224 0.292969 -0.823278 -0.176722 2.49014 1.25844
37.1208 0.300293 -0.823278 -0.176722 2.46659 1.29327

37.1208 0.300293 -0.818629 -0.181371 2.46659 1.29327
37.1192 0.307617 -0.818629 -0.181371 2.44043 1.32996

37.1191 0.307936 -0.813715 -0.186285 2.43934 1.33163
37.1192 0.307617 -0.813715 -0.186285 2.44044 1.32996

37.0898 0.410071 -0.739283 -0.260717 2.07007 1.934
37.0898 0.410156 -0.739283 -0.260717 2.06945 1.93454

37.0898 0.410156 -0.732959 -0.267041 2.06964 1.93457
37.0871 0.41748 -0.732959 -0.267041 2.0261 1.9814

37.0871 0.41748 -0.726267 -0.273733 2.02608 1.9814
37.0844 0.424805 -0.726267 -0.273733 1.98498 2.02392

37.0825 0.42957 -0.719478 -0.280522 1.95793 2.05416
37.0815 0.432129 -0.719478 -0.280522 1.93878 2.07028

37.0815 0.432129 -0.712425 -0.287575 1.93885 2.07029
37.0786 0.439453 -0.712425 -0.287575 1.88997 2.12205

37.0825 0.429534 -0.719478 -0.280522 1.95838 2.05396
37.0844 0.424805 -0.719478 -0.280522 1.98503 2.02392

37.0752 0.447478 -0.697601 -0.302399 1.82685 2.16555
37.0723 0.454102 -0.697601 -0.302399 1.77941 2.2112

37.0679 0.463916 -0.681609 -0.318391 1.70289 2.2705
37.0656 0.46875 -0.681609 -0.318391 1.6619 2.30372

37.0723 0.454102 -0.689679 -0.310321 1.7794 2.2112
37.069 0.461426 -0.689679 -0.310321 1.7229 2.25461

37.0679 0.463892 -0.681609 -0.318391 1.70322 2.27033
37.069 0.461426 -0.681609 -0.318391 1.72298 2.2546

37.0786 0.439453 -0.705114 -0.294886 1.88997 2.12205
37.0755 0.446777 -0.705114 -0.294886 1.83323 2.16131

37.0752 0.447468 -0.697601 -0.302399 1.82698 2.16549
37.0755 0.446777 -0.697601 -0.302399 1.83324 2.16131

37.1045 0.36478 -0.775598 -0.224402 2.27407 1.65952
37.1041 0.366211 -0.775598 -0.224402 2.26516 1.66804

37.1041 0.366211 -0.77016 -0.22984 2.26525 1.66807
37.1019 0.373535 -0.77016 -0.22984 2.23055 1.71175

37.1019 0.373535 -0.764305 -0.235695 2.23053 1.71174
37.0996 0.380859 -0.764305 -0.235695 2.20753 1.75291

37.1082 0.351562 -0.781048 -0.218952 2.32807 1.57666
37.1062 0.358887 -0.781048 -0.218952 2.30308 1.62185

37.1045 0.364737 -0.775598 -0.224402 2.27446 1.65931
37.1062 0.358887 -0.775598 -0.224402 2.30311 1.62186

37.0972 0.388563 -0.751964 -0.248036 2.17497 1.79725
37.0949 0.395508 -0.751964 -0.248036 2.14701 1.84085

37.0996 0.380859 -0.75821 -0.24179 2.20753 1.75291
37.0973 0.388184 -0.75821 -0.24179 2.17682 1.79492

37.0972 0.388558 -0.751964 -0.248036 2.17501 1.79723
37.0973 0.388184 -0.751964 -0.248036 2.17682 1.79492

37.0949 0.395508 -0.74555 -0.25445 2.14701 1.84085
37.0924 0.402832 -0.74555 -0.25445 2.11562 1.88884

37.0898 0.410014 -0.739283 -0.260717 2.0707 1.93369
37.0924 0.402832 -0.739283 -0.260717 2.11562 1.88884

37.0605 0.479065 -0.663956 -0.336044 1.56834 2.36636
37.0584 0.483398 -0.663956 -0.336044 1.52799 2.39729

37.0532 0.493039 -0.645399 -0.354601 1.42959 2.46195
37.0505 0.498047 -0.645399 -0.354601 1.37457 2.50604

37.0584 0.483398 -0.654786 -0.345214 1.52801 2.39729
37.0545 0.490723 -0.654786 -0.345214 1.45124 2.44565

37.0532 0.49301 -0.645399 -0.354601 1.43007 2.46172
37.0545 0.490723 -0.645399 -0.354601 1.45138 2.44563

37.0459 0.505995 -0.624453 -0.375547 1.25043 2.54101
37.0419 0.512695 -0.624453 -0.375547 1.16399 2.58532

37.0386 0.517972 -0.614377 -0.385623 1.12461 2.63014
37.0373 0.52002 -0.614377 -0.385623 1.0909 2.64947

37.0373 0.52002 -0.602479 -0.397521 1.09106 2.64952
37.0324 0.527344 -0.602479 -0.397521 0.948934 2.67764

37.0386 0.517914 -0.613998 -0.386002 1.12606 2.62973
37.0419 0.512695 -0.613998 -0.386002 1.16422 2.5853

37.0505 0.498047 -0.635321 -0.364679 1.37452 2.50603
37.0463 0.505371 -0.635321 -0.364679 1.26173 2.53867

37.0459 0.505976 -0.629271 -0.370729 1.25087 2.5409
37.0463 0.505371 -0.629271 -0.370729 1.26189 2.5386

37.0656 0.46875 -0.672949 -0.327051 1.66188 2.30372
37.0621 0.476074 -0.672949 -0.327051 1.59249 2.34785

37.0605 0.479035 -0.663956 -0.336044 1.56877 2.36614
37.062 0.476074 -0.663956 -0.336044 1.59261 2.34783

37.0312 0.529067 -0.597895 -0.402105 0.913227 2.67835
37.0324 0.527344 -0.597895 -0.402105 0.949324 2.67732

