18.3615 0 0.996372 -0.00362838 2.70015 0
18.3615 0.00732422 0.996372 -0.00362838 2.69524 -0.00263397

18.3615 0.00732422 0.988952 -0.0110477 2.69524 -0.00263495
18.3616 0.0146484 0.988952 -0.0110477 2.68065 -0.00577147

18.3616 0.0146484 0.980987 -0.0190134 2.68065 -0.0057754
18.3617 0.0219727 0.980987 -0.0190134 2.663 -0.00699141

18.3617 0.0219727 0.973114 -0.0268859 2.663 -0.00698907
18.3618 0.0244778 0.973114 -0.0268859 2.65746 -0.00620506

18.3618 0.0244516 0.973114 -0.0268859 2.65751 -0.00621153
18.362 0.0292969 0.973114 -0.0268859 2.65571 -0.00590871

18.362 0.0292969 0.965764 -0.0342357 2.65571 -0.00590873
18.3622 0.0366211 0.965764 -0.0342357 2.66585 -0.0117347

18.3622 0.0366211 0.95859 -0.0414099 2.66585 -0.0117351
18.3625 0.0439453 0.95859 -0.0414099 2.68243 -0.0195596

18.3625 0.0439453 0.95151 -0.0484897 2.68243 -0.019559
18.3629 0.0512695 0.95151 -0.0484897 2.69265 -0.0243927

18.3629 0.0512695 0.944507 -0.055493 2.69265 -0.0243929
18.3633 0.0585938 0.944507 -0.055493 2.69508 -0.0256803

18.3633 0.0585938 0.937387 -0.0626133 2.69508 -0.0256804
18.3638 0.065918 0.937387 -0.0626133 2.69168 -0.0251099

18.3638 0.065918 0.93007 -0.0699302 2.69168 -0.0251104
18.3644 0.0732422 0.93007 -0.0699302 2.68812 -0.0279059

18.3644 0.0732422 0.92282 -0.0771801 2.68812 -0.0279057
18.365 0.0805664 0.92282 -0.0771801 2.688 -0.0322651

18.365 0.0805664 0.915725 -0.084275 2.688 -0.032265
18.3657 0.0878906 0.915725 -0.084275 2.68971 -0.044215

18.3656 0.0878906 0.90597 -0.0940301 2.6897 -0.0442055
18.3672 0.102539 0.90597 -0.0940301 2.69172 -0.0534681

18.3672 0.102539 0.896524 -0.103476 2.69174 -0.0534894
18.368 0.109863 0.896524 -0.103476 2.68429 -0.057119

18.368 0.109863 0.891378 -0.108622 2.6843 -0.0571323
18.3689 0.117188 0.891378 -0.108622 2.70998 -0.0698377

18.3689 0.117188 0.883674 -0.116326 2.70958 -0.0696233
18.3691 0.119257 0.883674 -0.116326 2.7304 -0.0748284

18.3691 0.118895 0.883674 -0.116326 2.72713 -0.0741144
18.3699 0.124512 0.883674 -0.116326 2.71577 -0.0855508

18.3699 0.124512 0.875473 -0.124527 2.71578 -0.0855559
18.3709 0.131836 0.875473 -0.124527 2.6717 -0.0891327

18.3709 0.131836 0.870075 -0.129925 2.6717 -0.0891311
18.372 0.13916 0.870075 -0.129925 2.67278 -0.0835249

18.372 0.13916 0.86447 -0.13553 2.67278 -0.0835241
18.3732 0.146484 0.86447 -0.13553 2.68293 -0.080953

18.3732 0.146484 0.858594 -0.141406 2.68293 -0.0809507
18.3744 0.153809 0.858594 -0.141406 2.69644 -0.0843039

18.3744 0.153809 0.852663 -0.147337 2.69644 -0.084305
18.3756 0.161133 0.852663 -0.147337 2.70591 -0.0945125

18.3756 0.161133 0.846687 -0.153313 2.70591 -0.0945082
18.3765 0.165723 0.846687 -0.153313 2.70787 -0.100013

18.3765 0.165721 0.846687 -0.153313 2.70787 -0.100012
18.377 0.168457 0.846687 -0.153313 2.70303 -0.102673

18.377 0.168457 0.840339 -0.159661 2.70303 -0.102669
18.3784 0.175781 0.840339 -0.159661 2.68863 -0.103794

18.3784 0.175781 0.83381 -0.16619 2.68863 -0.103794
18.3798 0.183105 0.83381 -0.16619 2.67601 -0.104249

18.3798 0.183105 0.827498 -0.172502 2.67601 -0.104248
18.3813 0.19043 0.827498 -0.172502 2.67122 -0.115799

18.3813 0.19043 0.821134 -0.178866 2.67122 -0.115794
18.3829 0.197754 0.821134 -0.178866 2.66898 -0.129973

18.3829 0.197754 0.815125 -0.184875 2.66898 -0.129968
18.3838 0.201541 0.815125 -0.184875 2.66764 -0.136889

18.3838 0.201502 0.815125 -0.184875 2.66769 -0.13685
18.3846 0.205078 0.815125 -0.184875 2.66473 -0.142551

18.3846 0.205078 0.809444 -0.190556 2.66472 -0.142535
18.3863 0.212402 0.809444 -0.190556 2.66408 -0.153144

18.3863 0.212402 0.803632 -0.196368 2.66408 -0.153145
18.3881 0.219727 0.803632 -0.196368 2.66287 -0.167426

18.3881 0.219727 0.797881 -0.202119 2.66287 -0.167425
18.39 0.227051 0.797881 -0.202119 2.65711 -0.182499

18.39 0.227051 0.792099 -0.207901 2.65711 -0.182497
18.3911 0.231436 0.792099 -0.207901 2.65571 -0.190616

18.3911 0.23143 0.792099 -0.207901 2.65572 -0.19061
18.3919 0.234375 0.792099 -0.207901 2.65364 -0.196016

18.3919 0.234375 0.786273 -0.213727 2.65364 -0.196012
18.3939 0.241699 0.786273 -0.213727 2.64904 -0.207761

18.3939 0.241699 0.780339 -0.219661 2.64904 -0.20776
18.3959 0.249023 0.780339 -0.219661 2.63999 -0.217433

18.3959 0.249023 0.774451 -0.225549 2.63999 -0.217433
18.3981 0.256348 0.774451 -0.225549 2.62696 -0.223397

18.3981 0.256348 0.76873 -0.23127 2.62696 -0.223395
18.3984 0.257576 0.76873 -0.23127 2.62491 -0.223987

18.3984 0.257566 0.76873 -0.23127 2.62493 -0.223985
18.4003 0.263672 0.76873 -0.23127 2.62022 -0.22963

18.4003 0.263672 0.76296 -0.23704 2.62021 -0.229628
18.4025 0.270996 0.76296 -0.23704 2.6233 -0.244659

18.4025 0.270996 0.757104 -0.242896 2.6233 -0.244658
18.4049 0.27832 0.757104 -0.242896 2.61876 -0.268945

18.4049 0.27832 0.7515 -0.2485 2.61875 -0.268936
18.4058 0.280939 0.7515 -0.2485 2.61596 -0.276066

18.4058 0.280923 0.7515 -0.2485 2.61599 -0.276045
18.4073 0.285645 0.7515 -0.2485 2.60791 -0.288179

18.4073 0.285645 0.746065 -0.253935 2.6079 -0.288172
18.4098 0.292969 0.746065 -0.253935 2.59719 -0.30487

18.4098 0.292969 0.740699 -0.259301 2.59719 -0.304872
18.4124 0.300293 0.740699 -0.259301 2.58686 -0.31885

18.4124 0.300293 0.735382 -0.264618 2.58685 -0.318837
18.4131 0.302272 0.735382 -0.264618 2.58398 -0.322096

18.4131 0.302259 0.735382 -0.264618 2.58401 -0.322088
18.415 0.307617 0.735382 -0.264618 2.58031 -0.332193

18.415 0.307617 0.729842 -0.270158 2.58031 -0.332187
18.4177 0.314941 0.729842 -0.270158 2.5797 -0.354744

18.4177 0.314941 0.724298 -0.275702 2.5797 -0.354748
18.4204 0.322 0.724298 -0.275702 2.56363 -0.380774

18.4204 0.321998 0.724298 -0.275702 2.56364 -0.380771
18.4205 0.322266 0.724298 -0.275702 2.56266 -0.381586

18.4205 0.322266 0.71909 -0.28091 2.56266 -0.381587
18.4234 0.32959 0.71909 -0.28091 2.54939 -0.403014

18.4234 0.32959 0.713912 -0.286088 2.54939 -0.403009
18.4263 0.336914 0.713912 -0.286088 2.53801 -0.429978

18.4263 0.336914 0.708706 -0.291294 2.53801 -0.429961
18.4277 0.340394 0.708706 -0.291294 2.52797 -0.439913

18.4277 0.340377 0.708706 -0.291294 2.52803 -0.439904
18.4293 0.344238 0.708706 -0.291294 2.52184 -0.451138

18.4293 0.344238 0.703341 -0.296659 2.52183 -0.451115
18.4324 0.351562 0.703341 -0.296659 2.51916 -0.48384

18.4324 0.351562 0.697727 -0.302273 2.51916 -0.483834
18.4351 0.357689 0.697727 -0.302273 2.50225 -0.519684

18.4351 0.357682 0.697727 -0.302273 2.50229 -0.519676
18.4356 0.358887 0.697727 -0.302273 2.496 -0.525145

18.4356 0.358887 0.69229 -0.30771 2.496 -0.525133
18.4388 0.366211 0.69229 -0.30771 2.47709 -0.553849

18.4388 0.366211 0.686871 -0.313129 2.47709 -0.553839
18.4422 0.373535 0.686871 -0.313129 2.44616 -0.584839

18.4422 0.373535 0.681424 -0.318576 2.44613 -0.584727
18.4424 0.374027 0.681424 -0.318576 2.44303 -0.586385

18.4424 0.373982 0.681424 -0.318576 2.44334 -0.586356
18.4456 0.380859 0.681424 -0.318576 2.42301 -0.610186

18.4456 0.380859 0.675682 -0.324318 2.42299 -0.610165
18.4491 0.388184 0.675682 -0.324318 2.39785 -0.654599

18.4491 0.388184 0.669716 -0.330284 2.39783 -0.654456
18.4497 0.38943 0.669716 -0.330284 2.39067 -0.660511

18.4497 0.389388 0.669716 -0.330284 2.39094 -0.660487
18.4527 0.395508 0.669716 -0.330284 2.37734 -0.68852

18.4527 0.395508 0.663604 -0.336396 2.37731 -0.688482
18.4564 0.402832 0.663604 -0.336396 2.34366 -0.734894

18.4564 0.402832 0.657632 -0.342368 2.34363 -0.734701
18.457 0.404027 0.657632 -0.342368 2.33374 -0.741357

18.457 0.403969 0.657632 -0.342368 2.33426 -0.741297
18.4603 0.410156 0.657632 -0.342368 2.30825 -0.772104

18.4602 0.410156 0.651634 -0.348366 2.3082 -0.772047
18.4642 0.41748 0.651634 -0.348366 2.26321 -0.814281

18.4641 0.41748 0.646713 -0.353287 2.26318 -0.814046
18.4644 0.417895 0.646713 -0.353287 2.25949 -0.81585

18.4644 0.417835 0.645245 -0.354755 2.26006 -0.815846
18.4682 0.424805 0.645245 -0.354755 2.23172 -0.849363

18.4682 0.424805 0.638733 -0.361267 2.23172 -0.849294
18.4717 0.430988 0.638733 -0.361267 2.20161 -0.900857

18.4717 0.430973 0.638911 -0.361089 2.20177 -0.900846
18.4723 0.432129 0.638911 -0.361089 2.19116 -0.908037

18.4723 0.432129 0.632027 -0.367973 2.19114 -0.907964
18.4766 0.439453 0.632027 -0.367973 2.14454 -0.952875

18.4766 0.439453 0.62595 -0.37405 2.14454 -0.952802
18.479 0.443504 0.62595 -0.37405 2.12073 -0.982418

18.479 0.443461 0.62595 -0.37405 2.12112 -0.982349
18.481 0.446777 0.62595 -0.37405 2.0994 -1.00507

18.481 0.446777 0.619575 -0.380425 2.09931 -1.00487
18.4855 0.454102 0.619575 -0.380425 2.03838 -1.05631

18.4854 0.454102 0.616656 -0.383344 2.03837 -1.05601
18.4863 0.455541 0.616656 -0.383344 2.02234 -1.06452

18.4863 0.455458 0.612613 -0.387387 2.02328 -1.06463
18.4901 0.461426 0.612613 -0.387387 2.00291 -1.10829

18.4901 0.461426 0.605606 -0.394394 2.00288 -1.10791
18.4937 0.466906 0.605606 -0.394394 1.97595 -1.18498

18.4937 0.466863 0.607814 -0.392186 1.97664 -1.18496
18.4949 0.46875 0.607814 -0.392186 1.9493 -1.20399

18.4949 0.46875 0.597773 -0.402227 1.94925 -1.20374
18.4998 0.476074 0.597773 -0.402227 1.85227 -1.25822

18.4998 0.476074 0.598002 -0.401998 1.85227 -1.25793
18.501 0.477886 0.598002 -0.401998 1.82882 -1.27056

18.501 0.477763 0.590354 -0.409646 1.83042 -1.27078
18.5049 0.483398 0.590354 -0.409646 1.78715 -1.31769

18.5049 0.483398 0.583211 -0.416789 1.78715 -1.31699
18.5083 0.488225 0.583211 -0.416789 1.74492 -1.37934

18.5083 0.488154 0.58673 -0.41327 1.74598 -1.37944
18.5101 0.490723 0.58673 -0.41327 1.70924 -1.40573

18.5101 0.490723 0.573887 -0.426113 1.70921 -1.40522
18.5155 0.498047 0.573887 -0.426113 1.59935 -1.4623

18.5154 0.498047 0.569531 -0.430469 1.59948 -1.46131
18.5156 0.49828 0.569531 -0.430469 1.59553 -1.46296

18.5156 0.498163 0.564559 -0.435441 1.59735 -1.4634
18.5212 0.505371 0.564559 -0.435441 1.5129 -1.5321

18.5211 0.505371 0.56166 -0.43834 1.51293 -1.53104
18.5229 0.507694 0.56166 -0.43834 1.49446 -1.56471

18.5229 0.507558 0.556624 -0.443376 1.49548 -1.56505
18.527 0.512695 0.556624 -0.443376 1.42923 -1.62286

18.527 0.512695 0.552553 -0.447447 1.42936 -1.62236
18.5303 0.516724 0.552553 -0.447447 1.35994 -1.64819

18.5303 0.516604 0.549418 -0.450582 1.36152 -1.64924
18.5331 0.52002 0.549418 -0.450582 1.3004 -1.66629

18.5331 0.52002 0.538227 -0.461773 1.30048 -1.66604
18.5376 0.525309 0.538227 -0.461773 1.2157 -1.68364

18.5376 0.52527 0.534725 -0.465275 1.21593 -1.68397
18.5394 0.527344 0.534725 -0.465275 1.19536 -1.69347

18.5394 0.527344 0.525942 -0.474058 1.19546 -1.69316
18.5449 0.533491 0.525942 -0.474058 1.1275 -1.73873

18.5449 0.533476 0.521547 -0.478453 1.12762 -1.73885
18.546 0.534668 0.521547 -0.478453 1.11326 -1.74838

18.546 0.534668 0.514211 -0.485789 1.11336 -1.74794
18.5522 0.54129 0.514211 -0.485789 1.00381 -1.8003

18.5522 0.541277 0.508601 -0.491399 1.00402 -1.80041
18.5529 0.541992 0.508601 -0.491399 0.988155 -1.80607

18.5529 0.541992 0.501928 -0.498072 0.988279 -1.80571
18.5596 0.548698 0.501928 -0.498072 0.835679 -1.83279

18.5596 0.548664 0.494631 -0.505369 0.836202 -1.83312
18.5602 0.549316 0.494631 -0.505369 0.821145 -1.83439

18.5602 0.549316 0.488563 -0.511437 0.821291 -1.83415
18.5669 0.555696 0.488563 -0.511437 0.684602 -1.86568

18.5669 0.555677 0.480863 -0.519137 0.68484 -1.86589
18.5679 0.556641 0.480863 -0.519137 0.665513 -1.87187

18.5679 0.556641 0.474896 -0.525104 0.665708 -1.87143
18.5742 0.562348 0.474896 -0.525104 0.546318 -1.91358

18.5742 0.562313 0.46329 -0.53671 0.546811 -1.914
18.5761 0.563965 0.46329 -0.53671 0.509388 -1.92772

18.5761 0.563965 0.458774 -0.541226 0.50974 -1.9269
18.5815 0.568591 0.458774 -0.541226 0.394426 -1.94928

18.5815 0.568563 0.442439 -0.557561 0.394901 -1.94967
18.585 0.571289 0.442439 -0.557561 0.317882 -1.95589

18.5848 0.571289 0.440098 -0.559902 0.319043 -1.95424
18.5889 0.574448 0.440098 -0.559902 0.224033 -1.94517

18.5889 0.574427 0.429404 -0.570596 0.224436 -1.94542
18.5944 0.578613 0.429404 -0.570596 0.100467 -1.92265

18.5943 0.578613 0.421291 -0.578709 0.10169 -1.92213
18.5962 0.579997 0.421291 -0.578709 0.0629456 -1.91204

18.5962 0.579959 0.413399 -0.586601 0.0635406 -1.9125
18.6035 0.585121 0.413399 -0.586601 -0.0857877 -1.89958

18.6035 0.58511 0.39242 -0.60758 -0.0855886 -1.89972
18.6048 0.585938 0.39242 -0.60758 -0.110336 -1.90119

18.6048 0.585938 0.396354 -0.603646 -0.109999 -1.90079
18.6108 0.589934 0.396354 -0.603646 -0.246757 -1.86937

18.6108 0.58991 0.378273 -0.621727 -0.246269 -1.86972
18.6163 0.593262 0.378273 -0.621727 -0.364273 -1.82216

18.6162 0.593262 0.376358 -0.623642 -0.363215 -1.82177
18.6182 0.59444 0.376358 -0.623642 -0.401104 -1.81479

18.6182 0.594385 0.359266 -0.640734 -0.400033 -1.81538
18.6255 0.598492 0.359266 -0.640734 -0.549607 -1.77844

18.6255 0.598459 0.340166 -0.659834 -0.548807 -1.77891
18.6296 0.600586 0.340166 -0.659834 -0.639867 -1.74179

18.6295 0.600586 0.340166 -0.659834 -0.638815 -1.74245
18.6328 0.602291 0.340166 -0.659834 -0.717903 -1.70301

18.6328 0.602265 0.320242 -0.679758 -0.717175 -1.70331
18.6401 0.605715 0.320242 -0.679758 -0.885659 -1.59249

18.6401 0.605697 0.299053 -0.700947 -0.885225 -1.59273
18.6453 0.60791 0.299053 -0.700947 -0.983319 -1.51152

18.6452 0.60791 0.299053 -0.700947 -0.982518 -1.51217
18.6475 0.608867 0.299053 -0.700947 -1.02346 -1.4906

18.6475 0.608839 0.276707 -0.723293 -1.02276 -1.49083
18.6548 0.611641 0.276707 -0.723293 -1.15823 -1.39074

18.6548 0.61164 0.252458 -0.747542 -1.15822 -1.39075
18.6621 0.614114 0.252458 -0.747542 -1.28938 -1.25802

18.6621 0.614102 0.22704 -0.77296 -1.28903 -1.25814
18.666 0.615234 0.22704 -0.77296 -1.35562 -1.20175

18.6659 0.615234 0.22704 -0.77296 -1.35505 -1.20261
18.6694 0.616272 0.22704 -0.77296 -1.42181 -1.14661

18.6694 0.616263 0.200119 -0.799881 -1.42152 -1.14668
18.6768 0.618096 0.200119 -0.799881 -1.5577 -1.00539

18.6768 0.618094 0.171368 -0.828632 -1.55764 -1.0054
18.6841 0.619609 0.171368 -0.828632 -1.67199 -0.816742

18.6841 0.619609 0.140768 -0.859232 -1.672 -0.81674
18.6914 0.620809 0.140768 -0.859232 1e+30 1e+30

