22.4546 0 0.984739 -0.0152613 2.7234 0
22.4551 0.0292969 0.984739 -0.0152613 2.72761 -0.0197629

22.4551 0.0292969 0.962624 -0.0373759 2.72769 -0.0197697
22.4557 0.0439453 0.962624 -0.0373759 2.72826 -0.0307635

22.4557 0.0439453 0.951588 -0.0484119 2.72827 -0.0307651
22.4561 0.050655 0.951588 -0.0484119 2.72748 -0.0356387

22.4561 0.0503908 0.947896 -0.0521045 2.72753 -0.0354465
22.4565 0.0585938 0.947896 -0.0521045 2.72298 -0.0402195

22.4565 0.0585938 0.937221 -0.0627789 2.723 -0.0402212
22.457 0.065918 0.937221 -0.0627789 2.71777 -0.0427311

22.457 0.065918 0.931174 -0.0688262 2.71777 -0.042731
22.4576 0.0732422 0.931174 -0.0688262 2.72395 -0.0441158

22.4576 0.0732422 0.923928 -0.0760719 2.72395 -0.0441204
22.4582 0.0805664 0.923928 -0.0760719 2.73739 -0.0536167

22.4582 0.0805664 0.916023 -0.0839765 2.73739 -0.0536169
22.4588 0.0878906 0.916023 -0.0839765 2.72402 -0.0600301

22.4588 0.0878906 0.909866 -0.0901343 2.72402 -0.0600305
22.4596 0.0952148 0.909866 -0.0901343 2.73447 -0.061995

22.4596 0.0952148 0.903716 -0.0962835 2.73446 -0.0619981
22.4603 0.102539 0.903716 -0.0962835 2.73 -0.0765414

22.4603 0.102539 0.893314 -0.106686 2.72997 -0.0765353
22.4621 0.117188 0.893314 -0.106686 2.72282 -0.085872

22.4621 0.117188 0.88032 -0.11968 2.72283 -0.0858746
22.4641 0.131836 0.88032 -0.11968 2.7251 -0.0904087

22.4641 0.131836 0.871306 -0.128694 2.72511 -0.090428
22.4652 0.13916 0.871306 -0.128694 2.73091 -0.0946823

22.4652 0.13916 0.86569 -0.13431 2.73091 -0.0946804
22.4663 0.146484 0.86569 -0.13431 2.72126 -0.0972019

22.4663 0.146484 0.855801 -0.144199 2.72125 -0.0971984
22.4687 0.161133 0.855801 -0.144199 2.70945 -0.100599

22.4688 0.161133 0.846095 -0.153905 2.70946 -0.10059
22.4701 0.168457 0.846095 -0.153905 2.70565 -0.10242

22.4701 0.168457 0.840244 -0.159756 2.70565 -0.10242
22.4707 0.171645 0.840244 -0.159756 2.70362 -0.103715

22.4707 0.171642 0.840244 -0.159756 2.70362 -0.103714
22.4715 0.175781 0.840244 -0.159756 2.7014 -0.104368

22.4715 0.175781 0.834483 -0.165517 2.7014 -0.104369
22.4729 0.183105 0.834483 -0.165517 2.69817 -0.105798

22.4729 0.183105 0.828595 -0.171405 2.69817 -0.105798
22.4745 0.19043 0.828595 -0.171405 2.69746 -0.110563

22.4745 0.19043 0.822709 -0.177291 2.69746 -0.110563
22.476 0.197754 0.822709 -0.177291 2.69917 -0.123815

22.476 0.197754 0.816947 -0.183053 2.69917 -0.123816
22.4777 0.205078 0.816947 -0.183053 2.69823 -0.13726

22.4777 0.205078 0.81144 -0.18856 2.69822 -0.137257
22.478 0.206593 0.81144 -0.18856 2.69759 -0.139988

22.478 0.206583 0.81144 -0.18856 2.6976 -0.139977
22.4794 0.212402 0.81144 -0.18856 2.69321 -0.149237

22.4794 0.212402 0.806045 -0.193955 2.69321 -0.149235
22.4811 0.219727 0.806045 -0.193955 2.68826 -0.1605

22.4811 0.219727 0.800433 -0.199567 2.68825 -0.160498
22.483 0.227051 0.800433 -0.199567 2.68425 -0.174286

22.483 0.227051 0.794626 -0.205374 2.68425 -0.174284
22.4849 0.234375 0.794626 -0.205374 2.67857 -0.188063

22.4849 0.234375 0.78898 -0.21102 2.67857 -0.18806
22.4854 0.236223 0.78898 -0.21102 2.6772 -0.191107

22.4854 0.236213 0.78898 -0.21102 2.67721 -0.191098
22.4868 0.241699 0.78898 -0.21102 2.6715 -0.200037

22.4868 0.241699 0.783526 -0.216474 2.6715 -0.200035
22.4888 0.249023 0.783526 -0.216474 2.66444 -0.211278

22.4888 0.249023 0.778137 -0.221863 2.66444 -0.211279
22.4909 0.256348 0.778137 -0.221863 2.6585 -0.22055

22.4909 0.256348 0.772795 -0.227205 2.6585 -0.220549
22.4927 0.262287 0.772795 -0.227205 2.65285 -0.227195

22.4927 0.262285 0.772795 -0.227205 2.65285 -0.227193
22.4931 0.263672 0.772795 -0.227205 2.65139 -0.228715

22.4931 0.263672 0.767395 -0.232605 2.65139 -0.228713
22.4953 0.270996 0.767395 -0.232605 2.64945 -0.236828

22.4953 0.270996 0.761836 -0.238164 2.64945 -0.236826
22.4976 0.27832 0.761836 -0.238164 2.65017 -0.252547

22.4976 0.27832 0.756203 -0.243797 2.65017 -0.252547
22.5 0.285645 0.756203 -0.243797 2.63877 -0.27048

22.4999 0.285645 0.750762 -0.249238 2.63876 -0.270459
22.5 0.285807 0.750762 -0.249238 2.63841 -0.270808

22.5 0.285785 0.750762 -0.249238 2.63847 -0.270785
22.5024 0.292969 0.750762 -0.249238 2.62948 -0.285619

22.5024 0.292969 0.745213 -0.254787 2.62948 -0.285614
22.5049 0.300293 0.745213 -0.254787 2.62377 -0.306049

22.5049 0.300293 0.739482 -0.260518 2.62377 -0.306049
22.5073 0.307211 0.739482 -0.260518 2.61166 -0.32399

22.5073 0.307209 0.739482 -0.260518 2.61166 -0.323989
22.5075 0.307617 0.739482 -0.260518 2.61092 -0.324806

22.5075 0.307617 0.733881 -0.266119 2.61092 -0.324804
22.5101 0.314941 0.733881 -0.266119 2.60641 -0.340426

22.5101 0.314941 0.728296 -0.271704 2.60641 -0.340424
22.5129 0.322266 0.728296 -0.271704 2.59947 -0.362828

22.5129 0.322266 0.722986 -0.277014 2.59947 -0.362829
22.5146 0.326945 0.722986 -0.277014 2.58661 -0.374928

22.5146 0.326932 0.722986 -0.277014 2.58666 -0.374916
22.5157 0.32959 0.722986 -0.277014 2.57917 -0.380902

22.5157 0.32959 0.717874 -0.282126 2.57916 -0.380888
22.5185 0.336914 0.717874 -0.282126 2.57303 -0.402405

22.5185 0.336914 0.712471 -0.287529 2.57303 -0.402392
22.5215 0.344238 0.712471 -0.287529 2.56028 -0.43767

22.5215 0.344238 0.70697 -0.29303 2.56026 -0.437606
22.522 0.345413 0.70697 -0.29303 2.55668 -0.442057

22.522 0.345385 0.70697 -0.29303 2.55679 -0.442028
22.5245 0.351562 0.70697 -0.29303 2.54655 -0.462923

22.5245 0.351562 0.701358 -0.298642 2.54654 -0.462906
22.5276 0.358887 0.701358 -0.298642 2.53012 -0.492942

22.5276 0.358887 0.695929 -0.304071 2.53012 -0.492926
22.5293 0.362666 0.695929 -0.304071 2.51535 -0.507453

22.5293 0.362643 0.695929 -0.304071 2.51548 -0.507422
22.5309 0.366211 0.695929 -0.304071 2.50055 -0.519404

22.5308 0.366211 0.690565 -0.309435 2.50053 -0.519368
22.5341 0.373535 0.690565 -0.309435 2.4801 -0.548147

22.5341 0.373535 0.685012 -0.314988 2.4801 -0.548138
22.5366 0.378955 0.685012 -0.314988 2.46243 -0.571811

22.5366 0.378942 0.685012 -0.314988 2.46249 -0.571801
22.5375 0.380859 0.685012 -0.314988 2.45525 -0.578396

22.5375 0.380859 0.679348 -0.320652 2.45524 -0.578362
22.541 0.388184 0.679348 -0.320652 2.44275 -0.609543

22.541 0.388184 0.673587 -0.326413 2.44275 -0.60954
22.5439 0.394358 0.673587 -0.326413 2.41977 -0.646718

22.5439 0.394349 0.673587 -0.326413 2.41984 -0.646707
22.5445 0.395508 0.673587 -0.326413 2.41187 -0.652194

22.5445 0.395508 0.668008 -0.331992 2.41187 -0.652169
22.5481 0.402832 0.668008 -0.331992 2.38583 -0.685294

22.5481 0.402832 0.662452 -0.337548 2.38583 -0.685276
22.5513 0.40897 0.662452 -0.337548 2.35843 -0.719969

22.5513 0.40896 0.662452 -0.337548 2.35851 -0.719962
22.5519 0.410156 0.662452 -0.337548 2.35039 -0.725095

22.5519 0.410156 0.656549 -0.343451 2.35038 -0.725042
22.5557 0.41748 0.656549 -0.343451 2.32753 -0.76459

22.5557 0.41748 0.650376 -0.349624 2.32752 -0.764542
22.5586 0.422864 0.650376 -0.349624 2.30781 -0.810044

22.5586 0.422842 0.650376 -0.349624 2.308 -0.810021
22.5596 0.424805 0.650376 -0.349624 2.29361 -0.822263

22.5596 0.424805 0.64394 -0.35606 2.29358 -0.822152
22.5637 0.432129 0.64394 -0.35606 2.25418 -0.867879

22.5637 0.432129 0.63783 -0.36217 2.25417 -0.867807
22.5659 0.436069 0.63783 -0.36217 2.23282 -0.896444

22.5659 0.436028 0.63783 -0.36217 2.23317 -0.896373
22.5679 0.439453 0.63783 -0.36217 2.21184 -0.919301

22.5678 0.439453 0.631569 -0.368431 2.21176 -0.919131
22.5721 0.446777 0.631569 -0.368431 2.15724 -0.968064

22.5721 0.446777 0.625762 -0.374238 2.15722 -0.967817
22.5732 0.448698 0.625762 -0.374238 2.13828 -0.979247

22.5732 0.448632 0.625127 -0.374873 2.13895 -0.979291
22.5765 0.454102 0.625127 -0.374873 2.123 -1.01748

22.5765 0.454102 0.618481 -0.381519 2.12289 -1.01733
22.5806 0.460687 0.618481 -0.381519 2.07805 -1.08929

22.5806 0.460668 0.622437 -0.377563 2.07834 -1.08929
22.581 0.461426 0.622437 -0.377563 2.06752 -1.09545

22.581 0.461426 0.611252 -0.388748 2.06751 -1.09542
22.5857 0.46875 0.611252 -0.388748 1.99524 -1.15151

22.5857 0.46875 0.604882 -0.395118 1.99522 -1.15123
22.5879 0.47216 0.604882 -0.395118 1.97053 -1.18334

22.5879 0.47209 0.604797 -0.395203 1.97109 -1.18338
22.5905 0.476074 0.604797 -0.395203 1.94489 -1.22196

22.5905 0.476074 0.597566 -0.402434 1.94471 -1.22151
22.5952 0.483138 0.597566 -0.402434 1.85892 -1.28457

22.5952 0.483125 0.599703 -0.400297 1.85915 -1.28459
22.5954 0.483398 0.599703 -0.400297 1.85425 -1.28644

22.5954 0.483398 0.589302 -0.410698 1.85425 -1.28638
22.6005 0.490723 0.589302 -0.410698 1.76719 -1.34435

22.6005 0.490723 0.585635 -0.414365 1.76718 -1.34397
22.6025 0.493636 0.585635 -0.414365 1e+30 1e+30

