6.93604 0.501987 -0.431087 -0.568913 -0.0263638 1.76837
6.93157 0.505371 -0.431087 -0.568913 -0.0765568 1.74287

6.92871 0.507468 -0.424436 -0.575564 -0.111117 1.71543
6.93155 0.505371 -0.424436 -0.575564 -0.0764895 1.74271

6.93604 0.501938 -0.443426 -0.556574 -0.025514 1.7685
6.94092 0.498047 -0.443426 -0.556574 0.0334526 1.78172

6.95068 0.49004 -0.461292 -0.538708 0.142068 1.80899
6.94989 0.490723 -0.461292 -0.538708 0.133086 1.80682

6.94336 0.496109 -0.457048 -0.542952 0.0603523 1.79008
6.94976 0.490723 -0.457048 -0.542952 0.133622 1.80643

6.95068 0.489959 -0.469704 -0.530296 0.143516 1.80896
6.95801 0.483472 -0.469704 -0.530296 0.227146 1.82725

6.96533 0.476653 -0.482266 -0.517734 0.310593 1.83742
6.95809 0.483398 -0.482266 -0.517734 0.228105 1.82745

6.97266 0.469486 -0.494741 -0.505259 0.39602 1.84279
6.96593 0.476074 -0.494741 -0.505259 0.317487 1.83768

6.96533 0.476642 -0.489004 -0.510996 0.310779 1.83741
6.96593 0.476074 -0.489004 -0.510996 0.317499 1.83768

6.95801 0.483463 -0.476244 -0.523756 0.227301 1.82725
6.95808 0.483398 -0.476244 -0.523756 0.228154 1.82741

6.97266 0.469471 -0.50142 -0.49858 0.396279 1.84277
6.97337 0.46875 -0.50142 -0.49858 0.40515 1.84311

7.14016 0 -0.983104 -0.0168965 2.19691 0
7.13965 0.0292969 -0.983104 -0.0168965 2.19419 0.123398

7.13959 0.0292969 -0.958888 -0.041112 2.19475 0.123413
7.13896 0.0439453 -0.958888 -0.041112 2.19352 0.185316

7.13896 0.0439453 -0.943683 -0.0563168 2.19351 0.185316
7.13809 0.0585938 -0.943683 -0.0563168 2.18415 0.249371

7.13815 0.0585938 -0.920863 -0.0791373 2.18357 0.249329
7.13564 0.0878906 -0.920863 -0.0791373 2.16348 0.377081

7.13379 0.103533 -0.887999 -0.112001 2.14483 0.443638
7.13299 0.109863 -0.887999 -0.112001 2.13615 0.470221

7.13299 0.109863 -0.88022 -0.11978 2.13614 0.47022
7.13199 0.117188 -0.88022 -0.11978 2.12806 0.500174

7.13558 0.0878906 -0.898956 -0.101044 2.16398 0.377122
7.13393 0.102539 -0.898956 -0.101044 2.14609 0.439589

7.13379 0.103486 -0.884005 -0.115995 2.14495 0.443451
7.13391 0.102539 -0.884005 -0.115995 2.14621 0.439597

7.13201 0.117188 -0.869301 -0.130699 2.12794 0.500163
7.12981 0.131836 -0.869301 -0.130699 2.11759 0.567948

7.12981 0.131836 -0.855242 -0.144758 2.11758 0.567947
7.12733 0.146484 -0.855242 -0.144758 2.10817 0.643561

7.12733 0.146484 -0.841303 -0.158697 2.10814 0.643554
7.12457 0.161133 -0.841303 -0.158697 2.08464 0.722986

7.12455 0.161133 -0.830819 -0.169181 2.08478 0.723034
7.12306 0.168457 -0.830819 -0.169181 2.07625 0.763203

7.12306 0.168457 -0.823529 -0.176471 2.07626 0.763208
7.12149 0.175781 -0.823529 -0.176471 2.06941 0.804136

7.11914 0.186137 -0.810522 -0.189478 2.02316 0.863129
7.11814 0.19043 -0.810522 -0.189478 2.00101 0.88215

7.11814 0.19043 -0.803858 -0.196142 2.00101 0.882148
7.11635 0.197754 -0.803858 -0.196142 1.97858 0.913791

7.11635 0.197754 -0.796437 -0.203563 1.97856 0.913784
7.11448 0.205078 -0.796437 -0.203563 1.9739 0.947988

7.11182 0.21494 -0.782325 -0.217675 1.94928 1.00085
7.11048 0.219727 -0.782325 -0.217675 1.93295 1.02428

7.11448 0.205078 -0.789109 -0.210891 1.97391 0.947992
7.11252 0.212402 -0.789109 -0.210891 1.95712 0.98637

7.11182 0.214918 -0.782325 -0.217675 1.9494 1.00075
7.11252 0.212402 -0.782325 -0.217675 1.95716 0.986387

7.11048 0.219727 -0.775732 -0.224268 1.93297 1.02428
7.10837 0.227051 -0.775732 -0.224268 1.90474 1.05663

7.10837 0.227051 -0.769068 -0.230932 1.90473 1.05662
7.10617 0.234375 -0.769068 -0.230932 1.87468 1.08157

7.12149 0.175781 -0.816814 -0.183186 2.06942 0.804141
7.11985 0.183105 -0.816814 -0.183186 2.03951 0.846077

7.11914 0.186108 -0.810522 -0.189478 2.02337 0.862992
7.11984 0.183105 -0.810522 -0.189478 2.03955 0.846092

7.08984 0.281827 -0.721623 -0.278377 1.71659 1.24962
7.08837 0.285645 -0.721623 -0.278377 1.70414 1.26405

7.08837 0.285645 -0.714424 -0.285576 1.70416 1.26407
7.08544 0.292969 -0.714424 -0.285576 1.68701 1.29746

7.06055 0.347005 -0.657414 -0.342586 1.43063 1.5202
7.05817 0.351562 -0.657414 -0.342586 1.40375 1.54419

7.0752 0.316802 -0.686454 -0.313546 1.57707 1.40466
7.0727 0.322266 -0.686454 -0.313546 1.54309 1.42704

7.08252 0.300079 -0.707394 -0.292606 1.66449 1.33245
7.08243 0.300293 -0.707394 -0.292606 1.6634 1.33351

7.08241 0.300293 -0.700528 -0.299472 1.66355 1.33361
7.07928 0.307617 -0.700528 -0.299472 1.6345 1.37045

7.08252 0.300022 -0.707394 -0.292606 1.66495 1.33228
7.08544 0.292969 -0.707394 -0.292606 1.68703 1.29747

7.07928 0.307617 -0.693486 -0.306514 1.63449 1.37045
7.07604 0.314941 -0.693486 -0.306514 1.59171 1.39714

7.0752 0.316779 -0.686454 -0.313546 1.57731 1.4046
7.07603 0.314941 -0.686454 -0.313546 1.59176 1.39716

7.06787 0.332404 -0.672184 -0.327816 1.49962 1.46069
7.06567 0.336914 -0.672184 -0.327816 1.48159 1.47987

7.0727 0.322266 -0.679287 -0.320713 1.54309 1.42705
7.06924 0.32959 -0.679287 -0.320713 1.50877 1.44994

7.06787 0.332384 -0.672184 -0.327816 1.49976 1.46063
7.06923 0.32959 -0.672184 -0.327816 1.50882 1.44995

7.06567 0.336914 -0.664997 -0.335003 1.4816 1.47987
7.06198 0.344238 -0.664997 -0.335003 1.44377 1.50743

7.06055 0.346974 -0.657414 -0.342586 1.43091 1.52009
7.06197 0.344238 -0.657414 -0.342586 1.44384 1.50745

7.10449 0.239782 -0.762508 -0.237492 1.85092 1.10198
7.10389 0.241699 -0.762508 -0.237492 1.84085 1.10809

7.10389 0.241699 -0.756038 -0.243962 1.84091 1.10813
7.10152 0.249023 -0.756038 -0.243962 1.81172 1.13375

7.09717 0.26188 -0.742849 -0.257151 1.78049 1.17808
7.09655 0.263672 -0.742849 -0.257151 1.77355 1.1844

7.10152 0.249023 -0.749444 -0.250556 1.81171 1.13375
7.09907 0.256348 -0.749444 -0.250556 1.79532 1.15738

7.09717 0.261847 -0.742849 -0.257151 1.7807 1.178
7.09907 0.256348 -0.742849 -0.257151 1.79534 1.15739

7.10449 0.239738 -0.762508 -0.237492 1.85125 1.10189
7.10616 0.234375 -0.762508 -0.237492 1.87471 1.08158

7.09654 0.263672 -0.736067 -0.263933 1.7736 1.18442
7.09391 0.270996 -0.736067 -0.263933 1.75157 1.21073

7.09392 0.270996 -0.728857 -0.271143 1.75156 1.21072
7.09119 0.27832 -0.728857 -0.271143 1.72884 1.23468

7.08984 0.281798 -0.721623 -0.278377 1.71677 1.24954
7.09119 0.27832 -0.721623 -0.278377 1.72888 1.2347

7.04587 0.373535 -0.625385 -0.374615 1.267 1.6197
7.04148 0.380859 -0.625385 -0.374615 1.22464 1.65796

7.05322 0.360655 -0.640951 -0.359049 1.33259 1.56954
7.05011 0.366211 -0.640951 -0.359049 1.3029 1.59088

7.05817 0.351562 -0.649219 -0.350781 1.40375 1.5442
7.05421 0.358887 -0.649219 -0.350781 1.34671 1.56533

7.05322 0.360638 -0.640951 -0.359049 1.33279 1.5695
7.0542 0.358887 -0.640951 -0.359049 1.34677 1.56533

7.0459 0.373479 -0.633227 -0.366773 1.26737 1.61946
7.05011 0.366211 -0.633227 -0.366773 1.30292 1.59089

7.03857 0.38559 -0.617167 -0.382833 1.19829 1.68167
7.03697 0.388184 -0.617167 -0.382833 1.167 1.6941

7.03695 0.388184 -0.607914 -0.392086 1.16711 1.69415
7.03223 0.395508 -0.607914 -0.392086 1.07931 1.70853

7.03857 0.385528 -0.617167 -0.382833 1.19933 1.68152
7.04147 0.380859 -0.617167 -0.382833 1.22475 1.65798

7.03125 0.396961 -0.605605 -0.394395 1.06326 1.71113
7.0322 0.395508 -0.605605 -0.394395 1.07945 1.70854

