12.1875 0.567986 0.391615 -0.608385 -0.0874812 -1.79325
12.1926 0.571289 0.391615 -0.608385 -0.1817 -1.75311

12.1925 0.571289 0.389005 -0.610995 -0.180957 -1.75284
12.1948 0.572763 0.389005 -0.610995 -0.217981 -1.74418

12.1948 0.572722 0.374716 -0.625284 -0.217332 -1.74456
12.2021 0.577111 0.374716 -0.625284 -0.34173 -1.72527

12.2021 0.577078 0.357793 -0.642207 -0.341076 -1.72565
12.2049 0.578613 0.357793 -0.642207 -0.391546 -1.71773

12.2048 0.578613 0.357793 -0.642207 -0.39102 -1.71747
12.2095 0.581199 0.357793 -0.642207 -0.487723 -1.67056

12.2095 0.581189 0.340184 -0.659816 -0.487508 -1.67066
12.2168 0.584965 0.340184 -0.659816 -0.62254 -1.59853

12.2168 0.584945 0.321648 -0.678352 -0.622117 -1.59873
12.2189 0.585938 0.321648 -0.678352 -0.655912 -1.58505

12.2188 0.585938 0.321648 -0.678352 -0.655637 -1.58514
12.2241 0.588438 0.321648 -0.678352 -0.750343 -1.52465

12.2241 0.588435 0.30252 -0.69748 -0.750267 -1.52467
12.2314 0.591611 0.30252 -0.69748 -0.875784 -1.42691

12.2314 0.591595 0.282236 -0.717764 -0.875424 -1.42707
12.2357 0.593262 0.282236 -0.717764 -0.939408 -1.38304

12.2356 0.593262 0.282236 -0.717764 -0.93882 -1.38352
12.2388 0.594508 0.282236 -0.717764 -0.992267 -1.35686

12.2388 0.594492 0.260683 -0.739317 -0.991859 -1.35697
12.2461 0.597074 0.260683 -0.739317 -1.12031 -1.26266

12.2461 0.597071 0.237836 -0.762164 -1.12024 -1.2627
12.2534 0.599357 0.237836 -0.762164 -1.23111 -1.12725

12.2534 0.599346 0.214675 -0.785325 -1.23083 -1.12736
12.258 0.600586 0.214675 -0.785325 -1.29684 -1.0556

12.2579 0.600586 0.214675 -0.785325 -1.29638 -1.05641
12.2607 0.601366 0.214675 -0.785325 -1.34028 -1.01439

12.2607 0.601357 0.190498 -0.809502 -1.34001 -1.01445
12.2681 0.60308 0.190498 -0.809502 -1.4501 -0.888054

12.2681 0.603081 0.164346 -0.835654 -1.45012 -0.88805
12.2754 0.604521 0.164346 -0.835654 -1.54794 -0.731713

12.2754 0.604523 0.136064 -0.863936 -1.54796 -0.731701
12.2827 0.605676 0.136064 -0.863936 -1.61276 -0.573304

12.2827 0.605676 0.105505 -0.894495 -1.61276 -0.573302
12.29 0.60654 0.105505 -0.894495 -1.67085 -0.421476

12.29 0.60654 0.0728024 -0.927198 -1.67084 -0.421482
12.2974 0.607115 0.0728024 -0.927198 -1.72405 -0.266925

12.2974 0.607114 0.0380509 -0.961949 -1.72403 -0.266934
12.3047 0.607403 0.0380509 -0.961949 -1.76817 -0.100847

12.3999 0.584334 -0.334056 -0.665944 -1.0078 1.9032
12.3967 0.585938 -0.334056 -0.665944 -1.06297 1.85241

12.3999 0.584308 -0.354529 -0.645471 -1.00695 1.90332
12.4072 0.580285 -0.354529 -0.645471 -0.889213 1.99984

12.4219 0.571232 -0.391552 -0.608448 -0.596167 2.19982
12.4218 0.571289 -0.391552 -0.608448 -0.597703 2.1997

12.4146 0.575921 -0.37388 -0.62612 -0.75118 2.11934
12.41 0.578613 -0.37388 -0.62612 -0.840177 2.02922

12.4072 0.580259 -0.373871 -0.626129 -0.888151 1.99973
12.41 0.578613 -0.373871 -0.626129 -0.839778 2.02845

12.4146 0.575908 -0.39187 -0.60813 -0.750782 2.11942
12.4217 0.571289 -0.39187 -0.60813 -0.597408 2.19953

12.3047 0.607403 0.00110073 -0.998899 -1.76816 -0.100853
12.312 0.607411 0.00110073 -0.998899 -1.79408 0.0771404

12.312 0.607411 -0.0358716 -0.964128 -1.79408 0.0771411
12.3193 0.607138 -0.0358716 -0.964128 -1.79749 0.258962

12.3193 0.60714 -0.0705989 -0.929401 -1.79752 0.258961
12.3267 0.606583 -0.0705989 -0.929401 -1.78366 0.43645

12.3267 0.606585 -0.103662 -0.896338 -1.7837 0.436443
12.334 0.605738 -0.103662 -0.896338 -1.76043 0.609257

12.334 0.60574 -0.135267 -0.864733 -1.76047 0.609249
12.3413 0.604595 -0.135267 -0.864733 -1.73512 0.784537

12.3413 0.604596 -0.165413 -0.834587 -1.73515 0.784527
12.3486 0.603145 -0.165413 -0.834587 -1.67473 0.955164

12.3633 0.599327 -0.219302 -0.780698 -1.54553 1.24549
12.3588 0.600586 -0.219302 -0.780698 -1.58793 1.14654

12.3486 0.603143 -0.193577 -0.806423 -1.67467 0.955159
12.356 0.601385 -0.193577 -0.806423 -1.60795 1.09607

12.356 0.60138 -0.219302 -0.780698 -1.60779 1.09607
12.3588 0.600586 -0.219302 -0.780698 -1.58789 1.14628

12.3633 0.59933 -0.243806 -0.756194 -1.54562 1.24547
12.3706 0.596969 -0.243806 -0.756194 -1.4664 1.44703

12.3706 0.596969 -0.267538 -0.732462 -1.4664 1.44702
12.3779 0.594294 -0.267538 -0.732462 -1.34204 1.56416

12.3853 0.59131 -0.290132 -0.709868 -1.24219 1.67991
12.3805 0.593262 -0.290132 -0.709868 -1.30845 1.58951

12.3779 0.594281 -0.290132 -0.709868 -1.34154 1.56415
12.3804 0.593262 -0.290132 -0.709868 -1.30831 1.58895

12.3853 0.591309 -0.312528 -0.687472 -1.24218 1.67992
12.3926 0.58798 -0.312528 -0.687472 -1.12998 1.80003

12.3926 0.587951 -0.334056 -0.665944 -1.12881 1.79996
12.3966 0.585938 -0.334056 -0.665944 -1.0631 1.85087

12.4731 0.526558 -0.520669 -0.479331 0.385938 2.43803
12.4724 0.527344 -0.520669 -0.479331 0.370827 2.43771

12.4805 0.518294 -0.53753 -0.46247 0.534492 2.43262
12.479 0.52002 -0.53753 -0.46247 0.504665 2.43715

12.4731 0.526484 -0.526485 -0.473515 0.387907 2.43778
12.479 0.52002 -0.526485 -0.473515 0.504876 2.43714

12.4438 0.554703 -0.448777 -0.551223 -0.211014 2.33738
12.4415 0.556641 -0.448777 -0.551223 -0.252167 2.31805

12.4512 0.548353 -0.4708 -0.5292 -0.0670204 2.38213
12.4501 0.549316 -0.4708 -0.5292 -0.0881736 2.37579

12.4438 0.55462 -0.464758 -0.535242 -0.208727 2.33742
12.45 0.549316 -0.464758 -0.535242 -0.0873037 2.37479

12.4219 0.57121 -0.411006 -0.588994 -0.595432 2.19978
12.4292 0.566099 -0.411006 -0.588994 -0.478183 2.23894

12.4365 0.560584 -0.429936 -0.570064 -0.348946 2.29703
12.432 0.563965 -0.429936 -0.570064 -0.425955 2.26175

12.4292 0.566029 -0.422862 -0.577138 -0.475776 2.23862
12.432 0.563965 -0.422862 -0.577138 -0.425777 2.26148

12.4365 0.560529 -0.446147 -0.553853 -0.347502 2.2972
12.4414 0.556641 -0.446147 -0.553853 -0.251562 2.31716

12.4585 0.541547 -0.488692 -0.511308 0.080455 2.41705
12.458 0.541992 -0.488692 -0.511308 0.0705036 2.41486

12.4658 0.534297 -0.504526 -0.495474 0.235412 2.43665
12.4655 0.534668 -0.504526 -0.495474 0.227763 2.43683

12.4585 0.541461 -0.496669 -0.503331 0.0830103 2.41683
12.4654 0.534668 -0.496669 -0.503331 0.228367 2.43658

12.4512 0.548266 -0.481365 -0.518635 -0.0644829 2.38197
12.4579 0.541992 -0.481365 -0.518635 0.0712036 2.41415

12.4658 0.534213 -0.511629 -0.488371 0.237796 2.43634
12.4724 0.527344 -0.511629 -0.488371 0.371173 2.43753

12.5098 0.479433 -0.599422 -0.400578 1.05294 2.30924
12.5071 0.483398 -0.599422 -0.400578 1.01391 2.33661

12.5024 0.490177 -0.590728 -0.409272 0.936462 2.36961
12.5021 0.490723 -0.590728 -0.409272 0.927172 2.37218

12.502 0.490723 -0.578343 -0.421657 0.927448 2.37221
12.4967 0.498047 -0.578343 -0.421657 0.808306 2.38851

12.5024 0.490105 -0.589794 -0.410206 0.938166 2.36932
12.5071 0.483398 -0.589794 -0.410206 1.01398 2.33666

12.4878 0.509457 -0.555602 -0.444398 0.654757 2.40835
12.4852 0.512695 -0.555602 -0.444398 0.611054 2.41906

12.4951 0.500109 -0.565872 -0.434128 0.779619 2.38814
12.4911 0.505371 -0.565872 -0.434128 0.703691 2.40269

12.4878 0.509459 -0.557255 -0.442745 0.654718 2.40835
12.491 0.505371 -0.557255 -0.442745 0.704165 2.40246

12.4805 0.518235 -0.541235 -0.458765 0.535918 2.43244
12.4852 0.512695 -0.541235 -0.458765 0.611326 2.4191

12.4951 0.500106 -0.572598 -0.427402 0.779686 2.38812
12.4967 0.498047 -0.572598 -0.427402 0.808684 2.38826

12.5167 0.46875 -0.609852 -0.390148 1.18381 2.27175
12.512 0.476074 -0.609852 -0.390148 1.07704 2.29661

12.5098 0.479401 -0.599767 -0.400233 1.05341 2.30906
12.512 0.476074 -0.599767 -0.400233 1.0773 2.29655

