17.9621 0.117188 0.879704 -0.120296 2.69573 -0.0860399
17.9641 0.131836 0.879704 -0.120296 2.69193 -0.0887051

17.9642 0.131836 0.870069 -0.129931 2.69194 -0.0887199
17.9653 0.13916 0.870069 -0.129931 2.69421 -0.0886964

17.9653 0.13916 0.863919 -0.136081 2.69421 -0.0886957
17.9663 0.145878 0.863919 -0.136081 2.69506 -0.0872306

17.9663 0.145877 0.863919 -0.136081 2.69506 -0.087231
17.9664 0.146484 0.863919 -0.136081 2.69475 -0.0868879

17.9664 0.146484 0.857604 -0.142396 2.69475 -0.0868877
17.9676 0.153809 0.857604 -0.142396 2.69189 -0.0848652

17.9676 0.153809 0.851589 -0.148411 2.69189 -0.0848643
17.9689 0.161133 0.851589 -0.148411 2.69173 -0.0879841

17.9689 0.161133 0.84572 -0.15428 2.69173 -0.0879844
17.9702 0.168457 0.84572 -0.15428 2.69378 -0.0942979

17.9702 0.168457 0.839721 -0.160279 2.69378 -0.0942941
17.9716 0.175781 0.839721 -0.160279 2.697 -0.108927

17.9716 0.175781 0.833481 -0.166519 2.69699 -0.108924
17.9731 0.183105 0.833481 -0.166519 2.69765 -0.124548

17.9731 0.183105 0.827357 -0.172643 2.69765 -0.124546
17.9736 0.185695 0.827357 -0.172643 2.69635 -0.130016

17.9736 0.185683 0.827357 -0.172643 2.69636 -0.129998
17.9746 0.19043 0.827357 -0.172643 2.68422 -0.135782

17.9746 0.19043 0.821523 -0.178477 2.68422 -0.13578
17.9762 0.197754 0.821523 -0.178477 2.67623 -0.141989

17.9762 0.197754 0.815561 -0.184439 2.67623 -0.141988
17.9779 0.205078 0.815561 -0.184439 2.68072 -0.155538

17.9779 0.205078 0.80943 -0.19057 2.68072 -0.155536
17.9796 0.212402 0.80943 -0.19057 2.67898 -0.175835

17.9796 0.212402 0.803426 -0.196574 2.67898 -0.175836
17.981 0.217976 0.803426 -0.196574 2.67532 -0.187786

17.981 0.217973 0.803426 -0.196574 2.67533 -0.187783
17.9814 0.219727 0.803426 -0.196574 2.67252 -0.190258

17.9814 0.219727 0.797589 -0.202411 2.67252 -0.190257
17.9832 0.227051 0.797589 -0.202411 2.66309 -0.20036

17.9832 0.227051 0.792003 -0.207997 2.66309 -0.200362
17.9852 0.234375 0.792003 -0.207997 2.66085 -0.212315

17.9852 0.234375 0.786651 -0.213349 2.66085 -0.212315
17.9872 0.241699 0.786651 -0.213349 2.6625 -0.227442

17.9872 0.241699 0.781136 -0.218864 2.66249 -0.227433
17.9883 0.245727 0.781136 -0.218864 2.66292 -0.236497

17.9883 0.24572 0.781136 -0.218864 2.66293 -0.236492
17.9892 0.249023 0.781136 -0.218864 2.65987 -0.241626

17.9892 0.249023 0.775319 -0.224681 2.65987 -0.241619
17.9913 0.256348 0.775319 -0.224681 2.65674 -0.253217

17.9913 0.256348 0.769491 -0.230509 2.65674 -0.253218
17.9935 0.263672 0.769491 -0.230509 2.65195 -0.267348

17.9935 0.263672 0.763933 -0.236067 2.65195 -0.26735
17.9956 0.270413 0.763933 -0.236067 2.6397 -0.278161

17.9956 0.270408 0.763933 -0.236067 2.63971 -0.278158
17.9958 0.270996 0.763933 -0.236067 2.63844 -0.278991

17.9958 0.270996 0.758558 -0.241442 2.63844 -0.278989
17.9981 0.27832 0.758558 -0.241442 2.62828 -0.291159

17.9981 0.27832 0.752931 -0.247069 2.62827 -0.291156
18.0005 0.285645 0.752931 -0.247069 2.62092 -0.313111

18.0005 0.285645 0.747094 -0.252906 2.62092 -0.313111
18.0029 0.292768 0.747094 -0.252906 2.60633 -0.334153

18.0029 0.292766 0.747094 -0.252906 2.60634 -0.33415
18.003 0.292969 0.747094 -0.252906 2.60583 -0.334647

18.003 0.292969 0.741531 -0.258469 2.60583 -0.334649
18.0056 0.300293 0.741531 -0.258469 2.59572 -0.352018

18.0056 0.300293 0.736125 -0.263875 2.59572 -0.352016
18.0082 0.307617 0.736125 -0.263875 2.5906 -0.371035

18.0082 0.307617 0.730776 -0.269224 2.5906 -0.371035
18.0103 0.313255 0.730776 -0.269224 2.57891 -0.385072

18.0103 0.313249 0.730776 -0.269224 2.57893 -0.385066
18.0109 0.314941 0.730776 -0.269224 2.57452 -0.388892

18.0109 0.314941 0.725401 -0.274599 2.57451 -0.388882
18.0136 0.322266 0.725401 -0.274599 2.56546 -0.406602

18.0136 0.322266 0.719632 -0.280368 2.56545 -0.406597
18.0165 0.32959 0.719632 -0.280368 2.55111 -0.438405

18.0165 0.32959 0.71379 -0.28621 2.5511 -0.438377
18.0176 0.332295 0.71379 -0.28621 2.54216 -0.449137

18.0176 0.332272 0.71379 -0.28621 2.54225 -0.449102
18.0194 0.336914 0.71379 -0.28621 2.53075 -0.463694

18.0194 0.336914 0.708075 -0.291925 2.53073 -0.463676
18.0225 0.344238 0.708075 -0.291925 2.51689 -0.486479

18.0225 0.344238 0.702613 -0.297387 2.51689 -0.486484
18.0249 0.350018 0.702613 -0.297387 2.49849 -0.504113

18.0249 0.350009 0.702613 -0.297387 2.49854 -0.504103
18.0256 0.351562 0.702613 -0.297387 2.49154 -0.508325

18.0256 0.351562 0.697304 -0.302696 2.49153 -0.508308
18.0287 0.358887 0.697304 -0.302696 2.47752 -0.532767

18.0287 0.358887 0.691697 -0.308303 2.47752 -0.532751
18.032 0.366211 0.691697 -0.308303 2.45706 -0.572101

18.032 0.366211 0.686003 -0.313997 2.45703 -0.571988
18.0322 0.366745 0.686003 -0.313997 2.45462 -0.574191

18.0322 0.366707 0.686003 -0.313997 2.45482 -0.574157
18.0354 0.373535 0.686003 -0.313997 2.44131 -0.600835

18.0353 0.373535 0.680204 -0.319796 2.4413 -0.60082
18.0388 0.380859 0.680204 -0.319796 2.41361 -0.639397

18.0388 0.380859 0.674593 -0.325407 2.41359 -0.639293
18.0396 0.382462 0.674593 -0.325407 2.40314 -0.646074

18.0396 0.382417 0.674593 -0.325407 2.40347 -0.646042
18.0423 0.388184 0.674593 -0.325407 2.38357 -0.669557

18.0423 0.388184 0.668955 -0.331045 2.38353 -0.669515
18.0459 0.395508 0.668955 -0.331045 2.35176 -0.708334

18.0459 0.395508 0.663068 -0.336932 2.35174 -0.708224
18.0469 0.397359 0.663068 -0.336932 2.33966 -0.715941

18.0469 0.397319 0.663068 -0.336932 2.33994 -0.715929
18.0497 0.402832 0.663068 -0.336932 2.32582 -0.740086

18.0497 0.402832 0.656905 -0.343095 2.32578 -0.740038
18.0535 0.410156 0.656905 -0.343095 2.2956 -0.788591

18.0535 0.410156 0.65079 -0.34921 2.29557 -0.788399
18.0542 0.411511 0.65079 -0.34921 2.28518 -0.796467

18.0542 0.411457 0.65079 -0.34921 2.28565 -0.796415
18.0574 0.41748 0.65079 -0.34921 2.26526 -0.829596

18.0574 0.41748 0.644779 -0.355221 2.26521 -0.82954
18.0615 0.424805 0.644779 -0.355221 2.21607 -0.87567

18.0614 0.424805 0.642021 -0.357979 2.21602 -0.875366
18.0615 0.42499 0.642021 -0.357979 2.21407 -0.876238

18.0615 0.424918 0.638587 -0.361413 2.21488 -0.876221
18.0656 0.432129 0.638587 -0.361413 2.17667 -0.912675

18.0656 0.432129 0.632286 -0.367714 2.17666 -0.912582
18.0688 0.437717 0.632286 -0.367714 2.14886 -0.960576

18.0688 0.437695 0.632322 -0.367678 2.14908 -0.960557
18.0699 0.439453 0.632322 -0.367678 2.13478 -0.971942

18.0699 0.439453 0.625199 -0.374801 2.13474 -0.971795
18.0742 0.446777 0.625199 -0.374801 2.08734 -1.02489

18.0742 0.446777 0.618404 -0.381596 2.08732 -1.02468
18.0762 0.449922 0.618404 -0.381596 2.06631 -1.054

18.0762 0.449862 0.618404 -0.381596 2.06678 -1.05397
18.0788 0.454102 0.618404 -0.381596 2.04869 -1.09222

18.0788 0.454102 0.611572 -0.388428 2.04854 -1.09196
18.0834 0.461426 0.611572 -0.388428 1.97454 -1.15232

18.0834 0.461426 0.611742 -0.388258 1.97452 -1.15169
18.0835 0.461642 0.611742 -0.388258 1.9712 -1.15307

18.0835 0.461544 0.604218 -0.395782 1.97272 -1.15314
18.0882 0.46875 0.604218 -0.395782 1.90512 -1.20576

18.0882 0.46875 0.597382 -0.402618 1.90509 -1.20542
18.0908 0.472643 0.597382 -0.402618 1.8825 -1.25069

18.0908 0.472581 0.597404 -0.402596 1.88314 -1.2506
18.0932 0.476074 0.597404 -0.402596 1.85737 -1.28901

18.0931 0.476074 0.589119 -0.410881 1.85719 -1.28845
18.0981 0.483256 0.589119 -0.410881 1.76431 -1.3569

18.0981 0.483245 0.58941 -0.41059 1.76454 -1.35692
18.0983 0.483398 0.58941 -0.41059 1.76151 -1.35814

18.0983 0.483398 0.580336 -0.419664 1.76151 -1.35815
18.1035 0.490723 0.580336 -0.419664 1.66229 -1.41727

18.1035 0.490723 0.57952 -0.42048 1.66229 -1.41698
18.1055 0.493392 0.57952 -0.42048 1.63947 -1.44535

18.1055 0.49326 0.572776 -0.427224 1.64064 -1.44557
18.109 0.498047 0.572776 -0.427224 1.59135 -1.49422

18.109 0.498047 0.564935 -0.435065 1.59129 -1.49348
18.1128 0.502983 0.564935 -0.435065 1.52172 -1.54151

18.1128 0.502914 0.56682 -0.43318 1.52276 -1.54183
18.1147 0.505371 0.56682 -0.43318 1.48017 -1.56228

18.1146 0.505371 0.554317 -0.445683 1.48028 -1.56163
18.1201 0.512192 0.554317 -0.445683 1.37588 -1.61283

18.1201 0.512167 0.551277 -0.448723 1.3762 -1.61299
18.1205 0.512695 0.551277 -0.448723 1.36773 -1.61702

18.1205 0.512695 0.544293 -0.455707 1.36776 -1.61688
18.1267 0.52002 0.544293 -0.455707 1.28316 -1.67698

18.1266 0.52002 0.539744 -0.460256 1.28343 -1.67524
18.1274 0.521028 0.539744 -0.460256 1.27737 -1.68581

18.1274 0.520902 0.535117 -0.464883 1.27781 -1.68659
18.133 0.527344 0.535117 -0.464883 1.1915 -1.73674

18.133 0.527344 0.529074 -0.470926 1.19199 -1.73575
18.1348 0.529362 0.529074 -0.470926 1.15218 -1.74101

18.1348 0.529248 0.525324 -0.474676 1.15371 -1.74218
18.1397 0.534668 0.525324 -0.474676 1.05612 -1.75742

18.1396 0.534668 0.516602 -0.483398 1.05632 -1.75707
18.1421 0.537291 0.516602 -0.483398 1.01034 -1.76131

18.1421 0.537215 0.511379 -0.488621 1.01117 -1.76209
18.1467 0.541992 0.511379 -0.488621 0.939776 -1.78844

18.1466 0.541992 0.503157 -0.496843 0.940004 -1.78757
18.1494 0.544832 0.503157 -0.496843 0.903285 -1.82043

18.1494 0.544767 0.495522 -0.504478 0.903787 -1.82094
18.154 0.549316 0.495522 -0.504478 0.806461 -1.86029

18.1539 0.549316 0.489058 -0.510942 0.80729 -1.85851
18.1567 0.55199 0.489058 -0.510942 0.738961 -1.87989

18.1567 0.551946 0.478148 -0.521852 0.739721 -1.88035
18.1619 0.556641 0.478148 -0.521852 0.626676 -1.90958

18.1617 0.556641 0.474033 -0.525967 0.627772 -1.90803
18.1641 0.55874 0.474033 -0.525967 0.573723 -1.91326

18.1641 0.558683 0.465594 -0.534406 0.574639 -1.91388
18.1701 0.563965 0.465594 -0.534406 0.442145 -1.91706

18.17 0.563965 0.459539 -0.540461 0.44323 -1.91588
18.1714 0.565141 0.459539 -0.540461 0.414939 -1.91506

18.1714 0.565082 0.451289 -0.548711 0.415739 -1.91578
18.1787 0.571106 0.451289 -0.548711 0.271119 -1.92319

18.1787 0.571099 0.44023 -0.55977 0.271209 -1.92327
18.179 0.571289 0.44023 -0.55977 0.266835 -1.92382

18.1789 0.571289 0.435537 -0.564463 0.266932 -1.92367
18.186 0.576764 0.435537 -0.564463 0.125918 -1.93659

18.186 0.576733 0.416345 -0.583655 0.126452 -1.93703
18.1887 0.578613 0.416345 -0.583655 0.0717833 -1.9366

18.1886 0.578613 0.419162 -0.580838 0.0725081 -1.93577
18.1934 0.582058 0.419162 -0.580838 -0.0367464 -1.91886

18.1934 0.582025 0.402693 -0.597307 -0.0361226 -1.91924
18.1992 0.585938 0.402693 -0.597307 -0.163915 -1.88931

18.199 0.585938 0.394335 -0.605665 -0.162616 -1.88874
18.2007 0.587029 0.394335 -0.605665 -0.196794 -1.88209

18.2007 0.586981 0.384909 -0.615091 -0.195915 -1.88265
18.208 0.591564 0.384909 -0.615091 -0.353208 -1.8517

18.208 0.591525 0.367176 -0.632824 -0.352359 -1.85226
18.211 0.593262 0.367176 -0.632824 -0.417783 -1.83404

18.2109 0.593262 0.367176 -0.632824 -0.417015 -1.83386
18.2153 0.595823 0.367176 -0.632824 -0.520808 -1.7792

18.2153 0.595812 0.348626 -0.651374 -0.520546 -1.77933
18.2227 0.599732 0.348626 -0.651374 -0.672395 -1.70664

18.2227 0.599715 0.328306 -0.671694 -0.672005 -1.70682
18.2244 0.600586 0.328306 -0.671694 -0.704863 -1.69698

18.2244 0.600586 0.328306 -0.671694 -0.704569 -1.697
18.23 0.603313 0.328306 -0.671694 -0.818835 -1.63295

18.23 0.60331 0.306947 -0.693053 -0.818747 -1.63298
18.2373 0.606554 0.306947 -0.693053 -0.96474 -1.53458

18.2373 0.60653 0.284802 -0.715198 -0.96413 -1.53485
18.2408 0.60791 0.284802 -0.715198 -1.02779 -1.50066

18.2407 0.60791 0.284802 -0.715198 -1.02712 -1.5011
18.2446 0.60948 0.284802 -0.715198 -1.11214 -1.45387

18.2446 0.609469 0.261417 -0.738583 -1.11179 -1.45397
18.252 0.612061 0.261417 -0.738583 -1.2696 -1.32287

18.252 0.612058 0.236378 -0.763622 -1.2695 -1.32292
18.2593 0.614325 0.236378 -0.763622 -1.39522 -1.16152

18.2593 0.614315 0.21087 -0.78913 -1.39494 -1.16162
18.2627 0.615234 0.21087 -0.78913 -1.45106 -1.10086

18.2627 0.615234 0.21087 -0.78913 -1.4507 -1.10148
18.2666 0.616283 0.21087 -0.78913 -1.51668 -1.0327

18.2666 0.616282 0.183631 -0.816369 -1.51663 -1.03271
18.2739 0.617929 0.183631 -0.816369 -1.63915 -0.888905

18.2739 0.617931 0.153323 -0.846677 -1.63922 -0.888894
18.2812 0.619258 0.153323 -0.846677 1e+30 1e+30

