25.4883 0.499952 0.574292 -0.425708 1.70855 -1.40421
25.4923 0.505371 0.574292 -0.425708 1.66186 -1.46679

25.4923 0.505371 0.567472 -0.432528 1.66191 -1.46578
25.4956 0.509768 0.567472 -0.432528 1.61278 -1.52847

25.4956 0.50966 0.569992 -0.430008 1.61462 -1.52895
25.4979 0.512695 0.569992 -0.430008 1.5574 -1.56183

25.4979 0.512695 0.556532 -0.443468 1.55749 -1.56113
25.5029 0.519057 0.556532 -0.443468 1.44345 -1.60251

25.5029 0.519025 0.55475 -0.44525 1.44387 -1.60274
25.5037 0.52002 0.55475 -0.44525 1.4266 -1.60866

25.5037 0.52002 0.546453 -0.453547 1.4267 -1.60831
25.5098 0.527344 0.546453 -0.453547 1.33708 -1.66641

25.5097 0.527344 0.541739 -0.458261 1.33737 -1.66455
25.5103 0.528006 0.541739 -0.458261 1.33273 -1.67155

25.5103 0.527878 0.537142 -0.462858 1.33328 -1.67238
25.5161 0.534668 0.537142 -0.462858 1.25566 -1.73509

25.516 0.534668 0.531545 -0.468455 1.2561 -1.73379
25.5176 0.536421 0.531545 -0.468455 1.22925 -1.74517

25.5176 0.536314 0.526985 -0.473015 1.2303 -1.74619
25.5227 0.541992 0.526985 -0.473015 1.12529 -1.77299

25.5226 0.541992 0.519046 -0.480954 1.12561 -1.77244
25.5249 0.544441 0.519046 -0.480954 1.07479 -1.77458

25.5249 0.544345 0.514662 -0.485338 1.07609 -1.77567
25.5296 0.549316 0.514662 -0.485338 0.991208 -1.79835

25.5296 0.549316 0.506354 -0.493646 0.991472 -1.79759
25.5322 0.552062 0.506354 -0.493646 0.948059 -1.8227

25.5322 0.551989 0.49967 -0.50033 0.948748 -1.82337
25.5369 0.556641 0.49967 -0.50033 0.857292 -1.86183

25.5368 0.556641 0.492874 -0.507126 0.858092 -1.85961
25.5396 0.559329 0.492874 -0.507126 0.799993 -1.89342

25.5396 0.559273 0.482649 -0.517351 0.800746 -1.894
25.5446 0.563965 0.482649 -0.517351 0.686587 -1.93731

25.5445 0.563965 0.477731 -0.522269 0.687777 -1.93561
25.5469 0.566174 0.477731 -0.522269 0.626311 -1.94272

25.5469 0.566117 0.468973 -0.531027 0.627289 -1.94342
25.5527 0.571289 0.468973 -0.531027 0.487224 -1.95319

25.5526 0.571289 0.463075 -0.536925 0.488503 -1.9516
25.5542 0.572665 0.463075 -0.536925 0.451302 -1.95338

25.5542 0.572603 0.454611 -0.545389 0.452273 -1.95419
25.5614 0.578613 0.454611 -0.545389 0.295866 -1.95774

25.5613 0.578613 0.447205 -0.552795 0.297013 -1.95633
25.5615 0.578809 0.447205 -0.552795 0.29249 -1.95637

25.5615 0.578717 0.438878 -0.561122 0.293602 -1.9576
25.5688 0.584445 0.438878 -0.561122 0.145783 -1.97502

25.5688 0.584415 0.420545 -0.579455 0.146317 -1.97546
25.5709 0.585938 0.420545 -0.579455 0.100984 -1.98016

25.5709 0.585938 0.422195 -0.577805 0.101562 -1.97936
25.5762 0.589803 0.422195 -0.577805 -0.027998 -1.96322

25.5762 0.589765 0.405078 -0.594922 -0.0272665 -1.9638
25.5813 0.593262 0.405078 -0.594922 -0.146973 -1.9333

25.5812 0.593262 0.399759 -0.600241 -0.14556 -1.93278
25.5835 0.59482 0.399759 -0.600241 -0.194489 -1.92095

25.5835 0.594776 0.387062 -0.612938 -0.193724 -1.92151
25.5908 0.599402 0.387062 -0.612938 -0.353155 -1.90807

25.5908 0.599373 0.368524 -0.631476 -0.352478 -1.90848
25.5929 0.600586 0.368524 -0.631476 -0.400962 -1.90804

25.5928 0.600586 0.368524 -0.631476 -0.400387 -1.90756
25.5981 0.603682 0.368524 -0.631476 -0.543996 -1.83948

25.5981 0.603674 0.349086 -0.650914 -0.543779 -1.83959
25.6055 0.607602 0.349086 -0.650914 -0.708274 -1.75288

25.6055 0.607592 0.328252 -0.671748 -0.70805 -1.75299
25.6061 0.60791 0.328252 -0.671748 -0.720442 -1.75049

25.6061 0.60791 0.328252 -0.671748 -0.720264 -1.75046
25.6128 0.611181 0.328252 -0.671748 -0.860055 -1.67659

25.6128 0.61118 0.3061 -0.6939 -0.860031 -1.67659
25.6201 0.614411 0.3061 -0.6939 -1.01385 -1.58322

25.6201 0.614393 0.282914 -0.717086 -1.01334 -1.58342
25.6222 0.615234 0.282914 -0.717086 -1.05605 -1.57254

25.6222 0.615234 0.282914 -0.717086 -1.05559 -1.57258
25.6274 0.617303 0.282914 -0.717086 -1.18018 -1.49979

25.6274 0.617301 0.258042 -0.741958 -1.18011 -1.49981
25.6348 0.619849 0.258042 -0.741958 -1.34794 -1.33571

25.6348 0.619844 0.231561 -0.768439 -1.3478 -1.33579
25.6421 0.622051 0.231561 -0.768439 -1.48292 -1.1847

25.6421 0.622043 0.204568 -0.795432 -1.48268 -1.18478
25.6441 0.622559 0.204568 -0.795432 -1.51938 -1.15634

25.6441 0.622559 0.204568 -0.795432 -1.51917 -1.15658
25.6494 0.623933 0.204568 -0.795432 -1.62385 -1.05017

25.6494 0.623936 0.175379 -0.824621 -1.62397 -1.05014
25.6567 0.625493 0.175379 -0.824621 -1.76401 -0.871839

25.6567 0.625494 0.142852 -0.857148 -1.76405 -0.871832
25.6641 0.626715 0.142852 -0.857148 -1.87402 -0.676668

25.6641 0.626715 0.107488 -0.892512 -1.87401 -0.676671
25.6714 0.627597 0.107488 -0.892512 -1.95064 -0.479098

25.6714 0.627597 0.0691974 -0.930803 -1.95063 -0.479102
25.6787 0.628141 0.0691974 -0.930803 -2.01469 -0.27106

25.6787 0.62814 0.027686 -0.972314 -2.01468 -0.271065
25.686 0.628349 0.027686 -0.972314 -2.06064 -0.0465178

25.686 0.628349 -0.0168776 -0.983122 -2.06063 -0.0465196
25.6934 0.628223 -0.0168776 -0.983122 -2.08267 0.188383

25.6934 0.628224 -0.0592379 -0.940762 -2.08269 0.188385
25.7007 0.627763 -0.0592379 -0.940762 -2.08143 0.42534

25.7007 0.627765 -0.0987935 -0.901206 -2.08149 0.425337
25.708 0.626962 -0.0987935 -0.901206 -2.06501 0.661295

25.708 0.626965 -0.136302 -0.863698 -2.06508 0.661279
25.7153 0.62581 -0.136302 -0.863698 -2.02616 0.892952

25.7153 0.625812 -0.171817 -0.828183 -2.02628 0.892961
25.7227 0.624292 -0.171817 -0.828183 -1.94481 1.09633

25.752 0.614581 -0.29058 -0.70942 -1.5021 1.87606
25.7504 0.615234 -0.29058 -0.70942 -1.53301 1.84583

25.73 0.622421 -0.204271 -0.795729 -1.87003 1.27001
25.7294 0.622559 -0.204271 -0.795729 -1.87469 1.25838

25.7227 0.624287 -0.204271 -0.795729 -1.9446 1.09631
25.7294 0.622559 -0.204271 -0.795729 -1.87466 1.25723

25.73 0.622415 -0.234732 -0.765268 -1.86979 1.27002
25.7373 0.620168 -0.234732 -0.765268 -1.79424 1.49117

25.7373 0.620168 -0.263893 -0.736107 -1.79424 1.49117
25.7446 0.617542 -0.263893 -0.736107 -1.6588 1.71894

25.7446 0.617528 -0.29058 -0.70942 -1.65796 1.7189
25.7502 0.615234 -0.29058 -0.70942 -1.53324 1.84365

25.752 0.614553 -0.316763 -0.683237 -1.5009 1.8762
25.7593 0.611157 -0.316763 -0.683237 -1.37188 2.05045

25.7666 0.607421 -0.342246 -0.657754 -1.19991 2.16986
25.7657 0.60791 -0.342246 -0.657754 -1.21802 2.15932

25.7593 0.611141 -0.342246 -0.657754 -1.37098 2.05036
25.7655 0.60791 -0.342246 -0.657754 -1.21761 2.15744

25.7812 0.598449 -0.390619 -0.609381 -0.871994 2.42879
25.7779 0.600586 -0.390619 -0.609381 -0.95777 2.36379

25.7666 0.607356 -0.366925 -0.633075 -1.1972 2.16991
25.7739 0.603111 -0.366925 -0.633075 -1.062 2.28899

25.7739 0.603073 -0.390619 -0.609381 -1.06 2.28877
25.7778 0.600586 -0.390619 -0.609381 -0.957771 2.36199

25.9731 0 -0.995049 -0.00495134 2.74409 0
25.9731 0.0146484 -0.995049 -0.00495134 2.74445 0.0504429

25.9731 0.0146484 -0.986141 -0.013859 2.74449 0.0504425
25.9729 0.0292969 -0.986141 -0.013859 2.74315 0.102467

25.9729 0.0292969 -0.977672 -0.0223278 2.74312 0.102468
25.9725 0.0439453 -0.977672 -0.0223278 2.74043 0.155372

25.9725 0.0439453 -0.968922 -0.0310781 2.74044 0.155372
25.9721 0.0585938 -0.968922 -0.0310781 2.74064 0.211492

25.9717 0.0676797 -0.960587 -0.0394127 2.74146 0.248398
25.9715 0.0732422 -0.960587 -0.0394127 2.73839 0.272415

25.9715 0.0732422 -0.951942 -0.0480575 2.73836 0.272417
25.9707 0.0878906 -0.951942 -0.0480575 2.73074 0.334345

25.9717 0.0676626 -0.960587 -0.0394127 2.74147 0.248324
25.9721 0.0585938 -0.960587 -0.0394127 2.74065 0.211491

25.9707 0.0878906 -0.942777 -0.0572226 2.73073 0.334345
25.9698 0.102539 -0.942777 -0.0572226 2.72011 0.394857

25.9698 0.102539 -0.933682 -0.0663179 2.7201 0.394857
25.9688 0.117188 -0.933682 -0.0663179 2.70824 0.455475

25.957 0.221225 -0.867162 -0.132838 2.59158 0.91932
25.9561 0.227051 -0.867162 -0.132838 2.57865 0.946057

25.9561 0.227051 -0.862189 -0.137811 2.57866 0.946058
25.955 0.234375 -0.862189 -0.137811 2.57351 0.979408

25.9688 0.117188 -0.925047 -0.0749534 2.70826 0.455475
25.9676 0.131836 -0.925047 -0.0749534 2.69294 0.515888

25.9676 0.131836 -0.916785 -0.0832151 2.69294 0.515888
25.9663 0.146484 -0.916785 -0.0832151 2.67852 0.578203

25.9663 0.146484 -0.908512 -0.0914876 2.67851 0.578203
25.9648 0.161133 -0.908512 -0.0914876 2.67081 0.643611

25.9648 0.161133 -0.899618 -0.100382 2.67075 0.643609
25.9632 0.175781 -0.899618 -0.100382 2.66179 0.710686

25.9632 0.175781 -0.890389 -0.109611 2.66181 0.710686
25.9614 0.19043 -0.890389 -0.109611 2.64631 0.777886

25.9614 0.19043 -0.881571 -0.118429 2.64632 0.777886
25.9594 0.205078 -0.881571 -0.118429 2.62479 0.845731

25.9594 0.205078 -0.873269 -0.126731 2.62481 0.845731
25.9573 0.219727 -0.873269 -0.126731 2.59514 0.912737

25.957 0.221184 -0.864539 -0.135461 2.59173 0.919144
25.9573 0.219727 -0.864539 -0.135461 2.59518 0.912739

25.8984 0.440076 -0.698755 -0.301245 1.84057 2.11958
25.8955 0.446777 -0.698755 -0.301245 1.79795 2.16685

25.8955 0.446777 -0.690928 -0.309072 1.79793 2.16684
25.8923 0.454102 -0.690928 -0.309072 1.74412 2.21176

25.8911 0.456611 -0.683033 -0.316967 1.72312 2.22804
25.8889 0.461426 -0.683033 -0.316967 1.68178 2.2607

25.8889 0.461426 -0.674715 -0.325285 1.68178 2.2607
25.8853 0.46875 -0.674715 -0.325285 1.614 2.30511

25.8911 0.456585 -0.683033 -0.316967 1.72347 2.22787
25.8923 0.454102 -0.683033 -0.316967 1.7442 2.21176

25.955 0.234375 -0.857443 -0.142557 2.57352 0.979408
25.9537 0.241699 -0.857443 -0.142557 2.56093 1.01536

25.9537 0.241699 -0.852904 -0.147096 2.56093 1.01536
25.9525 0.249023 -0.852904 -0.147096 2.55005 1.04804

25.9525 0.249023 -0.845535 -0.154465 2.54991 1.04802
25.9498 0.263672 -0.845535 -0.154465 2.52036 1.11974

25.9497 0.26421 -0.838226 -0.161774 2.5185 1.12252
25.9484 0.270996 -0.838226 -0.161774 2.50859 1.15649

25.9484 0.270996 -0.833342 -0.166658 2.50858 1.15649
25.9469 0.27832 -0.833342 -0.166658 2.50501 1.19462

25.9497 0.264213 -0.838226 -0.161774 2.51848 1.12253
25.9498 0.263672 -0.838226 -0.161774 2.52047 1.11975

25.9469 0.27832 -0.828381 -0.171619 2.50501 1.19462
25.9454 0.285645 -0.828381 -0.171619 2.48937 1.23309

25.9454 0.285645 -0.823579 -0.176421 2.48938 1.23309
25.9438 0.292969 -0.823579 -0.176421 2.46858 1.27216

25.9424 0.299634 -0.819007 -0.180993 2.44515 1.3074
25.9422 0.300293 -0.819007 -0.180993 2.44236 1.31076

25.9422 0.300293 -0.813968 -0.186032 2.44242 1.31077
25.9406 0.307617 -0.813968 -0.186032 2.42663 1.34923

25.9406 0.307617 -0.808302 -0.191698 2.42663 1.34923
25.9388 0.314941 -0.808302 -0.191698 2.42189 1.39158

25.9388 0.314941 -0.802857 -0.197143 2.4219 1.39158
25.937 0.322266 -0.802857 -0.197143 2.39919 1.43559

25.9424 0.299585 -0.819007 -0.180993 2.44544 1.30718
25.9438 0.292969 -0.819007 -0.180993 2.4686 1.27217

25.9351 0.329995 -0.792701 -0.207299 2.36583 1.47991
25.9332 0.336914 -0.792701 -0.207299 2.34019 1.51746

25.937 0.322266 -0.797764 -0.202236 2.3992 1.43559
25.9352 0.32959 -0.797764 -0.202236 2.36768 1.4776

25.9351 0.329981 -0.792701 -0.207299 2.36593 1.47984
25.9352 0.32959 -0.792701 -0.207299 2.36771 1.4776

25.9333 0.336914 -0.787309 -0.212691 2.34018 1.51745
25.9313 0.344238 -0.787309 -0.212691 2.31958 1.55625

25.9313 0.344238 -0.781734 -0.218266 2.31958 1.55625
25.9292 0.351562 -0.781734 -0.218266 2.29341 1.59576

25.9277 0.356765 -0.776305 -0.223695 2.27235 1.62602
25.9271 0.358887 -0.776305 -0.223695 2.26141 1.63755

25.9271 0.358887 -0.770908 -0.229092 2.26148 1.63757
25.9249 0.366211 -0.770908 -0.229092 2.22834 1.67794

25.9204 0.380791 -0.759413 -0.240587 2.16395 1.75541
25.9204 0.380859 -0.759413 -0.240587 2.16359 1.75582

25.9249 0.366211 -0.765248 -0.234752 2.22833 1.67794
25.9227 0.373535 -0.765248 -0.234752 2.19833 1.71564

25.9204 0.380747 -0.759413 -0.240587 2.16433 1.75516
25.9227 0.373535 -0.759413 -0.240587 2.19833 1.71564

25.9131 0.402432 -0.740415 -0.259585 2.07006 1.89113
25.9129 0.402832 -0.740415 -0.259585 2.06744 1.89368

25.9129 0.402832 -0.733961 -0.266039 2.0676 1.89372
25.9103 0.410156 -0.733961 -0.266039 2.0278 1.94216

25.9204 0.380859 -0.753333 -0.246667 2.16371 1.75583
25.918 0.388184 -0.753333 -0.246667 2.13409 1.80111

25.918 0.388184 -0.746868 -0.253132 2.13407 1.80111
25.9155 0.395508 -0.746868 -0.253132 2.10704 1.84728

25.9131 0.402381 -0.740415 -0.259585 2.07059 1.89085
25.9155 0.395508 -0.740415 -0.259585 2.10706 1.84728

25.9277 0.356731 -0.776305 -0.223695 2.27263 1.62585
25.9292 0.351562 -0.776305 -0.223695 2.29345 1.59577

25.9058 0.422059 -0.72051 -0.27949 1.96236 2.01079
25.9047 0.424805 -0.72051 -0.27949 1.94294 2.0266

25.9103 0.410156 -0.727255 -0.272745 2.02779 1.94216
25.9075 0.41748 -0.727255 -0.272745 1.98781 1.98382

25.9058 0.422026 -0.72051 -0.27949 1.96275 2.01062
25.9075 0.41748 -0.72051 -0.27949 1.98786 1.98382

25.9047 0.424805 -0.713484 -0.286516 1.94299 2.02661
25.9018 0.432129 -0.713484 -0.286516 1.89808 2.07393

25.9018 0.432129 -0.706215 -0.293785 1.89808 2.07393
25.8987 0.439453 -0.706215 -0.293785 1.84595 2.11564

25.8984 0.440068 -0.698755 -0.301245 1.84068 2.11953
25.8987 0.439453 -0.698755 -0.301245 1.84596 2.11564

25.8032 0.581605 -0.454651 -0.545349 -0.312392 2.66151
25.798 0.585938 -0.454651 -0.545349 -0.438296 2.61513

25.8105 0.575005 -0.475736 -0.524264 -0.125158 2.71101
25.8066 0.578613 -0.475736 -0.524264 -0.224173 2.68311

25.8032 0.581517 -0.467891 -0.532109 -0.30856 2.66072
25.8065 0.578613 -0.467891 -0.532109 -0.223616 2.68246

25.8325 0.55167 -0.539093 -0.460907 0.444765 2.72441
25.8283 0.556641 -0.539093 -0.460907 0.339697 2.73662

25.8398 0.542701 -0.554261 -0.445739 0.626948 2.71255
25.8345 0.549316 -0.554261 -0.445739 0.488891 2.72341

25.8325 0.551667 -0.544978 -0.455022 0.444833 2.7244
25.8345 0.549316 -0.544978 -0.455022 0.489459 2.72303

25.8179 0.567804 -0.499672 -0.500328 0.0662306 2.73298
25.8144 0.571289 -0.499672 -0.500328 -0.0236764 2.72668

25.8252 0.560026 -0.521167 -0.478833 0.271534 2.73932
25.8216 0.563965 -0.521167 -0.478833 0.167846 2.74102

25.8179 0.567755 -0.509549 -0.490451 0.0677612 2.73296
25.8215 0.563965 -0.509549 -0.490451 0.168313 2.74078

25.8105 0.574915 -0.489125 -0.510875 -0.121924 2.71073
25.8143 0.571289 -0.489125 -0.510875 -0.0234156 2.72658

25.8252 0.560015 -0.52807 -0.47193 0.271906 2.73921
25.8282 0.556641 -0.52807 -0.47193 0.340562 2.73603

25.8545 0.522509 -0.594317 -0.405683 0.949609 2.62671
25.8512 0.527344 -0.594317 -0.405683 0.877994 2.65291

25.8618 0.511291 -0.619564 -0.380436 1.15128 2.58293
25.861 0.512695 -0.619564 -0.380436 1.1247 2.59392

25.8691 0.499105 -0.628383 -0.371617 1.27542 2.4878
25.8654 0.505371 -0.628383 -0.371617 1.20655 2.5368

25.8618 0.511226 -0.618411 -0.381589 1.15299 2.58253
25.8654 0.505371 -0.618411 -0.381589 1.20665 2.53679

25.8609 0.512695 -0.606768 -0.393232 1.12494 2.59398
25.8562 0.52002 -0.606768 -0.393232 0.989511 2.62348

25.8545 0.522494 -0.59765 -0.40235 0.949984 2.6266
25.8562 0.52002 -0.59765 -0.40235 0.989856 2.62323

25.8838 0.471873 -0.666244 -0.333756 1.58954 2.3252
25.8817 0.476074 -0.666244 -0.333756 1.54881 2.35414

25.8817 0.476074 -0.657627 -0.342373 1.54883 2.35414
25.8779 0.483398 -0.657627 -0.342373 1.47254 2.39864

25.8765 0.486003 -0.648634 -0.351366 1.44977 2.41542
25.8739 0.490723 -0.648634 -0.351366 1.39364 2.45115

25.8739 0.490723 -0.638697 -0.361303 1.39359 2.45114
25.8698 0.498047 -0.638697 -0.361303 1.29005 2.48324

25.8765 0.485971 -0.648634 -0.351366 1.45027 2.41517
25.8779 0.483398 -0.648634 -0.351366 1.47268 2.39862

25.8838 0.471842 -0.666244 -0.333756 1.58996 2.32498
25.8853 0.46875 -0.666244 -0.333756 1.61413 2.30509

25.8691 0.499097 -0.630621 -0.369379 1.2756 2.48774
25.8698 0.498047 -0.630621 -0.369379 1.2902 2.48319

25.8472 0.532986 -0.584346 -0.415654 0.812616 2.67973
25.846 0.534668 -0.584346 -0.415654 0.785917 2.69081

25.8459 0.534668 -0.568989 -0.431011 0.786225 2.69081
25.8404 0.541992 -0.568989 -0.431011 0.642559 2.71218

25.8472 0.532935 -0.582207 -0.417793 0.813879 2.6794
25.8512 0.527344 -0.582207 -0.417793 0.87809 2.65293

25.8398 0.542671 -0.56124 -0.43876 0.627881 2.71236
25.8404 0.541992 -0.56124 -0.43876 0.642837 2.71199

25.7812 0.598408 -0.411867 -0.588133 -0.87034 2.429
25.7886 0.593279 -0.411867 -0.588133 -0.676852 2.52958

25.7959 0.587701 -0.433248 -0.566752 -0.497076 2.60186
25.7886 0.593262 -0.433248 -0.566752 -0.676402 2.53012

25.7886 0.593283 -0.42308 -0.57692 -0.677027 2.52959
25.7886 0.593262 -0.42308 -0.57692 -0.67628 2.52988

25.7959 0.58764 -0.446838 -0.553162 -0.494336 2.60143
25.798 0.585938 -0.446838 -0.553162 -0.4381 2.61488

