12.3396 0 0.997171 -0.00282906 2.61329 0
12.3396 0.00732422 0.997171 -0.00282906 2.61577 -0.00906285

12.3396 0.00732422 0.990452 -0.00954849 2.61576 -0.00904516
12.3396 0.0146484 0.990452 -0.00954849 2.62336 -0.0256391

12.3396 0.0146484 0.981888 -0.0181117 2.62335 -0.0256242
12.3398 0.0219727 0.981888 -0.0181117 2.63235 -0.0421891

12.3398 0.0219727 0.972612 -0.0273884 2.63235 -0.0421884
12.34 0.0292969 0.972612 -0.0273884 2.63247 -0.0565961

12.34 0.0292969 0.963708 -0.0362917 2.63247 -0.0565994
12.3403 0.0366211 0.963708 -0.0362917 2.6235 -0.0664647

12.3403 0.0366211 0.955611 -0.0443888 2.62351 -0.0664673
12.3406 0.0439453 0.955611 -0.0443888 2.61257 -0.0717732

12.3406 0.0439453 0.94435 -0.0556496 2.61253 -0.0717601
12.3414 0.0585938 0.94435 -0.0556496 2.60318 -0.0828272

12.3414 0.0585938 0.930105 -0.0698954 2.60319 -0.0828265
12.3425 0.0732422 0.930105 -0.0698954 2.60312 -0.0949586

12.3425 0.0732422 0.916539 -0.0834607 2.60311 -0.0949584
12.3439 0.0878906 0.916539 -0.0834607 2.60306 -0.109086

12.3439 0.0878906 0.902943 -0.097057 2.60305 -0.109084
12.3455 0.102539 0.902943 -0.097057 2.60421 -0.126119

12.3455 0.102539 0.889621 -0.110379 2.60421 -0.12612
12.3473 0.117188 0.889621 -0.110379 2.60437 -0.143175

12.3473 0.117188 0.876418 -0.123582 2.60436 -0.14317
12.3486 0.126858 0.876418 -0.123582 2.60472 -0.154969

12.3486 0.12694 0.872861 -0.127139 2.6047 -0.155064
12.3493 0.131836 0.872861 -0.127139 2.60966 -0.161122

12.3494 0.131836 0.866631 -0.133369 2.60969 -0.16113
12.3505 0.13916 0.866631 -0.133369 2.61048 -0.17498

12.3505 0.13916 0.861005 -0.138995 2.61047 -0.174978
12.3517 0.146484 0.861005 -0.138995 2.59849 -0.181891

12.3516 0.146484 0.851893 -0.148107 2.59845 -0.181871
12.3542 0.161133 0.851893 -0.148107 2.58218 -0.19613

12.3542 0.161133 0.843038 -0.156962 2.58222 -0.196164
12.3556 0.168457 0.843038 -0.156962 2.58319 -0.205713

12.3556 0.168457 0.837384 -0.162616 2.58319 -0.205706
12.356 0.170432 0.837384 -0.162616 2.58533 -0.209551

12.356 0.170432 0.837384 -0.162616 2.58533 -0.209552
12.357 0.175781 0.837384 -0.162616 2.58505 -0.212895

12.357 0.175781 0.827254 -0.172746 2.58501 -0.212865
12.36 0.19043 0.827254 -0.172746 2.58119 -0.224168

12.3601 0.19043 0.817276 -0.182724 2.58121 -0.224175
12.3617 0.197754 0.817276 -0.182724 2.57174 -0.225271

12.3617 0.197754 0.811025 -0.188975 2.57174 -0.225271
12.3633 0.204584 0.811025 -0.188975 2.5621 -0.223451

12.3633 0.20458 0.811025 -0.188975 2.5621 -0.223453
12.3634 0.205078 0.811025 -0.188975 2.56174 -0.223249

12.3634 0.205078 0.804836 -0.195164 2.56174 -0.223249
12.3652 0.212402 0.804836 -0.195164 2.5639 -0.22481

12.3652 0.212402 0.798604 -0.201396 2.5639 -0.22481
12.367 0.219727 0.798604 -0.201396 2.57296 -0.236022

12.367 0.219727 0.792242 -0.207758 2.57295 -0.236019
12.3689 0.227051 0.792242 -0.207758 2.56453 -0.254852

12.3689 0.227051 0.786027 -0.213973 2.56453 -0.254853
12.3706 0.233171 0.786027 -0.213973 2.55068 -0.263685

12.3706 0.233165 0.786027 -0.213973 2.5507 -0.263677
12.3709 0.234375 0.786027 -0.213973 2.54785 -0.265163

12.3709 0.234375 0.780324 -0.219676 2.54785 -0.265163
12.373 0.241699 0.780324 -0.219676 2.53661 -0.277837

12.373 0.241699 0.774828 -0.225172 2.53661 -0.277837
12.3751 0.249023 0.774828 -0.225172 2.53271 -0.302176

12.3751 0.249023 0.769188 -0.230812 2.5327 -0.302173
12.3773 0.256348 0.769188 -0.230812 2.52758 -0.32616

12.3773 0.256348 0.763455 -0.236545 2.52757 -0.326144
12.3779 0.258321 0.763455 -0.236545 2.52575 -0.331841

12.3779 0.258307 0.763455 -0.236545 2.52578 -0.331821
12.3796 0.263672 0.763455 -0.236545 2.52331 -0.345022

12.3796 0.263672 0.757608 -0.242392 2.52331 -0.345015
12.3819 0.270996 0.757608 -0.242392 2.52394 -0.36183

12.3819 0.270996 0.751836 -0.248164 2.52394 -0.361833
12.3844 0.27832 0.751836 -0.248164 2.51166 -0.381642

12.3843 0.27832 0.746246 -0.253754 2.51165 -0.381628
12.3853 0.280987 0.746246 -0.253754 2.50435 -0.387215

12.3853 0.280967 0.746246 -0.253754 2.50442 -0.387195
12.3868 0.285645 0.746246 -0.253754 2.49273 -0.397602

12.3868 0.285645 0.740394 -0.259606 2.49272 -0.397593
12.3894 0.292969 0.740394 -0.259606 2.48154 -0.418505

12.3894 0.292969 0.734179 -0.265821 2.48154 -0.418499
12.3921 0.300293 0.734179 -0.265821 2.46783 -0.448481

12.3921 0.300293 0.728007 -0.271993 2.46781 -0.448441
12.3926 0.301702 0.728007 -0.271993 2.46437 -0.453875

12.3926 0.301677 0.728007 -0.271993 2.46445 -0.453832
12.3948 0.307617 0.728007 -0.271993 2.45387 -0.473011

12.3948 0.307617 0.721887 -0.278113 2.45386 -0.472999
12.3976 0.314941 0.721887 -0.278113 2.44044 -0.4937

12.3976 0.314941 0.716016 -0.283984 2.44044 -0.493704
12.3999 0.320702 0.716016 -0.283984 2.41989 -0.507958

12.3999 0.320693 0.716016 -0.283984 2.41994 -0.507949
12.4005 0.322266 0.716016 -0.283984 2.41247 -0.511438

12.4005 0.322266 0.710355 -0.289645 2.41247 -0.511426
12.4035 0.32959 0.710355 -0.289645 2.39549 -0.530381

12.4035 0.32959 0.704401 -0.295599 2.39548 -0.530376
12.4066 0.336914 0.704401 -0.295599 2.38049 -0.566619

12.4066 0.336914 0.698373 -0.301627 2.38047 -0.566555
12.4072 0.338432 0.698373 -0.301627 2.37556 -0.572908

12.4072 0.338403 0.698373 -0.301627 2.37568 -0.572871
12.4097 0.344238 0.698373 -0.301627 2.36788 -0.595588

12.4097 0.344238 0.692317 -0.307683 2.36787 -0.595568
12.413 0.351562 0.692317 -0.307683 2.34986 -0.631458

12.413 0.351562 0.686569 -0.313431 2.34985 -0.631425
12.4146 0.354975 0.686569 -0.313431 2.33379 -0.646562

12.4146 0.354942 0.686569 -0.313431 2.33397 -0.646519
12.4164 0.358887 0.686569 -0.313431 2.31498 -0.663396

12.4163 0.358887 0.680864 -0.319136 2.31494 -0.663345
12.4198 0.366211 0.680864 -0.319136 2.28415 -0.695077

12.4198 0.366211 0.674856 -0.325144 2.28415 -0.695054
12.4219 0.370579 0.674856 -0.325144 2.2633 -0.711513

12.4219 0.370559 0.674856 -0.325144 2.2634 -0.711489
12.4233 0.373535 0.674856 -0.325144 2.25332 -0.722039

12.4233 0.373535 0.668491 -0.331509 2.25329 -0.721991
12.4269 0.380859 0.668491 -0.331509 2.23637 -0.760739

12.4269 0.380859 0.661918 -0.338082 2.23636 -0.760695
12.4292 0.385308 0.661918 -0.338082 2.21991 -0.792871

12.4292 0.385281 0.661918 -0.338082 2.2201 -0.792833
12.4307 0.388184 0.661918 -0.338082 2.20491 -0.80863

12.4307 0.388184 0.655412 -0.344588 2.20487 -0.808549
12.4345 0.395508 0.655412 -0.344588 2.16813 -0.842258

12.4345 0.395508 0.649253 -0.350747 2.16812 -0.842219
12.4365 0.399222 0.649253 -0.350747 2.14499 -0.857589

12.4365 0.399187 0.649253 -0.350747 2.14524 -0.857521
12.4385 0.402832 0.649253 -0.350747 2.12631 -0.874931

12.4385 0.402832 0.642883 -0.357117 2.12624 -0.874847
12.4425 0.410156 0.642883 -0.357117 2.088 -0.91807

12.4425 0.410156 0.636072 -0.363928 2.08798 -0.917918
12.4438 0.412461 0.636072 -0.363928 2.07145 -0.931073

12.4438 0.412416 0.636072 -0.363928 2.07181 -0.931059
12.4467 0.41748 0.636072 -0.363928 2.06259 -0.962484

12.4467 0.41748 0.628905 -0.371095 2.0625 -0.962385
12.4511 0.424805 0.628905 -0.371095 2.01743 -1.02237

12.451 0.424805 0.629274 -0.370726 2.01734 -1.02197
12.4512 0.425076 0.629274 -0.370726 2.01405 -1.02386

12.4512 0.424992 0.621661 -0.378339 2.01518 -1.02377
12.4555 0.432129 0.621661 -0.378339 1.96305 -1.06999

12.4555 0.432129 0.615198 -0.384802 1.96303 -1.0699
12.4585 0.436906 0.615198 -0.384802 1.93045 -1.10733

12.4585 0.436869 0.615274 -0.384726 1.93088 -1.10729
12.4601 0.439453 0.615274 -0.384726 1.90664 -1.12454

12.4601 0.439453 0.608175 -0.391825 1.90655 -1.12433
12.4648 0.446777 0.608175 -0.391825 1.83736 -1.1708

12.4648 0.446777 0.606701 -0.393299 1.83734 -1.17058
12.4658 0.448373 0.606701 -0.393299 1.81984 -1.17949

12.4658 0.448285 0.600494 -0.399506 1.82085 -1.1796
12.4697 0.454102 0.600494 -0.399506 1.79194 -1.22006

12.4697 0.454102 0.592824 -0.407176 1.79189 -1.21966
12.4731 0.459162 0.592824 -0.407176 1.76601 -1.2862

12.4731 0.459106 0.59554 -0.40446 1.76684 -1.28618
12.4747 0.461426 0.59554 -0.40446 1.73742 -1.30968

12.4747 0.461426 0.584242 -0.415758 1.73735 -1.30938
12.4799 0.46875 0.584242 -0.415758 1e+30 1e+30

