6.10981 0.344238 0.633978 -0.366022 1.70792 -0.875778
6.11404 0.351562 0.633978 -0.366022 1.67962 -0.905912

6.11403 0.351562 0.626382 -0.373618 1.67957 -0.905866
6.11572 0.354403 0.626382 -0.373618 1.66403 -0.916389

6.11572 0.354367 0.626382 -0.373618 1.66431 -0.916335
6.11842 0.358887 0.626382 -0.373618 1.64548 -0.932735

6.11841 0.358887 0.618761 -0.381239 1.64542 -0.932714
6.12292 0.366211 0.618761 -0.381239 1.59526 -0.960482

6.12288 0.366211 0.619638 -0.380362 1.59513 -0.960358
6.12305 0.36648 0.619638 -0.380362 1.59281 -0.96119

6.12305 0.366409 0.610985 -0.389015 1.59357 -0.96111
6.12758 0.373535 0.610985 -0.389015 1.54785 -0.986522

6.12757 0.373535 0.603368 -0.396632 1.54781 -0.986448
6.13037 0.377792 0.603368 -0.396632 1.52193 -1.01064

6.13037 0.377754 0.603443 -0.396557 1.52225 -1.01053
6.13241 0.380859 0.603443 -0.396557 1.508 -1.02951

6.13239 0.380859 0.595208 -0.404792 1.50787 -1.0294
6.13737 0.388184 0.595208 -0.404792 1.45479 -1.07733

6.13733 0.388184 0.593074 -0.406926 1.45466 -1.07703
6.1377 0.388721 0.593074 -0.406926 1.44888 -1.08034

6.1377 0.388637 0.586632 -0.413368 1.44996 -1.08022
6.14254 0.395508 0.586632 -0.413368 1.39232 -1.11831

6.14252 0.395508 0.580714 -0.419286 1.39228 -1.1182
6.14502 0.398966 0.580714 -0.419286 1.36578 -1.1404

6.14502 0.39889 0.578669 -0.421331 1.36654 -1.14035
6.14789 0.402832 0.578669 -0.421331 1.34286 -1.16795

6.14787 0.402832 0.57012 -0.42988 1.34275 -1.16778
6.15234 0.408769 0.57012 -0.42988 1.28879 -1.20256

6.15234 0.408741 0.571043 -0.428957 1.28921 -1.20257
6.15341 0.410156 0.571043 -0.428957 1.26974 -1.20917

6.15338 0.410156 0.561197 -0.438803 1.2697 -1.20902
6.15911 0.41748 0.561197 -0.438803 1.18819 -1.23759

6.15906 0.41748 0.556752 -0.443248 1.18811 -1.23724
6.15967 0.418249 0.556752 -0.443248 1.18057 -1.24037

6.15967 0.418153 0.552156 -0.447844 1.18163 -1.24047
6.16506 0.424805 0.552156 -0.447844 1.13591 -1.27582

6.16503 0.424805 0.54788 -0.45212 1.13585 -1.27549
6.16699 0.427183 0.54788 -0.45212 1.12414 -1.29344

6.16699 0.427089 0.543768 -0.456232 1.12474 -1.29352
6.17122 0.432129 0.543768 -0.456232 1.08507 -1.32669

6.17121 0.432129 0.538204 -0.461796 1.08506 -1.32659
6.17432 0.435749 0.538204 -0.461796 1.05045 -1.34618

6.17432 0.435652 0.534419 -0.465581 1.05144 -1.34637
6.17763 0.439453 0.534419 -0.465581 1.0032 -1.36331

6.17763 0.439453 0.52739 -0.47261 1.00319 -1.36333
6.18164 0.443927 0.52739 -0.47261 0.945208 -1.37353

6.18164 0.44385 0.521502 -0.478498 0.946032 -1.3739
6.18433 0.446777 0.521502 -0.478498 0.911128 -1.38052

6.18432 0.446777 0.516039 -0.483961 0.911141 -1.38045
6.18896 0.451733 0.516039 -0.483961 0.851299 -1.37965

6.18896 0.451689 0.509664 -0.490336 0.85163 -1.37982
6.19129 0.454102 0.509664 -0.490336 0.831861 -1.38249

6.19127 0.454102 0.504028 -0.495972 0.83187 -1.38242
6.19629 0.459199 0.504028 -0.495972 0.789974 -1.40732

6.19629 0.459173 0.49789 -0.50211 0.790286 -1.40743
6.19856 0.461426 0.49789 -0.50211 0.76169 -1.41696

6.19852 0.461426 0.491155 -0.508845 0.761732 -1.4166
6.20361 0.466344 0.491155 -0.508845 0.697674 -1.44008

6.20361 0.466328 0.484759 -0.515241 0.697884 -1.44016
6.20619 0.46875 0.484759 -0.515241 1e+30 1e+30

