7.76866 0 0.995528 -0.00447214 2.38747 0
7.76869 0.00732422 0.995528 -0.00447214 2.40285 -0.0159326

7.76869 0.00732422 0.985709 -0.014291 2.40283 -0.0159187
7.76879 0.0146484 0.985709 -0.014291 2.41789 -0.0399525

7.7688 0.0146484 0.975952 -0.0240479 2.4179 -0.039959
7.76898 0.0219727 0.975952 -0.0240479 2.41576 -0.0578895

7.76898 0.0219727 0.967246 -0.0327543 2.41576 -0.0578898
7.76923 0.0292969 0.967246 -0.0327543 2.42082 -0.0690168

7.76923 0.0292969 0.958994 -0.041006 2.42083 -0.0690203
7.76954 0.0366211 0.958994 -0.041006 2.43692 -0.0872603

7.76954 0.0366211 0.95115 -0.0488496 2.43692 -0.0872604
7.76992 0.0439453 0.95115 -0.0488496 2.43856 -0.111758

7.76992 0.0439453 0.943492 -0.0565084 2.43857 -0.111758
7.77035 0.0512695 0.943492 -0.0565084 2.4224 -0.136909

7.77035 0.0512695 0.935994 -0.0640061 2.42239 -0.136909
7.77086 0.0585938 0.935994 -0.0640061 2.41139 -0.16048

7.77086 0.0585938 0.928556 -0.0714445 2.41139 -0.160479
7.771 0.0604227 0.928556 -0.0714445 2.4102 -0.166316

7.771 0.0604199 0.928556 -0.0714445 2.41021 -0.166308
7.77142 0.065918 0.928556 -0.0714445 2.41107 -0.184341

7.77142 0.065918 0.921123 -0.0788772 2.41107 -0.184339
7.77205 0.0732422 0.921123 -0.0788772 2.41472 -0.201961

7.77204 0.0732422 0.91341 -0.0865903 2.41471 -0.201952
7.77274 0.0805664 0.91341 -0.0865903 2.41209 -0.2124

7.77274 0.0805664 0.905663 -0.0943369 2.41209 -0.212403
7.7735 0.0878906 0.905663 -0.0943369 2.40115 -0.219775

7.7735 0.0878906 0.898289 -0.101711 2.40115 -0.219776
7.77433 0.0952148 0.898289 -0.101711 2.39237 -0.220719

7.77433 0.0952148 0.890869 -0.109131 2.39237 -0.220717
7.77523 0.102539 0.890869 -0.109131 2.39418 -0.223639

7.77521 0.102539 0.879012 -0.120988 2.39411 -0.223608
7.77722 0.117188 0.879012 -0.120988 2.38807 -0.242047

7.77724 0.117188 0.867354 -0.132646 2.38812 -0.242087
7.77832 0.12424 0.867354 -0.132646 2.38348 -0.251851

7.77832 0.124237 0.867354 -0.132646 2.38348 -0.251847
7.77836 0.124512 0.867354 -0.132646 2.38318 -0.252258

7.77836 0.124512 0.859961 -0.140039 2.38319 -0.252262
7.77956 0.131836 0.859961 -0.140039 2.37302 -0.261594

7.77956 0.131836 0.853159 -0.146841 2.37302 -0.261594
7.78082 0.13916 0.853159 -0.146841 2.36608 -0.267681

7.78082 0.13916 0.84643 -0.15357 2.36608 -0.267681
7.78215 0.146484 0.84643 -0.15357 2.36508 -0.276092

7.78214 0.146484 0.839356 -0.160644 2.36507 -0.276079
7.78355 0.153809 0.839356 -0.160644 2.36272 -0.297833

7.78354 0.153809 0.831893 -0.168107 2.36272 -0.297828
7.78503 0.161133 0.831893 -0.168107 2.36032 -0.31791

7.78503 0.161133 0.824882 -0.175118 2.36032 -0.317917
7.78564 0.164046 0.824882 -0.175118 2.3594 -0.325266

7.78564 0.164035 0.824882 -0.175118 2.35941 -0.325252
7.78658 0.168457 0.824882 -0.175118 2.35408 -0.336511

7.78658 0.168457 0.818448 -0.181552 2.35408 -0.336507
7.78821 0.175781 0.818448 -0.181552 2.34361 -0.349426

7.78821 0.175781 0.811835 -0.188165 2.34361 -0.349421
7.7899 0.183105 0.811835 -0.188165 2.32725 -0.359609

7.7899 0.183105 0.805239 -0.194761 2.32726 -0.359611
7.79168 0.19043 0.805239 -0.194761 2.32321 -0.371682

7.79167 0.19043 0.798575 -0.201425 2.32318 -0.371663
7.79297 0.195595 0.798575 -0.201425 2.32064 -0.381024

7.79297 0.195515 0.795613 -0.204387 2.32076 -0.380912
7.79543 0.205078 0.795613 -0.204387 1e+30 1e+30

