6.70298 0 0.990055 -0.00994498 2.27902 0
6.70313 0.0146484 0.990055 -0.00994498 2.27517 -0.0317219

6.70315 0.0146484 0.975761 -0.0242387 2.27526 -0.0317319
6.70333 0.0219727 0.975761 -0.0242387 2.27341 -0.0450182

6.70333 0.0219727 0.967718 -0.0322822 2.27341 -0.0450179
6.70358 0.0292969 0.967718 -0.0322822 2.28381 -0.0586063

6.70356 0.0292969 0.954298 -0.0457019 2.28372 -0.058578
6.70426 0.0439453 0.954298 -0.0457019 2.29759 -0.0903548

6.70426 0.0439453 0.936962 -0.063038 2.2976 -0.0903582
6.70524 0.0585938 0.936962 -0.063038 2.30723 -0.128605

6.70526 0.0585938 0.924619 -0.0753813 2.30731 -0.128651
6.70586 0.065918 0.924619 -0.0753813 2.3109 -0.148481

6.70586 0.065918 0.91688 -0.0831201 2.3109 -0.14848
6.70652 0.0732422 0.91688 -0.0831201 2.31364 -0.164796

6.70652 0.0732422 0.909018 -0.0909818 2.31364 -0.164795
6.70726 0.0805664 0.909018 -0.0909818 2.31772 -0.180281

6.70726 0.0805664 0.901137 -0.0988628 2.31772 -0.180281
6.70806 0.0878906 0.901137 -0.0988628 2.32342 -0.19555

6.70806 0.0878906 0.892345 -0.107655 2.32341 -0.195544
6.70894 0.0952148 0.892345 -0.107655 2.32324 -0.210238

6.70893 0.0952148 0.885113 -0.114887 2.32322 -0.210231
6.70898 0.0956085 0.885113 -0.114887 2.32225 -0.20796

6.70898 0.095319 0.889262 -0.110738 2.32258 -0.207434
6.70988 0.102539 0.889262 -0.110738 2.321 -0.223159

6.70989 0.102539 0.878766 -0.121234 2.32104 -0.223168
6.7109 0.109863 0.878766 -0.121234 2.31139 -0.2342

6.71091 0.109863 0.871533 -0.128467 2.3114 -0.234203
6.71199 0.117188 0.871533 -0.128467 2.30848 -0.238777

6.71198 0.117188 0.864476 -0.135524 2.30847 -0.238778
6.71313 0.124512 0.864476 -0.135524 2.31986 -0.25218

6.71313 0.124512 0.856121 -0.143879 2.31983 -0.252141
6.71436 0.131836 0.856121 -0.143879 2.32234 -0.290263

6.71436 0.131836 0.846546 -0.153454 2.32232 -0.290241
6.71568 0.13916 0.846546 -0.153454 2.32162 -0.338761

6.71569 0.13916 0.837565 -0.162435 2.32163 -0.338777
6.71631 0.142372 0.837565 -0.162435 2.32221 -0.365061

6.71631 0.142345 0.837565 -0.162435 2.32225 -0.364896
6.71711 0.146484 0.837565 -0.162435 2.30083 -0.397493

6.71711 0.146484 0.830483 -0.169517 2.30085 -0.397525
6.71861 0.153809 0.830483 -0.169517 2.25493 -0.428713

6.71861 0.153809 0.825074 -0.174926 2.25494 -0.428757
6.72017 0.161133 0.825074 -0.174926 2.20669 -0.419202

6.72017 0.161133 0.820759 -0.179241 2.20669 -0.41919
6.72177 0.168457 0.820759 -0.179241 2.16759 -0.388627

6.72176 0.168457 0.815851 -0.184149 2.16759 -0.388637
6.72341 0.175781 0.815851 -0.184149 2.16447 -0.365139

6.72341 0.175781 0.808878 -0.191122 2.16447 -0.365134
6.72363 0.176721 0.808878 -0.191122 2.16669 -0.36258

6.72363 0.176735 0.808878 -0.191122 2.16673 -0.362536
6.72514 0.183105 0.808878 -0.191122 2.18595 -0.351049

6.72514 0.183105 0.800772 -0.199228 2.18595 -0.351049
6.72696 0.19043 0.800772 -0.199228 2.21235 -0.3447

6.72696 0.19043 0.792579 -0.207421 2.21235 -0.344702
6.72888 0.197754 0.792579 -0.207421 2.21868 -0.361038

6.72888 0.197754 0.784952 -0.215048 2.21869 -0.361054
6.73089 0.205078 0.784952 -0.215048 2.20172 -0.380918

6.73088 0.205078 0.777976 -0.222024 2.20169 -0.380889
6.73096 0.205363 0.777976 -0.222024 2.20082 -0.381694

6.73096 0.205327 0.777976 -0.222024 2.20096 -0.381621
6.73298 0.212402 0.777976 -0.222024 2.18865 -0.40536

6.73297 0.212402 0.770657 -0.229343 2.18863 -0.405352
6.73515 0.219727 0.770657 -0.229343 2.17868 -0.437041

6.73515 0.219727 0.762848 -0.237152 2.17867 -0.437037
6.73743 0.227051 0.762848 -0.237152 2.16089 -0.459464

6.73742 0.227051 0.755802 -0.244198 2.16087 -0.459449
6.73828 0.229707 0.755802 -0.244198 2.15539 -0.464615

6.73828 0.229609 0.759472 -0.240528 2.15558 -0.464477
6.73979 0.234375 0.759472 -0.240528 2.15445 -0.473184

6.7398 0.234375 0.748923 -0.251077 2.15447 -0.473195
6.74225 0.241699 0.748923 -0.251077 2.14786 -0.486841

6.74225 0.241699 0.741475 -0.258525 2.14786 -0.486842
6.7448 0.249023 0.741475 -0.258525 2.12995 -0.503906

6.7448 0.249023 0.734457 -0.265543 2.12994 -0.503892
6.74561 0.25125 0.734457 -0.265543 2.12374 -0.508883

6.74561 0.251227 0.734457 -0.265543 2.12382 -0.50886
6.74746 0.256348 0.734457 -0.265543 2.11372 -0.523618

6.74746 0.256348 0.727914 -0.272086 2.11371 -0.523611
6.75019 0.263672 0.727914 -0.272086 2.10556 -0.546022

6.75019 0.263672 0.721716 -0.278284 2.10556 -0.546025
6.75293 0.270768 0.721716 -0.278284 2.08743 -0.564399

6.75293 0.270765 0.721716 -0.278284 2.08744 -0.564396
6.75302 0.270996 0.721716 -0.278284 2.08681 -0.564913

6.75302 0.270996 0.715515 -0.284485 2.0868 -0.564906
6.75593 0.27832 0.715515 -0.284485 2.0719 -0.580739

6.75593 0.27832 0.708843 -0.291157 2.07189 -0.580734
6.75893 0.285645 0.708843 -0.291157 2.05305 -0.605827

6.75893 0.285645 0.702015 -0.297985 2.05303 -0.605808
6.76025 0.288765 0.702015 -0.297985 2.04346 -0.615466

6.76025 0.288744 0.702015 -0.297985 2.04354 -0.615438
6.76205 0.292969 0.702015 -0.297985 2.03422 -0.628261

6.76204 0.292969 0.695265 -0.304735 2.03421 -0.628248
6.76525 0.300293 0.695265 -0.304735 2.02305 -0.656306

6.76525 0.300293 0.68879 -0.31121 2.02305 -0.656304
6.76758 0.30544 0.68879 -0.31121 2.00756 -0.679807

6.76758 0.305424 0.68879 -0.31121 2.00767 -0.679767
6.76857 0.307617 0.68879 -0.31121 1.99678 -0.689275

6.76856 0.307617 0.682471 -0.317529 1.99675 -0.689248
6.77197 0.314941 0.682471 -0.317529 1.97094 -0.720595

6.77197 0.314941 0.676045 -0.323955 1.97093 -0.720591
6.7749 0.321063 0.676045 -0.323955 1.94034 -0.746417

6.7749 0.321052 0.676045 -0.323955 1.94042 -0.746395
6.77548 0.322266 0.676045 -0.323955 1.93337 -0.75096

6.77548 0.322266 0.66943 -0.33057 1.93335 -0.750937
6.77909 0.32959 0.66943 -0.33057 1.91078 -0.785595

6.77909 0.32959 0.662294 -0.337706 1.91077 -0.78556
6.78223 0.335742 0.662294 -0.337706 1.87566 -0.829981

6.78223 0.335715 0.66557 -0.33443 1.87583 -0.82991
6.78283 0.336914 0.66557 -0.33443 1.87703 -0.827901

6.78283 0.336914 0.654884 -0.345116 1.87701 -0.82788
6.78668 0.344238 0.654884 -0.345116 1.85163 -0.865597

6.78668 0.344238 0.647681 -0.352319 1.85162 -0.865581
6.78955 0.349511 0.647681 -0.352319 1.82302 -0.898815

6.78955 0.349489 0.647681 -0.352319 1.82324 -0.89878
6.79068 0.351562 0.647681 -0.352319 1.80682 -0.907112

6.79067 0.351562 0.640403 -0.359597 1.80677 -0.90706
6.79478 0.358887 0.640403 -0.359597 1.75871 -0.933752

6.79477 0.358887 0.63299 -0.36701 1.75868 -0.933713
6.79688 0.362517 0.63299 -0.36701 1e+30 1e+30

