28.2271 0 0.992647 -0.00735285 2.7455 0
28.2272 0.0146484 0.992647 -0.00735285 2.75427 -0.00857341

28.2273 0.0146484 0.981785 -0.0182154 2.75428 -0.00858503
28.2274 0.0219727 0.981785 -0.0182154 2.76392 -0.0141771

28.2274 0.0219727 0.973837 -0.0261634 2.76392 -0.0141766
28.2275 0.0273358 0.973837 -0.0261634 2.76394 -0.0185794

28.2275 0.0274332 0.973837 -0.0261634 2.76366 -0.0186259
28.2276 0.0292969 0.973837 -0.0261634 2.75832 -0.0194698

28.2276 0.0292969 0.966807 -0.0331934 2.75833 -0.0194629
28.2278 0.0366211 0.966807 -0.0331934 2.74285 -0.0216512

28.2278 0.0366211 0.961569 -0.0384312 2.74285 -0.0216502
28.2281 0.0439453 0.961569 -0.0384312 2.75797 -0.0233334

28.2281 0.0439453 0.954184 -0.045816 2.75792 -0.0233458
28.2285 0.0512695 0.954184 -0.045816 2.75096 -0.0315612

28.2285 0.0512695 0.944704 -0.0552956 2.75097 -0.0315607
28.2289 0.0585938 0.944704 -0.0552956 2.7373 -0.0385599

28.2289 0.0585938 0.938186 -0.0618137 2.73731 -0.0385601
28.2294 0.065918 0.938186 -0.0618137 2.7396 -0.0443156

28.2294 0.065918 0.931343 -0.0686567 2.73957 -0.0443117
28.2299 0.0732422 0.931343 -0.0686567 2.71713 -0.0508369

28.2299 0.0732422 0.923466 -0.0765339 2.71713 -0.0508424
28.2305 0.0805664 0.923466 -0.0765339 2.7175 -0.0511508

28.2305 0.0805664 0.917087 -0.0829131 2.7175 -0.0511505
28.2312 0.0878906 0.917087 -0.0829131 2.72507 -0.0524357

28.2312 0.0878906 0.910252 -0.0897477 2.72507 -0.0524335
28.2319 0.0952148 0.910252 -0.0897477 2.73529 -0.0600834

28.2319 0.0952148 0.903385 -0.0966147 2.73529 -0.0600839
28.2327 0.102539 0.903385 -0.0966147 2.73761 -0.0703846

28.2327 0.102539 0.89411 -0.10589 2.7376 -0.0703709
28.2344 0.117188 0.89411 -0.10589 2.73728 -0.0801895

28.2344 0.117188 0.881691 -0.118309 2.73727 -0.0801857
28.2364 0.131836 0.881691 -0.118309 2.73233 -0.0883112

28.2364 0.131836 0.869304 -0.130696 2.73233 -0.0883118
28.2386 0.146484 0.869304 -0.130696 2.72676 -0.0966183

28.2386 0.146484 0.85699 -0.14301 2.72675 -0.0966163
28.241 0.161133 0.85699 -0.14301 2.71981 -0.103849

28.241 0.161133 0.844691 -0.155309 2.71981 -0.103849
28.2422 0.167361 0.844691 -0.155309 2.71725 -0.10722

28.2422 0.167353 0.844691 -0.155309 2.71725 -0.107217
28.2437 0.175781 0.844691 -0.155309 2.71714 -0.112997

28.2437 0.175781 0.832985 -0.167015 2.71714 -0.112998
28.2467 0.19043 0.832985 -0.167015 2.71233 -0.123108

28.2467 0.19043 0.821466 -0.178534 2.71232 -0.123104
28.2499 0.205078 0.821466 -0.178534 2.70195 -0.129458

28.2499 0.205078 0.812701 -0.187299 2.70196 -0.129473
28.2516 0.212402 0.812701 -0.187299 2.6997 -0.128741

28.2516 0.212402 0.806612 -0.193388 2.6997 -0.128743
28.2533 0.219727 0.806612 -0.193388 2.70577 -0.130153

28.2533 0.219727 0.801029 -0.198971 2.70577 -0.130157
28.2551 0.227051 0.801029 -0.198971 2.71303 -0.135719

28.2551 0.227051 0.795652 -0.204348 2.71303 -0.135718
28.2568 0.233678 0.795652 -0.204348 2.71454 -0.142187

28.2568 0.233678 0.795652 -0.204348 2.71454 -0.142186
28.257 0.234375 0.795652 -0.204348 2.71451 -0.142856

28.257 0.234375 0.790073 -0.209927 2.71451 -0.142852
28.259 0.241699 0.790073 -0.209927 2.71768 -0.151115

28.259 0.241699 0.783984 -0.216016 2.71768 -0.151111
28.261 0.249023 0.783984 -0.216016 2.71581 -0.165904

28.261 0.249023 0.77764 -0.22236 2.71581 -0.165905
28.2631 0.256348 0.77764 -0.22236 2.69919 -0.180953

28.2631 0.256348 0.771849 -0.228151 2.6992 -0.180954
28.2642 0.260031 0.771849 -0.228151 2.68946 -0.185424

28.2642 0.260022 0.771849 -0.228151 2.68949 -0.185413
28.2652 0.263672 0.771849 -0.228151 2.68141 -0.189968

28.2652 0.263672 0.766612 -0.233388 2.68141 -0.189968
28.2675 0.270996 0.766612 -0.233388 2.67416 -0.201357

28.2675 0.270996 0.761364 -0.238636 2.67416 -0.201356
28.2698 0.27832 0.761364 -0.238636 2.67265 -0.222484

28.2698 0.27832 0.755903 -0.244097 2.67264 -0.222477
28.2715 0.283657 0.755903 -0.244097 2.66861 -0.236083

28.2715 0.283651 0.755903 -0.244097 2.66862 -0.236078
28.2721 0.285645 0.755903 -0.244097 2.66582 -0.240242

28.2721 0.285645 0.75045 -0.24955 2.66582 -0.24024
28.2746 0.292969 0.75045 -0.24955 2.66178 -0.25347

28.2746 0.292969 0.745102 -0.254898 2.66178 -0.253469
28.2771 0.300293 0.745102 -0.254898 2.65613 -0.266343

28.2771 0.300293 0.739807 -0.260193 2.65613 -0.266341
28.2788 0.305244 0.739807 -0.260193 2.64593 -0.274171

28.2788 0.305235 0.739807 -0.260193 2.64596 -0.274165
28.2796 0.307617 0.739807 -0.260193 2.6402 -0.277548

28.2796 0.307617 0.734382 -0.265618 2.6402 -0.277541
28.2823 0.314941 0.734382 -0.265618 2.63251 -0.290016

28.2823 0.314941 0.728579 -0.271421 2.63251 -0.290014
28.285 0.322266 0.728579 -0.271421 2.62483 -0.319276

28.285 0.322266 0.722754 -0.277246 2.62482 -0.319258
28.2861 0.325178 0.722754 -0.277246 2.61901 -0.330118

28.2861 0.325162 0.722754 -0.277246 2.61906 -0.330093
28.2878 0.32959 0.722754 -0.277246 2.61182 -0.342591

28.2878 0.32959 0.717115 -0.282885 2.61181 -0.34258
28.2907 0.336914 0.717115 -0.282885 2.60338 -0.361294

28.2907 0.336914 0.71179 -0.28821 2.60338 -0.361301
28.2935 0.343674 0.71179 -0.28821 2.58492 -0.377189

28.2935 0.343671 0.71179 -0.28821 2.58493 -0.377188
28.2937 0.344238 0.71179 -0.28821 2.58278 -0.378231

28.2937 0.344238 0.706702 -0.293298 2.58278 -0.378226
28.2967 0.351562 0.706702 -0.293298 2.57379 -0.39618

28.2967 0.351562 0.701222 -0.298778 2.57378 -0.396172
28.2998 0.358887 0.701222 -0.298778 2.56583 -0.439762

28.2998 0.358887 0.695608 -0.304392 2.56581 -0.4397
28.3008 0.361049 0.695608 -0.304392 2.55888 -0.451178

28.3008 0.361021 0.695608 -0.304392 2.55899 -0.451133
28.3031 0.366211 0.695608 -0.304392 2.54966 -0.472689

28.303 0.366211 0.69 -0.31 2.54964 -0.472655
28.3063 0.373535 0.69 -0.31 2.53198 -0.504281

28.3063 0.373535 0.684593 -0.315407 2.53198 -0.50426
28.3081 0.377379 0.684593 -0.315407 2.51594 -0.520565

28.3081 0.377353 0.684593 -0.315407 2.5161 -0.520537
28.3097 0.380859 0.684593 -0.315407 2.4984 -0.532715

28.3097 0.380859 0.679166 -0.320834 2.49838 -0.532664
28.3132 0.388184 0.679166 -0.320834 2.47363 -0.563955

28.3132 0.388184 0.673466 -0.326534 2.47363 -0.563935
28.3154 0.392847 0.673466 -0.326534 2.45739 -0.586739

28.3154 0.39283 0.673466 -0.326534 2.45746 -0.586729
28.3167 0.395508 0.673466 -0.326534 2.44901 -0.596447

28.3167 0.395508 0.667574 -0.332426 2.44899 -0.596394
28.3204 0.402832 0.667574 -0.332426 2.4371 -0.636044

28.3204 0.402832 0.661881 -0.338119 2.4371 -0.636034
28.3228 0.407506 0.661881 -0.338119 2.42046 -0.671277

28.3228 0.407481 0.661881 -0.338119 2.42068 -0.67126
28.3241 0.410156 0.661881 -0.338119 2.40172 -0.684438

28.3241 0.410156 0.656395 -0.343605 2.40169 -0.684344
28.3279 0.41748 0.656395 -0.343605 2.36533 -0.718133

28.3279 0.41748 0.650823 -0.349177 2.36533 -0.718075
28.3301 0.42147 0.650823 -0.349177 2.34631 -0.739195

28.3301 0.42144 0.650823 -0.349177 2.34648 -0.739148
28.3319 0.424805 0.650823 -0.349177 2.33329 -0.756735

28.3319 0.424805 0.644643 -0.355357 2.33323 -0.756624
28.3359 0.432129 0.644643 -0.355357 2.30255 -0.808503

28.3359 0.432129 0.638118 -0.361882 2.30253 -0.808326
28.3374 0.434795 0.638118 -0.361882 2.28545 -0.829546

28.3374 0.434747 0.638118 -0.361882 2.2858 -0.829514
28.3401 0.439453 0.638118 -0.361882 2.27188 -0.863798

28.3401 0.439453 0.631635 -0.368365 2.2718 -0.863674
28.3443 0.446777 0.631635 -0.368365 2.21427 -0.915071

28.3443 0.446777 0.62948 -0.37052 2.21424 -0.914748
28.3447 0.447512 0.62948 -0.37052 2.2048 -0.918823

28.3447 0.447427 0.6253 -0.3747 2.20595 -0.918818
28.3487 0.454102 0.6253 -0.3747 2.16621 -0.959252

28.3487 0.454102 0.619258 -0.380742 2.1662 -0.959068
28.3521 0.459527 0.619258 -0.380742 2.13531 -1.01415

28.3521 0.459498 0.619827 -0.380173 2.13565 -1.01413
28.3532 0.461426 0.619827 -0.380173 2.11655 -1.02863

28.3532 0.461426 0.612157 -0.387843 2.11649 -1.02841
28.3579 0.46875 0.612157 -0.387843 2.05303 -1.08843

28.3578 0.46875 0.607047 -0.392953 2.053 -1.08812
28.3594 0.471131 0.607047 -0.392953 2.03142 -1.11148

28.3594 0.471045 0.605128 -0.394872 2.03229 -1.11149
28.3627 0.476074 0.605128 -0.394872 2.01097 -1.16213

28.3626 0.476074 0.598321 -0.401679 2.0108 -1.16182
28.3667 0.482134 0.598321 -0.401679 1.94797 -1.22849

28.3667 0.482092 0.603404 -0.396596 1.9488 -1.22852
28.3676 0.483398 0.603404 -0.396596 1.92364 -1.2387

28.3675 0.483398 0.590785 -0.409215 1.92363 -1.23859
28.3726 0.490723 0.590785 -0.409215 1.81801 -1.29031

28.3726 0.490723 0.590921 -0.409079 1.81802 -1.29001
28.374 0.492777 0.590921 -0.409079 1.79502 -1.30586

28.374 0.492657 0.583625 -0.416375 1.79633 -1.30615
28.3779 0.498047 0.583625 -0.416375 1.7623 -1.35805

28.3778 0.498047 0.576079 -0.423921 1.76228 -1.35696
28.3813 0.502834 0.576079 -0.423921 1.7285 -1.43848

28.3813 0.502749 0.580221 -0.419779 1.72988 -1.43865
28.3832 0.505371 0.580221 -0.419779 1.68802 -1.47355

28.3832 0.505371 0.566154 -0.433846 1.68801 -1.4729
28.3887 0.512493 0.566154 -0.433846 1.55906 -1.53036

28.3887 0.512481 0.563671 -0.436329 1.5593 -1.53043
28.3888 0.512695 0.563671 -0.436329 1.55456 -1.53186

28.3888 0.512695 0.557083 -0.442917 1.55452 -1.53204
28.3947 0.52002 0.557083 -0.442917 1.44734 -1.58982

28.3946 0.52002 0.553872 -0.446128 1.44755 -1.58832
28.396 0.521755 0.553872 -0.446128 1.43444 -1.60805

28.396 0.521616 0.549423 -0.450577 1.43517 -1.60871
28.4007 0.527344 0.549423 -0.450577 1.37086 -1.66179

28.4006 0.527344 0.544768 -0.455232 1.37114 -1.66094
28.4033 0.530543 0.544768 -0.455232 1.32476 -1.68069

28.4033 0.530424 0.542218 -0.457782 1.32589 -1.68177
28.4069 0.534668 0.542218 -0.457782 1.26145 -1.70742

28.4069 0.534668 0.532524 -0.467476 1.26133 -1.70778
28.4106 0.538907 0.532524 -0.467476 1.19733 -1.72709

28.4106 0.538829 0.526312 -0.473688 1.19803 -1.72776
28.4135 0.541992 0.526312 -0.473688 1.15549 -1.74732

28.4135 0.541992 0.519679 -0.480321 1.1555 -1.74729
28.418 0.546839 0.519679 -0.480321 1.08689 -1.78328

28.418 0.546766 0.512861 -0.487139 1.08786 -1.78393
28.4204 0.549316 0.512861 -0.487139 1.04319 -1.80176

28.4204 0.549316 0.506959 -0.493041 1.04334 -1.80124
28.4253 0.554389 0.506959 -0.493041 0.939378 -1.82375

28.4253 0.554353 0.499985 -0.500015 0.93992 -1.82411
28.4276 0.556641 0.499985 -0.500015 1e+30 1e+30

