38.1771 0 0.995988 -0.00401233 2.69811 0
38.1771 0.00732422 0.995988 -0.00401233 2.7006 0.0031021

38.1771 0.00732422 0.988104 -0.0118958 2.7006 0.00310217
38.1772 0.0146484 0.988104 -0.0118958 2.71761 0.00287136

38.1772 0.0146484 0.979784 -0.0202155 2.71761 0.0028705
38.1774 0.0219727 0.979784 -0.0202155 2.74364 -0.00809123

38.1774 0.0219727 0.972497 -0.0275027 2.74366 -0.00809242
38.1776 0.0292969 0.972497 -0.0275027 2.73945 -0.0144877

38.1776 0.0292969 0.965894 -0.0341064 2.73944 -0.0144811
38.1778 0.0366211 0.965894 -0.0341064 2.72327 -0.0151898

38.1778 0.0366211 0.959193 -0.0408073 2.72328 -0.0151996
38.1782 0.0439453 0.959193 -0.0408073 2.73634 -0.0191254

38.1781 0.0439453 0.951989 -0.0480113 2.73634 -0.0191016
38.1785 0.0512695 0.951989 -0.0480113 2.74373 -0.0280261

38.1785 0.0512695 0.943886 -0.0561145 2.74373 -0.0280294
38.179 0.0585938 0.943886 -0.0561145 2.73482 -0.0372983

38.1789 0.0585938 0.933396 -0.0666038 2.7348 -0.0372895
38.18 0.0732422 0.933396 -0.0666038 2.72997 -0.0435144

38.18 0.0732422 0.919815 -0.0801845 2.72997 -0.0435138
38.1813 0.0878906 0.919815 -0.0801845 2.73024 -0.0505928

38.1813 0.0878906 0.906544 -0.0934556 2.73024 -0.0505931
38.1828 0.102539 0.906544 -0.0934556 2.72637 -0.057428

38.1828 0.102539 0.893543 -0.106457 2.72637 -0.0574267
38.1845 0.117188 0.893543 -0.106457 2.72354 -0.0628749

38.1845 0.117188 0.88064 -0.11936 2.72354 -0.0628732
38.1865 0.131836 0.88064 -0.11936 2.72419 -0.0692569

38.1865 0.131836 0.871056 -0.128944 2.72421 -0.0692841
38.1876 0.13916 0.871056 -0.128944 2.72796 -0.0735689

38.1876 0.13916 0.864621 -0.135379 2.72797 -0.0735779
38.1885 0.144728 0.864621 -0.135379 2.73439 -0.0791427

38.1885 0.144799 0.86778 -0.13222 2.73446 -0.0791666
38.1887 0.146484 0.86778 -0.13222 2.74743 -0.0830617

38.1887 0.146484 0.858184 -0.141816 2.74749 -0.0831034
38.19 0.153809 0.858184 -0.141816 2.75022 -0.0981895

38.19 0.153809 0.851506 -0.148494 2.75022 -0.0981872
38.1912 0.161133 0.851506 -0.148494 2.71615 -0.098469

38.1912 0.161133 0.845704 -0.154296 2.71614 -0.0984805
38.1926 0.168457 0.845704 -0.154296 2.71486 -0.0870359

38.1926 0.168457 0.840499 -0.159501 2.71486 -0.0870347
38.194 0.175781 0.840499 -0.159501 2.72845 -0.0895953

38.194 0.175781 0.834707 -0.165293 2.72845 -0.0895921
38.1954 0.183105 0.834707 -0.165293 2.73011 -0.0963052

38.1954 0.183105 0.828632 -0.171368 2.73011 -0.096304
38.1958 0.184991 0.828632 -0.171368 2.72908 -0.0977993

38.1958 0.184987 0.828632 -0.171368 2.72908 -0.0977976
38.1969 0.19043 0.828632 -0.171368 2.72571 -0.100171

38.1969 0.19043 0.822991 -0.177009 2.72571 -0.100173
38.1985 0.197754 0.822991 -0.177009 2.72769 -0.105057

38.1985 0.197754 0.81768 -0.18232 2.72769 -0.105055
38.2001 0.205078 0.81768 -0.18232 2.72931 -0.111381

38.2001 0.205078 0.811961 -0.188039 2.72931 -0.111376
38.2018 0.212402 0.811961 -0.188039 2.72337 -0.11756

38.2018 0.212402 0.805902 -0.194098 2.72337 -0.117558
38.2031 0.217781 0.805902 -0.194098 2.71813 -0.121455

38.2031 0.217778 0.805902 -0.194098 2.71814 -0.121455
38.2036 0.219727 0.805902 -0.194098 2.7164 -0.122353

38.2036 0.219727 0.800023 -0.199977 2.7164 -0.122355
38.2054 0.227051 0.800023 -0.199977 2.71698 -0.126745

38.2054 0.227051 0.794319 -0.205681 2.71698 -0.126743
38.2073 0.234375 0.794319 -0.205681 2.72345 -0.133967

38.2073 0.234375 0.788634 -0.211366 2.72345 -0.133967
38.2093 0.241699 0.788634 -0.211366 2.71945 -0.142848

38.2093 0.241699 0.783069 -0.216931 2.71945 -0.142846
38.2104 0.245905 0.783069 -0.216931 2.71507 -0.14669

38.2104 0.245899 0.783069 -0.216931 2.71507 -0.146686
38.2113 0.249023 0.783069 -0.216931 2.71214 -0.150616

38.2113 0.249023 0.777526 -0.222474 2.71214 -0.150614
38.2134 0.256348 0.777526 -0.222474 2.71263 -0.160341

38.2134 0.256348 0.771682 -0.228318 2.71263 -0.160339
38.2156 0.263672 0.771682 -0.228318 2.71269 -0.178198

38.2156 0.263672 0.765666 -0.234334 2.71269 -0.178199
38.2178 0.270857 0.765666 -0.234334 2.69891 -0.196115

38.2178 0.270854 0.765666 -0.234334 2.69892 -0.196111
38.2178 0.270996 0.765666 -0.234334 2.69846 -0.196443

38.2178 0.270996 0.759883 -0.240117 2.69846 -0.196442
38.2201 0.27832 0.759883 -0.240117 2.68053 -0.21065

38.2201 0.27832 0.75421 -0.24579 2.68053 -0.210649
38.2225 0.285645 0.75421 -0.24579 2.67222 -0.223454

38.2225 0.285645 0.748611 -0.251389 2.67222 -0.223455
38.225 0.292969 0.748611 -0.251389 2.66738 -0.236806

38.225 0.292969 0.743098 -0.256902 2.66737 -0.236794
38.2251 0.293328 0.743098 -0.256902 2.66718 -0.237416

38.2251 0.293317 0.743098 -0.256902 2.66719 -0.237407
38.2275 0.300293 0.743098 -0.256902 2.66785 -0.250208

38.2275 0.300293 0.737463 -0.262537 2.66785 -0.250204
38.2301 0.307617 0.737463 -0.262537 2.66846 -0.269182

38.2301 0.307617 0.731915 -0.268085 2.66846 -0.269186
38.2324 0.313911 0.731915 -0.268085 2.6538 -0.285383

38.2324 0.313908 0.731915 -0.268085 2.65381 -0.285379
38.2328 0.314941 0.731915 -0.268085 2.64987 -0.287652

38.2328 0.314941 0.726675 -0.273325 2.64986 -0.287651
38.2356 0.322266 0.726675 -0.273325 2.63419 -0.303788

38.2356 0.322266 0.721309 -0.278691 2.63419 -0.303783
38.2384 0.32959 0.721309 -0.278691 2.62413 -0.326778

38.2384 0.32959 0.715714 -0.284286 2.62412 -0.326765
38.2397 0.333029 0.715714 -0.284286 2.61734 -0.33595

38.2397 0.333018 0.715714 -0.284286 2.61737 -0.33594
38.2413 0.336914 0.715714 -0.284286 2.61263 -0.344543

38.2413 0.336914 0.710131 -0.289869 2.61262 -0.344535
38.2443 0.344238 0.710131 -0.289869 2.6059 -0.363779

38.2443 0.344238 0.704675 -0.295325 2.6059 -0.363781
38.2471 0.350893 0.704675 -0.295325 2.58468 -0.385703

38.2471 0.350889 0.704675 -0.295325 2.5847 -0.385698
38.2474 0.351562 0.704675 -0.295325 2.58142 -0.387615

38.2474 0.351562 0.699457 -0.300543 2.58141 -0.387611
38.2505 0.358887 0.699457 -0.300543 2.56298 -0.407486

38.2505 0.358887 0.694172 -0.305828 2.56298 -0.407481
38.2537 0.366211 0.694172 -0.305828 2.5478 -0.438655

38.2537 0.366211 0.688715 -0.311285 2.54779 -0.438595
38.2544 0.367715 0.688715 -0.311285 2.54309 -0.443848

38.2544 0.36769 0.688715 -0.311285 2.54319 -0.443832
38.257 0.373535 0.688715 -0.311285 2.53853 -0.463746

38.257 0.373535 0.683029 -0.316971 2.53852 -0.463724
38.2604 0.380859 0.683029 -0.316971 2.52672 -0.5032

38.2604 0.380859 0.67766 -0.32234 2.52671 -0.503145
38.2617 0.383581 0.67766 -0.32234 2.51491 -0.518408

38.2617 0.383546 0.67766 -0.32234 2.51509 -0.518353
38.2639 0.388184 0.67766 -0.32234 2.49934 -0.539462

38.2639 0.388184 0.672416 -0.327584 2.49931 -0.539402
38.2675 0.395508 0.672416 -0.327584 2.4704 -0.571873

38.2675 0.395508 0.666984 -0.333016 2.4704 -0.571824
38.269 0.398645 0.666984 -0.333016 2.45268 -0.583826

38.269 0.398617 0.666984 -0.333016 2.45285 -0.583822
38.2711 0.402832 0.666984 -0.333016 2.44303 -0.600478

38.2711 0.402832 0.661098 -0.338902 2.443 -0.600412
38.2749 0.410156 0.661098 -0.338902 2.42429 -0.645957

38.2749 0.410156 0.655031 -0.344969 2.42427 -0.645859
38.2764 0.412977 0.655031 -0.344969 2.41053 -0.664955

38.2764 0.41294 0.655031 -0.344969 2.41074 -0.664923
38.2788 0.41748 0.655031 -0.344969 2.39751 -0.691812

38.2787 0.41748 0.649134 -0.350866 2.39747 -0.69173
38.2827 0.424805 0.649134 -0.350866 2.35507 -0.732576

38.2827 0.424805 0.64342 -0.35658 2.35506 -0.732418
38.2837 0.426616 0.64342 -0.35658 2.33859 -0.740333

38.2837 0.426561 0.64342 -0.35658 2.3391 -0.740345
38.2868 0.432129 0.64342 -0.35658 2.31805 -0.767145

38.2868 0.432129 0.637501 -0.362499 2.31798 -0.767067
38.2909 0.439453 0.637501 -0.362499 2.27415 -0.821424

38.2909 0.439453 0.63614 -0.36386 2.27412 -0.82109
38.291 0.439666 0.63614 -0.36386 2.27214 -0.82222

38.291 0.439602 0.630993 -0.369007 2.27277 -0.822239
38.2952 0.446777 0.630993 -0.369007 2.24564 -0.8689

38.2952 0.446777 0.624601 -0.375399 2.24562 -0.868791
38.2983 0.451992 0.624601 -0.375399 2.22679 -0.92933

38.2983 0.451962 0.624648 -0.375352 2.22718 -0.929286
38.2996 0.454102 0.624648 -0.375352 2.20423 -0.948051

38.2996 0.454102 0.617916 -0.382084 2.20417 -0.947849
38.3041 0.461426 0.617916 -0.382084 2.12991 -0.998318

38.3041 0.461426 0.612624 -0.387376 2.1299 -0.998088
38.3057 0.463872 0.612624 -0.387376 2.10339 -1.01341

38.3057 0.463795 0.611717 -0.388283 2.10425 -1.01347
38.3088 0.46875 0.611717 -0.388283 2.08112 -1.04983

38.3088 0.46875 0.605122 -0.394878 2.08096 -1.04958
38.313 0.475198 0.605122 -0.394878 2.0285 -1.12149

38.313 0.475172 0.610362 -0.389638 2.02888 -1.12149
38.3136 0.476074 0.610362 -0.389638 2.01619 -1.12909

38.3136 0.476074 0.597128 -0.402872 2.01618 -1.129
38.3185 0.483398 0.597128 -0.402872 1.93985 -1.1936

38.3185 0.483398 0.59323 -0.40677 1.93983 -1.19328
38.3203 0.486069 0.59323 -0.40677 1e+30 1e+30

