14.4466 0.446777 0.610496 -0.389504 1.97864 -1.08637
14.4507 0.453164 0.610496 -0.389504 1.92358 -1.14675

14.4507 0.45314 0.615417 -0.384583 1.92391 -1.14674
14.4513 0.454102 0.615417 -0.384583 1.91204 -1.15368

14.4513 0.454102 0.602567 -0.397433 1.91203 -1.1536
14.4561 0.461426 0.602567 -0.397433 1.84152 -1.21011

14.4561 0.461426 0.596884 -0.403116 1.84149 -1.20987
14.458 0.464264 0.596884 -0.403116 1.81665 -1.23769

14.458 0.464179 0.594849 -0.405151 1.8175 -1.23771
14.4611 0.46875 0.594849 -0.405151 1.79546 -1.28425

14.4611 0.46875 0.587178 -0.412822 1.79528 -1.28387
14.4653 0.474783 0.587178 -0.412822 1.7305 -1.34883

14.4653 0.474743 0.590259 -0.409741 1.73131 -1.34889
14.4663 0.476074 0.590259 -0.409741 1.7045 -1.35959

14.4662 0.476074 0.578719 -0.421281 1.70449 -1.35938
14.4716 0.483398 0.578719 -0.421281 1.59069 -1.40593

14.4715 0.483398 0.576308 -0.423692 1.59071 -1.40532
14.4727 0.484934 0.576308 -0.423692 1.57215 -1.41606

14.4727 0.484811 0.570728 -0.429272 1.57361 -1.41641
14.4771 0.490723 0.570728 -0.429272 1.52538 -1.47076

14.4771 0.490723 0.566039 -0.433961 1.52539 -1.4701
14.48 0.494518 0.566039 -0.433961 1.49934 -1.52188

14.48 0.494404 0.56484 -0.43516 1.50082 -1.52223
14.4828 0.498047 0.56484 -0.43516 1.45121 -1.56414

14.4828 0.498047 0.552212 -0.447788 1.45123 -1.56356
14.4873 0.503656 0.552212 -0.447788 1.36893 -1.61418

14.4873 0.503606 0.550992 -0.449008 1.36974 -1.61451
14.4887 0.505371 0.550992 -0.449008 1.33527 -1.62843

14.4887 0.505371 0.541474 -0.458526 1.33541 -1.62782
14.4946 0.512363 0.541474 -0.458526 1.22206 -1.65753

14.4946 0.512349 0.537818 -0.462182 1.22219 -1.65764
14.4949 0.512695 0.537818 -0.462182 1.21789 -1.6591

14.4949 0.512695 0.532045 -0.467955 1.21792 -1.659
14.5014 0.52002 0.532045 -0.467955 1.12905 -1.69891

14.5013 0.52002 0.527114 -0.472886 1.12953 -1.69737
14.502 0.520789 0.527114 -0.472886 1.12119 -1.70177

14.502 0.520685 0.521568 -0.478432 1.12187 -1.70264
14.5081 0.527344 0.521568 -0.478432 1.03577 -1.74089

14.508 0.527344 0.514559 -0.485441 1.03603 -1.74019
14.5093 0.528684 0.514559 -0.485441 1.01735 -1.74617

14.5093 0.528609 0.509172 -0.490828 1.01803 -1.74685
14.5151 0.534668 0.509172 -0.490828 0.915527 -1.78286

14.5151 0.534668 0.500621 -0.499379 0.915886 -1.78188
14.5166 0.536219 0.500621 -0.499379 0.886144 -1.79304

14.5166 0.536135 0.492521 -0.507479 0.887289 -1.79372
14.5226 0.541992 0.492521 -0.507479 0.760515 -1.83035

14.5225 0.541992 0.48776 -0.51224 0.761594 -1.82805
14.5239 0.54336 0.48776 -0.51224 0.727536 -1.83786

14.5239 0.543259 0.480334 -0.519666 0.729284 -1.83879
14.5305 0.549316 0.480334 -0.519666 0.589705 -1.85787

14.5304 0.549316 0.474445 -0.525555 0.590713 -1.85671
14.5312 0.55012 0.474445 -0.525555 1e+30 1e+30

14.9883 0 -0.989443 -0.010557 2.60776 0
14.9879 0.0292969 -0.989443 -0.010557 2.60754 0.113381

14.9879 0.0292969 -0.968494 -0.0315059 2.60748 0.113381
14.987 0.0585938 -0.968494 -0.0315059 2.60564 0.226788

14.987 0.0585938 -0.947968 -0.052032 2.60565 0.226788
14.9854 0.0878906 -0.947968 -0.052032 2.60186 0.345018

14.9854 0.0878906 -0.927923 -0.0720769 2.6018 0.345015
14.9831 0.117188 -0.927923 -0.0720769 2.58885 0.466316

14.9831 0.117188 -0.908507 -0.0914928 2.58888 0.466318
14.9802 0.146484 -0.908507 -0.0914928 2.56934 0.591311

14.9801 0.146484 -0.894386 -0.105614 2.56961 0.591334
14.9784 0.161133 -0.894386 -0.105614 2.56276 0.658273

14.9784 0.161133 -0.884623 -0.115377 2.56281 0.658277
14.9765 0.175781 -0.884623 -0.115377 2.54703 0.726319

14.9707 0.213653 -0.853972 -0.146028 2.48346 0.913359
14.9697 0.219727 -0.853972 -0.146028 2.47111 0.937841

14.9697 0.219727 -0.848672 -0.151328 2.47113 0.937845
14.9684 0.227051 -0.848672 -0.151328 2.47631 0.973547

14.9684 0.227051 -0.843799 -0.156201 2.47633 0.973551
14.967 0.234375 -0.843799 -0.156201 2.46451 1.01319

14.9765 0.175781 -0.875367 -0.124633 2.54701 0.726317
14.9744 0.19043 -0.875367 -0.124633 2.53089 0.796339

14.9744 0.19043 -0.865694 -0.134306 2.53086 0.796335
14.9721 0.205078 -0.865694 -0.134306 2.50594 0.870151

14.9707 0.213557 -0.856 -0.144 2.48371 0.912951
14.9721 0.205078 -0.856 -0.144 2.50598 0.87016

14.9414 0.338984 -0.762859 -0.237141 2.15602 1.5814
14.9398 0.344238 -0.762859 -0.237141 2.13432 1.60606

14.9398 0.344238 -0.757135 -0.242865 2.13433 1.60606
14.9374 0.351562 -0.757135 -0.242865 2.10457 1.64076

14.967 0.234375 -0.83891 -0.16109 2.4645 1.01319
14.9656 0.241699 -0.83891 -0.16109 2.43744 1.04502

14.9656 0.241699 -0.833826 -0.166174 2.43744 1.04502
14.9641 0.249023 -0.833826 -0.166174 2.42559 1.07816

14.9641 0.249023 -0.826262 -0.173738 2.42546 1.07813
14.9611 0.263672 -0.826262 -0.173738 2.39392 1.15005

14.9561 0.285518 -0.808172 -0.191828 2.34401 1.29084
14.956 0.285645 -0.808172 -0.191828 2.34342 1.29172

14.956 0.285645 -0.803113 -0.196887 2.34352 1.29176
14.9542 0.292969 -0.803113 -0.196887 2.31828 1.3405

14.9611 0.263672 -0.818741 -0.181259 2.39403 1.15007
14.9594 0.270996 -0.818741 -0.181259 2.38331 1.18914

14.9594 0.270996 -0.813345 -0.186655 2.38331 1.18914
14.9578 0.27832 -0.813345 -0.186655 2.372 1.23961

14.9561 0.285472 -0.808172 -0.191828 2.34434 1.29057
14.9578 0.27832 -0.808172 -0.191828 2.37202 1.23961

14.9542 0.292969 -0.797502 -0.202498 2.31826 1.34049
14.9524 0.300293 -0.797502 -0.202498 2.30103 1.38756

14.9524 0.300293 -0.79167 -0.20833 2.30104 1.38756
14.9504 0.307617 -0.79167 -0.20833 2.27778 1.42869

14.9487 0.313912 -0.786106 -0.213894 2.24964 1.46406
14.9485 0.314941 -0.786106 -0.213894 2.24401 1.46924

14.9484 0.314941 -0.780549 -0.219451 2.24408 1.46926
14.9464 0.322266 -0.780549 -0.219451 2.21266 1.5048

14.9487 0.313871 -0.786106 -0.213894 2.24996 1.46388
14.9504 0.307617 -0.786106 -0.213894 2.2778 1.42869

14.9464 0.322266 -0.774649 -0.225351 2.21265 1.50479
14.9443 0.32959 -0.774649 -0.225351 2.19211 1.53785

14.9443 0.32959 -0.768643 -0.231357 2.19211 1.53785
14.942 0.336914 -0.768643 -0.231357 2.16464 1.57095

14.9414 0.338966 -0.762859 -0.237141 2.15614 1.58132
14.942 0.336914 -0.762859 -0.237141 2.16468 1.57096

14.9341 0.361576 -0.745255 -0.254745 2.06187 1.68352
14.9325 0.366211 -0.745255 -0.254745 2.04464 1.70795

14.9374 0.351562 -0.751246 -0.248754 2.10457 1.64076
14.935 0.358887 -0.751246 -0.248754 2.07321 1.6701

14.9341 0.361556 -0.745255 -0.254745 2.06202 1.68343
14.935 0.358887 -0.745255 -0.254745 2.07324 1.67011

14.9325 0.366211 -0.7389 -0.2611 2.04464 1.70795
14.9299 0.373535 -0.7389 -0.2611 2.02042 1.74945

14.9299 0.373535 -0.73227 -0.26773 2.02042 1.74945
14.9272 0.380859 -0.73227 -0.26773 1.98577 1.7902

14.9268 0.382117 -0.725696 -0.274304 1.97812 1.79818
14.9245 0.388184 -0.725696 -0.274304 1.949 1.83757

14.9245 0.388184 -0.71894 -0.28106 1.94899 1.83756
14.9216 0.395508 -0.71894 -0.28106 1.91564 1.88157

14.9194 0.400901 -0.712118 -0.287882 1.88812 1.91171
14.9187 0.402832 -0.712118 -0.287882 1.87442 1.92186

14.9186 0.402832 -0.705072 -0.294928 1.87451 1.92188
14.9156 0.410156 -0.705072 -0.294928 1e+30 1e+30

14.9194 0.400861 -0.712118 -0.287882 1.88858 1.91153
14.9216 0.395508 -0.712118 -0.287882 1.91569 1.88157

14.9268 0.382105 -0.725696 -0.274304 1.97824 1.79812
14.9272 0.380859 -0.725696 -0.274304 1.9858 1.79022

