6.00586 0.466124 -0.458306 -0.541694 0.226313 1.59113
6.00276 0.46875 -0.458306 -0.541694 0.199567 1.58315

6.03516 0.438121 -0.511149 -0.488851 0.503242 1.6209
6.03388 0.439453 -0.511149 -0.488851 0.489844 1.62034

6.02051 0.452787 -0.486704 -0.513296 0.362082 1.60964
6.01912 0.454102 -0.486704 -0.513296 0.350008 1.60988

6.01318 0.459615 -0.473447 -0.526553 0.2961 1.60451
6.01117 0.461426 -0.473447 -0.526553 0.27718 1.60075

6.00586 0.466042 -0.468307 -0.531693 0.227418 1.59123
6.0111 0.461426 -0.468307 -0.531693 0.277398 1.60066

6.01318 0.459543 -0.480828 -0.519172 0.297101 1.60456
6.01906 0.454102 -0.480828 -0.519172 0.350251 1.60989

6.02783 0.445628 -0.499003 -0.500997 0.428021 1.61293
6.02668 0.446777 -0.499003 -0.500997 0.417206 1.61118

6.02051 0.452716 -0.492175 -0.507825 0.363024 1.60963
6.02664 0.446777 -0.492175 -0.507825 0.417377 1.61112

6.02783 0.445587 -0.505768 -0.494232 0.428582 1.61293
6.03383 0.439453 -0.505768 -0.494232 0.49007 1.62031

6.06445 0.404209 -0.556326 -0.443674 0.771714 1.60243
6.05971 0.410156 -0.556326 -0.443674 0.728764 1.61323

6.09375 0.362913 -0.610888 -0.389112 1e+30 1e+30
6.09165 0.366211 -0.610888 -0.389112 1.08952 1.49216

6.08643 0.374066 -0.592753 -0.407247 0.994742 1.50289
6.08176 0.380859 -0.592753 -0.407247 0.942441 1.52206

6.09164 0.366211 -0.601891 -0.398109 1.08959 1.49221
6.08679 0.373535 -0.601891 -0.398109 1.00184 1.50267

6.08643 0.374062 -0.59944 -0.40056 0.994791 1.50289
6.08678 0.373535 -0.59944 -0.40056 1.0019 1.50267

6.07178 0.394724 -0.575842 -0.424158 0.869517 1.59634
6.0712 0.395508 -0.575842 -0.424158 0.858447 1.59862

6.0791 0.384614 -0.584456 -0.415544 0.937341 1.54966
6.07656 0.388184 -0.584456 -0.415544 0.920238 1.57447

6.07178 0.394643 -0.575704 -0.424296 0.870858 1.59634
6.07654 0.388184 -0.575704 -0.424296 0.92034 1.57471

6.07116 0.395508 -0.566315 -0.433685 0.858579 1.59877
6.06555 0.402832 -0.566315 -0.433685 0.780499 1.60185

6.06445 0.404206 -0.561277 -0.438723 0.77175 1.60242
6.06553 0.402832 -0.561277 -0.438723 0.780619 1.60184

6.0791 0.384576 -0.58488 -0.41512 0.937632 1.54965
6.08174 0.380859 -0.58488 -0.41512 0.942592 1.52215

6.0498 0.421957 -0.53666 -0.46334 0.64977 1.6258
6.04735 0.424805 -0.53666 -0.46334 0.622584 1.6289

6.04248 0.430234 -0.523457 -0.476543 0.573482 1.62365
6.04076 0.432129 -0.523457 -0.476543 0.557286 1.62247

6.03516 0.438078 -0.516816 -0.483184 0.503841 1.62089
6.04072 0.432129 -0.516816 -0.483184 0.557449 1.62243

6.04248 0.43021 -0.528484 -0.471516 0.573787 1.62365
6.0473 0.424805 -0.528484 -0.471516 0.622728 1.62899

6.05713 0.413266 -0.5488 -0.4512 0.71091 1.61444
6.05366 0.41748 -0.5488 -0.4512 0.679515 1.6241

6.0498 0.421954 -0.541273 -0.458727 0.649806 1.6258
6.0536 0.41748 -0.541273 -0.458727 0.679701 1.62435

6.05713 0.413286 -0.552114 -0.447886 0.71068 1.61447
6.05967 0.410156 -0.552114 -0.447886 0.729043 1.61317

5.625 0.507637 0.36347 -0.63653 -0.0562161 -1.22749
5.63232 0.51182 0.36347 -0.63653 -0.121304 -1.19815

5.63232 0.511801 0.3509 -0.6491 -0.121076 -1.19822
5.63398 0.512695 0.3509 -0.6491 -0.134499 -1.19543

5.63395 0.512695 0.3509 -0.6491 -0.134453 -1.19542
5.63965 0.515778 0.3509 -0.6491 -0.191923 -1.16156

5.63965 0.515776 0.338204 -0.661796 -0.191883 -1.16157
5.64697 0.519519 0.338204 -0.661796 -0.251664 -1.11985

5.64697 0.519509 0.324919 -0.675081 -0.251536 -1.11987
5.64803 0.52002 0.324919 -0.675081 -0.259065 -1.11924

5.64801 0.52002 0.324919 -0.675081 -0.259051 -1.11922
5.6543 0.523045 0.324919 -0.675081 -0.318645 -1.08765

5.6543 0.523043 0.311199 -0.688801 -0.318619 -1.08765
5.66162 0.526352 0.311199 -0.688801 -0.376393 -1.03427

5.66162 0.526337 0.297376 -0.702624 -0.376196 -1.03431
5.664 0.527344 0.297376 -0.702624 -0.390808 -1.02541

5.66396 0.527344 0.297376 -0.702624 -0.390776 -1.02552
5.66895 0.529454 0.297376 -0.702624 -0.430081 -1.00213

5.66895 0.529449 0.283466 -0.716534 -0.429989 -1.00214
5.67627 0.532346 0.283466 -0.716534 -0.49016 -0.948017

5.67627 0.532339 0.269379 -0.730621 -0.490061 -0.948055
5.68259 0.534668 0.269379 -0.730621 -0.532367 -0.90936

5.68249 0.534668 0.269379 -0.730621 -0.532208 -0.909525
5.68359 0.535073 0.269379 -0.730621 -0.540301 -0.906758

5.68359 0.535045 0.255013 -0.744987 -0.539867 -0.906813
5.69092 0.537552 0.255013 -0.744987 -0.60089 -0.864767

5.69092 0.537551 0.240024 -0.759976 -0.600881 -0.864768
5.69824 0.539865 0.240024 -0.759976 -0.656313 -0.783216

5.69824 0.539863 0.224721 -0.775279 -0.656295 -0.783222
5.70557 0.541986 0.224721 -0.775279 -0.696439 -0.730758

5.70557 0.541985 0.208928 -0.791072 -0.696416 -0.730761
5.7056 0.541992 0.208928 -0.791072 -0.696563 -0.730662

5.70554 0.541992 0.224721 -0.775279 -0.696485 -0.730833
5.70557 0.542 0.224721 -0.775279 -0.696639 -0.730735

5.70559 0.541992 0.208928 -0.791072 -0.696551 -0.730687
5.71289 0.543921 0.208928 -0.791072 -0.741073 -0.689014

5.71289 0.543921 0.192396 -0.807604 -0.741071 -0.689014
5.72021 0.545666 0.192396 -0.807604 -0.793299 -0.627038

5.72021 0.545666 0.175197 -0.824803 -0.793298 -0.627039
5.72754 0.547222 0.175197 -0.824803 -0.829831 -0.554121

5.72754 0.547221 0.157412 -0.842588 -0.829822 -0.554125
5.73486 0.548589 0.157412 -0.842588 -0.866365 -0.484444

5.73486 0.548588 0.139258 -0.860742 -0.866344 -0.484449
5.73937 0.549316 0.139258 -0.860742 -0.88754 -0.445301

5.73937 0.549316 0.139258 -0.860742 -0.887539 -0.445309
5.74219 0.549773 0.139258 -0.860742 -0.897779 -0.422087

5.74219 0.549773 0.120603 -0.879397 -0.897776 -0.422087
5.74951 0.550777 0.120603 -0.879397 -0.926219 -0.356528

5.74951 0.550777 0.101236 -0.898764 -0.926209 -0.356527
5.75684 0.551602 0.101236 -0.898764 -0.957674 -0.280596

5.75684 0.551602 0.0810537 -0.918946 -0.957678 -0.280596
5.76416 0.552248 0.0810537 -0.918946 -0.988549 -0.201265

5.76416 0.552248 0.059815 -0.940185 -0.988559 -0.201264
5.77148 0.552714 0.059815 -0.940185 -1.01162 -0.123768

5.77148 0.552714 0.037424 -0.962576 -1.01162 -0.123768
5.77881 0.552999 0.037424 -0.962576 -1.02511 -0.0501452

5.77881 0.552999 0.0139365 -0.986064 -1.02511 -0.0501453
5.78613 0.553103 0.0139365 -0.986064 -1.0297 0.0214317

5.78613 0.553102 -0.0103302 -0.98967 -1.02969 0.0214314
5.79346 0.553026 -0.0103302 -0.98967 -1.03234 0.0946369

5.79346 0.553025 -0.033629 -0.966371 -1.03234 0.0946368
5.80078 0.55277 -0.033629 -0.966371 -1.0283 0.172476

5.80078 0.55277 -0.0557792 -0.944221 -1.0283 0.172476
5.80811 0.552338 -0.0557792 -0.944221 -1.01659 0.254287

5.80811 0.552338 -0.0769939 -0.923006 -1.01659 0.254287
5.81543 0.551727 -0.0769939 -0.923006 -0.999845 0.336236

5.81543 0.551727 -0.0974097 -0.90259 -0.999853 0.336236
5.82275 0.550937 -0.0974097 -0.90259 -0.980684 0.413277

5.82275 0.550937 -0.117091 -0.882909 -0.98069 0.413277
5.83008 0.549966 -0.117091 -0.882909 -0.963241 0.47827

5.8374 0.548812 -0.136024 -0.863976 -0.945741 0.536188
5.8342 0.549316 -0.136024 -0.863976 -0.955427 0.511758

5.83008 0.549967 -0.136024 -0.863976 -0.963252 0.478269
5.83421 0.549316 -0.136024 -0.863976 -0.955418 0.511821

5.8374 0.548814 -0.154424 -0.845576 -0.945767 0.536184
5.84473 0.547477 -0.154424 -0.845576 -0.926019 0.600436

5.84473 0.547477 -0.172322 -0.827678 -0.926021 0.600435
5.85205 0.545952 -0.172322 -0.827678 -0.909521 0.678217

5.85205 0.545952 -0.189538 -0.810462 -0.909522 0.678217
5.85938 0.544239 -0.189538 -0.810462 -0.868379 0.758776

5.91064 0.52691 -0.296539 -0.703461 -0.575138 1.15838
5.90962 0.527344 -0.296539 -0.703461 -0.581336 1.15408

5.91064 0.526872 -0.310485 -0.689515 -0.574469 1.15842
5.91797 0.523574 -0.310485 -0.689515 -0.52806 1.23006

5.87402 0.540255 -0.221579 -0.778421 -0.799388 0.873453
5.86792 0.541992 -0.221579 -0.778421 -0.824606 0.820173

5.85938 0.544238 -0.205924 -0.794076 -0.868359 0.758774
5.8667 0.542339 -0.205924 -0.794076 -0.829704 0.814038

5.8667 0.542337 -0.221579 -0.778421 -0.829676 0.814038
5.86791 0.541992 -0.221579 -0.778421 -0.824598 0.820132

5.87402 0.540257 -0.237122 -0.762878 -0.799423 0.873445
5.88135 0.537981 -0.237122 -0.762878 -0.759592 0.960749

5.88135 0.537981 -0.252526 -0.747474 -0.7596 0.96075
5.88867 0.535507 -0.252526 -0.747474 -0.708611 1.00643

5.896 0.532838 -0.267386 -0.732614 -0.670439 1.05088
5.89098 0.534668 -0.267386 -0.732614 -0.696755 1.01457

5.88867 0.535497 -0.267386 -0.732614 -0.708433 1.00643
5.89094 0.534668 -0.267386 -0.732614 -0.696691 1.01443

5.896 0.532837 -0.282146 -0.717854 -0.670424 1.05088
5.90332 0.529958 -0.282146 -0.717854 -0.625662 1.1147

5.90332 0.529949 -0.296539 -0.703461 -0.625467 1.11469
5.9095 0.527344 -0.296539 -0.703461 -0.581188 1.15364

5.91797 0.52357 -0.323736 -0.676264 -0.527963 1.23006
5.92529 0.520063 -0.323736 -0.676264 -0.456764 1.27111

5.93262 0.516352 -0.336642 -0.663358 -0.406286 1.32002
5.92539 0.52002 -0.336642 -0.663358 -0.456126 1.27112

5.92529 0.520063 -0.33647 -0.66353 -0.456748 1.27111
5.92538 0.52002 -0.33647 -0.66353 -0.456102 1.27111

5.93994 0.512483 -0.349534 -0.650466 -0.336279 1.35665
5.93955 0.512695 -0.349534 -0.650466 -0.339119 1.35672

5.93994 0.51242 -0.362405 -0.637595 -0.335153 1.35662
5.94727 0.508257 -0.362405 -0.637595 -0.28559 1.38645

5.93262 0.516346 -0.349541 -0.650459 -0.406154 1.32002
5.93941 0.512695 -0.349541 -0.650459 -0.338799 1.35671

5.96924 0.49435 -0.399718 -0.600282 -0.112234 1.47648
5.96369 0.498047 -0.399718 -0.600282 -0.148598 1.44609

5.97656 0.489295 -0.408013 -0.591987 -0.0276058 1.52884
5.97449 0.490723 -0.408013 -0.591987 -0.0501363 1.51219

5.96924 0.494326 -0.411311 -0.588689 -0.111702 1.47645
5.9744 0.490723 -0.411311 -0.588689 -0.0499666 1.51159

5.95459 0.503901 -0.375156 -0.624844 -0.213163 1.42966
5.95214 0.505371 -0.375156 -0.624844 -0.236112 1.41896

5.94727 0.508233 -0.375156 -0.624844 -0.28508 1.38644
5.95203 0.505371 -0.375156 -0.624844 -0.235992 1.41863

5.95459 0.503861 -0.387619 -0.612381 -0.212475 1.42974
5.96191 0.499225 -0.387619 -0.612381 -0.16017 1.44582

5.96191 0.499198 -0.394708 -0.605292 -0.15971 1.44575
5.96368 0.498047 -0.394708 -0.605292 -0.148562 1.44608

5.99121 0.478217 -0.43548 -0.56452 0.0936565 1.55437
5.98449 0.483398 -0.43548 -0.56452 0.0429361 1.54533

5.97656 0.489237 -0.423213 -0.576787 -0.0265477 1.52898
5.98389 0.483863 -0.423213 -0.576787 0.0383495 1.54728

5.98389 0.483852 -0.429507 -0.570493 0.0385087 1.54726
5.98449 0.483398 -0.429507 -0.570493 0.0429535 1.54533

5.99854 0.472302 -0.446907 -0.553093 0.160977 1.57937
5.99387 0.476074 -0.446907 -0.553093 0.119605 1.56579

5.99121 0.478166 -0.441615 -0.558385 0.0945266 1.55433
5.99386 0.476074 -0.441615 -0.558385 0.119649 1.56574

5.99854 0.472226 -0.453849 -0.546151 0.16225 1.57919
6.00272 0.46875 -0.453849 -0.546151 0.199668 1.58309

