7.11914 0.570051 -0.0965801 -0.90342 -1.2729 0.357057
7.12646 0.569268 -0.0965801 -0.90342 -1.25181 0.470152

7.12646 0.569268 -0.119936 -0.880064 -1.25182 0.470151
7.13379 0.56827 -0.119936 -0.880064 -1.22652 0.578691

7.13379 0.56827 -0.142232 -0.857768 -1.22652 0.578689
7.14111 0.567056 -0.142232 -0.857768 -1.1913 0.676943

7.14111 0.567056 -0.163527 -0.836473 -1.19131 0.676943
7.14844 0.565624 -0.163527 -0.836473 -1.14557 0.760931

7.14844 0.565623 -0.183545 -0.816455 -1.14554 0.76093
7.15576 0.563976 -0.183545 -0.816455 -1.11017 0.824994

7.16309 0.562116 -0.20272 -0.79728 -1.08194 0.906408
7.15581 0.563965 -0.20272 -0.79728 -1.11 0.825364

7.15576 0.563977 -0.20272 -0.79728 -1.11019 0.824994
7.15581 0.563965 -0.20272 -0.79728 -1.11 0.825332

7.16309 0.562117 -0.221506 -0.778494 -1.08196 0.906405
7.17041 0.560033 -0.221506 -0.778494 -1.03921 1.02608

7.17041 0.560032 -0.239421 -0.760579 -1.03918 1.02608
7.17773 0.557726 -0.239421 -0.760579 -0.969035 1.10565

7.18506 0.555208 -0.256448 -0.743552 -0.914108 1.17484
7.1809 0.556641 -0.256448 -0.743552 -0.945375 1.13148

7.18506 0.555205 -0.273446 -0.726554 -0.914064 1.17485
7.19238 0.552449 -0.273446 -0.726554 -0.855883 1.27083

7.19238 0.552447 -0.290069 -0.709931 -0.855831 1.27083
7.19971 0.549454 -0.290069 -0.709931 -0.789377 1.31895

7.20703 0.546225 -0.306293 -0.693707 -0.735611 1.39402
7.20003 0.549316 -0.306293 -0.693707 -0.787129 1.31955

7.19971 0.549453 -0.306293 -0.693707 -0.789344 1.31895
7.20002 0.549316 -0.306293 -0.693707 -0.787096 1.31952

7.17773 0.557718 -0.256448 -0.743552 -0.968808 1.10565
7.18086 0.556641 -0.256448 -0.743552 -0.945308 1.13111

7.24365 0.526346 -0.380866 -0.619134 -0.334621 1.7002
7.24203 0.527344 -0.380866 -0.619134 -0.353431 1.69483

7.24365 0.526286 -0.395971 -0.604029 -0.333231 1.70028
7.25098 0.521484 -0.395971 -0.604029 -0.261921 1.72636

7.26562 0.511083 -0.420849 -0.579151 -0.0996058 1.81649
7.26341 0.512695 -0.420849 -0.579151 -0.126892 1.79434

7.2583 0.516396 -0.409988 -0.590012 -0.190886 1.76574
7.25309 0.52002 -0.409988 -0.590012 -0.239369 1.73416

7.25098 0.521444 -0.404125 -0.595875 -0.26101 1.72624
7.25308 0.52002 -0.404125 -0.595875 -0.239321 1.73411

7.2583 0.51637 -0.423515 -0.576485 -0.190435 1.76579
7.2633 0.512695 -0.423515 -0.576485 -0.126633 1.79348

7.22168 0.539008 -0.337692 -0.662308 -0.598174 1.52718
7.21583 0.541992 -0.337692 -0.662308 -0.649942 1.45607

7.20703 0.546225 -0.322393 -0.677607 -0.735611 1.39402
7.21436 0.542741 -0.322393 -0.677607 -0.661396 1.45378

7.21436 0.54273 -0.337692 -0.662308 -0.661137 1.45376
7.2158 0.541992 -0.337692 -0.662308 -0.649838 1.456

7.22168 0.539004 -0.35212 -0.64788 -0.598111 1.5272
7.229 0.535024 -0.35212 -0.64788 -0.509021 1.58786

7.23633 0.530792 -0.366573 -0.633427 -0.439106 1.6458
7.22963 0.534668 -0.366573 -0.633427 -0.502897 1.58863

7.229 0.535021 -0.363534 -0.636466 -0.508968 1.58786
7.22962 0.534668 -0.363534 -0.636466 -0.502868 1.58861

7.23633 0.530774 -0.381257 -0.618743 -0.438552 1.64577
7.24189 0.527344 -0.381257 -0.618743 -0.353091 1.69449

7.2876 0.493042 -0.463023 -0.536977 0.169864 1.88068
7.28179 0.498047 -0.463023 -0.536977 0.104379 1.86749

7.29492 0.486418 -0.474299 -0.525701 0.259316 1.897
7.29015 0.490723 -0.474299 -0.525701 0.203034 1.88637

7.2876 0.492988 -0.47105 -0.52895 0.170972 1.88055
7.29014 0.490723 -0.47105 -0.52895 0.203087 1.88633

7.26562 0.511013 -0.436801 -0.563199 -0.0981795 1.81664
7.2729 0.505371 -0.436801 -0.563199 0.00147375 1.85716

7.27295 0.50534 -0.449845 -0.550155 0.00197272 1.85723
7.28027 0.499351 -0.449845 -0.550155 0.0872371 1.86684

7.28027 0.49932 -0.457663 -0.542337 0.0878382 1.86678
7.28178 0.498047 -0.457663 -0.542337 0.104442 1.86747

7.30225 0.479394 -0.490176 -0.509824 0.346939 1.90387
7.29808 0.483398 -0.490176 -0.509824 0.298165 1.90062

7.30957 0.472003 -0.504953 -0.495047 0.433306 1.90527
7.30558 0.476074 -0.504953 -0.495047 0.385902 1.9045

7.30225 0.479349 -0.49776 -0.50224 0.34777 1.90372
7.30555 0.476074 -0.49776 -0.50224 0.386098 1.90441

7.29492 0.486334 -0.484342 -0.515658 0.260985 1.89674
7.29805 0.483398 -0.484342 -0.515658 0.298387 1.90049

7.30957 0.471988 -0.510891 -0.489109 0.43356 1.90523
7.31267 0.46875 -0.510891 -0.489109 0.470199 1.90684

