4.27734 0.501127 0.265995 -0.734005 -0.27667 -0.658397
4.28467 0.503781 0.265995 -0.734005 -0.30807 -0.615743

4.28467 0.503771 0.254136 -0.745864 -0.307983 -0.615762
4.28936 0.505371 0.254136 -0.745864 -0.323379 -0.597664

4.28929 0.505371 0.254136 -0.745864 -0.323373 -0.597812
4.29199 0.506291 0.254136 -0.745864 -0.333425 -0.591992

4.29199 0.506275 0.242074 -0.757926 -0.333259 -0.591996
4.29932 0.508615 0.242074 -0.757926 -0.367181 -0.566854

4.29932 0.508614 0.229728 -0.770272 -0.367173 -0.566854
4.30664 0.510798 0.229728 -0.770272 -0.393773 -0.523416

4.30664 0.510796 0.217239 -0.782761 -0.393756 -0.523421
4.31348 0.512695 0.217239 -0.782761 -0.413958 -0.4974

4.31342 0.512695 0.217239 -0.782761 -0.413932 -0.49749
4.31396 0.512846 0.217239 -0.782761 -0.415664 -0.496576

4.31396 0.51283 0.204472 -0.795528 -0.415511 -0.496587
4.32129 0.514713 0.204472 -0.795528 -0.443832 -0.47253

4.32129 0.514712 0.19134 -0.80866 -0.443826 -0.47253
4.32861 0.516445 0.19134 -0.80866 -0.477896 -0.431766

4.32861 0.516445 0.177948 -0.822052 -0.477894 -0.431768
4.33594 0.51803 0.177948 -0.822052 -0.49605 -0.383251

4.33594 0.51803 0.164286 -0.835714 -0.496046 -0.383253
4.34326 0.51947 0.164286 -0.835714 -0.511029 -0.342543

4.34326 0.519469 0.150343 -0.849657 -0.511027 -0.342544
4.34637 0.52002 0.150343 -0.849657 -0.516517 -0.328302

4.34637 0.52002 0.150343 -0.849657 -0.516518 -0.328293
4.35059 0.520765 0.150343 -0.849657 -0.525426 -0.309673

4.35059 0.520765 0.136008 -0.863992 -0.525428 -0.309673
4.35791 0.521918 0.136008 -0.863992 -0.542793 -0.274153

4.35791 0.521918 0.121203 -0.878797 -0.542791 -0.274153
4.36523 0.522928 0.121203 -0.878797 -0.559179 -0.235847

4.36523 0.522928 0.105945 -0.894055 -0.559177 -0.235847
4.37256 0.523796 0.105945 -0.894055 -0.571928 -0.198161

4.37256 0.523796 0.0902116 -0.909788 -0.571928 -0.198161
4.37988 0.524522 0.0902116 -0.909788 -0.577802 -0.157384

4.37988 0.524522 0.0739978 -0.926002 -0.577801 -0.157384
4.38721 0.525107 0.0739978 -0.926002 -0.58435 -0.115779

4.38721 0.525107 0.0572969 -0.942703 -0.584349 -0.11578
4.39453 0.525552 0.0572969 -0.942703 -0.592627 -0.073525

4.39453 0.525552 0.040091 -0.959909 -0.592626 -0.0735253
4.40186 0.525858 0.040091 -0.959909 -0.602589 -0.0311624

4.40186 0.525858 0.0223385 -0.977662 -0.602589 -0.0311625
4.40918 0.526025 0.0223385 -0.977662 -0.610104 0.0106849

4.40918 0.526025 0.00395588 -0.996044 -0.610104 0.0106849
4.4165 0.526054 0.00395588 -0.996044 -0.612582 0.0522055

4.4165 0.526054 -0.014733 -0.985267 -0.612583 0.0522055
4.42383 0.525945 -0.014733 -0.985267 -0.611648 0.0929106

4.42383 0.525945 -0.0328826 -0.967117 -0.61165 0.0929104
4.43115 0.525696 -0.0328826 -0.967117 -0.608985 0.132449

4.43115 0.525696 -0.0505017 -0.949498 -0.608986 0.132448
4.43848 0.525307 -0.0505017 -0.949498 -0.605245 0.171695

4.43848 0.525307 -0.0675762 -0.932424 -0.605245 0.171694
4.4458 0.524776 -0.0675762 -0.932424 -0.600686 0.21154

4.4458 0.524776 -0.0840755 -0.915925 -0.600686 0.21154
4.45312 0.524104 -0.0840755 -0.915925 -0.595159 0.25223

4.45312 0.524104 -0.0999861 -0.900014 -0.595158 0.25223
4.46045 0.52329 -0.0999861 -0.900014 -0.584565 0.29329

4.46045 0.52329 -0.115331 -0.884669 -0.584564 0.29329
4.46777 0.522335 -0.115331 -0.884669 -0.568275 0.333942

4.46777 0.522335 -0.130168 -0.869832 -0.568276 0.333942
4.4751 0.521239 -0.130168 -0.869832 -0.550635 0.373421

4.48242 0.520005 -0.144407 -0.855593 -0.536283 0.404061
4.48234 0.52002 -0.144407 -0.855593 -0.536397 0.403783

4.4751 0.521239 -0.144407 -0.855593 -0.550626 0.373421
4.48232 0.52002 -0.144407 -0.855593 -0.536387 0.40373

4.48242 0.520003 -0.15827 -0.84173 -0.536264 0.404061
4.48975 0.518626 -0.15827 -0.84173 -0.526058 0.439961

4.48975 0.518627 -0.171973 -0.828027 -0.526063 0.43996
4.49707 0.517106 -0.171973 -0.828027 -0.513446 0.488648

4.49707 0.517106 -0.185428 -0.814572 -0.513451 0.488647
4.50439 0.515439 -0.185428 -0.814572 -0.492086 0.53285

4.50439 0.515439 -0.198604 -0.801396 -0.49209 0.53285
4.51172 0.513624 -0.198604 -0.801396 -0.468463 0.560481

4.51904 0.511667 -0.211383 -0.788617 -0.449834 0.58427
4.51521 0.512695 -0.211383 -0.788617 -0.459524 0.56979

4.51904 0.511661 -0.223862 -0.776138 -0.449778 0.584276
4.52637 0.509549 -0.223862 -0.776138 -0.433051 0.62363

4.51172 0.513617 -0.211383 -0.788617 -0.468378 0.560481
4.51516 0.512695 -0.211383 -0.788617 -0.459492 0.569658

4.52637 0.509549 -0.236108 -0.763892 -0.433053 0.623629
4.53369 0.507285 -0.236108 -0.763892 -0.404063 0.662536

4.54102 0.504895 -0.247936 -0.752064 -0.378 0.68651
4.53957 0.505371 -0.247936 -0.752064 -0.38211 0.683256

4.53369 0.507279 -0.247936 -0.752064 -0.403965 0.662533
4.53948 0.505371 -0.247936 -0.752064 -0.382013 0.683066

4.56299 0.496707 -0.282672 -0.717328 -0.294123 0.777736
4.55959 0.498047 -0.282672 -0.717328 -0.307351 0.766394

4.56299 0.496693 -0.293883 -0.706117 -0.293966 0.777753
4.57031 0.493645 -0.293883 -0.706117 -0.264203 0.812873

4.54102 0.504872 -0.25961 -0.74039 -0.377732 0.686525
4.54834 0.502304 -0.25961 -0.74039 -0.355755 0.724118

4.54834 0.502305 -0.271293 -0.728707 -0.355762 0.724117
4.55566 0.499578 -0.271293 -0.728707 -0.322795 0.756973

4.55566 0.499564 -0.282672 -0.717328 -0.322605 0.756965
4.55951 0.498047 -0.282672 -0.717328 -0.307309 0.766184

4.57764 0.490481 -0.304901 -0.695099 -0.232388 0.828613
4.57709 0.490723 -0.304901 -0.695099 -0.234163 0.828978

4.57031 0.49364 -0.304901 -0.695099 -0.264132 0.812869
4.57696 0.490723 -0.304901 -0.695099 -0.233931 0.829038

4.57764 0.490435 -0.315922 -0.684078 -0.231847 0.828595
4.58496 0.487052 -0.315922 -0.684078 -0.207001 0.855192

4.59961 0.479759 -0.337874 -0.662126 -0.151536 0.900701
4.59248 0.483398 -0.337874 -0.662126 -0.175635 0.872713

4.58496 0.487052 -0.32695 -0.67305 -0.206998 0.855191
4.59229 0.483494 -0.32695 -0.67305 -0.176191 0.872919

4.59229 0.483493 -0.337773 -0.662227 -0.176176 0.872918
4.59247 0.483398 -0.337773 -0.662227 -0.175617 0.872716

4.60693 0.475911 -0.348505 -0.651495 -0.107787 0.925947
4.60663 0.476074 -0.348505 -0.651495 -0.109132 0.925974

4.59961 0.479753 -0.348539 -0.651461 -0.151484 0.900712
4.60649 0.476074 -0.348539 -0.651461 -0.108811 0.925927

4.60693 0.475841 -0.358964 -0.641036 -0.106913 0.925892
4.61426 0.47174 -0.358964 -0.641036 -0.0752733 0.946346

4.61426 0.47172 -0.369362 -0.630638 -0.0749835 0.946335
4.61933 0.46875 -0.369362 -0.630638 -0.0414872 0.965923

4.86328 0.0721792 -0.897276 -0.102724 1.44324 0.248649
4.86316 0.0732422 -0.897276 -0.102724 1.44111 0.252623

4.86316 0.0732422 -0.887637 -0.112363 1.44109 0.252616
4.86224 0.0805664 -0.887637 -0.112363 1.43765 0.278461

4.86223 0.0805664 -0.877439 -0.122561 1.43767 0.278465
4.86121 0.0878906 -0.877439 -0.122561 1.44376 0.305494

4.86121 0.0878906 -0.867655 -0.132345 1.44375 0.305491
4.86009 0.0952148 -0.867655 -0.132345 1.43756 0.331439

4.86009 0.0952148 -0.857774 -0.142226 1.43756 0.331438
4.85888 0.102539 -0.857774 -0.142226 1.42811 0.354116

4.85888 0.102539 -0.848408 -0.151592 1.42811 0.354123
4.85757 0.109863 -0.848408 -0.151592 1.41611 0.379047

4.85757 0.109863 -0.839683 -0.160317 1.41611 0.379049
4.85617 0.117188 -0.839683 -0.160317 1.40006 0.402822

4.86757 0 -0.994048 -0.00595221 1.45478 0
4.86753 0.00732422 -0.994048 -0.00595221 1.45336 0.0184233

4.86753 0.00732422 -0.98212 -0.0178797 1.45335 0.0184232
4.8674 0.0146484 -0.98212 -0.0178797 1.45857 0.0383564

4.86739 0.0146484 -0.970774 -0.0292255 1.45858 0.0383571
4.86717 0.0219727 -0.970774 -0.0292255 1.46343 0.0614838

4.86717 0.0219727 -0.960009 -0.0399906 1.46343 0.0614832
4.86687 0.0292969 -0.960009 -0.0399906 1.46961 0.0865402

4.86687 0.0292969 -0.949502 -0.0504975 1.46962 0.0865408
4.86648 0.0366211 -0.949502 -0.0504975 1.48874 0.113646

4.86648 0.0366211 -0.938757 -0.0612429 1.48872 0.113645
4.866 0.0439453 -0.938757 -0.0612429 1.49911 0.145023

4.86601 0.0439453 -0.92727 -0.0727302 1.4991 0.145024
4.86543 0.0512695 -0.92727 -0.0727302 1.49037 0.171146

4.86543 0.0512695 -0.916084 -0.0839162 1.49038 0.171146
4.86476 0.0585938 -0.916084 -0.0839162 1.47652 0.196389

4.86476 0.0585938 -0.906115 -0.0938846 1.47653 0.19639
4.864 0.065918 -0.906115 -0.0938846 1.4591 0.225064

4.86328 0.0721535 -0.897276 -0.102724 1.44331 0.248559
4.864 0.065918 -0.897276 -0.102724 1.45911 0.225065

4.85596 0.118251 -0.830844 -0.169156 1.39829 0.406271
4.85468 0.124512 -0.830844 -0.169156 1.39234 0.425979

4.85468 0.124512 -0.821878 -0.178122 1.39234 0.42598
4.85309 0.131836 -0.821878 -0.178122 1.38426 0.450934

4.85596 0.118243 -0.830844 -0.169156 1.39831 0.406247
4.85617 0.117188 -0.830844 -0.169156 1.40006 0.402821

4.85309 0.131836 -0.813099 -0.186901 1.38426 0.450933
4.85141 0.13916 -0.813099 -0.186901 1.37247 0.476877

4.85141 0.13916 -0.804329 -0.195671 1.37246 0.476877
4.84963 0.146484 -0.804329 -0.195671 1.35882 0.504695

4.84863 0.150388 -0.795575 -0.204425 1.35149 0.521885
4.84775 0.153809 -0.795575 -0.204425 1.34148 0.533494

4.84775 0.153809 -0.786756 -0.213244 1.34151 0.533508
4.84576 0.161133 -0.786756 -0.213244 1.32435 0.557778

4.84576 0.161133 -0.777863 -0.222137 1.32435 0.557777
4.84367 0.168457 -0.777863 -0.222137 1.31346 0.578603

4.84367 0.168457 -0.769173 -0.230827 1.31346 0.578604
4.84147 0.175781 -0.769173 -0.230827 1.29885 0.600043

4.84863 0.150348 -0.795575 -0.204425 1.35168 0.521779
4.84963 0.146484 -0.795575 -0.204425 1.35885 0.504703

4.83398 0.198452 -0.735541 -0.264459 1.26399 0.679006
4.8316 0.205078 -0.735541 -0.264459 1.24704 0.703869

4.82666 0.21806 -0.719151 -0.280849 1.20696 0.737117
4.82601 0.219727 -0.719151 -0.280849 1.20037 0.740438

4.8316 0.205078 -0.727316 -0.272684 1.24704 0.703868
4.82886 0.212402 -0.727316 -0.272684 1.22653 0.724547

4.82666 0.218017 -0.719151 -0.280849 1.20722 0.737043
4.82885 0.212402 -0.719151 -0.280849 1.22655 0.724548

4.826 0.219727 -0.711006 -0.288994 1.20043 0.740447
4.82302 0.227051 -0.711006 -0.288994 1.17764 0.75741

4.82302 0.227051 -0.702862 -0.297138 1.17764 0.757409
4.81992 0.234375 -0.702862 -0.297138 1.1581 0.774558

4.84131 0.176312 -0.76066 -0.23934 1.29764 0.601773
4.83917 0.183105 -0.76066 -0.23934 1.28771 0.622685

4.83917 0.183105 -0.752145 -0.247855 1.28771 0.622684
4.83676 0.19043 -0.752145 -0.247855 1.28324 0.647825

4.84131 0.176306 -0.76066 -0.23934 1.29766 0.601757
4.84147 0.175781 -0.76066 -0.23934 1.29885 0.600046

4.83676 0.19043 -0.743788 -0.256212 1.28324 0.647826
4.83423 0.197754 -0.743788 -0.256212 1.26637 0.67624

4.83398 0.198447 -0.735541 -0.264459 1.26402 0.678992
4.83423 0.197754 -0.735541 -0.264459 1.26638 0.676244

4.80469 0.266866 -0.662262 -0.337738 1.06273 0.876618
4.80258 0.270996 -0.662262 -0.337738 1.04335 0.889191

4.80257 0.270996 -0.653909 -0.346091 1.04339 0.889213
4.7987 0.27832 -0.653909 -0.346091 1.01174 0.901901

4.79736 0.280758 -0.645562 -0.354438 1.00493 0.906808
4.79468 0.285645 -0.645562 -0.354438 0.99004 0.919957

4.79468 0.285645 -0.637204 -0.362796 0.990049 0.91996
4.79051 0.292969 -0.637204 -0.362796 0.960735 0.934956

4.79736 0.280738 -0.645562 -0.354438 1.00505 0.906759
4.79869 0.27832 -0.645562 -0.354438 1.01178 0.901896

4.77539 0.317492 -0.60288 -0.39712 0.870109 1.00317
4.77225 0.322266 -0.60288 -0.39712 0.845917 1.02153

4.75342 0.348488 -0.570701 -0.429299 0.712032 1.07245
4.75111 0.351562 -0.570701 -0.429299 0.693017 1.0781

4.76074 0.338688 -0.576095 -0.423905 0.757807 1.04874
4.75666 0.344238 -0.576095 -0.423905 0.733115 1.07003

4.75342 0.348473 -0.568422 -0.431578 0.712162 1.07244
4.75663 0.344238 -0.568422 -0.431578 0.733253 1.06999

4.76807 0.328429 -0.597602 -0.402398 0.806747 1.02645
4.76728 0.32959 -0.597602 -0.402398 0.797964 1.02719

4.76724 0.32959 -0.585061 -0.414939 0.798149 1.02718
4.76204 0.336914 -0.585061 -0.414939 0.761267 1.04163

4.76807 0.328361 -0.594043 -0.405957 0.807445 1.02639
4.77223 0.322266 -0.594043 -0.405957 0.845985 1.02158

4.76074 0.33869 -0.582579 -0.417421 0.757793 1.04875
4.76201 0.336914 -0.582579 -0.417421 0.76143 1.04168

4.78271 0.306012 -0.621116 -0.378884 0.918194 0.973756
4.78174 0.307617 -0.621116 -0.378884 0.910856 0.977668

4.79004 0.293765 -0.628875 -0.371125 0.957236 0.937045
4.78619 0.300293 -0.628875 -0.371125 0.934225 0.960748

4.78271 0.305961 -0.62046 -0.37954 0.918595 0.97366
4.78618 0.300293 -0.62046 -0.37954 0.934257 0.960746

4.78171 0.307617 -0.611721 -0.388279 0.910986 0.977691
4.77706 0.314941 -0.611721 -0.388279 0.8784 0.995047

4.77539 0.317467 -0.60442 -0.39558 0.870287 1.00311
4.77704 0.314941 -0.60442 -0.39558 0.878511 0.99506

4.79004 0.293761 -0.631786 -0.368214 0.957269 0.937036
4.7905 0.292969 -0.631786 -0.368214 0.960775 0.934965

4.70215 0.40585 -0.482702 -0.517298 0.385507 1.09609
4.69753 0.410156 -0.482702 -0.517298 0.358594 1.09209

4.7168 0.391214 -0.507889 -0.492111 0.474704 1.09497
4.71264 0.395508 -0.507889 -0.492111 0.447489 1.09457

4.70947 0.398688 -0.495468 -0.504532 0.427975 1.09562
4.70525 0.402832 -0.495468 -0.504532 0.403635 1.09731

4.70215 0.405795 -0.490222 -0.509778 0.386118 1.09596
4.70523 0.402832 -0.490222 -0.509778 0.403747 1.09725

4.70947 0.398659 -0.501457 -0.498543 0.428291 1.09555
4.71261 0.395508 -0.501457 -0.498543 0.447638 1.09451

4.73145 0.375276 -0.529449 -0.470551 0.563623 1.08862
4.72648 0.380859 -0.529449 -0.470551 0.533755 1.0934

4.74609 0.357915 -0.556625 -0.443375 0.65528 1.08104
4.74532 0.358887 -0.556625 -0.443375 0.649708 1.08165

4.74528 0.358887 -0.548646 -0.451354 0.649864 1.08165
4.73926 0.366211 -0.548646 -0.451354 0.608223 1.08329

4.73877 0.366782 -0.538918 -0.461082 0.605235 1.08322
4.73299 0.373535 -0.538918 -0.461082 0.571504 1.08719

4.73145 0.375276 -0.533254 -0.466746 0.563622 1.08862
4.73297 0.373535 -0.533254 -0.466746 0.57162 1.08716

4.73877 0.366779 -0.543392 -0.456608 0.605271 1.08322
4.73925 0.366211 -0.543392 -0.456608 0.608263 1.08327

4.72412 0.383401 -0.520466 -0.479534 0.52002 1.09314
4.71971 0.388184 -0.520466 -0.479534 0.492677 1.09482

4.7168 0.391204 -0.512632 -0.487368 0.474809 1.09495
4.71967 0.388184 -0.512632 -0.487368 0.492896 1.09472

4.72412 0.38341 -0.523157 -0.476843 0.519925 1.09315
4.72645 0.380859 -0.523157 -0.476843 0.533935 1.09332

4.69482 0.412693 -0.472004 -0.527996 0.341782 1.08968
4.68947 0.41748 -0.472004 -0.527996 0.311355 1.08155

4.6875 0.419214 -0.468555 -0.531445 0.299664 1.07823
4.68947 0.41748 -0.468555 -0.531445 0.311367 1.08154

4.69482 0.412637 -0.479214 -0.520786 0.342425 1.08958
4.69752 0.410156 -0.479214 -0.520786 0.358657 1.09206

4.74609 0.357846 -0.558193 -0.441807 0.655898 1.08099
4.75107 0.351562 -0.558193 -0.441807 0.693151 1.07816

4.81934 0.235717 -0.694816 -0.305184 1.15408 0.778806
4.81671 0.241699 -0.694816 -0.305184 1.14135 0.800017

4.81671 0.241699 -0.686819 -0.313181 1.14135 0.800017
4.81337 0.249023 -0.686819 -0.313181 1.12392 0.822059

4.81201 0.251902 -0.678778 -0.321222 1.11657 0.832145
4.80991 0.256348 -0.678778 -0.321222 1.10116 0.845802

4.80991 0.256348 -0.670581 -0.329419 1.10118 0.845808
4.80631 0.263672 -0.670581 -0.329419 1.07272 0.86488

4.81201 0.251877 -0.678778 -0.321222 1.11671 0.832069
4.81336 0.249023 -0.678778 -0.321222 1.12396 0.822067

4.81934 0.235705 -0.694816 -0.305184 1.15414 0.778778
4.81992 0.234375 -0.694816 -0.305184 1.15813 0.774566

4.80469 0.266828 -0.662262 -0.337738 1.06296 0.876504
4.8063 0.263672 -0.662262 -0.337738 1.07279 0.864894

