8.15807 0.0292969 -0.96689 -0.0331097 2.34516 0.148245
8.15782 0.0366211 -0.96689 -0.0331097 2.33603 0.182944

8.15782 0.0366211 -0.959399 -0.0406006 2.33603 0.182944
8.15751 0.0439453 -0.959399 -0.0406006 2.32826 0.214276

8.15751 0.0439453 -0.952158 -0.0478417 2.32826 0.214277
8.15714 0.0512695 -0.952158 -0.0478417 2.32491 0.242463

8.15714 0.0512695 -0.945245 -0.0547546 2.32491 0.242463
8.15672 0.0585938 -0.945245 -0.0547546 2.32242 0.269462

8.15672 0.0585938 -0.938535 -0.0614649 2.32242 0.269462
8.15624 0.065918 -0.938535 -0.0614649 2.3175 0.297697

8.15623 0.065918 -0.932156 -0.0678444 2.3175 0.297698
8.1557 0.0732422 -0.932156 -0.0678444 2.30399 0.32368

8.15572 0.0732422 -0.92138 -0.0786202 2.30382 0.323657
8.15447 0.0878906 -0.92138 -0.0786202 2.2934 0.380341

8.15447 0.0878906 -0.907179 -0.092821 2.29341 0.380342
8.15297 0.102539 -0.907179 -0.092821 2.29035 0.440142

8.15297 0.102539 -0.893734 -0.106266 2.29037 0.440145
8.15123 0.117188 -0.893734 -0.106266 2.29082 0.503807

8.14453 0.161303 -0.842786 -0.157214 2.21267 0.702772
8.14183 0.175781 -0.842786 -0.157214 2.20268 0.775201

8.14181 0.175781 -0.833116 -0.166884 2.20286 0.775245
8.14035 0.183105 -0.833116 -0.166884 2.1943 0.813189

8.14035 0.183105 -0.826907 -0.173093 2.1943 0.813189
8.13881 0.19043 -0.826907 -0.173093 2.17364 0.848656

8.13721 0.197796 -0.814483 -0.185517 2.15053 0.882098
8.13555 0.205078 -0.814483 -0.185517 2.13645 0.920453

8.13881 0.19043 -0.820851 -0.179149 2.17364 0.848657
8.13721 0.197754 -0.820851 -0.179149 2.15066 0.881912

8.13721 0.197784 -0.814483 -0.185517 2.15058 0.88205
8.13721 0.197754 -0.814483 -0.185517 2.15065 0.881912

8.12988 0.227925 -0.789875 -0.210125 2.06556 1.04237
8.12817 0.234375 -0.789875 -0.210125 2.04058 1.07486

8.13555 0.205078 -0.807906 -0.192094 2.13646 0.920455
8.13381 0.212402 -0.807906 -0.192094 2.11354 0.963013

8.13381 0.212402 -0.801446 -0.198554 2.11354 0.96301
8.13199 0.219727 -0.801446 -0.198554 2.09073 0.998133

8.13199 0.219727 -0.795691 -0.204309 2.09077 0.998148
8.13011 0.227051 -0.795691 -0.204309 2.07013 1.03722

8.12988 0.22783 -0.789875 -0.210125 2.06623 1.04194
8.13009 0.227051 -0.789875 -0.210125 2.07025 1.03732

8.15121 0.117188 -0.884136 -0.115864 2.29098 0.503816
8.15025 0.124512 -0.884136 -0.115864 2.28392 0.538517

8.15026 0.124512 -0.877396 -0.122604 2.28389 0.538516
8.14923 0.131836 -0.877396 -0.122604 2.26222 0.572312

8.14923 0.131836 -0.870758 -0.129242 2.26225 0.572312
8.14814 0.13916 -0.870758 -0.129242 2.2604 0.605783

8.14814 0.13916 -0.865258 -0.134742 2.26042 0.605783
8.147 0.146484 -0.865258 -0.134742 2.25162 0.644923

8.147 0.146484 -0.859962 -0.140038 2.25161 0.644927
8.14581 0.153809 -0.859962 -0.140038 2.21126 0.672252

8.14582 0.153809 -0.852984 -0.147016 2.2112 0.672272
8.14455 0.161133 -0.852984 -0.147016 2.21284 0.701984

8.14453 0.161302 -0.842786 -0.157214 2.21268 0.702765
8.14456 0.161133 -0.842786 -0.157214 2.21275 0.701973

8.08594 0.350278 -0.68158 -0.31842 1.59329 1.58838
8.08534 0.351562 -0.68158 -0.31842 1.58266 1.59355

8.0127 0.465557 -0.541035 -0.458965 0.64582 2.01856
8.00999 0.46875 -0.541035 -0.458965 0.607716 2.02505

8.02734 0.447439 -0.56198 -0.43802 0.830989 1.99147
8.02215 0.454102 -0.56198 -0.43802 0.74873 1.99858

8.02002 0.456728 -0.551687 -0.448313 0.725843 1.99991
8.0162 0.461426 -0.551687 -0.448313 0.679564 2.01345

8.0127 0.465566 -0.545907 -0.454093 0.645672 2.01855
8.01614 0.461426 -0.545907 -0.454093 0.680123 2.01328

8.02002 0.456732 -0.556819 -0.443181 0.725785 1.99992
8.02211 0.454102 -0.556819 -0.443181 0.749029 1.99848

8.05664 0.404599 -0.617942 -0.382058 1.23015 1.80956
8.0532 0.410156 -0.617942 -0.382058 1.19876 1.85168

8.07129 0.379215 -0.651135 -0.348865 1.42314 1.71839
8.07041 0.380859 -0.651135 -0.348865 1.40855 1.72612

8.07861 0.365245 -0.666185 -0.333815 1.49845 1.64815
8.07813 0.366211 -0.666185 -0.333815 1.49112 1.65193

8.08532 0.351562 -0.673903 -0.326097 1.58283 1.59361
8.08177 0.358887 -0.673903 -0.326097 1.53404 1.62537

8.07861 0.365183 -0.666185 -0.333815 1.49915 1.64797
8.08177 0.358887 -0.666185 -0.333815 1.53409 1.62537

8.0781 0.366211 -0.658678 -0.341322 1.49132 1.65199
8.07431 0.373535 -0.658678 -0.341322 1.44967 1.68862

8.07129 0.379158 -0.651135 -0.348865 1.42389 1.71825
8.0743 0.373535 -0.651135 -0.348865 1.44973 1.68863

8.06396 0.392306 -0.634617 -0.365383 1.32431 1.76268
8.06212 0.395508 -0.634617 -0.365383 1.29736 1.77264

8.07039 0.380859 -0.643067 -0.356933 1.40869 1.72619
8.06632 0.388184 -0.643067 -0.356933 1.34911 1.7532

8.06396 0.392264 -0.634617 -0.365383 1.32484 1.76259
8.06631 0.388184 -0.634617 -0.365383 1.3492 1.75318

8.06211 0.395508 -0.626057 -0.373943 1.29743 1.77266
8.05774 0.402832 -0.626057 -0.373943 1.24058 1.80052

8.05664 0.404588 -0.619481 -0.380519 1.23027 1.80952
8.05772 0.402832 -0.619481 -0.380519 1.24071 1.80057

8.03467 0.437595 -0.585494 -0.414506 0.939367 1.96306
8.03335 0.439453 -0.585494 -0.414506 0.925207 1.97456

8.04199 0.427197 -0.59052 -0.40948 1.01178 1.91752
8.03857 0.432129 -0.59052 -0.40948 0.968324 1.93933

8.03467 0.43755 -0.582065 -0.417935 0.939937 1.96298
8.03856 0.432129 -0.582065 -0.417935 0.968359 1.93941

8.04932 0.416311 -0.613246 -0.386754 1.14942 1.89098
8.04858 0.41748 -0.613246 -0.386754 1.12975 1.89678

8.04854 0.41748 -0.60013 -0.39987 1.13001 1.89699
8.04366 0.424805 -0.60013 -0.39987 1.03238 1.91281

8.04932 0.416227 -0.609943 -0.390057 1.15116 1.89085
8.0532 0.410156 -0.609943 -0.390057 1.19881 1.85173

8.04199 0.427194 -0.594519 -0.405481 1.01182 1.91752
8.04362 0.424805 -0.594519 -0.405481 1.0326 1.91279

8.03332 0.439453 -0.57251 -0.42749 0.925412 1.97475
8.02785 0.446777 -0.57251 -0.42749 0.841202 1.99112

8.02734 0.447422 -0.5674 -0.4326 0.83132 1.99145
8.02783 0.446777 -0.5674 -0.4326 0.841289 1.9911

8.11523 0.277028 -0.75089 -0.24911 1.91223 1.27332
8.11481 0.27832 -0.75089 -0.24911 1.90492 1.27916

8.11479 0.27832 -0.74444 -0.25556 1.90502 1.27921
8.11228 0.285645 -0.74444 -0.25556 1.87369 1.31254

8.11228 0.285645 -0.737671 -0.262329 1.87368 1.31253
8.10968 0.292969 -0.737671 -0.262329 1.8499 1.34036

8.12817 0.234375 -0.783042 -0.216958 2.04059 1.07486
8.12614 0.241699 -0.783042 -0.216958 2.02792 1.10722

8.12613 0.241699 -0.776288 -0.223712 2.02793 1.10723
8.12402 0.249023 -0.776288 -0.223712 2.00794 1.14196

8.12256 0.253949 -0.769955 -0.230045 1.99047 1.16665
8.12184 0.256348 -0.769955 -0.230045 1.98103 1.17686

8.12184 0.256348 -0.763682 -0.236318 1.98108 1.17688
8.11957 0.263672 -0.763682 -0.236318 1.959 1.20929

8.12256 0.253915 -0.769955 -0.230045 1.99069 1.16654
8.12402 0.249023 -0.769955 -0.230045 2.00797 1.14198

8.11957 0.263672 -0.757251 -0.242749 1.95899 1.20928
8.11722 0.270996 -0.757251 -0.242749 1.93807 1.24347

8.11523 0.276979 -0.75089 -0.24911 1.91265 1.27318
8.11722 0.270996 -0.75089 -0.24911 1.9381 1.24348

8.10059 0.316725 -0.710451 -0.289549 1.74591 1.44544
8.09833 0.322266 -0.710451 -0.289549 1.71623 1.47086

8.10791 0.297788 -0.731014 -0.268986 1.83376 1.36105
8.10699 0.300293 -0.731014 -0.268986 1.82226 1.37178

8.10698 0.300293 -0.724358 -0.275642 1.82231 1.3718
8.10419 0.307617 -0.724358 -0.275642 1.79416 1.40727

8.10791 0.297754 -0.731014 -0.268986 1.83401 1.36095
8.10967 0.292969 -0.731014 -0.268986 1.84994 1.34037

8.1042 0.307617 -0.717421 -0.282579 1.79415 1.40727
8.10131 0.314941 -0.717421 -0.282579 1.75766 1.43671

8.10059 0.316707 -0.710451 -0.289549 1.74609 1.44537
8.10131 0.314941 -0.710451 -0.289549 1.7577 1.43673

8.09326 0.334136 -0.696134 -0.303866 1.67029 1.51645
8.09205 0.336914 -0.696134 -0.303866 1.65771 1.52801

8.09833 0.322266 -0.703298 -0.296702 1.71623 1.47086
8.09524 0.32959 -0.703298 -0.296702 1.68488 1.49805

8.09326 0.334104 -0.696134 -0.303866 1.67054 1.51635
8.09523 0.32959 -0.696134 -0.303866 1.68493 1.49806

8.09204 0.336914 -0.688962 -0.311038 1.65777 1.52803
8.08874 0.344238 -0.688962 -0.311038 1.62517 1.56129

8.08594 0.350219 -0.68158 -0.31842 1.59401 1.58822
8.08873 0.344238 -0.68158 -0.31842 1.62521 1.5613

7.9834 0.496581 -0.484398 -0.515602 0.247876 2.01228
7.98184 0.498047 -0.484398 -0.515602 0.226616 2.01071

7.99805 0.481911 -0.512295 -0.487705 0.447146 2.02347
7.99663 0.483398 -0.512295 -0.487705 0.427758 2.02392

7.99072 0.489442 -0.49868 -0.50132 0.34652 2.01908
7.98943 0.490723 -0.49868 -0.50132 0.32873 2.01756

7.9834 0.496496 -0.490793 -0.509207 0.249514 2.01225
7.98939 0.490723 -0.490793 -0.509207 0.328952 2.01748

7.99072 0.489393 -0.506093 -0.493907 0.347433 2.01905
7.99657 0.483398 -0.506093 -0.493907 0.428047 2.02389

7.97607 0.503335 -0.468393 -0.531607 0.147388 1.99729
7.97376 0.505371 -0.468393 -0.531607 0.116287 1.98911

7.96875 0.509624 -0.462996 -0.537004 0.0477656 1.97605
7.97368 0.505371 -0.462996 -0.537004 0.116602 1.98886

7.97607 0.50325 -0.477721 -0.522279 0.149075 1.99734
7.98176 0.498047 -0.477721 -0.522279 0.226958 2.01061

8.00537 0.473958 -0.526298 -0.473702 0.54638 2.02352
8.00347 0.476074 -0.526298 -0.473702 0.519982 2.02354

7.99805 0.481869 -0.518657 -0.481343 0.447893 2.02344
8.00342 0.476074 -0.518657 -0.481343 0.520183 2.02353

8.00537 0.473933 -0.531656 -0.468344 0.546804 2.02351
8.00994 0.46875 -0.531656 -0.468344 0.607936 2.02517

