24.0989 0 0.991953 -0.0080469 2.72019 0
24.099 0.0146484 0.991953 -0.0080469 2.71746 -0.00844472

24.099 0.0146484 0.976397 -0.0236028 2.71746 -0.00844426
24.0994 0.0292969 0.976397 -0.0236028 2.71973 -0.0160347

24.0994 0.0292969 0.965368 -0.0346325 2.71976 -0.0160255
24.0997 0.0366211 0.965368 -0.0346325 2.71918 -0.0226341

24.0997 0.0366211 0.959004 -0.0409957 2.71918 -0.0226343
24.1 0.0439453 0.959004 -0.0409957 2.70515 -0.0263382

24.1 0.0439453 0.952558 -0.0474421 2.70515 -0.0263382
24.1004 0.0512695 0.952558 -0.0474421 2.69274 -0.0210355

24.1004 0.0512695 0.946254 -0.0537459 2.69274 -0.0210353
24.1008 0.0585938 0.946254 -0.0537459 2.71821 -0.0225281

24.1008 0.0585938 0.9389 -0.0611002 2.7182 -0.0224964
24.1012 0.065918 0.9389 -0.0611002 2.74764 -0.0375359

24.1012 0.065918 0.93056 -0.0694395 2.74764 -0.037536
24.1018 0.0732422 0.93056 -0.0694395 2.74025 -0.0513094

24.1018 0.0732422 0.92317 -0.0768303 2.74025 -0.0513065
24.1024 0.0805664 0.92317 -0.0768303 2.73425 -0.0561635

24.1024 0.0805664 0.916397 -0.0836033 2.73425 -0.0561679
24.1031 0.0878906 0.916397 -0.0836033 2.73608 -0.0596188

24.1031 0.0878906 0.909396 -0.0906044 2.73608 -0.0596197
24.1038 0.0952148 0.909396 -0.0906044 2.72682 -0.0639633

24.1038 0.0952148 0.902319 -0.097681 2.72682 -0.0639684
24.104 0.0970841 0.902319 -0.097681 2.7225 -0.0645553

24.104 0.0970769 0.902319 -0.097681 2.72251 -0.0645497
24.1046 0.102539 0.902319 -0.097681 2.71581 -0.0646946

24.1046 0.102539 0.895556 -0.104444 2.71581 -0.0646903
24.1055 0.109863 0.895556 -0.104444 2.71725 -0.0701458

24.1055 0.109863 0.889781 -0.110219 2.71725 -0.0701416
24.1064 0.117188 0.889781 -0.110219 2.71449 -0.0790698

24.1063 0.117188 0.880278 -0.119722 2.71445 -0.0790592
24.1083 0.131836 0.880278 -0.119722 2.71098 -0.0898216

24.1083 0.131836 0.867661 -0.132339 2.71098 -0.0898219
24.1106 0.146484 0.867661 -0.132339 2.71702 -0.102017

24.1106 0.146484 0.855086 -0.144914 2.71702 -0.10201
24.1113 0.151001 0.855086 -0.144914 2.72106 -0.106295

24.1113 0.150994 0.855086 -0.144914 2.72105 -0.10629
24.113 0.161133 0.855086 -0.144914 2.71773 -0.114735

24.1131 0.161133 0.843088 -0.156912 2.71774 -0.114741
24.1158 0.175781 0.843088 -0.156912 2.70574 -0.124928

24.1158 0.175781 0.831616 -0.168384 2.70574 -0.124924
24.1187 0.19043 0.831616 -0.168384 2.69597 -0.136784

24.1188 0.19043 0.822946 -0.177054 2.69599 -0.136806
24.1203 0.197754 0.822946 -0.177054 2.6913 -0.141565

24.1203 0.197754 0.817591 -0.182409 2.69131 -0.141569
24.122 0.205078 0.817591 -0.182409 2.69626 -0.150828

24.122 0.205078 0.811944 -0.188056 2.69625 -0.150819
24.1237 0.212402 0.811944 -0.188056 2.70107 -0.161801

24.1237 0.212402 0.805549 -0.194451 2.70107 -0.1618
24.1254 0.219727 0.805549 -0.194451 2.69625 -0.172511

24.1254 0.219727 0.797098 -0.202902 2.69625 -0.172508
24.126 0.221891 0.797098 -0.202902 2.69454 -0.173179

24.126 0.221904 0.799921 -0.200079 2.69452 -0.173185
24.1273 0.227051 0.799921 -0.200079 2.69377 -0.178788

24.1273 0.227051 0.794537 -0.205463 2.69376 -0.178783
24.1292 0.234375 0.794537 -0.205463 2.68797 -0.187628

24.1292 0.234375 0.788583 -0.211417 2.68797 -0.187627
24.1311 0.241699 0.788583 -0.211417 2.67458 -0.195802

24.1311 0.241699 0.782783 -0.217217 2.67458 -0.195803
24.1332 0.249023 0.782783 -0.217217 2.66807 -0.201287

24.1331 0.249023 0.777228 -0.222772 2.66807 -0.201284
24.1333 0.249555 0.777228 -0.222772 2.6678 -0.201618

24.1333 0.249547 0.777228 -0.222772 2.6678 -0.201615
24.1353 0.256348 0.777228 -0.222772 2.66567 -0.20711

24.1352 0.256348 0.771581 -0.228419 2.66566 -0.207109
24.1374 0.263672 0.771581 -0.228419 2.66321 -0.217668

24.1374 0.263672 0.76588 -0.23412 2.66321 -0.217669
24.1397 0.270996 0.76588 -0.23412 2.65469 -0.228341

24.1397 0.270996 0.760422 -0.239578 2.65469 -0.228339
24.1406 0.274074 0.760422 -0.239578 2.65032 -0.230627

24.1406 0.274065 0.760422 -0.239578 2.65034 -0.230627
24.142 0.27832 0.760422 -0.239578 2.64664 -0.235242

24.142 0.27832 0.754968 -0.245032 2.64664 -0.235238
24.1443 0.285645 0.754968 -0.245032 2.65129 -0.246611

24.1443 0.285645 0.749298 -0.250702 2.65129 -0.246605
24.1468 0.292969 0.749298 -0.250702 2.65314 -0.275973

24.1468 0.292969 0.743685 -0.256315 2.65313 -0.275961
24.1479 0.296337 0.743685 -0.256315 2.65139 -0.287472

24.1479 0.296323 0.743685 -0.256315 2.6514 -0.287454
24.1493 0.300293 0.743685 -0.256315 2.64259 -0.29906

24.1493 0.300293 0.738093 -0.261907 2.64258 -0.299046
24.1519 0.307617 0.738093 -0.261907 2.63063 -0.316604

24.1519 0.307617 0.732407 -0.267593 2.63063 -0.316603
24.1546 0.314941 0.732407 -0.267593 2.61481 -0.332348

24.1546 0.314941 0.726712 -0.273288 2.6148 -0.332331
24.1553 0.316776 0.726712 -0.273288 2.6097 -0.335947

24.1553 0.316759 0.726712 -0.273288 2.60975 -0.335933
24.1573 0.322266 0.726712 -0.273288 2.59877 -0.34639

24.1573 0.322266 0.720923 -0.279077 2.59876 -0.346384
24.1602 0.32959 0.720923 -0.279077 2.58994 -0.366253

24.1602 0.32959 0.715271 -0.284729 2.58994 -0.366257
24.1626 0.335668 0.715271 -0.284729 2.57697 -0.385487

24.1626 0.335664 0.715271 -0.284729 2.57699 -0.385482
24.1631 0.336914 0.715271 -0.284729 2.57299 -0.388987

24.1631 0.336914 0.709987 -0.290013 2.57299 -0.388985
24.1661 0.344238 0.709987 -0.290013 2.56283 -0.409116

24.1661 0.344238 0.70488 -0.29512 2.56282 -0.409116
24.1692 0.351562 0.70488 -0.29512 2.5489 -0.434915

24.1691 0.351562 0.699918 -0.300082 2.54889 -0.434878
24.1699 0.353374 0.699918 -0.300082 2.54271 -0.440106

24.1699 0.353348 0.699918 -0.300082 2.54282 -0.440085
24.1723 0.358887 0.699918 -0.300082 2.5345 -0.456784

24.1723 0.358887 0.694695 -0.305305 2.53448 -0.456762
24.1755 0.366211 0.694695 -0.305305 2.52509 -0.494041

24.1755 0.366211 0.689311 -0.310689 2.52508 -0.494012
24.1772 0.370071 0.689311 -0.310689 2.5134 -0.514199

24.1772 0.370049 0.689311 -0.310689 2.51351 -0.51417
24.1788 0.373535 0.689311 -0.310689 2.50181 -0.528233

24.1788 0.373535 0.683847 -0.316153 2.50179 -0.528185
24.1822 0.380859 0.683847 -0.316153 2.48308 -0.559237

24.1822 0.380859 0.678252 -0.321748 2.48308 -0.559222
24.1846 0.385869 0.678252 -0.321748 2.46328 -0.582448

24.1846 0.385852 0.678252 -0.321748 2.4634 -0.582429
24.1857 0.388184 0.678252 -0.321748 2.45054 -0.591237

24.1857 0.388184 0.672485 -0.327515 2.45052 -0.591187
24.1892 0.395508 0.672485 -0.327515 2.42729 -0.623614

24.1892 0.395508 0.666494 -0.333506 2.42729 -0.623595
24.1919 0.400827 0.666494 -0.333506 2.40795 -0.654696

24.1919 0.40081 0.666494 -0.333506 2.40806 -0.65468
24.1929 0.402832 0.666494 -0.333506 2.39727 -0.663824

24.1929 0.402832 0.660342 -0.339658 2.39725 -0.66376
24.1967 0.410156 0.660342 -0.339658 2.37434 -0.701143

24.1967 0.410156 0.654292 -0.345708 2.37434 -0.701126
24.1992 0.414993 0.654292 -0.345708 2.35607 -0.732719

24.1992 0.41497 0.654292 -0.345708 2.35626 -0.732689
24.2005 0.41748 0.654292 -0.345708 2.33964 -0.745944

24.2005 0.41748 0.648232 -0.351768 2.3396 -0.745857
24.2045 0.424805 0.648232 -0.351768 2.30445 -0.78515

24.2045 0.424805 0.642278 -0.357722 2.30444 -0.785094
24.2065 0.428468 0.642278 -0.357722 2.28755 -0.806067

24.2065 0.428435 0.642278 -0.357722 2.28773 -0.806056
24.2086 0.432129 0.642278 -0.357722 2.27422 -0.828748

24.2086 0.432129 0.636024 -0.363976 2.27414 -0.828637
24.2128 0.439453 0.636024 -0.363976 2.23188 -0.882872

24.2128 0.439453 0.630048 -0.369952 2.23184 -0.88265
24.2139 0.441348 0.630048 -0.369952 2.21441 -0.896132

24.2139 0.441284 0.629741 -0.370259 2.21507 -0.896076
24.2171 0.446777 0.629741 -0.370259 2.1971 -0.936234

24.2171 0.446777 0.623501 -0.376499 2.19699 -0.93611
24.2212 0.453585 0.623501 -0.376499 2.14279 -0.998509

24.2212 0.453573 0.627345 -0.372655 2.14298 -0.998507
24.2215 0.454102 0.627345 -0.372655 2.13557 -1.00182

24.2215 0.454102 0.616732 -0.383268 2.13557 -1.0018
24.2261 0.461426 0.616732 -0.383268 2.07194 -1.05169

24.226 0.461426 0.610401 -0.389599 2.07192 -1.0515
24.2285 0.465301 0.610401 -0.389599 2.05045 -1.08874

24.2285 0.465248 0.610401 -0.389599 2.05097 -1.08864
24.2308 0.46875 0.610401 -0.389599 2.02701 -1.12016

24.2307 0.46875 0.603159 -0.396841 2.02686 -1.11981
24.2355 0.476074 0.603159 -0.396841 1.94869 -1.18164

24.2355 0.476074 0.60229 -0.39771 1.94867 -1.18109
24.2358 0.476598 0.60229 -0.39771 1.94085 -1.18479

24.2358 0.476504 0.595336 -0.404664 1.94228 -1.18489
24.2405 0.483398 0.595336 -0.404664 1.87689 -1.24003

24.2405 0.483398 0.589017 -0.410983 1.87686 -1.23961
24.2432 0.48721 0.589017 -0.410983 1.8518 -1.28772

24.2432 0.487133 0.58887 -0.41113 1.85271 -1.28767
24.2457 0.490723 0.58887 -0.41113 1.82006 -1.32947

24.2456 0.490723 0.580741 -0.419259 1.8199 -1.32879
24.2505 0.497456 0.580741 -0.419259 1.72136 -1.38908

24.2505 0.497432 0.581191 -0.418809 1.72182 -1.38917
24.2509 0.498047 0.581191 -0.418809 1.70869 -1.39322

24.2509 0.498047 0.572019 -0.427981 1.70871 -1.39309
24.2564 0.505371 0.572019 -0.427981 1.61074 -1.456

24.2564 0.505371 0.569507 -0.430493 1.61076 -1.45507
24.2578 0.507298 0.569507 -0.430493 1.59813 -1.48044

24.2578 0.507168 0.564077 -0.435923 1.59894 -1.48074
24.2621 0.512695 0.564077 -0.435923 1.54874 -1.54901

24.262 0.512695 0.559607 -0.440393 1.54884 -1.54822
24.2651 0.516621 0.559607 -0.440393 1.50042 -1.59649

24.2651 0.516488 0.558553 -0.441447 1.50244 -1.59739
24.2679 0.52002 0.558553 -0.441447 1.43625 -1.63072

24.2679 0.52002 0.545479 -0.454521 1.43635 -1.63025
24.2725 0.525487 0.545479 -0.454521 1.33738 -1.65659

24.2725 0.525442 0.543523 -0.456477 1.33787 -1.657
24.2741 0.527344 0.543523 -0.456477 1.30773 -1.666

24.274 0.527344 0.534529 -0.465471 1.30791 -1.66553
24.2798 0.533954 0.534529 -0.465471 1.21991 -1.7014

24.2798 0.533947 0.531133 -0.468867 1.21994 -1.70146
24.2804 0.534668 0.531133 -0.468867 1.21375 -1.70623

24.2804 0.534668 0.524042 -0.475958 1.21386 -1.70582
24.287 0.541992 0.524042 -0.475958 1.12438 -1.76721

24.2869 0.541992 0.518512 -0.481488 1.12502 -1.76514
24.2871 0.542174 0.518512 -0.481488 1.1222 -1.76667

24.2871 0.542071 0.51195 -0.48805 1.12323 -1.76761
24.294 0.549316 0.51195 -0.48805 0.986523 -1.81885

24.2939 0.549316 0.505189 -0.494811 0.987264 -1.8172
24.2944 0.549847 0.505189 -0.494811 0.97544 -1.82036

24.2944 0.549739 0.498319 -0.501681 0.977078 -1.82143
24.3014 0.556641 0.498319 -0.501681 0.824096 -1.86519

24.3012 0.556641 0.492098 -0.507902 0.825232 -1.86266
24.3018 0.557147 0.492098 -0.507902 0.813663 -1.86667

24.3018 0.557017 0.485257 -0.514743 0.815593 -1.86796
24.3091 0.563922 0.485257 -0.514743 0.655136 -1.90331

24.309 0.563965 0.478553 -0.521447 0.655304 -1.90157
24.3091 0.564047 0.478553 -0.521447 0.653342 -1.90175

24.3091 0.563912 0.477967 -0.522033 0.655276 -1.90343
24.3091 0.563965 0.477967 -0.522033 0.654005 -1.90355

24.3091 0.563965 0.471461 -0.528539 0.65415 -1.90333
24.3164 0.570461 0.471461 -0.528539 0.498841 -1.92882

24.3164 0.570434 0.460893 -0.539107 0.499199 -1.92915
24.3174 0.571289 0.460893 -0.539107 0.479534 -1.93345

24.3174 0.571289 0.456359 -0.543641 0.479684 -1.93318
24.3237 0.576614 0.456359 -0.543641 0.347055 -1.95911

24.3237 0.576571 0.440457 -0.559543 0.347736 -1.95972
24.3263 0.578613 0.440457 -0.559543 0.291356 -1.96596

24.3262 0.578613 0.439619 -0.560381 0.292087 -1.96485
24.3311 0.582388 0.439619 -0.560381 0.177807 -1.96026

24.3311 0.582354 0.424899 -0.575101 0.178387 -1.96075
24.3359 0.585938 0.424899 -0.575101 0.0700809 -1.9473

24.3358 0.585938 0.416618 -0.583382 0.0715178 -1.94634
24.3384 0.587811 0.416618 -0.583382 0.0174532 -1.93899

24.3384 0.587788 0.40816 -0.59184 0.0178074 -1.93928
24.3457 0.592839 0.40816 -0.59184 -0.142127 -1.93313

24.3457 0.59283 0.387519 -0.612481 -0.14195 -1.93325
24.3464 0.593262 0.387519 -0.612481 -0.15679 -1.93438

24.3464 0.593262 0.390611 -0.609389 -0.156528 -1.93411
24.353 0.597537 0.390611 -0.609389 -0.323435 -1.89483

24.353 0.597507 0.372356 -0.627644 -0.3228 -1.89535
24.3582 0.600586 0.372356 -0.627644 -0.441463 -1.83556

24.3581 0.600586 0.371815 -0.628185 -0.440274 -1.83524
24.3604 0.60193 0.371815 -0.628185 -0.485717 -1.82463

24.3604 0.601879 0.353162 -0.646838 -0.484739 -1.82523
24.3677 0.605878 0.353162 -0.646838 -0.639483 -1.77996

24.3677 0.605853 0.332648 -0.667352 -0.638868 -1.78033
24.3718 0.60791 0.332648 -0.667352 -0.731771 -1.74126

24.3717 0.60791 0.332648 -0.667352 -0.730742 -1.74171
24.375 0.609555 0.332648 -0.667352 1e+30 1e+30

