14.0625 0.46875 0.592048 -0.407952 1.74314 -1.31982
14.0625 0.468819 0.592048 -0.407952 1.74197 -1.3203

14.0625 0.468713 0.595388 -0.404612 1.74374 -1.32049
14.0625 0.46875 0.595388 -0.404612 1.74312 -1.32074

14.5312 0.377486 -0.72765 -0.27235 1e+30 1e+30
14.53 0.380859 -0.72765 -0.27235 1.9758 1.79539

14.53 0.380859 -0.720934 -0.279066 1.97585 1.7954
14.5271 0.388184 -0.720934 -0.279066 1.93689 1.84193

14.5271 0.388184 -0.714135 -0.285865 1.93689 1.84193
14.5242 0.395508 -0.714135 -0.285865 1.88613 1.87772

14.5239 0.396215 -0.70718 -0.29282 1.88019 1.88144
14.5212 0.402832 -0.70718 -0.29282 1.83647 1.91857

14.5212 0.402832 -0.699917 -0.300083 1.83647 1.91857
14.518 0.410156 -0.699917 -0.300083 1.79284 1.9559

14.5239 0.396205 -0.70718 -0.29282 1.8803 1.88139
14.5242 0.395508 -0.70718 -0.29282 1.88614 1.87772

14.502 0.444114 -0.661086 -0.338914 1.55469 2.14462
14.5006 0.446777 -0.661086 -0.338914 1.52984 2.16113

14.5006 0.446777 -0.652752 -0.347248 1.52994 2.16115
14.4967 0.454102 -0.652752 -0.347248 1.45977 2.20265

14.4946 0.45784 -0.644062 -0.355938 1.42916 2.22203
14.4926 0.461426 -0.644062 -0.355938 1.38566 2.24137

14.4926 0.461426 -0.634821 -0.365179 1.38572 2.24138
14.4884 0.46875 -0.634821 -0.365179 1e+30 1e+30

14.4946 0.457796 -0.644062 -0.355938 1.42992 2.22184
14.4967 0.454102 -0.644062 -0.355938 1.45989 2.20263

14.5166 0.413424 -0.692725 -0.307275 1.77506 1.97501
14.5148 0.41748 -0.692725 -0.307275 1.74774 1.9982

14.5148 0.41748 -0.685227 -0.314773 1.74775 1.9982
14.5114 0.424805 -0.685227 -0.314773 1.69479 2.03734

14.5093 0.429364 -0.677326 -0.322674 1.66523 2.05955
14.508 0.432129 -0.677326 -0.322674 1.64102 2.07384

14.508 0.432129 -0.669204 -0.330796 1.64113 2.07385
14.5043 0.439453 -0.669204 -0.330796 1.58365 2.11649

14.5093 0.429322 -0.677326 -0.322674 1.66582 2.05935
14.5114 0.424805 -0.677326 -0.322674 1.69486 2.03733

14.5166 0.413397 -0.692725 -0.307275 1.77532 1.97487
14.518 0.410156 -0.692725 -0.307275 1.79291 1.9559

14.502 0.444072 -0.661086 -0.338914 1.55532 2.14442
14.5043 0.439453 -0.661086 -0.338914 1.58375 2.11649

14.0625 0.46875 0.586027 -0.413973 1.74312 -1.3207
14.0677 0.476074 0.586027 -0.413973 1.66032 -1.37704

14.0677 0.476074 0.582592 -0.417408 1.66031 -1.37673
14.0698 0.47907 0.582592 -0.417408 1.63979 -1.41104

14.0698 0.478959 0.578345 -0.421655 1.64062 -1.41119
14.0731 0.483398 0.578345 -0.421655 1.60291 -1.46201

14.073 0.483398 0.570186 -0.429814 1.60279 -1.46131
14.0771 0.488878 0.570186 -0.429814 1.52979 -1.51794

14.0771 0.48882 0.571991 -0.428009 1.53089 -1.51819
14.0786 0.490723 0.571991 -0.428009 1.49086 -1.53334

14.0785 0.490723 0.560554 -0.439446 1.49095 -1.53279
14.0843 0.498047 0.560554 -0.439446 1.3654 -1.56935

14.0842 0.498047 0.555905 -0.444095 1.36565 -1.56815
14.0845 0.4984 0.555905 -0.444095 1.36058 -1.56993

14.0845 0.498264 0.551352 -0.448648 1.36222 -1.57071
14.0903 0.505371 0.551352 -0.448648 1.29456 -1.6308

14.0902 0.505371 0.546976 -0.453024 1.29467 -1.62945
14.0918 0.50731 0.546976 -0.453024 1.28421 -1.65452

14.0918 0.507195 0.542193 -0.457807 1.28466 -1.65503
14.0964 0.512695 0.542193 -0.457807 1.21313 -1.70472

14.0964 0.512695 0.53575 -0.46425 1.21332 -1.70421
14.0991 0.515831 0.53575 -0.46425 1.15787 -1.71474

14.0991 0.515721 0.532422 -0.467578 1.15933 -1.71567
14.1029 0.52002 0.532422 -0.467578 1.08275 -1.72973

14.1029 0.52002 0.523179 -0.476821 1.08275 -1.72973
14.1064 0.523914 0.523179 -0.476821 1.01279 -1.73067

14.1064 0.523843 0.517626 -0.482374 1.01342 -1.73126
14.1097 0.527344 0.517626 -0.482374 0.968769 -1.73974

14.1097 0.527344 0.510674 -0.489326 0.968838 -1.73955
14.1138 0.5316 0.510674 -0.489326 0.909325 -1.75419

14.1138 0.531559 0.503921 -0.496079 0.909818 -1.75452
14.1168 0.534668 0.503921 -0.496079 0.860002 -1.76447

14.1168 0.534668 0.496554 -0.503446 0.860198 -1.76392
14.1211 0.538921 0.496554 -0.503446 0.791315 -1.80174

14.1211 0.538877 0.488526 -0.511474 0.792024 -1.80212
14.1244 0.541992 0.488526 -0.511474 0.725754 -1.82868

14.1243 0.541992 0.481392 -0.518608 0.726137 -1.82739
14.1284 0.545836 0.481392 -0.518608 0.637342 -1.85173

14.1284 0.545818 0.471928 -0.528072 0.637588 -1.85193
14.1323 0.549316 0.471928 -0.528072 0.56367 -1.87048

14.1322 0.549316 0.466643 -0.533357 0.564436 -1.86933
14.1357 0.552388 0.466643 -0.533357 0.494743 -1.87736

14.1357 0.552371 0.457715 -0.542285 0.49498 -1.87753
14.1408 0.556641 0.457715 -0.542285 0.395536 -1.88368

14.1407 0.556641 0.452273 -0.547727 0.39651 -1.88244
14.1431 0.558611 0.452273 -0.547727 0.349689 -1.88507

14.1431 0.558576 0.443873 -0.556127 0.350166 -1.88546
14.1498 0.563965 0.443873 -0.556127 0.219805 -1.88479

14.1497 0.563965 0.436674 -0.563326 0.220755 -1.88379
14.1504 0.564503 0.436674 -0.563326 0.208485 -1.88314

14.1504 0.564433 0.428505 -0.571495 0.209378 -1.88396
14.1577 0.569925 0.428505 -0.571495 0.0722827 -1.89092

14.1577 0.5699 0.409442 -0.590558 0.0726944 -1.89123
14.1597 0.571289 0.409442 -0.590558 0.0337423 -1.89365

14.1597 0.571289 0.412683 -0.587317 0.0342421 -1.893
14.165 0.575073 0.412683 -0.587317 -0.0872337 -1.86551

14.165 0.575047 0.396317 -0.603683 -0.0867648 -1.86588
14.1705 0.578613 0.396317 -0.603683 -0.196699 -1.82541

14.1703 0.578613 0.391554 -0.608446 -0.195744 -1.82502
14.1724 0.57992 0.391554 -0.608446 -0.231616 -1.8172

14.1724 0.579876 0.378605 -0.621395 -0.230875 -1.81766
14.1797 0.584338 0.378605 -0.621395 1e+30 1e+30

