4.75537 0.498047 0.331343 -0.668657 -0.124915 -0.955834
4.76074 0.500707 0.331343 -0.668657 -0.164763 -0.936286

4.76074 0.500702 0.319424 -0.680576 -0.164686 -0.936291
4.76807 0.50414 0.319424 -0.680576 -0.212134 -0.898389

4.76807 0.504123 0.307428 -0.692572 -0.211948 -0.898432
4.77088 0.505371 0.307428 -0.692572 -0.226305 -0.888827

4.77083 0.505371 0.307428 -0.692572 -0.226297 -0.888944
4.77539 0.507397 0.307428 -0.692572 -0.256621 -0.871388

4.77539 0.507388 0.295345 -0.704655 -0.256499 -0.871394
4.78271 0.510458 0.295345 -0.704655 -0.305012 -0.828402

4.78271 0.510448 0.283084 -0.716916 -0.3049 -0.828438
4.78841 0.512695 0.283084 -0.716916 -0.333523 -0.799508

4.78831 0.512695 0.283084 -0.716916 -0.333508 -0.799672
4.79004 0.513377 0.283084 -0.716916 -0.34269 -0.796257

4.79004 0.513349 0.270545 -0.729455 -0.342325 -0.796273
4.79736 0.516065 0.270545 -0.729455 -0.39103 -0.762169

4.79736 0.516065 0.25752 -0.74248 -0.391024 -0.762169
4.80469 0.518605 0.25752 -0.74248 -0.423284 -0.705668

4.80469 0.518596 0.244252 -0.755748 -0.423167 -0.705673
4.80909 0.52002 0.244252 -0.755748 -0.438047 -0.684001

4.80903 0.52002 0.244252 -0.755748 -0.43808 -0.684228
4.81201 0.520983 0.244252 -0.755748 -0.452614 -0.674752

4.81201 0.520972 0.230637 -0.769363 -0.452417 -0.674735
4.81934 0.523167 0.230637 -0.769363 -0.49918 -0.636899

4.81934 0.523166 0.216638 -0.783362 -0.499159 -0.636899
4.82666 0.525192 0.216638 -0.783362 -0.536948 -0.575536

4.82666 0.525191 0.202467 -0.797533 -0.536936 -0.575538
4.83398 0.52705 0.202467 -0.797533 -0.562342 -0.53387

4.83398 0.527047 0.188195 -0.811805 -0.562298 -0.533872
4.83527 0.527344 0.188195 -0.811805 -0.56622 -0.529433

4.83525 0.527344 0.188195 -0.811805 -0.566218 -0.529472
4.84131 0.528747 0.188195 -0.811805 -0.589951 -0.499498

4.84131 0.528747 0.173662 -0.826338 -0.589943 -0.499498
4.84863 0.530286 0.173662 -0.826338 -0.622635 -0.451583

4.84863 0.530286 0.158688 -0.841312 -0.622629 -0.451583
4.85596 0.531667 0.158688 -0.841312 -0.647843 -0.399094

4.85596 0.531667 0.143239 -0.856761 -0.647843 -0.399094
4.86328 0.532892 0.143239 -0.856761 -0.666682 -0.347092

4.86328 0.532892 0.127176 -0.872824 -0.666685 -0.347091
4.87061 0.533959 0.127176 -0.872824 -0.685203 -0.298527

4.87061 0.53396 0.110502 -0.889498 -0.685214 -0.298526
4.87631 0.534668 0.110502 -0.889498 -0.701125 -0.26462

4.87634 0.534668 0.110502 -0.889498 -0.701181 -0.264442
4.87793 0.534865 0.110502 -0.889498 -0.706639 -0.256191

4.87793 0.534869 0.0931365 -0.906863 -0.706697 -0.256186
4.88525 0.535621 0.0931365 -0.906863 -0.729932 -0.210389

4.88525 0.535621 0.0750476 -0.924952 -0.729927 -0.210389
4.89258 0.536215 0.0750476 -0.924952 -0.750167 -0.154722

4.89258 0.536215 0.056364 -0.943636 -0.750161 -0.154722
4.8999 0.536652 0.056364 -0.943636 -0.765491 -0.0966687

4.8999 0.536652 0.0370692 -0.962931 -0.765485 -0.0966688
4.90723 0.536934 0.0370692 -0.962931 -0.774948 -0.0375187

4.90723 0.536934 0.0170887 -0.982911 -0.774945 -0.0375187
4.91455 0.537061 0.0170887 -0.982911 -0.778427 0.021052

4.91455 0.537061 -0.00367929 -0.996321 -0.778428 0.021052
4.92188 0.537034 -0.00367929 -0.996321 -0.777119 0.0775071

4.92188 0.537034 -0.0242153 -0.975785 -0.777122 0.0775071
4.9292 0.536853 -0.0242153 -0.975785 -0.772732 0.130934

4.9292 0.536853 -0.0439895 -0.95601 -0.772734 0.130934
4.93652 0.536516 -0.0439895 -0.95601 -0.767007 0.181773

4.93652 0.536516 -0.0630218 -0.936978 -0.767008 0.181773
4.94385 0.536023 -0.0630218 -0.936978 -0.761486 0.231644

4.94385 0.536023 -0.0813038 -0.918696 -0.761485 0.231644
4.95117 0.535375 -0.0813038 -0.918696 -0.756165 0.281461

4.9585 0.534567 -0.0987527 -0.901247 -0.750666 0.32887
4.95757 0.534668 -0.0987527 -0.901247 -0.751327 0.323153

4.95117 0.535375 -0.0987527 -0.901247 -0.756167 0.281461
4.95763 0.534668 -0.0987527 -0.901247 -0.751353 0.323483

4.9585 0.534572 -0.115575 -0.884425 -0.750729 0.328867
4.96582 0.533615 -0.115575 -0.884425 -0.741758 0.382087

4.96582 0.533616 -0.131971 -0.868029 -0.741761 0.382086
4.97314 0.532502 -0.131971 -0.868029 -0.727069 0.443079

4.97314 0.532502 -0.147889 -0.852111 -0.727072 0.443078
4.98047 0.531231 -0.147889 -0.852111 -0.711437 0.504754

5.00244 0.526464 -0.193034 -0.806966 -0.63119 0.636914
4.99876 0.527344 -0.193034 -0.806966 -0.642858 0.618338

5.00244 0.52646 -0.207335 -0.792665 -0.631145 0.636921
5.00977 0.524544 -0.207335 -0.792665 -0.611692 0.683789

5.00977 0.524545 -0.221379 -0.778621 -0.611695 0.683788
5.01709 0.522462 -0.221379 -0.778621 -0.581682 0.738876

5.01709 0.522462 -0.234856 -0.765144 -0.581669 0.738875
5.02441 0.520213 -0.234856 -0.765144 -0.550897 0.769814

5.03174 0.5178 -0.247924 -0.752076 -0.527609 0.812285
5.02501 0.52002 -0.247924 -0.752076 -0.549123 0.770958

5.02441 0.520213 -0.247924 -0.752076 -0.550891 0.769814
5.025 0.52002 -0.247924 -0.752076 -0.549115 0.770948

5.03174 0.517802 -0.260945 -0.739055 -0.527625 0.812282
5.03906 0.515216 -0.260945 -0.739055 -0.486752 0.875509

4.98047 0.531232 -0.163369 -0.836631 -0.711441 0.504752
4.98779 0.529801 -0.163369 -0.836631 -0.681867 0.561099

4.98779 0.529802 -0.178432 -0.821568 -0.681873 0.5611
4.99512 0.528211 -0.178432 -0.821568 -0.653754 0.602022

4.99512 0.528206 -0.193034 -0.806966 -0.653683 0.602024
4.99872 0.527344 -0.193034 -0.806966 -0.642838 0.618159

5.04639 0.512493 -0.273598 -0.726402 -0.445646 0.903494
5.04585 0.512695 -0.273598 -0.726402 -0.447869 0.902901

5.04639 0.512459 -0.286118 -0.713882 -0.445133 0.903507
5.05371 0.509524 -0.286118 -0.713882 -0.412286 0.946263

5.03906 0.515211 -0.273598 -0.726402 -0.486671 0.875505
5.04574 0.512695 -0.273598 -0.726402 -0.447705 0.902798

5.05371 0.509524 -0.298705 -0.701295 -0.412293 0.946261
5.06104 0.506404 -0.298705 -0.701295 -0.369143 0.981847

5.06836 0.503106 -0.310902 -0.689098 -0.331435 1.01055
5.06334 0.505371 -0.310902 -0.689098 -0.358061 0.984759

5.06104 0.50639 -0.310902 -0.689098 -0.368907 0.981834
5.06329 0.505371 -0.310902 -0.689098 -0.357953 0.984681

5.08301 0.495939 -0.334629 -0.665371 -0.252148 1.07313
5.07882 0.498047 -0.334629 -0.665371 -0.277811 1.04812

5.08301 0.495927 -0.346174 -0.653826 -0.251983 1.07316
5.09033 0.492049 -0.346174 -0.653826 -0.207312 1.10407

5.09766 0.487983 -0.357393 -0.642607 -0.158183 1.14054
5.09273 0.490723 -0.357393 -0.642607 -0.192515 1.10886

5.09033 0.492032 -0.357393 -0.642607 -0.207022 1.10404
5.09269 0.490723 -0.357393 -0.642607 -0.192374 1.10874

5.06836 0.503101 -0.322855 -0.677145 -0.331369 1.01056
5.07568 0.499609 -0.322855 -0.677145 -0.293198 1.04065

5.07568 0.499591 -0.334629 -0.665371 -0.292916 1.04063
5.07875 0.498047 -0.334629 -0.665371 -0.277627 1.04794

5.1123 0.479228 -0.379622 -0.620378 -0.0798874 1.17597
5.10549 0.483398 -0.379622 -0.620378 -0.113178 1.15733

5.09766 0.487977 -0.368387 -0.631613 -0.158097 1.14055
5.10498 0.483705 -0.368387 -0.631613 -0.115604 1.15849

5.10498 0.4837 -0.373267 -0.626733 -0.115531 1.15848
5.10549 0.483398 -0.373267 -0.626733 -0.11317 1.15734

5.11963 0.474575 -0.390628 -0.609372 -0.0217194 1.21194
5.11729 0.476074 -0.390628 -0.609372 -0.038914 1.20323

5.1123 0.479205 -0.390892 -0.609108 -0.0795028 1.17596
5.11718 0.476074 -0.390892 -0.609108 -0.0387127 1.20291

5.11963 0.474531 -0.402155 -0.597845 -0.0210906 1.21199
5.12695 0.469604 -0.402155 -0.597845 0.0210035 1.22529

5.12695 0.469579 -0.405857 -0.594143 0.0213342 1.22524
5.12817 0.46875 -0.405857 -0.594143 0.0279225 1.22501

5.35035 0 -0.98909 -0.0109098 1.72303 0
5.35019 0.0146484 -0.98909 -0.0109098 1.72415 0.0517062

5.35017 0.0146484 -0.973156 -0.0268438 1.72427 0.0517098
5.34997 0.0219727 -0.973156 -0.0268438 1.7253 0.0774863

5.34997 0.0219727 -0.962678 -0.037322 1.7253 0.0774862
5.34969 0.0292969 -0.962678 -0.037322 1.72358 0.102932

5.34968 0.0292969 -0.952731 -0.047269 1.72359 0.102932
5.34932 0.0366211 -0.952731 -0.047269 1.72513 0.129668

5.34932 0.0366211 -0.943036 -0.0569641 1.72512 0.129667
5.34888 0.0439453 -0.943036 -0.0569641 1.71833 0.158897

5.3489 0.0439453 -0.928922 -0.0710785 1.71819 0.158899
5.34778 0.0585938 -0.928922 -0.0710785 1.70696 0.216004

5.34668 0.0697718 -0.905547 -0.0944528 1.70126 0.258871
5.34632 0.0732422 -0.905547 -0.0944528 1.70479 0.275264

5.34632 0.0732422 -0.896292 -0.103708 1.70479 0.275264
5.34547 0.0805664 -0.896292 -0.103708 1.7062 0.307849

5.34547 0.0805664 -0.887028 -0.112972 1.70619 0.307848
5.34454 0.0878906 -0.887028 -0.112972 1.70263 0.342206

5.34776 0.0585938 -0.915135 -0.0848648 1.70707 0.215989
5.34708 0.065918 -0.915135 -0.0848648 1.70228 0.244801

5.34668 0.0697679 -0.905547 -0.0944528 1.70126 0.258853
5.34708 0.065918 -0.905547 -0.0944528 1.70228 0.244801

5.34454 0.0878906 -0.878451 -0.121549 1.70266 0.34221
5.34352 0.0952148 -0.878451 -0.121549 1.69108 0.377922

5.34353 0.0952148 -0.869699 -0.130301 1.69104 0.377912
5.34243 0.102539 -0.869699 -0.130301 1.67552 0.406493

5.34243 0.102539 -0.860194 -0.139806 1.67552 0.406493
5.34124 0.109863 -0.860194 -0.139806 1.66724 0.437705

5.34124 0.109863 -0.851187 -0.148813 1.66725 0.437705
5.33996 0.117188 -0.851187 -0.148813 1.65392 0.472576

5.33203 0.154621 -0.801175 -0.198825 1.58229 0.612385
5.33042 0.161133 -0.801175 -0.198825 1.5678 0.63448

5.33041 0.161133 -0.792963 -0.207037 1.56781 0.634483
5.3285 0.168457 -0.792963 -0.207037 1.55444 0.658249

5.3285 0.168457 -0.785088 -0.214912 1.55444 0.65825
5.3265 0.175781 -0.785088 -0.214912 1.54112 0.680259

5.32471 0.182057 -0.777344 -0.222656 1.53077 0.702701
5.32441 0.183105 -0.777344 -0.222656 1.52863 0.706755

5.3244 0.183105 -0.769462 -0.230538 1.52868 0.706768
5.32221 0.19043 -0.769462 -0.230538 1.51766 0.735517

5.32471 0.182027 -0.777344 -0.222656 1.53089 0.702602
5.3265 0.175781 -0.777344 -0.222656 1.54113 0.68026

5.32221 0.19043 -0.761307 -0.238693 1.51765 0.735513
5.31991 0.197754 -0.761307 -0.238693 1.50621 0.765026

5.31991 0.197754 -0.75315 -0.24685 1.50621 0.765026
5.31751 0.205078 -0.75315 -0.24685 1.47887 0.792976

5.31738 0.205453 -0.745126 -0.254874 1.47699 0.794391
5.31501 0.212402 -0.745126 -0.254874 1.45023 0.819584

5.31501 0.212402 -0.737148 -0.262852 1.45023 0.819583
5.31239 0.219727 -0.737148 -0.262852 1.43219 0.842013

5.31006 0.226057 -0.729376 -0.270624 1.41643 0.861495
5.30969 0.227051 -0.729376 -0.270624 1.41353 0.864463

5.30968 0.227051 -0.721833 -0.278167 1.41361 0.864492
5.30685 0.234375 -0.721833 -0.278167 1e+30 1e+30

5.31006 0.226014 -0.729376 -0.270624 1.41664 0.861402
5.31239 0.219727 -0.729376 -0.270624 1.43221 0.842016

5.31738 0.205447 -0.745126 -0.254874 1.47702 0.794376
5.31751 0.205078 -0.745126 -0.254874 1.47888 0.792979

5.33936 0.120415 -0.842546 -0.157454 1.64764 0.488607
5.33859 0.124512 -0.842546 -0.157454 1.6425 0.505072

5.33859 0.124512 -0.834043 -0.165957 1.64251 0.505076
5.33713 0.131836 -0.834043 -0.165957 1.63237 0.534002

5.33936 0.120397 -0.842546 -0.157454 1.6477 0.488525
5.33996 0.117188 -0.842546 -0.157454 1.65394 0.472578

5.33713 0.131836 -0.825874 -0.174126 1.63237 0.534004
5.33559 0.13916 -0.825874 -0.174126 1.61948 0.560964

5.33559 0.13916 -0.817751 -0.182249 1.61947 0.560963
5.33395 0.146484 -0.817751 -0.182249 1.60366 0.584527

5.33396 0.146484 -0.809505 -0.190495 1.60366 0.584526
5.33223 0.153809 -0.809505 -0.190495 1.58465 0.6095

5.33203 0.154611 -0.801175 -0.198825 1.58234 0.612355
5.33223 0.153809 -0.801175 -0.198825 1.58466 0.609502

5.27344 0.30527 -0.643086 -0.356914 1e+30 1e+30
5.27213 0.307617 -0.643086 -0.356914 1.11965 1.12793

5.26611 0.317947 -0.626474 -0.373526 1.06971 1.1554
5.26354 0.322266 -0.626474 -0.373526 1.05389 1.17233

5.27211 0.307617 -0.634698 -0.365302 1.11977 1.12795
5.2679 0.314941 -0.634698 -0.365302 1.07973 1.14624

5.26611 0.317919 -0.626474 -0.373526 1.06991 1.15532
5.26789 0.314941 -0.626474 -0.373526 1.0798 1.14625

5.25879 0.329948 -0.610408 -0.389592 1.01304 1.19232
5.25434 0.336914 -0.610408 -0.389592 0.975706 1.21794

5.25146 0.341301 -0.60196 -0.39804 0.96135 1.23255
5.24952 0.344238 -0.60196 -0.39804 0.93989 1.24375

5.24951 0.344238 -0.592519 -0.407481 0.939983 1.24379
5.24447 0.351562 -0.592519 -0.407481 0.872837 1.25375

5.25146 0.341248 -0.601828 -0.398172 0.961945 1.23244
5.25433 0.336914 -0.601828 -0.398172 0.975793 1.21794

5.26353 0.322266 -0.618513 -0.381487 1.05393 1.17235
5.25901 0.32959 -0.618513 -0.381487 1.0154 1.19136

5.25879 0.329946 -0.618999 -0.381001 1.01307 1.19232
5.25901 0.32959 -0.618999 -0.381001 1.01544 1.19136

5.2002 0.406259 -0.51587 -0.48413 0.537662 1.33554
5.19654 0.410156 -0.51587 -0.48413 0.507792 1.33777

5.21484 0.389859 -0.536603 -0.463397 0.641999 1.32347
5.20997 0.395508 -0.536603 -0.463397 0.60778 1.32934

5.20752 0.398218 -0.52877 -0.47123 0.591478 1.32962
5.20341 0.402832 -0.52877 -0.47123 0.559742 1.3341

5.2002 0.406254 -0.520425 -0.479575 0.53773 1.33552
5.20335 0.402832 -0.520425 -0.479575 0.560096 1.33395

5.20752 0.398235 -0.530866 -0.469134 0.591293 1.32965
5.20993 0.395508 -0.530866 -0.469134 0.60798 1.32927

5.1709 0.434997 -0.466365 -0.533635 0.315445 1.31807
5.1658 0.439453 -0.466365 -0.533635 0.279804 1.31076

5.18555 0.421279 -0.490702 -0.509298 0.420436 1.33181
5.18189 0.424805 -0.490702 -0.509298 0.392651 1.32843

5.17822 0.428299 -0.477495 -0.522505 0.365414 1.32481
5.17403 0.432129 -0.477495 -0.522505 0.337153 1.31912

5.1709 0.434932 -0.473747 -0.526253 0.316298 1.31793
5.17401 0.432129 -0.473747 -0.526253 0.337249 1.31908

5.17822 0.42823 -0.485163 -0.514837 0.366337 1.32464
5.18186 0.424805 -0.485163 -0.514837 0.392804 1.32834

5.16357 0.441405 -0.456381 -0.543619 0.262202 1.30545
5.15718 0.446777 -0.456381 -0.543619 0.221173 1.29807

5.15625 0.447534 -0.451451 -0.548549 0.21597 1.29915
5.15717 0.446777 -0.451451 -0.548549 0.221198 1.29807

5.16357 0.441367 -0.462816 -0.537184 0.262722 1.30541
5.1658 0.439453 -0.462816 -0.537184 0.279823 1.31074

5.19287 0.413937 -0.50337 -0.49663 0.479024 1.33582
5.18938 0.41748 -0.50337 -0.49663 0.451765 1.3343

5.18555 0.421237 -0.497122 -0.502878 0.420874 1.33184
5.18935 0.41748 -0.497122 -0.502878 0.451853 1.3343

5.19287 0.413917 -0.509065 -0.490935 0.47924 1.33583
5.1965 0.410156 -0.509065 -0.490935 0.508011 1.33766

5.22949 0.371896 -0.566202 -0.433798 0.765911 1.3213
5.22824 0.373535 -0.566202 -0.433798 0.749911 1.32486

5.2282 0.373535 -0.556349 -0.443651 0.750007 1.32499
5.22236 0.380859 -0.556349 -0.443651 0.690233 1.32006

5.23682 0.362178 -0.574856 -0.425144 0.81364 1.28678
5.23383 0.366211 -0.574856 -0.425144 0.795953 1.30695

5.24414 0.352017 -0.583434 -0.416566 0.868198 1.2542
5.23924 0.358887 -0.583434 -0.416566 0.822557 1.27125

5.23682 0.362161 -0.577823 -0.422177 0.813773 1.28673
5.23921 0.358887 -0.577823 -0.422177 0.82274 1.27132

5.22949 0.37183 -0.565615 -0.434385 0.766691 1.32135
5.23381 0.366211 -0.565615 -0.434385 0.796042 1.30712

5.22217 0.381097 -0.546502 -0.453498 0.688925 1.31983
5.21629 0.388184 -0.546502 -0.453498 0.650252 1.32232

5.21484 0.389856 -0.540867 -0.459133 0.642029 1.32347
5.21626 0.388184 -0.540867 -0.459133 0.650377 1.32229

5.22217 0.381089 -0.551253 -0.448747 0.688997 1.31983
5.22235 0.380859 -0.551253 -0.448747 0.690256 1.32005

5.24414 0.352015 -0.589181 -0.410819 0.868223 1.2542
5.24446 0.351562 -0.589181 -0.410819 0.872886 1.25376

5.30273 0.24458 -0.706701 -0.293299 1e+30 1e+30
5.30089 0.249023 -0.706701 -0.293299 1.35503 0.945906

5.29541 0.26157 -0.690813 -0.309187 1.30892 0.981742
5.29447 0.263672 -0.690813 -0.309187 1e+30 1e+30

5.30089 0.249023 -0.698867 -0.301133 1.35504 0.945914
5.29773 0.256348 -0.698867 -0.301133 1.32682 0.968664

5.29541 0.261525 -0.690813 -0.309187 1.30926 0.98164
5.29773 0.256348 -0.690813 -0.309187 1.32685 0.968659

