30.9307 0 -0.995748 -0.00425206 2.78458 0
30.9306 0.0146484 -0.995748 -0.00425206 2.78621 0.0557342

30.9306 0.0146484 -0.987311 -0.012689 2.78621 0.0557343
30.9305 0.0292969 -0.987311 -0.012689 2.77604 0.111581

30.9305 0.0292969 -0.973876 -0.0261236 2.77574 0.111583
30.9297 0.0585938 -0.973876 -0.0261236 2.7683 0.222304

30.9297 0.0585938 -0.956558 -0.0434419 2.76832 0.222304
30.9284 0.0878906 -0.956558 -0.0434419 2.76068 0.339231

30.9283 0.0878906 -0.943997 -0.0560033 2.7609 0.339216
30.9275 0.102539 -0.943997 -0.0560033 2.75332 0.400164

30.9275 0.102539 -0.935384 -0.0646156 2.75333 0.400163
30.9265 0.117188 -0.935384 -0.0646156 2.74394 0.460297

30.9265 0.117188 -0.92727 -0.0727305 2.74395 0.460297
30.9253 0.131836 -0.92727 -0.0727305 2.73644 0.522111

30.9253 0.131836 -0.919315 -0.0806846 2.73643 0.522112
30.924 0.146484 -0.919315 -0.0806846 2.72746 0.586269

30.9229 0.158558 -0.911096 -0.0889037 2.71857 0.640189
30.9226 0.161133 -0.911096 -0.0889037 2.71589 0.651699

30.9226 0.161133 -0.90268 -0.0973203 2.71591 0.651698
30.921 0.175781 -0.90268 -0.0973203 2.69922 0.71748

30.9229 0.158521 -0.911096 -0.0889037 2.71864 0.640023
30.924 0.146484 -0.911096 -0.0889037 2.72744 0.58627

30.921 0.175781 -0.894308 -0.105692 2.69922 0.71748
30.9193 0.19043 -0.894308 -0.105692 2.67987 0.783223

30.9193 0.19043 -0.885682 -0.114318 2.67984 0.783223
30.9174 0.205078 -0.885682 -0.114318 2.65687 0.848935

30.9174 0.205078 -0.877049 -0.122951 2.65689 0.848936
30.9153 0.219727 -0.877049 -0.122951 2.63395 0.915818

30.9153 0.219727 -0.870761 -0.129239 2.63403 0.915814
30.9143 0.227051 -0.870761 -0.129239 2.62603 0.952572

30.9142 0.227051 -0.866261 -0.133739 2.62603 0.952572
30.9131 0.234375 -0.866261 -0.133739 2.61624 0.988941

30.9082 0.263401 -0.848141 -0.151859 2.55392 1.12606
30.9082 0.263672 -0.848141 -0.151859 2.55344 1.12737

30.9082 0.263672 -0.843226 -0.156774 2.55346 1.12737
30.9068 0.270996 -0.843226 -0.156774 2.54702 1.16552

30.9068 0.270996 -0.838 -0.162 2.54702 1.16552
30.9054 0.27832 -0.838 -0.162 2.54266 1.20735

30.9054 0.27832 -0.832933 -0.167067 2.54266 1.20735
30.9039 0.285645 -0.832933 -0.167067 2.52793 1.24809

30.9039 0.285645 -0.828113 -0.171887 2.52793 1.24809
30.9024 0.292969 -0.828113 -0.171887 2.50409 1.28678

30.9131 0.234375 -0.86178 -0.13822 2.61624 0.988941
30.9119 0.241699 -0.86178 -0.13822 2.60131 1.02465

30.9119 0.241699 -0.857311 -0.142689 2.60132 1.02465
30.9107 0.249023 -0.857311 -0.142689 2.59042 1.05879

30.9107 0.249023 -0.852774 -0.147226 2.59042 1.05879
30.9095 0.256348 -0.852774 -0.147226 2.57357 1.09268

30.9082 0.263377 -0.848141 -0.151859 2.55401 1.12594
30.9095 0.256348 -0.848141 -0.151859 2.57357 1.09268

30.9009 0.300017 -0.823379 -0.176621 2.48171 1.32452
30.9008 0.300293 -0.823379 -0.176621 2.48091 1.32604

30.9008 0.300293 -0.818457 -0.181543 2.48096 1.32604
30.8992 0.307617 -0.818457 -0.181543 2.46475 1.36671

30.9009 0.299987 -0.823379 -0.176621 2.48186 1.32436
30.9024 0.292969 -0.823379 -0.176621 2.50409 1.28678

30.8992 0.307617 -0.813321 -0.186679 2.46475 1.36671
30.8975 0.314941 -0.813321 -0.186679 2.45132 1.40844

30.8975 0.314941 -0.808238 -0.191762 2.45133 1.40844
30.8958 0.322266 -0.808238 -0.191762 2.42746 1.44938

30.8936 0.331276 -0.798501 -0.201499 2.38583 1.49984
30.8921 0.336914 -0.798501 -0.201499 2.36423 1.53189

30.8921 0.336914 -0.793131 -0.206869 2.36422 1.53188
30.8902 0.344238 -0.793131 -0.206869 2.345 1.57525

30.8902 0.344238 -0.787345 -0.212655 2.34499 1.57525
30.8882 0.351562 -0.787345 -0.212655 2.32689 1.61583

30.8958 0.322266 -0.803386 -0.196614 2.42746 1.44938
30.894 0.32959 -0.803386 -0.196614 2.3939 1.48996

30.8936 0.33126 -0.798501 -0.201499 2.38594 1.49975
30.894 0.32959 -0.798501 -0.201499 2.39392 1.48996

30.8789 0.383103 -0.757587 -0.242413 2.19588 1.80259
30.8773 0.388184 -0.757587 -0.242413 2.17142 1.83431

30.8773 0.388184 -0.751466 -0.248534 2.17142 1.83431
30.8749 0.395508 -0.751466 -0.248534 2.13442 1.87958

30.8716 0.405015 -0.738531 -0.261469 2.08231 1.93137
30.8698 0.410156 -0.738531 -0.261469 2.05617 1.96307

30.8749 0.395508 -0.745036 -0.254964 2.13441 1.87958
30.8724 0.402832 -0.745036 -0.254964 2.09369 1.91787

30.8716 0.404995 -0.738531 -0.261469 2.08249 1.93125
30.8723 0.402832 -0.738531 -0.261469 2.09374 1.91787

30.8496 0.459637 -0.686798 -0.313202 1.72014 2.27283
30.8488 0.461426 -0.686798 -0.313202 1.70193 2.28348

30.8488 0.461426 -0.678321 -0.321679 1.7021 2.28347
30.8453 0.46875 -0.678321 -0.321679 1.63782 2.33597

30.8643 0.424905 -0.71754 -0.28246 1.97373 2.05194
30.8614 0.432129 -0.71754 -0.28246 1.92943 2.10089

30.8614 0.432129 -0.710127 -0.289873 1.92942 2.10089
30.8584 0.439453 -0.710127 -0.289873 1.87943 2.14599

30.8698 0.410156 -0.731754 -0.268246 2.05617 1.96307
30.8671 0.41748 -0.731754 -0.268246 2.01895 2.00907

30.8671 0.41748 -0.724719 -0.275281 2.01894 2.00907
30.8643 0.424805 -0.724719 -0.275281 1.97444 2.05131

30.8643 0.424896 -0.71754 -0.28246 1.97383 2.05188
30.8643 0.424805 -0.71754 -0.28246 1.97446 2.05131

30.8569 0.442993 -0.702705 -0.297295 1.85706 2.16976
30.8553 0.446777 -0.702705 -0.297295 1.8262 2.19437

30.8553 0.446777 -0.69497 -0.30503 1.82623 2.19437
30.8521 0.454102 -0.69497 -0.30503 1.76457 2.24226

30.8569 0.442964 -0.702705 -0.297295 1.85739 2.16955
30.8584 0.439453 -0.702705 -0.297295 1.8795 2.14599

30.8496 0.459588 -0.686798 -0.313202 1.72092 2.27253
30.8521 0.454102 -0.686798 -0.313202 1.76463 2.24225

30.8862 0.358808 -0.781536 -0.218464 2.29932 1.65872
30.8862 0.358887 -0.781536 -0.218464 2.29896 1.6592

30.8862 0.358887 -0.775701 -0.224299 2.29906 1.65921
30.8841 0.366211 -0.775701 -0.224299 2.2707 1.70296

30.8862 0.358769 -0.781536 -0.218464 2.2996 1.65849
30.8882 0.351562 -0.781536 -0.218464 2.32689 1.61583

30.8841 0.366211 -0.769678 -0.230322 2.2707 1.70295
30.8819 0.373535 -0.769678 -0.230322 2.24281 1.74567

30.8819 0.373535 -0.763586 -0.236414 2.24281 1.74567
30.8796 0.380859 -0.763586 -0.236414 2.2068 1.78801

30.8789 0.383083 -0.757587 -0.242413 2.19605 1.80246
30.8796 0.380859 -0.757587 -0.242413 2.20685 1.78802

30.4688 0.526569 0.54467 -0.45533 1.36531 -1.66039
30.4694 0.527344 0.54467 -0.45533 1.35438 -1.66678

30.4694 0.527344 0.537681 -0.462319 1.35446 -1.66645
30.4757 0.534668 0.537681 -0.462319 1.25778 -1.72156

30.4756 0.534668 0.53304 -0.46696 1.2583 -1.71965
30.4761 0.535238 0.53304 -0.46696 1.25194 -1.72414

30.4761 0.535116 0.527958 -0.472042 1.25276 -1.72514
30.4822 0.541992 0.527958 -0.472042 1.1444 -1.76776

30.4821 0.541992 0.52164 -0.47836 1.14503 -1.76652
30.4834 0.543364 0.52164 -0.47836 1.1181 -1.77005

30.4834 0.543259 0.516423 -0.483577 1.11941 -1.77124
30.4891 0.549316 0.516423 -0.483577 1.01509 -1.80361

30.489 0.549316 0.508314 -0.491686 1.0154 -1.80274
30.4907 0.551075 0.508314 -0.491686 0.988233 -1.8165

30.4907 0.551003 0.501363 -0.498637 0.988891 -1.81718
30.4963 0.556641 0.501363 -0.498637 0.883316 -1.86736

30.4962 0.556641 0.494019 -0.505981 0.884071 -1.86525
30.498 0.558417 0.494019 -0.505981 0.846125 -1.88604

30.498 0.558325 0.485209 -0.514791 0.847389 -1.88691
30.504 0.563965 0.485209 -0.514791 0.703459 -1.92762

30.5039 0.563965 0.480276 -0.519724 0.705025 -1.92542
30.5054 0.565342 0.480276 -0.519724 0.663563 -1.9302

30.5054 0.565252 0.472408 -0.527592 0.665258 -1.93133
30.5121 0.571289 0.472408 -0.527592 0.50415 -1.93904

30.512 0.571289 0.465915 -0.534085 0.505387 -1.93761
30.5127 0.571909 0.465915 -0.534085 0.490776 -1.93723

30.5127 0.571824 0.457929 -0.542071 0.491838 -1.93836
30.52 0.578011 0.457929 -0.542071 0.345672 -1.95883

30.52 0.577995 0.44601 -0.55399 0.345876 -1.95904
30.5208 0.578613 0.44601 -0.55399 0.331801 -1.96284

30.5208 0.578613 0.441867 -0.558133 0.331924 -1.96262
30.5273 0.583816 0.441867 -0.558133 0.195848 -1.98507

30.5273 0.58378 0.422673 -0.577327 0.196485 -1.98561
30.5303 0.585938 0.422673 -0.577327 0.128974 -1.98679

30.5302 0.585938 0.42464 -0.57536 0.129958 -1.9856
30.5347 0.589244 0.42464 -0.57536 0.0177066 -1.96834

30.5347 0.589208 0.408763 -0.591237 0.0184164 -1.96881
30.5405 0.593262 0.408763 -0.591237 -0.119979 -1.93754

30.5404 0.593262 0.398449 -0.601551 -0.118437 -1.93695
30.542 0.594337 0.398449 -0.601551 -0.153247 -1.9287

30.542 0.594291 0.391039 -0.608961 -0.152409 -1.92931
30.5493 0.598994 0.391039 -0.608961 -0.316894 -1.90153

30.5493 0.598958 0.372914 -0.627086 -0.316128 -1.90207
30.5521 0.600586 0.372914 -0.627086 -0.377604 -1.89052

30.552 0.600586 0.372914 -0.627086 -0.376856 -1.89017
30.5566 0.603359 0.372914 -0.627086 -0.490301 -1.83744

30.5566 0.60335 0.353635 -0.646365 -0.490084 -1.83757
30.564 0.607357 0.353635 -0.646365 -0.652822 -1.77757

30.564 0.607345 0.332415 -0.667585 -0.652533 -1.77771
30.5651 0.60791 0.332415 -0.667585 -0.675602 -1.77503

30.5651 0.60791 0.332415 -0.667585 -0.675377 -1.77495
30.5713 0.611004 0.332415 -0.667585 -0.817331 -1.70607

30.5713 0.611 0.310312 -0.689688 -0.8172 -1.70612
30.5786 0.614295 0.310312 -0.689688 -0.978937 -1.60813

30.5786 0.614273 0.287877 -0.712123 -0.978305 -1.6084
30.581 0.615234 0.287877 -0.712123 -1.02753 -1.59239

30.5809 0.615234 0.287877 -0.712123 -1.02699 -1.5925
30.5859 0.617258 0.287877 -0.712123 -1.14894 -1.51444

30.5859 0.617256 0.263866 -0.736134 -1.14889 -1.51446
30.5933 0.619882 0.263866 -0.736134 -1.3175 -1.34094

30.5933 0.619878 0.237781 -0.762219 -1.3174 -1.341
30.6006 0.622163 0.237781 -0.762219 -1.44901 -1.19725

30.6006 0.622158 0.210626 -0.789374 -1.44884 -1.1973
30.6021 0.622559 0.210626 -0.789374 -1.47516 -1.18002

30.6021 0.622559 0.210626 -0.789374 -1.47499 -1.18019
30.6079 0.624117 0.210626 -0.789374 -1.58652 -1.08001

30.6079 0.62412 0.180952 -0.819048 -1.58664 -1.07998
30.6152 0.625738 0.180952 -0.819048 -1.73131 -0.913888

30.6152 0.625737 0.148321 -0.851679 -1.73126 -0.913894
30.6226 0.627013 0.148321 -0.851679 -1.84348 -0.716911

30.6226 0.627011 0.113559 -0.886441 -1.84345 -0.716937
30.6299 0.627949 0.113559 -0.886441 -1.92705 -0.505916

30.6299 0.627948 0.0764946 -0.923505 -1.92703 -0.505929
30.6372 0.628555 0.0764946 -0.923505 -1.99263 -0.286095

30.6372 0.628555 0.0364406 -0.963559 -1.99263 -0.286094
30.6445 0.628832 0.0364406 -0.963559 -2.03706 -0.0634029

30.6445 0.628833 -0.00749159 -0.992508 -2.03709 -0.0633964
30.6519 0.628778 -0.00749159 -0.992508 -2.05935 0.155193

30.6519 0.62878 -0.0509955 -0.949005 -2.05939 0.155197
30.6592 0.628386 -0.0509955 -0.949005 -2.06372 0.368947

30.6592 0.628388 -0.0916523 -0.908348 -2.06376 0.368947
30.6665 0.627649 -0.0916523 -0.908348 -2.05536 0.586156

30.6665 0.62765 -0.129595 -0.870405 -2.05539 0.586154
30.6738 0.62656 -0.129595 -0.870405 -2.03808 0.820262

30.6738 0.626561 -0.164937 -0.835063 -2.0381 0.820257
30.6812 0.625114 -0.164937 -0.835063 -1.96281 1.05915

30.6812 0.625112 -0.197361 -0.802639 -1.9627 1.05914
30.6885 0.623311 -0.197361 -0.802639 -1.87186 1.25374

30.6958 0.62116 -0.227123 -0.772877 -1.78544 1.45012
30.691 0.622559 -0.227123 -0.772877 -1.84593 1.31486

30.6885 0.62331 -0.227123 -0.772877 -1.87181 1.25374
30.691 0.622559 -0.227123 -0.772877 -1.8459 1.31465

30.6958 0.621169 -0.256266 -0.743734 -1.78575 1.45005
30.7031 0.618645 -0.256266 -0.743734 -1.67365 1.69461

30.7617 0.583564 -0.45066 -0.54934 -0.349291 2.66354
30.7588 0.585938 -0.45066 -0.54934 -0.422773 2.63524

30.813 0.525167 -0.598591 -0.401409 0.951363 2.67797
30.8115 0.527344 -0.598591 -0.401409 0.917317 2.69541

30.8203 0.514018 -0.6083 -0.3917 1.09034 2.61445
30.8164 0.52002 -0.6083 -0.3917 0.99884 2.64776

30.813 0.52512 -0.596776 -0.403224 0.952502 2.67766
30.8164 0.52002 -0.596776 -0.403224 0.999072 2.64769

30.791 0.554027 -0.539444 -0.460556 0.413161 2.75084
30.7888 0.556641 -0.539444 -0.460556 0.352383 2.75382

30.7764 0.569984 -0.49888 -0.50112 0.0258325 2.7324
30.7751 0.571289 -0.49888 -0.50112 -0.00884126 2.72648

30.769 0.577052 -0.476756 -0.523244 -0.161201 2.70441
30.7673 0.578613 -0.476756 -0.523244 -0.204318 2.69723

30.7617 0.583464 -0.46858 -0.53142 -0.345563 2.66367
30.7672 0.578613 -0.46858 -0.53142 -0.203487 2.69648

30.769 0.576955 -0.48797 -0.51203 -0.157712 2.70414
30.775 0.571289 -0.48797 -0.51203 -0.00827191 2.72594

30.7837 0.562319 -0.518846 -0.481154 0.221822 2.75123
30.7822 0.563965 -0.518846 -0.481154 0.181227 2.75106

30.7764 0.569913 -0.509205 -0.490795 0.0283215 2.73215
30.7821 0.563965 -0.509205 -0.490795 0.181847 2.75074

30.7837 0.562264 -0.526449 -0.473551 0.223678 2.75098
30.7887 0.556641 -0.526449 -0.473551 0.352697 2.7537

30.8057 0.535537 -0.570761 -0.429239 0.757202 2.71746
30.8008 0.541992 -0.570761 -0.429239 0.629683 2.73205

30.7983 0.545101 -0.556939 -0.443061 0.5801 2.73473
30.795 0.549316 -0.556939 -0.443061 0.498664 2.74987

30.791 0.554002 -0.544447 -0.455553 0.413933 2.75074
30.7949 0.549316 -0.544447 -0.455553 0.499075 2.74985

30.7983 0.545112 -0.563413 -0.436587 0.579794 2.73483
30.8008 0.541992 -0.563413 -0.436587 0.630464 2.73152

30.8115 0.527344 -0.584542 -0.415458 0.917564 2.69545
30.8063 0.534668 -0.584542 -0.415458 0.776236 2.7171

30.8057 0.535512 -0.578013 -0.421987 0.757942 2.7173
30.8063 0.534668 -0.578013 -0.421987 0.776495 2.71691

30.7178 0.612432 -0.311203 -0.688797 -1.41281 1.99096
30.7116 0.615234 -0.311203 -0.688797 -1.51165 1.82723

30.7178 0.612432 -0.337073 -0.662927 -1.4128 1.99096
30.7251 0.608708 -0.337073 -0.662927 -1.24463 2.13616

30.7324 0.604568 -0.361388 -0.638612 -1.11103 2.2839
30.7265 0.60791 -0.361388 -0.638612 -1.21793 2.1459

30.7251 0.608695 -0.360653 -0.639347 -1.24404 2.13608
30.7265 0.60791 -0.360653 -0.639347 -1.21773 2.14562

30.7031 0.618643 -0.284392 -0.715608 -1.67355 1.6946
30.7104 0.615733 -0.284392 -0.715608 -1.52873 1.81835

30.7104 0.615734 -0.311203 -0.688797 -1.52876 1.81835
30.7116 0.615234 -0.311203 -0.688797 -1.51158 1.82707

30.7397 0.600097 -0.382071 -0.617929 -0.887306 2.43179
30.739 0.600586 -0.382071 -0.617929 -0.907358 2.42165

30.7397 0.600015 -0.406615 -0.593385 -0.883472 2.43192
30.7471 0.594996 -0.406615 -0.593385 -0.721067 2.50445

30.7324 0.60455 -0.384008 -0.615992 -1.11042 2.28405
30.7388 0.600586 -0.384008 -0.615992 -0.906773 2.41957

30.7544 0.589505 -0.42888 -0.57112 -0.557057 2.58697
30.7494 0.593262 -0.42888 -0.57112 -0.667168 2.51672

30.7471 0.594934 -0.419539 -0.580461 -0.718321 2.50397
30.7494 0.593262 -0.419539 -0.580461 -0.667093 2.51664

30.7544 0.589436 -0.446305 -0.553695 -0.553654 2.58641
30.7587 0.585938 -0.446305 -0.553695 -0.422302 2.63443

30.835 0.489 -0.651032 -0.348968 1.43227 2.458
30.834 0.490723 -0.651032 -0.348968 1.40744 2.4674

30.834 0.490723 -0.641036 -0.358964 1.40769 2.46737
30.8299 0.498047 -0.641036 -0.358964 1.32145 2.5175

30.8423 0.474923 -0.669706 -0.330294 1.58599 2.37433
30.8417 0.476074 -0.669706 -0.330294 1.57159 2.38163

30.8417 0.476074 -0.66066 -0.33934 1.57183 2.38162
30.8379 0.483398 -0.66066 -0.33934 1.4887 2.43171

30.8423 0.474866 -0.669706 -0.330294 1.58707 2.37396
30.8453 0.46875 -0.669706 -0.330294 1.63788 2.33595

30.835 0.48894 -0.651032 -0.348968 1.43354 2.45763
30.8379 0.483398 -0.651032 -0.348968 1.48878 2.43168

30.8276 0.501964 -0.631108 -0.368892 1.2945 2.55035
30.8256 0.505371 -0.631108 -0.368892 1.24546 2.58168

30.8256 0.505371 -0.620225 -0.379775 1.24545 2.58167
30.8212 0.512695 -0.620225 -0.379775 1.11643 2.6114

30.8276 0.501923 -0.631108 -0.368892 1.29541 2.55007
30.8299 0.498047 -0.631108 -0.368892 1.32165 2.51748

30.8203 0.514012 -0.613827 -0.386173 1.09051 2.61441
30.8211 0.512695 -0.613827 -0.386173 1.11664 2.61126

