8.14453 0.138367 0.855383 -0.144617 2.38927 -0.259418
8.14467 0.13916 0.855383 -0.144617 2.38971 -0.261905

8.14467 0.13916 0.847782 -0.152218 2.38973 -0.261921
8.14598 0.146484 0.847782 -0.152218 2.38421 -0.283957

8.14598 0.146484 0.840917 -0.159083 2.38421 -0.283958
8.14737 0.153809 0.840917 -0.159083 2.38267 -0.295937

8.14737 0.153809 0.833991 -0.166009 2.38267 -0.295933
8.14883 0.161133 0.833991 -0.166009 2.38043 -0.296295

8.14883 0.161133 0.826884 -0.173116 2.38043 -0.296296
8.15036 0.168457 0.826884 -0.173116 2.36334 -0.294993

8.15036 0.168457 0.820088 -0.179912 2.36334 -0.29499
8.15186 0.17527 0.820088 -0.179912 2.35429 -0.294301

8.15186 0.175266 0.820088 -0.179912 2.35429 -0.2943
8.15197 0.175781 0.820088 -0.179912 2.35423 -0.294279

8.15197 0.175781 0.813623 -0.186377 2.35423 -0.29428
8.15364 0.183105 0.813623 -0.186377 2.35499 -0.298199

8.15364 0.183105 0.807058 -0.192942 2.35499 -0.298199
8.1554 0.19043 0.807058 -0.192942 2.35711 -0.308666

8.15539 0.19043 0.800224 -0.199776 2.3571 -0.308666
8.15722 0.197754 0.800224 -0.199776 2.35322 -0.328979

8.15722 0.197754 0.793493 -0.206507 2.35323 -0.328981
8.15913 0.205078 0.793493 -0.206507 2.33671 -0.351812

8.15913 0.205078 0.78427 -0.21573 2.33669 -0.351803
8.15918 0.205276 0.78427 -0.21573 2.33665 -0.346129

8.15918 0.205256 0.787377 -0.212623 2.33672 -0.346095
8.16111 0.212402 0.787377 -0.212623 2.32232 -0.360112

8.16111 0.212402 0.781396 -0.218604 2.32231 -0.360111
8.16316 0.219727 0.781396 -0.218604 2.31818 -0.377443

8.16316 0.219727 0.775055 -0.224945 2.31818 -0.377436
8.16528 0.227051 0.775055 -0.224945 2.31485 -0.40145

8.16528 0.227051 0.768543 -0.231457 2.31484 -0.401442
8.1665 0.231116 0.768543 -0.231457 2.31059 -0.413643

8.1665 0.231105 0.768543 -0.231457 2.31062 -0.413634
8.16749 0.234375 0.768543 -0.231457 2.30482 -0.420308

8.16749 0.234375 0.762138 -0.237862 2.30481 -0.420303
8.16977 0.241699 0.762138 -0.237862 2.30177 -0.435438

8.16977 0.241699 0.755825 -0.244175 2.30177 -0.435437
8.17214 0.249023 0.755825 -0.244175 2.30043 -0.456007

8.17214 0.249023 0.749625 -0.250375 2.30043 -0.456004
8.17383 0.254084 0.749625 -0.250375 2.29316 -0.47121

8.17383 0.254073 0.749625 -0.250375 2.29321 -0.471182
8.17459 0.256348 0.749625 -0.250375 2.28634 -0.479641

8.17458 0.256348 0.743451 -0.256549 2.28633 -0.479628
8.17711 0.263672 0.743451 -0.256549 2.27023 -0.502236

8.17711 0.263672 0.736736 -0.263264 2.27021 -0.502226
8.17973 0.270996 0.736736 -0.263264 2.2498 -0.525525

8.17972 0.270996 0.729286 -0.270714 2.24979 -0.525506
8.18115 0.274854 0.729286 -0.270714 2.23629 -0.538923

8.18115 0.274838 0.729286 -0.270714 2.23636 -0.538912
8.18245 0.27832 0.729286 -0.270714 2.22447 -0.545265

8.18244 0.27832 0.721748 -0.278252 2.22446 -0.545258
8.18527 0.285645 0.721748 -0.278252 2.20473 -0.559752

8.18527 0.285645 0.715155 -0.284845 2.20475 -0.559756
8.18819 0.292969 0.715155 -0.284845 2.18592 -0.569918

8.18818 0.292969 0.709758 -0.290242 2.1859 -0.569906
8.18848 0.293695 0.709758 -0.290242 2.1838 -0.570939

8.18848 0.293663 0.709758 -0.290242 2.18393 -0.57091
8.19119 0.300293 0.709758 -0.290242 2.18162 -0.590183

8.19118 0.300293 0.704452 -0.295548 2.1816 -0.590172
8.19426 0.307617 0.704452 -0.295548 2.18261 -0.63303

8.19425 0.307617 0.698598 -0.301402 2.18259 -0.632974
8.1958 0.311213 0.698598 -0.301402 2.17477 -0.652729

8.1958 0.311189 0.698598 -0.301402 2.17486 -0.652679
8.19742 0.314941 0.698598 -0.301402 2.1655 -0.669457

8.19741 0.314941 0.692088 -0.307912 2.16545 -0.669405
8.20067 0.322266 0.692088 -0.307912 2.14903 -0.706492

8.20067 0.322266 0.68519 -0.31481 2.14902 -0.706474
8.20312 0.327615 0.68519 -0.31481 2.1243 -0.736396

8.20312 0.327597 0.68519 -0.31481 2.12447 -0.736367
8.20404 0.32959 0.68519 -0.31481 2.11009 -0.744758

8.20403 0.32959 0.678454 -0.321546 2.11007 -0.744724
8.20751 0.336914 0.678454 -0.321546 2.07124 -0.767001

8.20751 0.336914 0.672083 -0.327917 2.07124 -0.767002
8.21045 0.342945 0.672083 -0.327917 2.04264 -0.775371

8.21045 0.342936 0.672083 -0.327917 2.04271 -0.775358
8.21108 0.344238 0.672083 -0.327917 2.03593 -0.777936

8.21108 0.344238 0.665771 -0.334229 2.03591 -0.77793
8.21476 0.351562 0.665771 -0.334229 2.01513 -0.807059

8.21475 0.351562 0.659184 -0.340816 2.01512 -0.807036
8.21777 0.357404 0.659184 -0.340816 1.99537 -0.843615

8.21777 0.357391 0.659184 -0.340816 1.99546 -0.843589
8.21855 0.358887 0.659184 -0.340816 1.98833 -0.850943

8.21854 0.358887 0.652204 -0.347796 1.9883 -0.850894
8.22244 0.366211 0.652204 -0.347796 1.96223 -0.891243

8.22244 0.366211 0.645306 -0.354694 1.96222 -0.891222
8.2251 0.371044 0.645306 -0.354694 1.94126 -0.922108

8.2251 0.371015 0.645306 -0.354694 1.94155 -0.922033
8.22648 0.373535 0.645306 -0.354694 1.92297 -0.937532

8.22647 0.373535 0.638556 -0.361444 1.9229 -0.937449
8.23062 0.380859 0.638556 -0.361444 1.87155 -0.972695

8.2306 0.380859 0.631878 -0.368122 1.87152 -0.97263
8.23242 0.383981 0.631878 -0.368122 1.84801 -0.983055

8.23242 0.383938 0.631878 -0.368122 1.8484 -0.983042
8.2349 0.388184 0.631878 -0.368122 1.8309 -1.00348

8.23488 0.388184 0.624789 -0.375211 1.83081 -1.00339
8.23928 0.395508 0.624789 -0.375211 1.78929 -1.04613

8.23925 0.395508 0.622917 -0.377083 1.78923 -1.04595
8.23975 0.396327 0.622917 -0.377083 1.78256 -1.04979

8.23975 0.396262 0.616907 -0.383093 1.78319 -1.04977
8.24383 0.402832 0.616907 -0.383093 1.75313 -1.08683

8.24382 0.402832 0.609201 -0.390799 1.7531 -1.08673
8.24707 0.407903 0.609201 -0.390799 1.72898 -1.13463

8.24707 0.407866 0.609904 -0.390096 1.72945 -1.13455
8.24854 0.410156 0.609904 -0.390096 1.70748 -1.15272

8.24852 0.410156 0.601446 -0.398554 1.7074 -1.15256
8.25337 0.41748 0.601446 -0.398554 1.62974 -1.1912

8.25335 0.41748 0.601811 -0.398189 1.62969 -1.19105
8.25439 0.419062 0.601811 -0.398189 1.6102 -1.19751

8.25439 0.418954 0.593805 -0.406195 1.61166 -1.19754
8.2584 0.424805 0.593805 -0.406195 1.56626 -1.2269

8.25837 0.424805 0.586394 -0.413606 1.56621 -1.22664
8.26172 0.429548 0.586394 -0.413606 1.53207 -1.26202

8.26172 0.429497 0.589056 -0.410944 1.53259 -1.26202
8.26356 0.432129 0.589056 -0.410944 1.51165 -1.27905

8.26353 0.432129 0.577404 -0.422596 1.51158 -1.27884
8.26889 0.439453 0.577404 -0.422596 1.43894 -1.32632

8.26884 0.439453 0.573242 -0.426758 1.4389 -1.32578
8.26904 0.439728 0.573242 -0.426758 1.43528 -1.32748

8.26904 0.439639 0.56788 -0.43212 1.43651 -1.32758
8.27448 0.446777 0.56788 -0.43212 1.36506 -1.37696

8.27445 0.446777 0.564799 -0.435201 1.36501 -1.37659
8.27637 0.449268 0.564799 -0.435201 1.345 -1.40121

8.27637 0.44915 0.559447 -0.440553 1.34611 -1.40127
8.28027 0.454102 0.559447 -0.440553 1.29296 -1.44355

8.28024 0.454102 0.554094 -0.445906 1.29297 -1.44333
8.28369 0.458386 0.554094 -0.445906 1.23404 -1.46507

8.28369 0.458292 0.5528 -0.4472 1.2352 -1.46549
8.28623 0.461426 0.5528 -0.4472 1.19076 -1.47952

8.2862 0.461426 0.541446 -0.458554 1.19082 -1.47923
8.29102 0.467111 0.541446 -0.458554 1.11769 -1.49684

8.29102 0.467085 0.539006 -0.460994 1.11792 -1.49698
8.29244 0.46875 0.539006 -0.460994 1.09921 -1.5022

8.29241 0.46875 0.530218 -0.469782 1.09928 -1.50191
8.29834 0.475442 0.530218 -0.469782 1.04104 -1.53553

8.29834 0.475435 0.526116 -0.473884 1.04108 -1.53556
8.29892 0.476074 0.526116 -0.473884 1.0373 -1.53979

8.2989 0.476074 0.519452 -0.480548 1.03732 -1.53958
8.30566 0.483386 0.519452 -0.480548 0.969546 -1.58313

8.30559 0.483398 0.514208 -0.485792 0.969572 -1.58223
8.30566 0.483476 0.514208 -0.485792 0.968676 -1.58265

8.30566 0.483384 0.514466 -0.485534 0.969567 -1.58315
8.30568 0.483398 0.514466 -0.485534 0.969401 -1.58322

8.30567 0.483398 0.508477 -0.491523 0.96942 -1.58312
8.31275 0.490723 0.508477 -0.491523 0.854666 -1.60939

8.31265 0.490723 0.502735 -0.497265 0.855075 -1.60859
8.31299 0.491067 0.502735 -0.497265 0.848001 -1.60905

8.31299 0.490966 0.4968 -0.5032 0.849678 -1.60971
8.32016 0.498047 0.4968 -0.5032 0.716343 -1.61686

8.32003 0.498047 0.491098 -0.508902 0.716924 -1.61579
8.32031 0.498322 0.491098 -0.508902 0.711931 -1.61622

8.32031 0.498198 0.485149 -0.514851 0.713623 -1.61706
8.32764 0.505099 0.485149 -0.514851 0.607558 -1.63135

8.32764 0.505091 0.478323 -0.521677 0.60763 -1.63142
8.32794 0.505371 0.478323 -0.521677 0.604114 -1.63212

8.32794 0.505371 0.472878 -0.527122 0.604145 -1.63205
8.33496 0.511674 0.472878 -0.527122 0.517405 -1.65872

8.33496 0.511648 0.463456 -0.536544 0.517668 -1.65894
8.33617 0.512695 0.463456 -0.536544 0.501408 -1.66429

8.33616 0.512695 0.459632 -0.540368 0.501487 -1.66409
8.34229 0.517908 0.459632 -0.540368 0.409852 -1.67128

8.34229 0.517876 0.446243 -0.553757 0.410214 -1.67162
8.34495 0.52002 0.446243 -0.553757 0.370345 -1.668

8.34488 0.52002 0.444888 -0.555112 0.370742 -1.66753
8.34961 0.52381 0.444888 -0.555112 0.295278 -1.65753

8.34961 0.523789 0.433874 -0.566126 0.295502 -1.65776
8.35425 0.527344 0.433874 -0.566126 0.231875 -1.63997

8.35413 0.527344 0.42651 -0.57349 0.232426 -1.6396
8.35693 0.529426 0.42651 -0.57349 0.194106 -1.63228

8.35693 0.529422 0.42063 -0.57937 0.194157 -1.63231
8.36416 0.534668 0.42063 -0.57937 0.10221 -1.62516

8.36406 0.534668 0.412875 -0.587125 0.102628 -1.62451
8.36426 0.534805 0.412875 -0.587125 0.100366 -1.6248

8.36426 0.534745 0.406289 -0.593711 0.100987 -1.62525
8.37158 0.539757 0.406289 -0.593711 0.00137248 -1.61785

8.37158 0.539723 0.391654 -0.608346 0.00186951 -1.61821
8.37511 0.541992 0.391654 -0.608346 -0.0512788 -1.60048

8.37503 0.541992 0.391654 -0.608346 -0.050829 -1.60035
8.37891 0.544488 0.391654 -0.608346 -0.109084 -1.57658

8.37891 0.544462 0.377388 -0.622612 -0.108676 -1.57676
8.38623 0.548902 0.377388 -0.622612 -0.210309 -1.55438

8.38623 0.548894 0.362048 -0.637952 -0.210184 -1.55443
8.38698 0.549316 0.362048 -0.637952 -0.220399 -1.55531

8.38696 0.549316 0.362551 -0.637449 -0.220315 -1.55521
8.39355 0.553069 0.362551 -0.637449 -0.332307 -1.51422

8.39355 0.55306 0.347245 -0.652755 -0.332162 -1.51434
8.40029 0.556641 0.347245 -0.652755 -0.423109 -1.44735

8.40017 0.556641 0.34662 -0.65338 -0.422703 -1.44734
8.40088 0.557016 0.34662 -0.65338 -0.431047 -1.44517

8.40088 0.556962 0.331451 -0.668549 -0.430211 -1.44549
8.4082 0.560594 0.331451 -0.668549 -0.526879 -1.39547

8.4082 0.56059 0.315168 -0.684832 -0.526826 -1.39551
8.41553 0.563961 0.315168 -0.684832 -0.61441 -1.34236

8.41549 0.563965 0.315168 -0.684832 -0.614331 -1.34227
8.41553 0.563982 0.315168 -0.684832 -0.614778 -1.34225

8.41553 0.563958 0.298026 -0.701974 -0.614359 -1.34237
8.41554 0.563965 0.298026 -0.701974 -0.614546 -1.34236

8.41553 0.563965 0.298026 -0.701974 -0.614483 -1.34234
8.42285 0.567074 0.298026 -0.701974 -0.715642 -1.29304

8.42285 0.567071 0.279881 -0.720119 -0.715578 -1.29305
8.43018 0.569918 0.279881 -0.720119 -0.813265 -1.19279

8.43018 0.569902 0.261838 -0.738162 -0.812961 -1.19291
8.43409 0.571289 0.261838 -0.738162 -0.857516 -1.15226

8.43402 0.571289 0.261838 -0.738162 -0.857191 -1.15278
8.4375 0.572525 0.261838 -0.738162 1e+30 1e+30

