40.3848 0.46875 0.613779 -0.386221 2.07605 -1.09701
40.3857 0.470176 0.613779 -0.386221 2.0591 -1.10844

40.3857 0.470085 0.60878 -0.39122 2.06025 -1.10849
40.3896 0.476074 0.60878 -0.39122 2.02948 -1.16075

40.3896 0.476074 0.601954 -0.398046 2.02946 -1.16041
40.3931 0.481357 0.601954 -0.398046 1.98928 -1.22771

40.3931 0.481305 0.604124 -0.395876 1.99024 -1.22772
40.3944 0.483398 0.604124 -0.395876 1.95391 -1.24676

40.3944 0.483398 0.594481 -0.405519 1.95387 -1.24647
40.3994 0.490723 0.594481 -0.405519 1.84401 -1.29786

40.3994 0.490723 0.593996 -0.406004 1.84403 -1.29738
40.4004 0.492204 0.593996 -0.406004 1.82365 -1.3072

40.4004 0.492086 0.586959 -0.413041 1.82523 -1.3075
40.4046 0.498047 0.586959 -0.413041 1.78189 -1.36151

40.4045 0.498047 0.579727 -0.420273 1.78186 -1.36061
40.4077 0.502416 0.579727 -0.420273 1.75807 -1.43244

40.4077 0.502333 0.581795 -0.418205 1.75922 -1.43254
40.4099 0.505371 0.581795 -0.418205 1.72053 -1.47362

40.4099 0.505371 0.569735 -0.430265 1.72047 -1.47284
40.415 0.512229 0.569735 -0.430265 1.60011 -1.53458

40.415 0.512202 0.568064 -0.431936 1.60069 -1.53472
40.4154 0.512695 0.568064 -0.431936 1.58848 -1.53827

40.4154 0.512695 0.560426 -0.439574 1.58848 -1.53826
40.4212 0.52002 0.560426 -0.439574 1.46994 -1.59765

40.4211 0.52002 0.55729 -0.44271 1.47014 -1.59609
40.4224 0.521634 0.55729 -0.44271 1.45636 -1.61528

40.4224 0.521486 0.552807 -0.447193 1.45732 -1.6159
40.4271 0.527344 0.552807 -0.447193 1.39183 -1.67521

40.4271 0.527344 0.548629 -0.451371 1.39212 -1.67421
40.4297 0.530548 0.548629 -0.451371 1.34649 -1.69941

40.4297 0.530421 0.545797 -0.454203 1.34771 -1.70049
40.4332 0.534668 0.545797 -0.454203 1.2779 -1.73017

40.4332 0.534668 0.536441 -0.463559 1.2778 -1.73051
40.437 0.539034 0.536441 -0.463559 1.2064 -1.75379

40.437 0.538949 0.529955 -0.470045 1.20722 -1.75456
40.4397 0.541992 0.529955 -0.470045 1.16349 -1.77514

40.4397 0.541992 0.523545 -0.476455 1.16345 -1.77529
40.4443 0.547065 0.523545 -0.476455 1.08591 -1.80982

40.4443 0.546991 0.516293 -0.483707 1.08684 -1.81054
40.4465 0.549316 0.516293 -0.483707 1.04554 -1.82502

40.4465 0.549316 0.510603 -0.489397 1.04566 -1.82466
40.4517 0.554707 0.510603 -0.489397 0.934992 -1.84352

40.4517 0.554671 0.503162 -0.496838 0.935509 -1.84388
40.4536 0.556641 0.503162 -0.496838 0.894161 -1.85035

40.4536 0.556641 0.495251 -0.504749 0.894434 -1.84981
40.459 0.561958 0.495251 -0.504749 0.782052 -1.89035

40.459 0.561929 0.487437 -0.512563 0.782539 -1.89065
40.4611 0.563965 0.487437 -0.512563 0.733894 -1.90882

40.461 0.563965 0.478294 -0.521706 0.734438 -1.90735
40.4663 0.56879 0.478294 -0.521706 0.619611 -1.95824

40.4663 0.568775 0.46971 -0.53029 0.619851 -1.95843
40.4691 0.571289 0.46971 -0.53029 0.557131 -1.98472

40.469 0.571289 0.461962 -0.538038 0.557988 -1.98262
40.4736 0.575231 0.461962 -0.538038 0.449004 -2.00064

40.4736 0.575237 0.450204 -0.549796 0.448903 -2.00055
40.4778 0.578613 0.450204 -0.549796 0.349423 -2.0042

40.4776 0.578613 0.445596 -0.554404 0.350891 -2.00318
40.481 0.5813 0.445596 -0.554404 0.266718 -1.99144

40.481 0.581284 0.436935 -0.563065 0.267007 -1.99165
40.487 0.585938 0.436935 -0.563065 0.127538 -1.96965

40.4868 0.585938 0.429275 -0.570725 0.128809 -1.96873
40.4883 0.587039 0.429275 -0.570725 0.0993423 -1.96377

40.4883 0.586986 0.420447 -0.579553 0.100096 -1.96448
40.4956 0.5923 0.420447 -0.579553 -0.0552863 -1.96796

40.4956 0.592283 0.399699 -0.600301 -0.0549571 -1.96819
40.4971 0.593262 0.399699 -0.600301 -0.0867156 -1.97252

40.497 0.593262 0.402837 -0.597163 -0.0862577 -1.9719
40.5029 0.597246 0.402837 -0.597163 -0.234111 -1.94533

40.5029 0.597215 0.38436 -0.61564 -0.233443 -1.94582
40.5083 0.600586 0.38436 -0.61564 -0.362499 -1.89937

40.5082 0.600586 0.381807 -0.618193 -0.361129 -1.89891
40.5103 0.601868 0.381807 -0.618193 -0.40614 -1.88981

40.5103 0.60181 0.364979 -0.635021 -0.404968 -1.8905
40.5176 0.60602 0.364979 -0.635021 -0.571002 -1.84956

40.5176 0.605987 0.34513 -0.65487 -0.570159 -1.85006
40.5212 0.60791 0.34513 -0.65487 -0.658214 -1.81843

40.5211 0.60791 0.34513 -0.65487 -0.65716 -1.81849
40.5249 0.6099 0.34513 -0.65487 -0.754099 -1.76631

40.5249 0.60988 0.323969 -0.676031 -0.753531 -1.76655
40.5322 0.61339 0.323969 -0.676031 -0.930998 -1.65382

40.5322 0.613367 0.301322 -0.698678 -0.930387 -1.65414
40.5366 0.615234 0.301322 -0.698678 -1.02095 -1.58808

40.5365 0.615234 0.301322 -0.698678 -1.02006 -1.58875
40.5396 0.616568 0.301322 -0.698678 -1.0854 -1.55612

40.5396 0.616547 0.27739 -0.72261 -1.0848 -1.5563
40.5469 0.619358 0.27739 -0.72261 -1.24264 -1.4407

40.5469 0.619357 0.251437 -0.748563 -1.24259 -1.44072
40.5542 0.621817 0.251437 -0.748563 -1.38942 -1.2968

40.5542 0.621804 0.224634 -0.775366 -1.38898 -1.29695
40.5568 0.622559 0.224634 -0.775366 -1.43996 -1.25768

40.5568 0.622559 0.224634 -0.775366 -1.43954 -1.25818
40.5615 0.623938 0.224634 -0.775366 -1.54092 -1.16317

40.5615 0.623936 0.196332 -0.803668 -1.54084 -1.16318
40.5688 0.625725 0.196332 -0.803668 -1.69212 -0.985762

40.5688 0.625725 0.165587 -0.834413 -1.69209 -0.985767
40.5762 0.627178 0.165587 -0.834413 -1.80335 -0.776202

40.5762 0.627179 0.132322 -0.867678 -1.80337 -0.776187
40.5835 0.628296 0.132322 -0.867678 -1.89045 -0.572847

40.5835 0.628297 0.0958578 -0.904142 -1.89047 -0.572836
40.5908 0.629074 0.0958578 -0.904142 -1.96808 -0.374441

40.5908 0.629073 0.0560508 -0.943949 -1.96807 -0.374444
40.5981 0.629508 0.0560508 -0.943949 -2.03681 -0.173251

40.5981 0.629508 0.0128427 -0.987157 -2.0368 -0.173259
40.6055 0.629603 0.0128427 -0.987157 -2.0874 0.0404281

40.6055 0.629603 -0.0320726 -0.967927 -2.0874 0.0404275
40.6128 0.62936 -0.0320726 -0.967927 -2.10735 0.270085

40.6128 0.629361 -0.0735855 -0.926415 -2.10736 0.270085
40.6201 0.628779 -0.0735855 -0.926415 -2.09576 0.508793

40.6201 0.628781 -0.112174 -0.887826 -2.0958 0.508788
40.6274 0.627855 -0.112174 -0.887826 -2.06326 0.748285

40.6274 0.627858 -0.148639 -0.851361 -2.06334 0.748266
40.6348 0.62658 -0.148639 -0.851361 -2.02169 0.989219

40.6348 0.626583 -0.183381 -0.816619 -2.02176 0.989191
40.6421 0.624938 -0.183381 -0.816619 -1.92614 1.20993

40.6421 0.624935 -0.215505 -0.784495 -1.92601 1.20992
40.6494 0.622923 -0.215505 -0.784495 -1.83524 1.36932

40.6567 0.620546 -0.245341 -0.754659 -1.75691 1.56606
40.6505 0.622559 -0.245341 -0.754659 -1.82458 1.38918

40.6494 0.622928 -0.245341 -0.754659 -1.83542 1.36932
40.6506 0.622559 -0.245341 -0.754659 -1.8246 1.38926

40.6567 0.62055 -0.274156 -0.725844 -1.75706 1.56602
40.6641 0.617784 -0.274156 -0.725844 -1.62307 1.79606

40.7227 0.580578 -0.461545 -0.538455 -0.246222 2.68219
40.7164 0.585938 -0.461545 -0.538455 -0.398547 2.64045

40.7812 0.508199 -0.61987 -0.38013 1.19251 2.5669
40.7785 0.512695 -0.61987 -0.38013 1.1432 2.60708

40.7739 0.519913 -0.61251 -0.38749 1.03328 2.64771
40.7739 0.52002 -0.61251 -0.38749 1.03085 2.64826

40.7738 0.52002 -0.597304 -0.402696 1.03125 2.64818
40.7689 0.527344 -0.597304 -0.402696 0.894381 2.67664

40.7739 0.519827 -0.609651 -0.390349 1.03582 2.64716
40.7785 0.512695 -0.609651 -0.390349 1.1432 2.60708

40.752 0.54985 -0.541884 -0.458116 0.509278 2.74444
40.7462 0.556641 -0.541884 -0.458116 0.362551 2.74814

40.7373 0.566381 -0.505544 -0.494456 0.140211 2.74699
40.7325 0.571289 -0.505544 -0.494456 0.0152496 2.73892

40.73 0.573793 -0.480759 -0.519241 -0.0527391 2.72865
40.7248 0.578613 -0.480759 -0.519241 -0.186629 2.69684

40.7227 0.580515 -0.474306 -0.525694 -0.243585 2.68175
40.7248 0.578613 -0.474306 -0.525694 -0.186517 2.6967

40.73 0.573722 -0.494669 -0.505331 -0.0499373 2.72805
40.7325 0.571289 -0.494669 -0.505331 0.0157307 2.73844

40.7446 0.558409 -0.525479 -0.474521 0.326776 2.74707
40.7396 0.563965 -0.525479 -0.474521 0.198278 2.74785

40.7373 0.566351 -0.514131 -0.485869 0.141327 2.74672
40.7396 0.563965 -0.514131 -0.485869 0.19898 2.74734

40.7446 0.558398 -0.531936 -0.468064 0.327124 2.74698
40.7462 0.556641 -0.531936 -0.468064 0.36304 2.74779

40.7593 0.540589 -0.571331 -0.428669 0.697197 2.72393
40.7582 0.541992 -0.571331 -0.428669 0.671935 2.73098

40.7666 0.530562 -0.584273 -0.415727 0.855339 2.68045
40.7637 0.534668 -0.584273 -0.415727 0.78767 2.70141

40.7593 0.540523 -0.571637 -0.428363 0.698979 2.72353
40.7637 0.534668 -0.571637 -0.428363 0.787797 2.70142

40.7582 0.541992 -0.557544 -0.442456 0.672214 2.73095
40.7524 0.549316 -0.557544 -0.442456 0.520938 2.74461

40.752 0.549819 -0.549111 -0.450889 0.510252 2.74424
40.7524 0.549316 -0.549111 -0.450889 0.521214 2.74441

40.7666 0.530536 -0.586634 -0.413366 0.85591 2.68025
40.7689 0.527344 -0.586634 -0.413366 0.894841 2.67633

40.6714 0.614679 -0.300632 -0.699368 -1.45626 1.95309
40.6701 0.615234 -0.300632 -0.699368 -1.48276 1.92928

40.6714 0.614641 -0.325927 -0.674073 -1.45458 1.95325
40.6787 0.6111 -0.325927 -0.674073 -1.31677 2.1241

40.686 0.607221 -0.350666 -0.649334 -1.13279 2.2444
40.6848 0.60791 -0.350666 -0.649334 -1.15951 2.23004

40.6787 0.611081 -0.350666 -0.649334 -1.31566 2.12402
40.6846 0.60791 -0.350666 -0.649334 -1.15916 2.22821

40.686 0.607157 -0.375058 -0.624942 -1.13008 2.24452
40.6934 0.602762 -0.375058 -0.624942 -0.988077 2.34761

40.6641 0.617766 -0.300632 -0.699368 -1.62202 1.79601
40.67 0.615234 -0.300632 -0.699368 -1.48294 1.92695

40.7007 0.59793 -0.39836 -0.60164 -0.813006 2.46573
40.6967 0.600586 -0.39836 -0.60164 -0.907491 2.39956

40.708 0.592721 -0.422836 -0.577164 -0.617264 2.56724
40.7073 0.593262 -0.422836 -0.577164 -0.636412 2.556

40.7007 0.597896 -0.419827 -0.580173 -0.811735 2.46587
40.7071 0.593262 -0.419827 -0.580173 -0.635443 2.55325

40.6934 0.60272 -0.397685 -0.602315 -0.985984 2.34736
40.6966 0.600586 -0.397685 -0.602315 -0.906815 2.39796

40.708 0.592616 -0.440805 -0.559195 -0.612805 2.56725
40.7153 0.586843 -0.440805 -0.559195 -0.426521 2.63779

40.7153 0.586819 -0.453022 -0.546978 -0.425535 2.63763
40.7164 0.585938 -0.453022 -0.546978 -0.398487 2.6404

40.8892 0 -0.991247 -0.0087529 2.77046 0
40.8889 0.0292969 -0.991247 -0.0087529 2.76878 0.107949

40.8889 0.0292969 -0.973586 -0.0264144 2.76871 0.10795
40.8881 0.0585938 -0.973586 -0.0264144 2.76488 0.220952

40.8881 0.0585938 -0.955967 -0.0440332 2.76488 0.220952
40.8868 0.0878906 -0.955967 -0.0440332 2.75667 0.336039

40.8868 0.0878906 -0.938851 -0.0611495 2.75666 0.336039
40.8849 0.117188 -0.938851 -0.0611495 2.74117 0.456195

40.8838 0.130388 -0.926306 -0.0736937 2.73412 0.514794
40.8837 0.131836 -0.926306 -0.0736937 2.7332 0.521332

40.8837 0.131836 -0.917912 -0.0820877 2.73319 0.521332
40.8824 0.146484 -0.917912 -0.0820877 2.72263 0.587036

40.8838 0.13039 -0.926306 -0.0736937 2.73412 0.514803
40.8848 0.117188 -0.926306 -0.0736937 2.74146 0.456185

40.8824 0.146484 -0.90936 -0.0906402 2.72262 0.587037
40.8809 0.161133 -0.90936 -0.0906402 2.70894 0.653753

40.8809 0.161133 -0.900477 -0.099523 2.70891 0.653752
40.8793 0.175781 -0.900477 -0.099523 2.69157 0.721753

40.8793 0.175781 -0.893714 -0.106286 2.69166 0.721752
40.8784 0.183105 -0.893714 -0.106286 2.68414 0.75487

40.8784 0.183105 -0.889483 -0.110517 2.68414 0.75487
40.8775 0.19043 -0.889483 -0.110517 2.67687 0.788474

40.8765 0.198379 -0.880697 -0.119303 2.66675 0.827168
40.8756 0.205078 -0.880697 -0.119303 2.65884 0.859303

40.8775 0.19043 -0.885166 -0.114834 2.67687 0.788474
40.8765 0.197754 -0.885166 -0.114834 2.66746 0.824086

40.8765 0.198367 -0.880697 -0.119303 2.66678 0.827113
40.8765 0.197754 -0.880697 -0.119303 2.66747 0.824086

40.8756 0.205078 -0.876267 -0.123733 2.65884 0.859304
40.8745 0.212402 -0.876267 -0.123733 2.64967 0.894319

40.8745 0.212402 -0.872097 -0.127903 2.64967 0.89432
40.8734 0.219727 -0.872097 -0.127903 2.63878 0.928623

40.8734 0.219727 -0.868057 -0.131943 2.63878 0.928623
40.8723 0.227051 -0.868057 -0.131943 2.62559 0.961755

40.8723 0.227051 -0.863929 -0.136071 2.62559 0.961755
40.8712 0.234375 -0.863929 -0.136071 2.61112 0.995516

40.8691 0.246769 -0.85568 -0.14432 2.58325 1.05214
40.8688 0.249023 -0.85568 -0.14432 2.57795 1.06171

40.8688 0.249023 -0.850688 -0.149312 2.57799 1.06171
40.8675 0.256348 -0.850688 -0.149312 2.57141 1.09462

40.8675 0.256348 -0.845512 -0.154488 2.57142 1.09462
40.8661 0.263672 -0.845512 -0.154488 2.56678 1.13076

40.8661 0.263672 -0.84075 -0.15925 2.56679 1.13076
40.8647 0.270996 -0.84075 -0.15925 2.54792 1.16653

40.8647 0.270996 -0.836144 -0.163856 2.54792 1.16653
40.8633 0.27832 -0.836144 -0.163856 2.5252 1.19962

40.8618 0.285686 -0.826479 -0.173521 2.5095 1.23375
40.8603 0.292969 -0.826479 -0.173521 2.50002 1.27161

40.8633 0.27832 -0.831447 -0.168553 2.52519 1.19962
40.8618 0.285645 -0.831447 -0.168553 2.50956 1.23355

40.8618 0.285675 -0.826479 -0.173521 2.50954 1.2337
40.8618 0.285645 -0.826479 -0.173521 2.50957 1.23355

40.8712 0.234375 -0.859888 -0.140112 2.61113 0.995517
40.87 0.241699 -0.859888 -0.140112 2.59498 1.0292

40.8691 0.246712 -0.85568 -0.14432 2.58347 1.0519
40.87 0.241699 -0.85568 -0.14432 2.59499 1.0292

40.8545 0.318477 -0.80636 -0.19364 2.43123 1.41771
40.8536 0.322266 -0.80636 -0.19364 2.41954 1.4387

40.8603 0.292969 -0.821282 -0.178718 2.50002 1.27161
40.8587 0.300293 -0.821282 -0.178718 2.48715 1.31173

40.8587 0.300293 -0.816136 -0.183864 2.48715 1.31173
40.857 0.307617 -0.816136 -0.183864 2.46865 1.35359

40.857 0.307617 -0.811204 -0.188796 2.46866 1.35359
40.8553 0.314941 -0.811204 -0.188796 2.44312 1.39603

40.8545 0.318456 -0.80636 -0.19364 2.43135 1.41759
40.8553 0.314941 -0.80636 -0.19364 2.44314 1.39604

40.8536 0.322266 -0.801116 -0.198884 2.41954 1.4387
40.8518 0.32959 -0.801116 -0.198884 2.40168 1.47991

40.8518 0.32959 -0.795539 -0.204461 2.40168 1.47991
40.8499 0.336914 -0.795539 -0.204461 2.38525 1.5227

40.8472 0.347045 -0.784802 -0.215198 2.3466 1.58443
40.8459 0.351562 -0.784802 -0.215198 2.32922 1.61019

40.8499 0.336914 -0.790105 -0.209895 2.38525 1.5227
40.8479 0.344238 -0.790105 -0.209895 2.35727 1.56677

40.8472 0.347025 -0.784802 -0.215198 2.34673 1.58431
40.8479 0.344238 -0.784802 -0.215198 2.3573 1.56677

40.8398 0.372426 -0.767942 -0.232058 2.24577 1.72887
40.8395 0.373535 -0.767942 -0.232058 2.2396 1.73561

40.8395 0.373535 -0.762173 -0.237827 2.2397 1.73562
40.8372 0.380859 -0.762173 -0.237827 2.20553 1.78103

40.8325 0.39523 -0.750067 -0.249933 2.13313 1.86254
40.8324 0.395508 -0.750067 -0.249933 2.13149 1.86411

40.8372 0.380859 -0.756129 -0.243871 2.20552 1.78103
40.8349 0.388184 -0.756129 -0.243871 2.17223 1.82435

40.8325 0.395184 -0.750067 -0.249933 2.13356 1.8623
40.8349 0.388184 -0.750067 -0.249933 2.17224 1.82435

40.8324 0.395508 -0.743832 -0.256168 2.13162 1.86412
40.8299 0.402832 -0.743832 -0.256168 2.09613 1.908

40.8299 0.402832 -0.737122 -0.262878 2.09611 1.90799
40.8273 0.410156 -0.737122 -0.262878 2.06069 1.95215

40.8105 0.451831 -0.693821 -0.306179 1.79168 2.21366
40.8095 0.454102 -0.693821 -0.306179 1.77058 2.22797

40.8032 0.467696 -0.677576 -0.322424 1.65696 2.31646
40.8027 0.46875 -0.677576 -0.322424 1.64419 2.3226

40.8095 0.454102 -0.685892 -0.314108 1.7707 2.22798
40.8062 0.461426 -0.685892 -0.314108 1.70999 2.28001

40.8032 0.467636 -0.677576 -0.322424 1.65802 2.3161
40.8062 0.461426 -0.677576 -0.322424 1.71003 2.28

40.8252 0.415838 -0.73034 -0.26966 2.02986 1.98762
40.8246 0.41748 -0.73034 -0.26966 2.01854 1.99782

40.8246 0.41748 -0.723511 -0.276489 2.01866 1.99784
40.8218 0.424805 -0.723511 -0.276489 1.97607 2.04804

40.8179 0.434599 -0.709124 -0.290876 1.91221 2.10399
40.8159 0.439453 -0.709124 -0.290876 1.87906 2.13519

40.8218 0.424805 -0.716358 -0.283642 1.97605 2.04803
40.8189 0.432129 -0.716358 -0.283642 1.92865 2.08863

40.8179 0.434577 -0.709124 -0.290876 1.91244 2.10386
40.8189 0.432129 -0.709124 -0.290876 1.92871 2.08863

40.8252 0.415795 -0.73034 -0.26966 2.03033 1.98738
40.8273 0.410156 -0.73034 -0.26966 2.06073 1.95215

40.8159 0.439453 -0.701566 -0.298434 1.87906 2.13519
40.8128 0.446777 -0.701566 -0.298434 1.82605 2.18207

40.8105 0.451788 -0.693821 -0.306179 1.79232 2.21341
40.8128 0.446777 -0.693821 -0.306179 1.82613 2.18206

40.8459 0.351562 -0.779325 -0.220675 2.32923 1.61019
40.8439 0.358887 -0.779325 -0.220675 2.30372 1.65167

40.8439 0.358887 -0.77361 -0.22639 2.30371 1.65167
40.8417 0.366211 -0.77361 -0.22639 2.2751 1.692

40.8398 0.372385 -0.767942 -0.232058 2.24613 1.72865
40.8417 0.366211 -0.767942 -0.232058 2.27512 1.692

40.7959 0.482286 -0.659808 -0.340192 1.51561 2.40561
40.7953 0.483398 -0.659808 -0.340192 1.50227 2.41249

40.7886 0.495758 -0.641016 -0.358984 1.37536 2.5003
40.7873 0.498047 -0.641016 -0.358984 1.33541 2.51462

40.7953 0.483398 -0.650608 -0.349392 1.50256 2.41249
40.7914 0.490723 -0.650608 -0.349392 1.42373 2.4672

40.7886 0.495697 -0.641016 -0.358984 1.37682 2.49994
40.7914 0.490723 -0.641016 -0.358984 1.42386 2.46717

40.8027 0.46875 -0.668831 -0.331169 1.64444 2.3226
40.7991 0.476074 -0.668831 -0.331169 1.56967 2.37179

40.7959 0.482225 -0.659808 -0.340192 1.51674 2.40522
40.7991 0.476074 -0.659808 -0.340192 1.56973 2.37177

40.7873 0.498047 -0.630422 -0.369578 1.33557 2.51463
40.783 0.505371 -0.630422 -0.369578 1.22316 2.55152

40.7812 0.508174 -0.619883 -0.380117 1.19298 2.5667
40.783 0.505371 -0.619883 -0.380117 1.22336 2.55146

