14.8244 0.410156 0.641801 -0.358199 2.24011 -0.806861
14.8285 0.41748 0.641801 -0.358199 2.20417 -0.852707

14.8285 0.41748 0.635615 -0.364385 2.20417 -0.852682
14.8315 0.422802 0.635615 -0.364385 2.17372 -0.89379

14.8315 0.422776 0.635615 -0.364385 2.17403 -0.893746
14.8327 0.424805 0.635615 -0.364385 2.15353 -0.906116

14.8327 0.424805 0.629243 -0.370757 2.15348 -0.905997
14.837 0.432129 0.629243 -0.370757 2.09799 -0.950164

14.837 0.432129 0.622718 -0.377282 2.09797 -0.950007
14.8389 0.435225 0.622718 -0.377282 2.07649 -0.970436

14.8389 0.435177 0.622718 -0.377282 2.07688 -0.970427
14.8415 0.439453 0.622718 -0.377282 2.06396 -1.00171

14.8414 0.439453 0.61549 -0.38451 2.06383 -1.00154
14.846 0.446777 0.61549 -0.38451 2.01127 -1.068

14.846 0.446777 0.615911 -0.384089 2.01119 -1.06754
14.8462 0.44713 0.615911 -0.384089 2.00691 -1.07035

14.8462 0.44705 0.607665 -0.392335 2.00799 -1.07029
14.8507 0.454102 0.607665 -0.392335 1.94973 -1.1257

14.8507 0.454102 0.601026 -0.398974 1.94971 -1.12555
14.8535 0.458292 0.601026 -0.398974 1.91774 -1.16568

14.8535 0.458235 0.601156 -0.398844 1.9185 -1.1656
14.8556 0.461426 0.601156 -0.398844 1.88468 -1.19178

14.8556 0.461426 0.593997 -0.406003 1.88454 -1.19143
14.8606 0.46875 0.593997 -0.406003 1.7919 -1.24184

14.8605 0.46875 0.592263 -0.407737 1.79189 -1.24123
14.8608 0.469174 0.592263 -0.407737 1.78563 -1.24357

14.8608 0.469074 0.586167 -0.413833 1.78711 -1.24375
14.8658 0.476074 0.586167 -0.413833 1.72579 -1.29936

14.8658 0.476074 0.581413 -0.418587 1.72575 -1.29893
14.8682 0.479413 0.581413 -0.418587 1.71207 -1.34658

14.8682 0.479317 0.578811 -0.421189 1.71259 -1.3466
14.8711 0.483398 0.578811 -0.421189 1.68247 -1.40224

14.8711 0.483398 0.570082 -0.429918 1.6823 -1.40153
14.8755 0.489227 0.570082 -0.429918 1.60198 -1.46486

14.8755 0.489182 0.571011 -0.428989 1.60301 -1.46502
14.8766 0.490723 0.571011 -0.428989 1.56529 -1.47721

14.8766 0.490723 0.560636 -0.439364 1.56534 -1.47682
14.8824 0.498047 0.560636 -0.439364 1.43158 -1.51259

14.8823 0.498047 0.556499 -0.443501 1.43175 -1.51152
14.8828 0.498718 0.556499 -0.443501 1.42327 -1.51526

14.8828 0.498579 0.552284 -0.447716 1.4248 -1.5159
14.8883 0.505371 0.552284 -0.447716 1.36333 -1.57346

14.8883 0.505371 0.548381 -0.451619 1.36347 -1.57224
14.8901 0.507653 0.548381 -0.451619 1.3485 -1.59954

14.8901 0.50754 0.543871 -0.456129 1.34904 -1.60006
14.8945 0.512695 0.543871 -0.456129 1.28696 -1.64782

14.8944 0.512695 0.537282 -0.462718 1.28706 -1.64745
14.8975 0.516207 0.537282 -0.462718 1.23556 -1.66789

14.8975 0.516108 0.533137 -0.466863 1.23665 -1.66862
14.9009 0.52002 0.533137 -0.466863 1.17298 -1.69105

14.9009 0.52002 0.525039 -0.474961 1.17294 -1.69117
14.9048 0.524321 0.525039 -0.474961 1.10184 -1.70164

14.9048 0.524246 0.519277 -0.480723 1.10261 -1.70225
14.9077 0.527344 0.519277 -0.480723 1.05965 -1.71125

14.9076 0.527344 0.513464 -0.486536 1.05971 -1.71106
14.9121 0.532064 0.513464 -0.486536 0.982698 -1.72359

14.9121 0.53202 0.506924 -0.493076 0.98324 -1.72393
14.9147 0.534668 0.506924 -0.493076 0.939842 -1.73301

14.9146 0.534668 0.49983 -0.50017 0.94001 -1.73255
14.9194 0.539454 0.49983 -0.50017 0.862967 -1.77349

14.9194 0.539417 0.492156 -0.507844 0.863566 -1.77378
14.9221 0.541992 0.492156 -0.507844 0.809936 -1.79616

14.922 0.541992 0.484153 -0.515847 0.810233 -1.79509
14.9268 0.546435 0.484153 -0.515847 0.715164 -1.83401

14.9268 0.546413 0.475613 -0.524387 0.715465 -1.83421
14.93 0.549316 0.475613 -0.524387 0.65453 -1.85972

14.9299 0.549316 0.468556 -0.531444 0.655101 -1.85816
14.9341 0.553034 0.468556 -0.531444 0.570999 -1.88035

14.9341 0.553037 0.457522 -0.542478 0.570953 -1.88031
14.9384 0.556641 0.457522 -0.542478 0.479568 -1.89045

14.9382 0.556641 0.454159 -0.545841 0.480673 -1.88953
14.9414 0.559292 0.454159 -0.545841 0.408066 -1.88213

14.9414 0.55927 0.446165 -0.553835 0.408446 -1.88237
14.9472 0.563965 0.446165 -0.553835 0.286816 -1.86358

14.9471 0.563965 0.439481 -0.560519 0.287733 -1.86299
14.9487 0.565231 0.439481 -0.560519 0.257761 -1.8565

14.9487 0.56519 0.431273 -0.568727 0.258333 -1.85698
14.9561 0.570744 0.431273 -0.568727 0.126435 -1.85786

14.9561 0.570733 0.415885 -0.584115 0.1266 -1.85798
14.9568 0.571289 0.415885 -0.584115 0.113474 -1.86071

14.9568 0.571289 0.415077 -0.584923 0.113591 -1.86051
14.9634 0.575945 0.415077 -0.584923 -0.0147865 -1.85167

14.9634 0.575905 0.398459 -0.601541 -0.0140003 -1.8522
14.9675 0.578613 0.398459 -0.601541 -0.099928 -1.82488

14.9674 0.578613 0.397725 -0.602275 -0.0991154 -1.82491
14.9707 0.580822 0.397725 -0.602275 -0.165707 -1.8009

14.9707 0.580786 0.381853 -0.618147 -0.165019 -1.80128
14.978 0.58531 0.381853 -0.618147 -0.30715 -1.77675

14.978 0.585297 0.3643 -0.6357 -0.306859 -1.77689
14.9791 0.585938 0.3643 -0.6357 -0.32888 -1.77721

14.9791 0.585938 0.364408 -0.635592 -0.328681 -1.77703
14.9854 0.589513 0.364408 -0.635592 -0.475908 -1.71234

14.9854 0.589504 0.346338 -0.653662 -0.475681 -1.71243
14.9924 0.593262 0.346338 -0.653662 -0.603703 -1.62726

14.9923 0.593262 0.34491 -0.65509 -0.603211 -1.62721
14.9927 0.593436 0.34491 -0.65509 -0.608119 -1.62603

14.9927 0.593389 0.327449 -0.672551 -0.607237 -1.62639
15 0.596955 0.327449 -0.672551 1e+30 1e+30

