9.62745 0 0.995851 -0.0041486 2.58013 0
9.62748 0.00732422 0.995851 -0.0041486 2.57645 -0.0164805

9.62748 0.00732422 0.988348 -0.0116523 2.57646 -0.0164794
9.62757 0.0146484 0.988348 -0.0116523 2.55709 -0.0291861

9.62757 0.0146484 0.981237 -0.0187633 2.55708 -0.0291884
9.62771 0.0219727 0.981237 -0.0187633 2.53746 -0.0449293

9.6277 0.0219727 0.97275 -0.0272496 2.53743 -0.0448915
9.62791 0.0292969 0.97275 -0.0272496 2.54304 -0.064456

9.62791 0.0292969 0.963047 -0.0369526 2.54303 -0.0644423
9.62819 0.0366211 0.963047 -0.0369526 2.55164 -0.0924838

9.62819 0.0366211 0.953926 -0.0460737 2.55165 -0.0925075
9.62855 0.0439453 0.953926 -0.0460737 2.54063 -0.115061

9.62855 0.0439453 0.945976 -0.0540242 2.54064 -0.115067
9.62897 0.0512695 0.945976 -0.0540242 2.5332 -0.126923

9.62896 0.0512695 0.93818 -0.0618198 2.5332 -0.126918
9.62945 0.0585938 0.93818 -0.0618198 2.54072 -0.140199

9.62945 0.0585938 0.930482 -0.0695182 2.54072 -0.140201
9.62999 0.065918 0.930482 -0.0695182 2.53478 -0.154182

9.62999 0.065918 0.923169 -0.0768309 2.53478 -0.154182
9.6306 0.0732422 0.923169 -0.0768309 2.51808 -0.163097

9.63061 0.0732422 0.916305 -0.0836948 2.51809 -0.163096
9.63127 0.0805664 0.916305 -0.0836948 2.50815 -0.171786

9.63127 0.0805664 0.909365 -0.0906354 2.50814 -0.171785
9.63135 0.0813313 0.909365 -0.0906354 2.50759 -0.172931

9.63135 0.0813196 0.909365 -0.0906354 2.5076 -0.172914
9.632 0.0878906 0.909365 -0.0906354 2.50197 -0.180691

9.632 0.0878906 0.901797 -0.0982026 2.50197 -0.18069
9.6328 0.0952148 0.901797 -0.0982026 2.49659 -0.188946

9.6328 0.0952148 0.894403 -0.105597 2.4966 -0.188948
9.63366 0.102539 0.894403 -0.105597 2.49532 -0.199015

9.63367 0.102539 0.887469 -0.112531 2.49532 -0.199016
9.63459 0.109863 0.887469 -0.112531 2.49614 -0.20896

9.63459 0.109863 0.880642 -0.119358 2.49614 -0.208959
9.63559 0.117188 0.880642 -0.119358 2.49877 -0.21782

9.63559 0.117188 0.873742 -0.126258 2.49877 -0.21782
9.63664 0.124512 0.873742 -0.126258 2.5037 -0.225196

9.63664 0.124512 0.866392 -0.133608 2.5037 -0.225194
9.63777 0.131836 0.866392 -0.133608 2.50715 -0.233837

9.63777 0.131836 0.859178 -0.140822 2.50715 -0.233835
9.63867 0.137354 0.859178 -0.140822 2.50322 -0.236191

9.63867 0.137224 0.856785 -0.143215 2.50327 -0.23605
9.64022 0.146484 0.856785 -0.143215 2.49485 -0.248328

9.64023 0.146484 0.848131 -0.151869 2.49487 -0.248331
9.64154 0.153809 0.848131 -0.151869 2.48003 -0.249983

9.64154 0.153809 0.841833 -0.158167 2.48003 -0.249984
9.64292 0.161133 0.841833 -0.158167 2.48613 -0.256047

9.64292 0.161133 0.835383 -0.164617 2.48612 -0.256039
9.64436 0.168457 0.835383 -0.164617 2.49741 -0.27019

9.64436 0.168457 0.828582 -0.171418 2.49741 -0.27019
9.64587 0.175781 0.828582 -0.171418 2.4809 -0.278298

9.64587 0.175781 0.822362 -0.177638 2.4809 -0.278298
9.646 0.176344 0.822362 -0.177638 2.47908 -0.278682

9.646 0.176332 0.822362 -0.177638 2.47913 -0.278671
9.64746 0.183105 0.822362 -0.177638 2.46923 -0.282742

9.64746 0.183105 0.816353 -0.183647 2.46923 -0.282744
9.64911 0.19043 0.816353 -0.183647 2.46734 -0.291468

9.6491 0.19043 0.809885 -0.190115 2.46734 -0.291468
9.65082 0.197754 0.809885 -0.190115 2.45794 -0.304883

9.65082 0.197754 0.803201 -0.196799 2.45794 -0.304882
9.65262 0.205078 0.803201 -0.196799 2.44829 -0.318849

9.65262 0.205078 0.796813 -0.203187 2.44829 -0.318849
9.65332 0.207836 0.796813 -0.203187 2.44672 -0.324154

9.65332 0.207826 0.796813 -0.203187 2.44673 -0.324141
9.65449 0.212402 0.796813 -0.203187 2.44283 -0.334795

9.65449 0.212402 0.790705 -0.209295 2.44283 -0.334792
9.65642 0.219727 0.790705 -0.209295 2.43914 -0.351248

9.65642 0.219727 0.784515 -0.215485 2.43913 -0.351246
9.65844 0.227051 0.784515 -0.215485 2.43039 -0.365493

9.65843 0.227051 0.778093 -0.221907 2.43038 -0.36549
9.66052 0.234375 0.778093 -0.221907 2.41688 -0.374943

9.66052 0.234375 0.771656 -0.228344 2.41688 -0.37494
9.66064 0.234792 0.771656 -0.228344 2.41621 -0.375226

9.66064 0.234782 0.771656 -0.228344 2.41623 -0.375223
9.66269 0.241699 0.771656 -0.228344 2.40987 -0.383301

9.66269 0.241699 0.765405 -0.234595 2.40987 -0.383301
9.66494 0.249023 0.765405 -0.234595 2.4116 -0.399997

9.66494 0.249023 0.759392 -0.240608 2.4116 -0.400001
9.66726 0.256348 0.759392 -0.240608 2.405 -0.42219

9.66725 0.256348 0.753638 -0.246362 2.40498 -0.42217
9.66797 0.258539 0.753638 -0.246362 2.40107 -0.428459

9.66797 0.258516 0.753638 -0.246362 2.40113 -0.428423
9.66965 0.263672 0.753638 -0.246362 2.39043 -0.442096

9.66965 0.263672 0.747654 -0.252346 2.39041 -0.442082
9.67212 0.270996 0.747654 -0.252346 2.37819 -0.464943

9.67212 0.270996 0.74137 -0.25863 2.37819 -0.464941
9.67468 0.27832 0.74137 -0.25863 2.36199 -0.491765

9.67467 0.27832 0.735233 -0.264767 2.36197 -0.491733
9.67529 0.28005 0.735233 -0.264767 2.35805 -0.497571

9.67529 0.280025 0.735233 -0.264767 2.35813 -0.497533
9.67732 0.285645 0.735233 -0.264767 2.34823 -0.514479

9.67731 0.285645 0.728993 -0.271007 2.34822 -0.514461
9.68004 0.292969 0.728993 -0.271007 2.33482 -0.535681

9.68004 0.292969 0.722704 -0.277296 2.33482 -0.535684
9.68262 0.299695 0.722704 -0.277296 2.30989 -0.553512

9.68262 0.299691 0.722704 -0.277296 2.30992 -0.553506
9.68285 0.300293 0.722704 -0.277296 2.30715 -0.554922

9.68285 0.300293 0.716635 -0.283365 2.30714 -0.554918
9.68574 0.307617 0.716635 -0.283365 2.2864 -0.573647

9.68574 0.307617 0.710468 -0.289532 2.2864 -0.573643
9.68873 0.314941 0.710468 -0.289532 2.27122 -0.60115

9.68872 0.314941 0.704297 -0.295703 2.27121 -0.601124
9.68994 0.317848 0.704297 -0.295703 2.26252 -0.611391

9.68994 0.317826 0.704297 -0.295703 2.26261 -0.611358
9.69181 0.322266 0.704297 -0.295703 2.25395 -0.625159

9.6918 0.322266 0.697998 -0.302002 2.25393 -0.625134
9.69497 0.32959 0.697998 -0.302002 2.24413 -0.656042

9.69497 0.32959 0.691624 -0.308376 2.24413 -0.656033
9.69727 0.334745 0.691624 -0.308376 2.22739 -0.681155

9.69727 0.334728 0.691624 -0.308376 2.22751 -0.681129
9.69824 0.336914 0.691624 -0.308376 2.21519 -0.68976

9.69823 0.336914 0.685319 -0.314681 2.21516 -0.689726
9.7016 0.344238 0.685319 -0.314681 2.1884 -0.715731

9.7016 0.344238 0.678931 -0.321069 2.1884 -0.715728
9.70459 0.350569 0.678931 -0.321069 2.16219 -0.736444

9.70459 0.350563 0.678931 -0.321069 2.16222 -0.736439
9.70506 0.351562 0.678931 -0.321069 2.15726 -0.739141

9.70506 0.351562 0.672424 -0.327576 2.15725 -0.739124
9.70863 0.358887 0.672424 -0.327576 2.14284 -0.768124

9.70863 0.358887 0.665709 -0.334291 2.14283 -0.76811
9.71191 0.365436 0.665709 -0.334291 2.11828 -0.81063

9.71191 0.365431 0.665709 -0.334291 2.11833 -0.810623
9.71231 0.366211 0.665709 -0.334291 2.1129 -0.814308

9.7123 0.366211 0.659095 -0.340905 2.11289 -0.814296
9.71609 0.373535 0.659095 -0.340905 2.08783 -0.850667

9.71609 0.373535 0.652753 -0.347247 2.08783 -0.850656
9.71924 0.379451 0.652753 -0.347247 2.06016 -0.886022

9.71924 0.379435 0.652753 -0.347247 2.06031 -0.88601
9.72 0.380859 0.652753 -0.347247 2.04894 -0.891917

9.71999 0.380859 0.646311 -0.353689 2.04891 -0.89186
9.72399 0.388184 0.646311 -0.353689 2.01035 -0.925741

9.72399 0.388184 0.63974 -0.36026 2.01034 -0.925689
9.72656 0.392753 0.63974 -0.36026 1.98698 -0.953445

9.72656 0.392726 0.63974 -0.36026 1.98719 -0.953406
9.72813 0.395508 0.63974 -0.36026 1.97302 -0.967551

9.72811 0.395508 0.632604 -0.367396 1.97295 -0.967448
9.73237 0.402832 0.632604 -0.367396 1.93223 -1.01182

9.73235 0.402832 0.625353 -0.374647 1.93219 -1.01165
9.73389 0.405399 0.625353 -0.374647 1.9129 -1.02924

9.73389 0.405344 0.625337 -0.374663 1.9134 -1.02918
9.73677 0.410156 0.625337 -0.374663 1.89432 -1.06169

9.73675 0.410156 0.618044 -0.381956 1.89422 -1.06156
9.74121 0.417369 0.618044 -0.381956 1.83432 -1.10615

9.74121 0.41736 0.623485 -0.376515 1.83447 -1.10614
9.74128 0.41748 0.623485 -0.376515 1.83282 -1.10679

9.74128 0.41748 0.610555 -0.389445 1.83281 -1.10677
9.74595 0.424805 0.610555 -0.389445 1.76554 -1.14688

9.74594 0.424805 0.60359 -0.39641 1.76551 -1.14675
9.74854 0.428756 0.60359 -0.39641 1.74051 -1.17401

9.74854 0.428708 0.60359 -0.39641 1.74093 -1.17395
9.75078 0.432129 0.60359 -0.39641 1.72079 -1.19769

9.75075 0.432129 0.595782 -0.404218 1.72067 -1.19744
9.75572 0.439453 0.595782 -0.404218 1.6549 -1.24856

9.75567 0.439453 0.593552 -0.406448 1.65485 -1.24806
9.75586 0.439726 0.593552 -0.406448 1.65136 -1.24974

9.75586 0.439643 0.587225 -0.412775 1.65248 -1.24979
9.76087 0.446777 0.587225 -0.412775 1.5853 -1.29657

9.76086 0.446777 0.582305 -0.417695 1.58527 -1.29636
9.76318 0.450018 0.582305 -0.417695 1.56142 -1.32701

9.76318 0.449924 0.579372 -0.420628 1.56223 -1.32707
9.76622 0.454102 0.579372 -0.420628 1.53122 -1.36742

9.76618 0.454102 0.571085 -0.428915 1.53108 -1.36696
9.77051 0.459863 0.571085 -0.428915 1.46327 -1.41149

9.77051 0.459824 0.572431 -0.427569 1.46396 -1.4116
9.7717 0.461426 0.572431 -0.427569 1.43458 -1.42087

9.77168 0.461426 0.561623 -0.438377 1.4346 -1.42057
9.77739 0.46875 0.561623 -0.438377 1.32759 -1.45492

9.77732 0.46875 0.557022 -0.442978 1.32765 -1.45411
9.77783 0.469391 0.557022 -0.442978 1.31985 -1.45761

9.77783 0.46927 0.552391 -0.447609 1.32124 -1.45803
9.78335 0.476074 0.552391 -0.447609 1.26617 -1.51271

9.78329 0.476074 0.548047 -0.451953 1.26617 -1.51181
9.78516 0.478331 0.548047 -0.451953 1.25448 -1.53915

9.78516 0.47822 0.543626 -0.456374 1.25505 -1.53942
9.7895 0.483398 0.543626 -0.456374 1.19449 -1.58625

9.78948 0.483398 0.537575 -0.462425 1.19456 -1.58595
9.79248 0.48689 0.537575 -0.462425 1.141 -1.60182

9.79248 0.486781 0.533938 -0.466062 1.14243 -1.6024
9.79592 0.490723 0.533938 -0.466062 1.07948 -1.61625

9.79592 0.490723 0.526171 -0.473829 1.07947 -1.61629
9.7998 0.495033 0.526171 -0.473829 1.00858 -1.61361

9.7998 0.494965 0.520437 -0.479563 1.00911 -1.61412
9.80264 0.498047 0.520437 -0.479563 0.974641 -1.61659

9.80264 0.498047 0.514472 -0.485528 0.974662 -1.61654
9.80713 0.502804 0.514472 -0.485528 0.918162 -1.63103

9.80713 0.502763 0.507939 -0.492061 0.918528 -1.63128
9.80966 0.505371 0.507939 -0.492061 0.888921 -1.64321

9.80963 0.505371 0.501389 -0.498611 0.888998 -1.64288
9.81445 0.510226 0.501389 -0.498611 0.830781 -1.68621

9.81445 0.510187 0.494382 -0.505618 0.831398 -1.6865
9.81702 0.512695 0.494382 -0.505618 0.780624 -1.7054

9.81696 0.512695 0.486847 -0.513153 0.780874 -1.70448
9.82178 0.51727 0.486847 -0.513153 0.684267 -1.72208

9.82178 0.517253 0.47926 -0.52074 0.684469 -1.72223
9.82478 0.52002 0.47926 -0.52074 0.635299 -1.73473

9.82471 0.52002 0.472279 -0.527721 0.635702 -1.73385
9.8291 0.523948 0.472279 -0.527721 0.561748 -1.74246

9.8291 0.523949 0.463515 -0.536485 0.561733 -1.74245
9.83303 0.527344 0.463515 -0.536485 0.498815 -1.74123

9.83292 0.527344 0.459392 -0.540608 0.499394 -1.74045
9.83643 0.530321 0.459392 -0.540608 0.441146 -1.741

9.83643 0.530315 0.451933 -0.548067 0.441227 -1.74105
9.8417 0.534668 0.451933 -0.548067 0.35929 -1.7373

9.84161 0.534668 0.445877 -0.554123 0.359839 -1.73671
9.84375 0.536391 0.445877 -0.554123 1e+30 1e+30

