15.2253 0.410156 0.645121 -0.354879 2.33481 -0.897773
15.2271 0.413351 0.645121 -0.354879 2.21548 -0.698135

15.2271 0.413434 0.645121 -0.354879 2.21085 -0.695602
15.2293 0.41748 0.645121 -0.354879 2.17881 -0.759406

15.2293 0.41748 0.635815 -0.364185 2.17936 -0.758389
15.2335 0.424805 0.635815 -0.364185 2.14222 -0.915267

15.2335 0.424805 0.630457 -0.369543 2.14184 -0.915293
15.2344 0.426317 0.630457 -0.369543 2.12606 -0.916477

15.2344 0.426248 0.629525 -0.370475 2.12741 -0.916379
15.2378 0.432129 0.629525 -0.370475 2.08657 -0.959675

15.2378 0.432129 0.623662 -0.376338 2.08649 -0.959598
15.2417 0.438549 0.623662 -0.376338 2.04446 -1.00087

15.2417 0.438535 0.626102 -0.373898 2.04464 -1.00083
15.2422 0.439453 0.626102 -0.373898 2.03485 -1.00676

15.2422 0.439453 0.61704 -0.38296 2.03482 -1.00671
15.2468 0.446777 0.61704 -0.38296 1.97915 -1.05611

15.2468 0.446777 0.610168 -0.389832 1.97911 -1.05595
15.249 0.450303 0.610168 -0.389832 1.95544 -1.08509

15.249 0.450255 0.610168 -0.389832 1.95585 -1.08505
15.2515 0.454102 0.610168 -0.389832 1.94306 -1.11878

15.2515 0.454102 0.60268 -0.39732 1.94292 -1.11853
15.2563 0.461426 0.60268 -0.39732 1.88138 -1.18534

15.2562 0.461426 0.60142 -0.39858 1.8813 -1.18468
15.2563 0.461602 0.60142 -0.39858 1.87878 -1.18614

15.2563 0.461509 0.594848 -0.405152 1.8802 -1.18611
15.2613 0.46875 0.594848 -0.405152 1.80741 -1.24555

15.2613 0.46875 0.589234 -0.410766 1.80738 -1.24525
15.2637 0.472209 0.589234 -0.410766 1.77892 -1.28215

15.2637 0.472125 0.588148 -0.411852 1.7797 -1.28218
15.2664 0.476074 0.588148 -0.411852 1.74737 -1.32271

15.2664 0.476074 0.58055 -0.41945 1.74721 -1.32213
15.271 0.482443 0.58055 -0.41945 1.66811 -1.37952

15.271 0.482416 0.581881 -0.418119 1.66856 -1.37959
15.2717 0.483398 0.581881 -0.418119 1.65092 -1.38656

15.2717 0.483398 0.571299 -0.428701 1.65094 -1.38632
15.2772 0.490723 0.571299 -0.428701 1.56162 -1.44929

15.2771 0.490723 0.567773 -0.432227 1.5616 -1.44851
15.2783 0.492278 0.567773 -0.432227 1.54944 -1.46709

15.2783 0.492159 0.562515 -0.437485 1.5504 -1.46731
15.2829 0.498047 0.562515 -0.437485 1.4947 -1.53694

15.2829 0.498047 0.560051 -0.439949 1.49472 -1.53638
15.2856 0.501577 0.560051 -0.439949 1.45359 -1.58151

15.2856 0.501423 0.556579 -0.443421 1.45526 -1.58197
15.2888 0.505371 0.556579 -0.443421 1.38396 -1.61912

15.2888 0.505371 0.545802 -0.454198 1.38404 -1.61866
15.293 0.510421 0.545802 -0.454198 1.28705 -1.63266

15.293 0.510364 0.543783 -0.456217 1.2877 -1.63316
15.2949 0.512695 0.543783 -0.456217 1.24984 -1.63988

15.2949 0.512695 0.533937 -0.466063 1.25001 -1.63947
15.3003 0.51888 0.533937 -0.466063 1.17032 -1.66574

15.3003 0.518868 0.530629 -0.469371 1.17036 -1.66583
15.3013 0.52002 0.530629 -0.469371 1.16227 -1.67231

15.3013 0.52002 0.522817 -0.477183 1.16237 -1.6719
15.3076 0.526958 0.522817 -0.477183 1.09496 -1.7319

15.3076 0.526955 0.517994 -0.482006 1.09498 -1.73192
15.308 0.527344 0.517994 -0.482006 1.09022 -1.73561

15.308 0.527344 0.510825 -0.489175 1.09029 -1.73523
15.3149 0.534637 0.510825 -0.489175 0.950075 -1.78125

15.3148 0.534668 0.504625 -0.495375 0.95015 -1.7796
15.3149 0.534771 0.504625 -0.495375 0.947436 -1.78003

15.3149 0.534634 0.504768 -0.495232 0.950139 -1.78128
15.315 0.534668 0.504768 -0.495232 0.949243 -1.78142

15.315 0.534668 0.49825 -0.50175 0.94929 -1.78133
15.3223 0.541915 0.49825 -0.50175 0.77899 -1.80706

15.3222 0.541992 0.491806 -0.508194 0.778337 -1.80537
15.3223 0.542069 0.491806 -0.508194 0.776667 -1.80568

15.3223 0.541904 0.49157 -0.50843 0.77916 -1.80716
15.3224 0.541992 0.49157 -0.50843 0.77724 -1.80751

15.3224 0.541992 0.485533 -0.514467 0.777284 -1.80743
15.3296 0.548824 0.485533 -0.514467 0.637381 -1.83924

15.3296 0.548813 0.47762 -0.52238 0.637524 -1.83936
15.3301 0.549316 0.47762 -0.52238 0.627521 -1.84164

15.3301 0.549316 0.47153 -0.52847 0.627612 -1.84145
15.3369 0.555372 0.47153 -0.52847 0.50409 -1.87533

15.3369 0.555336 0.459618 -0.540382 0.504576 -1.87573
15.3384 0.556641 0.459618 -0.540382 0.476618 -1.88411

15.3384 0.556641 0.455704 -0.544296 0.476811 -1.88369
15.3442 0.561512 0.455704 -0.544296 0.359404 -1.89567

15.3442 0.561479 0.438815 -0.561185 0.359931 -1.89611
15.3474 0.563965 0.438815 -0.561185 0.294286 -1.89339

15.3473 0.563965 0.438005 -0.561995 0.295166 -1.89237
15.3516 0.567278 0.438005 -0.561995 0.201877 -1.87596

15.3516 0.567254 0.426082 -0.573918 0.202318 -1.87621
15.357 0.571289 0.426082 -0.573918 0.0943484 -1.8476

15.3569 0.571289 0.417786 -0.582214 0.0953132 -1.84724
15.3589 0.572741 0.417786 -0.582214 0.0593347 -1.83684

15.3589 0.572712 0.410438 -0.589562 0.0597595 -1.83715
15.3662 0.577811 0.410438 -0.589562 -0.0721854 -1.82607

15.3662 0.5778 0.390291 -0.609709 -0.0720009 -1.82619
15.3675 0.578613 0.390291 -0.609709 -0.0937431 -1.82807

15.3674 0.578613 0.39379 -0.60621 -0.0934832 -1.82773
15.3735 0.582572 0.39379 -0.60621 -0.215466 -1.80121

15.3735 0.582549 0.376284 -0.623716 -0.215005 -1.80152
15.3792 0.585938 0.376284 -0.623716 -0.32595 -1.75683

15.379 0.585938 0.374405 -0.625595 -0.325061 -1.75656
15.3809 0.58704 0.374405 -0.625595 -0.358421 -1.74973

15.3809 0.586985 0.358044 -0.641956 -0.357357 -1.75026
15.3882 0.59107 0.358044 -0.641956 -0.496507 -1.71037

15.3882 0.591039 0.339815 -0.660185 -0.49579 -1.71076
15.3925 0.593262 0.339815 -0.660185 -0.580943 -1.67109

15.3924 0.593262 0.339815 -0.660185 -0.580076 -1.67161
15.3955 0.594865 0.339815 -0.660185 -0.64471 -1.64126

15.3955 0.594837 0.32084 -0.67916 -0.644022 -1.64152
15.4028 0.598297 0.32084 -0.67916 -0.7936 -1.54822

15.4028 0.598281 0.300521 -0.699479 -0.79321 -1.54841
15.4082 0.600586 0.300521 -0.699479 -0.886452 -1.47715

15.4081 0.600586 0.300521 -0.699479 -0.885759 -1.4777
15.4102 0.601474 0.300521 -0.699479 -0.920744 -1.46128

15.4102 0.601443 0.279026 -0.720974 -0.919988 -1.46149
15.4175 0.604278 0.279026 -0.720974 -1.04392 -1.37217

15.4175 0.604276 0.255969 -0.744031 -1.04388 -1.37219
15.4248 0.606796 0.255969 -0.744031 -1.17113 -1.25191

15.4248 0.606782 0.232141 -0.767859 -1.17068 -1.25204
15.4285 0.60791 0.232141 -0.767859 -1.23361 -1.20388

15.4285 0.60791 0.232141 -0.767859 -1.23304 -1.20486
15.4321 0.609018 0.232141 -0.767859 -1.30187 -1.14731

15.4321 0.609009 0.206916 -0.793084 -1.30154 -1.14737
15.4395 0.61092 0.206916 -0.793084 -1.43069 -1.00707

15.4395 0.610919 0.179847 -0.820153 -1.43064 -1.00707
15.4468 0.612525 0.179847 -0.820153 -1.53335 -0.824368

15.4468 0.612525 0.151113 -0.848887 -1.53335 -0.824368
15.4541 0.613829 0.151113 -0.848887 -1.61536 -0.645038

15.4541 0.613829 0.120288 -0.879712 -1.61536 -0.645038
15.4614 0.61483 0.120288 -0.879712 -1.69117 -0.482676

15.4614 0.614837 0.087255 -0.912745 -1.69141 -0.482632
15.4656 0.615234 0.087255 -0.912745 -1.73195 -0.396891

15.4658 0.615234 0.087255 -0.912745 -1.73307 -0.393516
15.4688 0.615521 0.087255 -0.912745 1e+30 1e+30

