9.20654 0.206942 -0.821652 -0.178348 2.22721 0.919561
9.20536 0.212402 -0.821652 -0.178348 2.21626 0.948691

9.20536 0.212402 -0.816255 -0.183745 2.21627 0.948694
9.20371 0.219727 -0.816255 -0.183745 2.2026 0.988251

9.20654 0.206945 -0.821652 -0.178348 2.22719 0.919575
9.20695 0.205078 -0.821652 -0.178348 2.23349 0.909052

9.20371 0.219727 -0.810719 -0.189281 2.20257 0.988243
9.202 0.227051 -0.810719 -0.189281 2.18678 1.02313

9.202 0.227051 -0.80462 -0.19538 2.18677 1.02312
9.20022 0.234375 -0.80462 -0.19538 2.16199 1.0609

9.19922 0.238368 -0.798745 -0.201255 2.14705 1.08425
9.19838 0.241699 -0.798745 -0.201255 2.13489 1.10101

9.19838 0.241699 -0.792657 -0.207343 2.13489 1.10101
9.19646 0.249023 -0.792657 -0.207343 2.1228 1.14277

9.19646 0.249023 -0.785956 -0.214044 2.12279 1.14276
9.19447 0.256348 -0.785956 -0.214044 2.11667 1.18431

9.19447 0.256348 -0.779609 -0.220391 2.11669 1.18432
9.1924 0.263672 -0.779609 -0.220391 2.08977 1.22202

9.18457 0.289275 -0.755148 -0.244852 1.99806 1.34336
9.18337 0.292969 -0.755148 -0.244852 1.98226 1.36007

9.19189 0.265393 -0.773659 -0.226341 2.08226 1.23055
9.19026 0.270996 -0.773659 -0.226341 2.06058 1.25605

9.19026 0.270996 -0.767616 -0.232384 2.06058 1.25605
9.18804 0.27832 -0.767616 -0.232384 2.03854 1.28941

9.19189 0.265377 -0.773659 -0.226341 2.08237 1.23049
9.19239 0.263672 -0.773659 -0.226341 2.0898 1.22204

9.18804 0.27832 -0.761367 -0.238633 2.03854 1.28941
9.18574 0.285645 -0.761367 -0.238633 2.01366 1.32269

9.18457 0.289245 -0.755148 -0.244852 1.99826 1.34323
9.18574 0.285645 -0.755148 -0.244852 2.0137 1.32271

9.16992 0.330253 -0.715366 -0.284634 1.83126 1.5292
9.16727 0.336914 -0.715366 -0.284634 1.79818 1.55948

9.1626 0.348155 -0.701592 -0.298408 1.75202 1.60913
9.16115 0.351562 -0.701592 -0.298408 1.73222 1.62556

9.16727 0.336914 -0.708401 -0.291599 1.79817 1.55948
9.16426 0.344238 -0.708401 -0.291599 1.76811 1.58987

9.1626 0.348123 -0.701592 -0.298408 1.75233 1.60902
9.16425 0.344238 -0.701592 -0.298408 1.76817 1.58989

9.18337 0.292969 -0.748652 -0.251348 1.98228 1.36008
9.18091 0.300293 -0.748652 -0.251348 1.95751 1.39607

9.18091 0.300293 -0.741881 -0.258119 1.95751 1.39607
9.17836 0.307617 -0.741881 -0.258119 1.93155 1.42744

9.17725 0.31073 -0.735372 -0.264628 1.91698 1.44315
9.17573 0.314941 -0.735372 -0.264628 1.89975 1.46118

9.17573 0.314941 -0.728769 -0.271231 1.89976 1.46119
9.173 0.322266 -0.728769 -0.271231 1.87381 1.49513

9.17725 0.310707 -0.735372 -0.264628 1.91715 1.44306
9.17836 0.307617 -0.735372 -0.264628 1.93159 1.42746

9.173 0.322266 -0.722097 -0.277903 1.87382 1.49513
9.17018 0.32959 -0.722097 -0.277903 1.83595 1.52629

9.16992 0.330246 -0.715366 -0.284634 1.83133 1.52918
9.17018 0.32959 -0.715366 -0.284634 1.83595 1.52629

9.19922 0.238341 -0.798745 -0.201255 2.14721 1.08415
9.20022 0.234375 -0.798745 -0.201255 2.16204 1.06092

9.15527 0.364764 -0.687476 -0.312524 1.65939 1.69076
9.15462 0.366211 -0.687476 -0.312524 1.64703 1.69734

9.14795 0.380168 -0.67268 -0.32732 1.56389 1.75806
9.14761 0.380859 -0.67268 -0.32732 1.55935 1.76111

9.1546 0.366211 -0.680123 -0.319877 1.64718 1.6974
9.15115 0.373535 -0.680123 -0.319877 1.59773 1.73284

9.14795 0.380112 -0.67268 -0.32732 1.56448 1.75786
9.15115 0.373535 -0.67268 -0.32732 1.59776 1.73284

9.16114 0.351562 -0.694651 -0.305349 1.73226 1.62558
9.15792 0.358887 -0.694651 -0.305349 1.69288 1.66289

9.15527 0.364707 -0.687476 -0.312524 1.6601 1.69059
9.15792 0.358887 -0.687476 -0.312524 1.69293 1.66289

9.14759 0.380859 -0.665217 -0.334783 1.55954 1.76116
9.1439 0.388184 -0.665217 -0.334783 1.51995 1.80019

9.14062 0.394473 -0.657551 -0.342449 1.48073 1.83185
9.1439 0.388184 -0.657551 -0.342449 1.51999 1.8002

8.91357 0.585078 -0.123439 -0.876561 -1.44992 0.64069
8.90747 0.585938 -0.123439 -0.876561 -1.47193 0.536129

8.91357 0.585082 -0.148527 -0.851473 -1.44999 0.640672
8.9209 0.583804 -0.148527 -0.851473 -1.4121 0.7719

8.9209 0.583806 -0.172956 -0.827044 -1.41212 0.771892
8.92822 0.582274 -0.172956 -0.827044 -1.38047 0.903912

8.92822 0.582275 -0.19642 -0.80358 -1.38051 0.903914
8.93555 0.580485 -0.19642 -0.80358 -1.31178 1.01427

8.94287 0.578454 -0.218269 -0.781731 -1.25522 1.10534
8.9423 0.578613 -0.218269 -0.781731 -1.25889 1.09919

8.93555 0.58048 -0.218269 -0.781731 -1.31164 1.01426
8.94223 0.578613 -0.218269 -0.781731 -1.25885 1.09851

8.94287 0.57844 -0.239037 -0.760963 -1.25489 1.10537
8.9502 0.576139 -0.239037 -0.760963 -1.20344 1.2274

8.96484 0.570783 -0.278424 -0.721576 -1.03064 1.43634
8.96353 0.571289 -0.278424 -0.721576 -1.04403 1.42599

8.9502 0.57614 -0.259298 -0.740702 -1.20344 1.2274
8.95752 0.573576 -0.259298 -0.740702 -1.11868 1.35859

8.95752 0.573567 -0.278424 -0.721576 -1.11836 1.35858
8.96342 0.571289 -0.278424 -0.721576 -1.04398 1.42524

8.96484 0.570756 -0.297492 -0.702508 -1.0299 1.43641
8.97217 0.567655 -0.297492 -0.702508 -0.957245 1.54917

8.97217 0.567652 -0.316202 -0.683798 -0.957184 1.54919
8.97949 0.564265 -0.316202 -0.683798 -0.862968 1.60987

8.98682 0.560593 -0.334341 -0.665659 -0.795958 1.69173
8.9801 0.563965 -0.334341 -0.665659 -0.857281 1.61009

8.97949 0.564264 -0.334341 -0.665659 -0.862934 1.60987
8.98009 0.563965 -0.334341 -0.665659 -0.857222 1.61007

8.98682 0.560589 -0.351884 -0.648116 -0.795878 1.69175
8.99409 0.556641 -0.351884 -0.648116 -0.684647 1.77044

8.99414 0.556617 -0.368704 -0.631296 -0.684188 1.77067
9.00146 0.55234 -0.368704 -0.631296 -0.597839 1.85122

9.00879 0.547803 -0.384763 -0.615237 -0.457226 1.9394
9.00637 0.549316 -0.384763 -0.615237 -0.499861 1.91683

9.00146 0.552312 -0.384763 -0.615237 -0.59677 1.85117
9.00625 0.549316 -0.384763 -0.615237 -0.499767 1.91604

9.02344 0.537642 -0.41676 -0.58324 -0.286102 2.00148
9.01735 0.541992 -0.41676 -0.58324 -0.356267 1.95848

9.00879 0.547765 -0.40059 -0.59941 -0.456114 1.93954
9.01611 0.54287 -0.40059 -0.59941 -0.368257 1.96178

9.01611 0.542846 -0.408271 -0.591729 -0.367695 1.96167
9.01735 0.541992 -0.408271 -0.591729 -0.356276 1.95849

8.90625 0.586116 -0.123439 -0.876561 -1.47417 0.516432
8.90752 0.585938 -0.123439 -0.876561 -1.47201 0.536913

9.03809 0.526199 -0.450608 -0.549392 -0.0478309 2.09114
9.03669 0.527344 -0.450608 -0.549392 -0.0686468 2.08529

9.04541 0.519942 -0.468643 -0.531357 0.0600872 2.11866
9.04532 0.52002 -0.468643 -0.531357 0.058754 2.11834

9.03809 0.526122 -0.462244 -0.537756 -0.046004 2.09111
9.04519 0.52002 -0.462244 -0.537756 0.0594965 2.11766

9.04541 0.519836 -0.476817 -0.523183 0.0625556 2.11852
9.05273 0.51316 -0.476817 -0.523183 0.173963 2.1399

9.08203 0.482312 -0.541587 -0.458413 0.626408 2.15564
9.08111 0.483398 -0.541587 -0.458413 0.612181 2.15773

9.07467 0.490723 -0.520005 -0.479995 0.510981 2.16175
9.06791 0.498047 -0.520005 -0.479995 0.406797 2.15854

9.07471 0.490665 -0.532738 -0.467262 0.511886 2.16173
9.08108 0.483398 -0.532738 -0.467262 0.612383 2.15774

9.06006 0.50609 -0.491299 -0.508701 0.288567 2.15327
9.05322 0.512695 -0.491299 -0.508701 0.181862 2.14088

9.06738 0.498596 -0.506405 -0.493595 0.399303 2.15814
9.06078 0.505371 -0.506405 -0.493595 0.300119 2.15391

9.06006 0.506074 -0.49896 -0.50104 0.288944 2.15323
9.06076 0.505371 -0.49896 -0.50104 0.300217 2.15386

9.05273 0.513146 -0.484649 -0.515351 0.17429 2.13987
9.05321 0.512695 -0.484649 -0.515351 0.181897 2.14086

9.06738 0.49858 -0.5129 -0.4871 0.399633 2.1581
9.06789 0.498047 -0.5129 -0.4871 0.406921 2.15848

9.03076 0.532104 -0.430971 -0.569029 -0.158748 2.06408
9.02738 0.534668 -0.430971 -0.569029 -0.210818 2.04504

9.02344 0.537596 -0.430153 -0.569847 -0.284657 2.00137
9.02732 0.534668 -0.430153 -0.569847 -0.210658 2.04482

9.03076 0.532037 -0.447682 -0.552318 -0.15715 2.06425
9.03655 0.527344 -0.447682 -0.552318 -0.068016 2.08467

9.08936 0.473377 -0.557399 -0.442601 0.730819 2.13761
9.08721 0.476074 -0.557399 -0.442601 0.699829 2.14499

9.08203 0.482245 -0.544796 -0.455204 0.627655 2.15553
9.08719 0.476074 -0.544796 -0.455204 0.699985 2.14504

9.08936 0.473351 -0.557507 -0.442493 0.731239 2.13758
9.09301 0.46875 -0.557507 -0.442493 0.773727 2.13241

